0.31578947368420895
0.42982456140350694
0.39789473684210286
0.5023923444976063
0.5894736842105232
0.5894736842105244
0.5894736842105218
0.5438596491228054
0.6959064327485354
0.6398891966758952
0.9087719298245571
0.828947368421049
0.4645308924485115
0.639889196675898
0.6398891966758952
0.9999999999999949
0.9087719298245571
0.7585139318885452
0.828947368421045
0.5438596491228054
0.828947368421045
0.6959064327485385
0.6959064327485323
0.639889196675898
0.7585139318885419
0.9087719298245571
0.9087719298245571
0.9087719298245571
0.828947368421045
0.828947368421053
0.828947368421045
0.5023923444976084
0.828947368421045
1.0
0.9999999999999898
0.3978947368421046
0.5894736842105218
0.5023923444976043
0.5023923444976084
0.5023923444976043
0.5894736842105218
0.5438596491228054
0.5438596491228054
0.828947368421053
0.6959064327485323
0.27017543859649007
0.639889196675898
0.5023923444976043
0.5894736842105269
0.8289473684210371
0.6959064327485448
0.5894736842105167
0.2921960072595256
0.54385964912281
0.42982456140350256
0.54385964912281
0.3978947368421013
0.5894736842105269
0.42982456140350256
0.5894736842105269
0.5023923444976043
0.5894736842105269
0.5894736842105269
0.7585139318885348
0.230263157894738
0.5023923444976043
0.5023923444976043
0.23026315789473403
0.42982456140350966
0.3411306042884987
0.42982456140350256
0.7585139318885488
0.4645308924485115
0.07711138310893373
0.19504643962848245
0.2921960072595256
0.0
