0.7578100233249977
0.8236462877589334
0.8301559949726298
0.8214584940017354
0.8217633195910186
0.8210580155588915
0.8177924307222842
0.8189867901385937
0.8156036275830691
0.8238940682802663
0.8231747422418206
0.8274861091606516
0.8221058862855748
0.8236820648359525
0.8191420645290158
0.818980963793316
0.8178791446410528
0.8183034393044772
0.8234474364283489
0.8262169404798324
0.8267510152242967
0.8181804655577083
0.8166378036417676
0.8149888968524377
0.8152201389664651
0.8052962625370352
0.7981872222522468
0.7969156812683669
0.8049745507944359
0.8049655185797517
0.7960978931225675
0.7945210160488774
0.7978899089335805
0.8009617211946942
0.7948179540361813
0.796262269295771
0.7965838474524413
0.8014420159163601
0.8074267759051525
0.8170981657361704
0.8172128637575088
0.8099904804291143
0.7978340996067194
0.7913689237516205
0.7894192946129008
0.7919696934521314
0.7899220328671647
0.792656033450449
0.8000556262654952
0.8073292274604155
0.8054908449322857
0.8014913703604869
0.8350548844365784
0.8515829382099356
0.7171844819940911
0.40701226043039074
0.15398317513541424
0.07533934952099795
0.08786642154624719
0.06821601745162281
0.03756842958450454
0.018130776820394733
0.010322648273929003
0.006253368358698588
0.002849659408547057
0.011983042944579424
0.0234066150247349
0.03348364330908204
0.047817478184766796
0.1485863174331526
0.36811247557298693
0.6046658114244345
0.7426757678928377
0.7852808151879234
0.804404277502119
0.8098190196799617
0.8059495318254681
0.8012423572237233
0.7967317844141679
0.7960934817781615
0.7955468765956155
0.8040182758085384
0.8025153407588728
0.799743728853502
0.7976497943654479
0.7994915735960857
0.7937945289179014
0.7962946210645193
0.7965843814707689
0.8010922985513945
0.7981080645582119
0.8070550792634322
0.8077908537320673
0.8136868761988264
0.8135948395002522
0.815508979483202
0.810849656820368
0.8092998246290626
0.8045523699920096
0.8097269094932769
0.8139185689406132
0.8222935679218393
0.8264267811140258
0.8382954808311736
0.8446309175506528
0.8507550839452084
0.860540955996199
0.859196466526696
0.7435840607766142
0.4688441523806751
0.1969256694408237
0.08486793983048575
0.08430288400313446
0.06977673036870918
0.043553853432990425
0.030241498120804157
0.025156791128799205
0.021827331371178375
0.018472953410185455
0.01977804312725818
0.022868454406603653
0.027265630982839798
0.0422898267288174
0.08837284628604897
0.1375859629258481
0.2916316312163013
0.5311197480158245
0.7616873433457586
0.8271548155455385
0.8257683115760754
0.8156747668082863
0.8247542703262032
0.8229841543509729
0.8239221789762521
0.8232955804701766
0.8236015249551227
0.8153385574414066
0.8183599788134548
0.8159295382744572
0.8190241417887104
0.817887042803193
0.8245982487216194
0.8226215110143926
0.8242362325472962
0.8256668681843902
0.8340244600393933
0.8369023719068029
0.8403050996853881
0.8447613776711685
0.8553155855692549
0.8528882902143949
0.844768090864011
0.8408352642422232
0.8486083171655636
0.8475957727853108
0.8480549049400297
0.8506551911654981
0.8613184209378891
0.8584614046286513
0.8633680561635235
0.8549245712156954
0.8531124862400478
0.8441275215463686
0.8521797201260765
0.8495492301527807
0.8626310074052669
0.8681571916319619
0.8257685877625027
0.5999815387852568
0.2785353558776227
0.08042374885624179
0.0682041669730767
0.0995545434046524
0.10286032753680349
0.10125230787933376
0.08580235170348469
0.06533781248151123
0.053061138797096764
0.04075092928371795
0.0363090409939499
0.03992613612976478
0.053341879129994135
0.07261076835370597
0.0927782850001651
0.14464592900202472
0.2968781118794033
0.5537601234454131
0.773395783801206
0.8484167743755988
0.8323301476441944
0.824294261220263
0.8286594995173157
0.8273231382026355
0.8211407228766793
0.8239427539750185
0.8246440534834855
0.8198774520657988
0.8098130389148019
0.8081477536394567
0.804528791672486
0.801395975294485
0.7995763665617598
0.8070415331771421
0.8060911011329654
0.8117419986125478
0.816307132491324
0.8167186844343868
0.8134033902003546
0.8082336893166626
0.8053628655909135
0.8030195902565629
0.8068780915856025
0.8078018630844696
0.8045456388004764
0.802230804551997
0.8082478553134943
0.7785343692753494
0.7707483860481946
0.7904431711248262
0.8284067029203914
0.8298728175391199
0.8527051886322592
0.7803043069321879
0.7260504395195424
0.7344362687648839
0.817159387039404
0.7342551284830374
0.5009355337692569
0.20396110612128027
0.05431893135079248
0.04160857253055951
0.05676373905380804
0.03788197191567696
0.030315554996867927
0.025045812230959724
0.022891396742224998
0.022376990761907092
0.024846989362245327
0.025401187360615154
0.025455348083583504
0.03326084328578018
0.04733118210838569
0.08919686523832385
0.23403730331878841
0.4866282867007357
0.71475209208463
0.8254009018797308
0.843938917027443
0.833547861405184
0.8181324540857794
0.8126165021233962
0.811506804601489
0.8121780675548184
0.8157391447426463
0.8182875310052633
0.8132585344684105
0.8135821100615116
0.8151446165485009
0.8142761709402406
0.8103542360341898
0.8216705296521858
0.8340326551395476
0.8386123057588739
0.8358626964088102
0.8352535107872721
0.8365945739431907
0.8374264811182535
0.8349400353044432
0.8367573631584451
0.8407954677296102
0.840069371417597
0.8371271902991718
0.8392811135390887
0.8338438765751064
0.836340736485951
0.8438749540137964
0.841933466279414
0.8334759483211585
0.8459914319875119
0.818449817419028
0.8090664880793548
0.8214968947290422
0.8664934659635664
0.8452528954457119
0.7597559538711331
0.5420416374892597
0.2527867034758155
0.09388870113337465
0.08632991476064628
0.11822328526124733
0.10050502539703704
0.09303208842821038
0.0923423066175448
0.08518611981229766
0.08557598978787617
0.07892291117738705
0.08616568347953757
0.08990834567867179
0.09934028555861514
0.10703082834204866
0.12726267311482578
0.27163003568292954
0.5293079163460234
0.7750015709765878
0.8682844718771914
0.8788541700488379
0.8659536055342798
0.8452367360219308
0.8307005785813506
0.8259076184933928
0.8312031870102766
0.830558295263538
0.8266043762248595
0.826763749378443
0.8248575056257333
0.8205501182846332
0.8192492426873594
0.818336789700025
0.8197539330724652
0.8216095453031222
0.8303074086873927
0.8325216948205851
0.840979936883917
0.8512690745133964
0.8615182553456054
0.8647533226338024
0.8645697448589913
0.8696885616570639
0.8708033819528298
0.8737233516870726
0.8715992807062696
0.8724280768477508
0.8753957489795718
0.8812623830267416
0.8794551877784701
0.8765528573981163
0.8805858109907908
0.8843710304161679
0.9090749198123813
0.917114038889618
0.8963143580443714
0.7423120085530391
0.4574423170509159
0.17786328991213013
0.08527897628912998
0.10297154890134567
0.1141735114073564
0.09395907224135361
0.08845756398217369
0.07104381493553623
0.0656896602920378
0.05395328600164505
0.05325400366087794
0.05180029838688029
0.059632111167249896
0.07497667172927128
0.11350928771062557
0.22830962617057093
0.4486584047996778
0.6881281193801347
0.8441218541494961
0.8795161130296247
0.8787053808428126
0.8717828061863371
0.8724751633847302
0.8602303702800127
0.8557325159975655
0.8550069380225889
0.8522609923518727
0.8490371343705274
0.8509335066045214
0.8553111392607812
0.862061939020082
0.8635023871985708
0.8668532767104686
0.8688852595276274
0.8730863210978693
0.872414837987468
0.8744565222284
0.8779542644780209
0.8799124100879786
0.8838786405988402
0.8840894953328037
0.8877827492049073
0.8950589247064417
0.9062558552604361
0.909592465098185
0.9141813288649171
0.9203320935586562
0.9127715886838594
0.8919250258127713
0.8350623406370903
0.6626496134724844
0.3572944734795265
0.12387113973277843
0.06087209862426862
0.08684118220349846
0.082194239745864
0.0692242293362324
0.058474437190014654
0.043613698577832136
0.03310899243430139
0.027432215448597357
0.027344601578676686
0.02474327589757202
0.023274094145474176
0.022393740573238306
0.026135118921511893
0.04282096425170692
0.08565692155095492
0.1312603503429956
0.2684611640700017
0.5139094143873202
0.7574745409227992
0.8678167910306935
0.892062388946846
0.8944881371588579
0.8856406174865687
0.8770420824689689
0.8759767636806592
0.8726812705486606
0.865082493067582
0.860227758912295
0.8675022223477936
0.8720813268577992
0.8742534831658587
0.8725881394124397
0.8744227110319067
0.8776990478972132
0.8821744430003677
0.8859727443229877
0.8871319658624895
0.8918603182434821
0.8919148126521648
0.8930633957126912
0.894290411911635
0.8955275588320533
0.8942644884096513
0.8943117080948371
0.898245346192933
0.899525388102824
0.9017472185853609
0.9073482776735157
0.9158597545276936
0.9110064331200098
0.8857888695625278
0.7534973807807784
0.4631580643349985
0.1899694882076403
0.1039928121587727
0.13992375333877047
0.1370542270122485
0.11749140713238576
0.10794241655992579
0.10112319567530695
0.08965355826682643
0.08572447686175423
0.09430325503141307
0.0993960020688338
0.10497313555206025
0.09782989100451052
0.11818293817804128
0.14377892245151716
0.2891326742222915
0.5184814163620017
0.7503612797940771
0.8532995802649671
0.8805295419819299
0.8767504979235174
0.864845384994479
0.8641388611814087
0.8688369153722689
0.8765829020132306
0.8818183958072223
0.8779006438859049
0.8777331494733849
0.876682723022708
0.8784018106217389
0.8736101697171993
0.875428690952974
0.8792081464006952
0.8829250622739564
0.8843270137549534
0.8867728931321879
0.886131099839383
0.8876945535784443
0.8902034282799532
0.8905387344688144
0.8899342126946228
0.8950650700976931
0.9019673899259375
0.9055458043800815
0.9081033633839223
0.9128435945788698
0.9236470891534825
0.9223421370195267
0.8849259984034965
0.8086002895930726
0.634356576583833
0.35172344532692884
0.15168785534595167
0.10764454605107533
0.13104633022764764
0.12496312280779089
0.12811765284364068
0.1213075179300667
0.10007215314593838
0.09284307810868236
0.08892705469578947
0.08643906866560777
0.09159318903815145
0.13601760822004813
0.27503419215122527
0.5009655657208512
0.7258279260246864
0.8542098364424662
0.8852153698364718
0.8880439866945201
0.8908261980347584
0.8966757189984688
0.893530855993068
0.8916443350810226
0.8878968891973192
0.8904642987532129
0.8888037573014027
0.894329203919163
0.8952951997341352
0.8986388281721425
0.8924182750956444
0.8921840003388012
0.8875884519575914
0.8882192554869738
0.8890821627901093
0.8893585574515642
0.8886627546271432
0.8911750879433273
0.894556049873233
0.8966606681245887
0.9006224088336106
0.9023421860119607
0.8956631827091963
0.8934707798835879
0.8862148146643237
0.897302895542149
0.894658003415038
0.9101333008330257
0.9088560576509128
0.9152349511443864
0.8944336431106993
0.7483714226505376
0.441921799042788
0.19493883859597969
0.12952009520178062
0.14338765218274574
0.12700635149618517
0.11732854978772195
0.11903614181737901
0.11615727525371398
0.11506546362365011
0.1138317874659154
0.10625043790235153
0.13623178285551685
0.22603473611437827
0.4197042521500283
0.6333169604472396
0.8047681770037738
0.8766239439692571
0.8899670136473872
0.8909496325525701
0.897571587758622
0.900212989250865
0.8945652077310996
0.8895748252523881
0.889298431942152
0.8865074371924664
0.8854489548418472
0.886547851132752
0.8883262307014688
0.8898966567286991
0.8940521847245553
0.9007611288400965
0.9013684940009683
0.8995596441749816
0.8953782365317252
0.8919082207724226
0.8914562262722084
0.8951919364234145
0.8952926266654818
0.8885802169465611
0.8933245924098897
0.9068150383767752
0.9099273681732005
0.894748683645381
0.8113559710151016
0.5645978130726895
0.27028909718105604
0.12158967223013381
0.14883983779980367
0.18232908002389575
0.17236286288696398
0.15142479302792083
0.1420731556693586
0.16098559962778003
0.18715538363618583
0.21169828963811063
0.19867710872411387
0.2878241345332951
0.5111201844472959
0.756703365308481
0.8684329309484904
0.8924424966469343
0.890621759115158
0.8905144851228135
0.8888116628066247
0.8844460243396989
0.8802333473577344
0.8891934103670021
0.8956495080142832
0.8922775400574274
0.8898289603134455
0.8914156067362992
0.8975666829156617
0.8934386572108979
0.8841685187611309
0.8836850787748786
0.8897222319242815
0.8839773447783129
0.8791162791646991
0.8812913829788133
0.8944464311221474
0.8995693403279448
0.908174570937992
0.881371882506713
0.7125047312516284
0.403509700138371
0.1918800030886036
0.15089731622926916
0.16732534085044912
0.13031756533497454
0.10371896893416359
0.08628138485200318
0.0770275312971289
0.07743911018447186
0.07821255523570338
0.08779753461189108
0.10412920644554621
0.1253610290198599
0.21995596751530205
0.4222869838813245
0.6643872669871103
0.8272618787275676
0.8912813754640672
0.9066399495379546
0.8982715783290527
0.8900994888310677
0.8754842838400053
0.8713412598570827
0.8684427840662612
0.8627254791056718
0.8628408256283658
0.8694503380325711
0.8720901328276474
0.8719200741306922
0.8816199851869283
0.8915219461566694
0.8916306305289248
0.8886322987157395
0.8869001455655264
0.8844314176310559
0.8832171466648375
0.8863592675366991
0.8936550757848785
0.9023079768161112
0.9007024328356524
0.898333956423356
0.9001929883784807
0.8560184446430741
0.6245678639681834
0.31394351328369935
0.13631266964483862
0.13327772209017263
0.14014104378433911
0.11608135328612534
0.11176290614322992
0.1136289774429819
0.1126574095575389
0.10036956664026347
0.09625741625881795
0.22153223122251722
0.385654201034183
0.5502075146687644
0.6731224030054078
0.8145565475372611
0.8764419798721105
0.8875220943602176
0.8911315341803984
0.8874184196340238
0.8824557954072201
0.8843941681240548
0.889702819964515
0.8867270320018338
0.8763165006077632
0.877706327455323
0.8851063570770957
0.888189759484223
0.8801462491484139
0.876984272625404
0.8780823273386806
0.8839189244639144
0.8815074246126855
0.8813098048812442
0.8803199673236657
0.8871493885431947
0.8892803000654674
0.8912945991452197
0.8620870538700802
0.7020389562322562
0.39946390841069374
0.17170830508325163
0.11462980173334969
0.12509812265610326
0.1024458852409389
0.09653353358390675
0.10194844661718946
0.0983031069329297
0.10506466910127715
0.10840499430909159
0.13395295092725948
0.20673098165694012
0.36160829832186747
0.5800499157138606
0.777583983646164
0.8672095154865185
0.8768727377307686
0.8771224103749433
0.8898343018111483
0.8901056769715969
0.8843922129106365
0.8723655562081476
0.8657635277065499
0.8722176619956061
0.8804638245902408
0.8825091798906819
0.8775477757812351
0.878532755015393
0.8792631403793204
0.8810568139353072
0.8801605630148313
0.8813189717778335
0.8865698696782162
0.8933631119215949
0.8979919049831809
0.8878654732874771
0.8807875271589529
0.8745266529146131
0.8296319253951956
0.635958559403069
0.34755653470146913
0.15710826773903755
0.13071902824757478
0.1474435773724732
0.13000286925617374
0.11225661950942817
0.10067067675757331
0.08953753513899476
0.08542323967149568
0.09056807424613629
0.10790779835047877
0.12606719916626344
0.19274102821700478
0.37441580112880435
0.6176720973543834
0.8021360378691833
0.8718496348977696
0.8930691156374705
0.8888909993985765
0.8924310089593469
0.8975196107022563
0.9065939036022403
0.9039495996194826
0.901858371277649
0.9039675755766661
0.910447255597048
0.9135186385830445
0.9120314924936441
0.9082038961881156
0.9086860840354674
0.9048360950183237
0.8998526240713755
0.8949675143985526
0.893390584048432
0.890012694067628
0.8898296678046818
0.8943329182022647
0.8977371812283413
0.8933636035494977
0.8188603584063696
0.5772346262435637
0.28672207110832676
0.1286322607059896
0.13296188866852887
0.1392945277524864
0.12001134678041159
0.10142931355124493
0.09111191562002166
0.07887735020317489
0.06863574878092019
0.07198460602839699
0.08925492461833903
0.10583929381592533
0.18455242071986871
0.3623862384062777
0.5965795190532768
0.773246793096302
0.865617137916941
0.8927054034680986
0.8945730133248561
0.8955873672928987
0.9005366010133502
0.8991293774080156
0.8947986526958793
0.8884968110200167
0.887691802499959
0.8875663265639959
0.8883329298653766
0.8913443458759318
0.8981603763234796
0.9048114180132066
0.912915807487837
0.9189230999939662
0.9211014852193044
0.9180047001383407
0.911618086578356
0.9185126988697352
0.9302914154453652
0.9257914791617574
0.9040818710649675
0.8889480749784329
0.8405027545199936
0.7066532772042168
0.4638252051886145
0.23919516256280626
0.13597336255917009
0.13537656013985988
0.12970054406885828
0.10106989155829081
0.07765229556688902
0.058681471701265184
0.04963242009113915
0.04015465778162164
0.03241191954251328
0.028289358095098253
0.03529242856638092
0.06064507894702738
0.09901877095431887
0.1631618834492651
0.3088526455277869
0.5300672123193957
0.7424105542569752
0.861371910825555
0.9097166240791184
0.9087715439968083
0.9093577807627307
0.912058127090314
0.9125415638997258
0.8934939033955837
0.8768885551029625
0.8733460436090223
0.8735417748973042
0.8714094285215883
0.8694452250665595
0.8764865814789095
0.8935645765474762
0.9039057692060068
0.9024462933783888
0.8899362058349186
0.8734367305412002
0.8509316117321911
0.8187482302485158
0.7835905631931463
0.7445309294355562
0.7016478290814985
0.5968143024780687
0.42057092710286903
0.2412206721647237
0.15706687107726167
0.14528453851917392
0.14247498566298483
0.12029146011564816
0.0990149812386709
0.08621388040850121
0.07614319800880912
0.06528222563235618
0.05351187073982018
0.050619814589719224
0.051023738971638366
0.049972886992249624
0.047580154733522076
0.0460242630280529
0.05006829910059277
0.06417993193420862
0.12461796583917775
0.18965256031263839
0.30032161742650443
0.48347436728075105
0.693265375033937
0.8234673520196479
0.8759935273987376
0.9045339608602921
0.9149143322570819
0.9179675856181312
0.9047425794220524
0.8919558288421221
0.879781181989987
0.8798792519087051
0.8757426560505659
0.8861061633507898
0.8894222854784388
0.9025177040934784
0.9030548728898604
0.9080510898910379
0.9078459530338594
0.9092107692109097
0.9069517194346357
0.9092066916748215
0.9133066164959635
0.9106652576351513
0.8933709563449133
0.7758873563806448
0.489913231928604
0.22571920137324333
0.12248358847122383
0.12868591641369892
0.10725250116697671
0.08119804734125513
0.06716199242966281
0.0540082329981975
0.04871297289869028
0.04313855984644077
0.04724681788916842
0.06849105063572251
0.10586910017259138
0.14864171940130846
0.16543897150380416
0.19920448994094264
0.3353299005248062
0.5546429093645796
0.7406880055741769
0.82783784702694
0.8582164642156427
0.8706626898045585
0.8823905282177291
0.9022590986246056
0.9172503317662957
0.9223028063391081
0.9222130153832888
0.9230265247516583
0.9206452111631775
0.917208871134853
0.9200961038697206
0.9185600318887633
0.9133859450462156
0.9136318385452165
0.916803781893955
0.9176921281171571
0.9115004736955507
0.9091206969016592
0.9074943420982308
0.9104846614426474
0.9172644514677074
0.9352180388200269
0.9401537360953512
0.9326793730715551
0.8966815093766584
0.74325464264278
0.44071177927731986
0.2047633708435237
0.12628317780640358
0.12630315508906115
0.09517465701361941
0.08320303396495612
0.07690266889738535
0.07243914668143908
0.07154902787223526
0.06129455408363717
0.06387761451970786
0.06968152854670877
0.113694478900254
0.20045935345267896
0.34969137910524967
0.544178445065274
0.7333110906582718
0.8550128275427777
0.901482475621077
0.9258008134777104
0.9385944092669368
0.9338150928575496
0.920258247515475
0.8996686242376557
0.8903410181570814
0.8817972951688061
0.8753040709734157
0.8710402433260223
0.8740144560571741
0.8742466861736703
0.8733224193954401
0.8789848378961789
0.8915710709474618
0.9001731708033202
0.9117053997459535
0.9206544643345909
0.9241772002487854
0.9059690309809604
0.836283420983752
0.6410425466656251
0.3532698097866284
0.15712455495450706
0.11907265626052652
0.14550103168411394
0.12801566759712005
0.09626918377796442
0.07546489106745408
0.07039151047945041
0.06562548075332889
0.06156848915784301
0.0690584820769053
0.08061473521859047
0.08732909619076631
0.09584137465062013
0.09909939772800556
0.09207782012138724
0.09005009666450839
0.1289333148184114
0.1913856622905913
0.22999884970436757
0.3375664522835389
0.5173126120461479
0.7018130663103099
0.7918813060260759
0.8477933377483597
0.8672387372718504
0.8873420082157868
0.9076193134278495
0.9249582381002914
0.933313532839994
0.9385683071701507
0.9291771752572563
0.9126212210788531
0.8999918314098642
0.8947267290381538
0.8966371276868049
0.9011790328916234
0.903434415762383
0.9033265559854502
0.9119226529380453
0.9180555906000727
0.9257161124247005
0.9181571900635188
0.9169476993442859
0.8963010788961598
0.8383122369592558
0.702818001950473
0.498533681316632
0.28107527768465784
0.16449247182311652
0.1340382462535309
0.13266298604770038
0.10993873682272784
0.09652313709964709
0.08417382692595715
0.08112262790151892
0.07798129727818512
0.06908639459101722
0.05646123238798605
0.04177826362103107
0.02539219426043896
0.016987062857564753
0.016369901043250458
0.02146405612514493
0.023298158396675747
0.0463017631993273
0.08939497542557945
0.1614594344511033
0.26871620934063145
0.4849257855865363
0.7025735785020061
0.846156368373125
0.8898501549418717
0.9220256532762848
0.9348855845796252
0.921927038608564
0.9131946246532506
0.9103849966100055
0.9160029103013474
0.9133602802761613
0.9059516949029891
0.8980976380443373
0.8938058165189415
0.8952344355790793
0.9021058972195947
0.9138928652092531
0.9284704609816984
0.9324389921845934
0.924855036983317
0.8832686464594499
0.8040451327992987
0.654675124636654
0.43787506024496403
0.22757567552138597
0.13156318969168598
0.11803998278053163
0.10856118440840229
0.08540509254112999
0.07485996938842208
0.07027116448081153
0.06919501596499125
0.07143365411865786
0.07606103652292123
0.0693071763907287
0.06336719265293245
0.058075392783152616
0.05094969095934643
0.043203693406544875
0.042673300236326164
0.041631802515848707
0.033109178753349636
0.024812399464306675
0.02849414880591744
0.045992858719931806
0.10110789066743427
0.14675246870362552
0.2567611687756423
0.4529502655495231
0.6762730250571467
0.8138100443302352
0.8727670292864181
0.9080418251021147
0.9078866966818913
0.9003606682151518
0.8785907250744506
0.8699755455562728
0.8653434303845593
0.8685268438306545
0.8714760491834788
0.8815918688641843
0.8992398532835942
0.9168616324502538
0.9276058140777723
0.9398801283942267
0.9460915956468388
0.9452916036856662
0.9232684636379782
0.8876400198721021
0.8308739123740401
0.728405166169902
0.5545929578649422
0.3320690596695432
0.19261117931628907
0.1441343795048361
0.14719609335532205
0.12083954980462117
0.09672528475016234
0.07416381672276968
0.06405324775876992
0.05575410814447865
0.04988176019982961
0.05033106406473544
0.05146107897488509
0.059035095703735566
0.06940348203978558
0.08001410781500953
0.10143402989566558
0.13068161297025194
0.23488793327905583
0.4311022779431406
0.6578505220081639
0.8026382470801311
0.8689227433717286
0.9066533023722143
0.9142114131934528
0.9095304636833466
0.8989535308911957
0.9030141714649987
0.9034204487043125
0.9002010128963629
0.8899490675307272
0.8767234943698792
0.8716316150911088
0.8725167262054379
0.8761215408024736
0.8720076316780572
0.8700915565343822
0.8693150834038393
0.874741551152253
0.8836703000692578
0.9003362411864513
0.9221260204869715
0.9363150107247163
0.939967901512949
0.9462431839528329
0.951827055206805
0.9542976311757126
0.9374467299549901
0.9101231418082405
0.8466009172302889
0.6946381910937428
0.49198703614188594
0.33214525648781246
0.2571748378127722
0.21197052234446506
0.18161276164010304
0.15855517077564818
0.13468662848462304
0.1159962972939638
0.10568667864630002
0.1035360766914883
0.10906706464332093
0.12089147338160815
0.127343616606717
0.1299714245914213
0.17790876924545534
0.26707357251756614
0.4623295693907328
0.6565825074061304
0.7921758926276399
0.8063739232742011
0.8228411673055243
0.8291817296219054
0.837517305723749
0.8437872981702205
0.8681671955095409
0.8816378543770212
0.8766022963574693
0.8094689224823453
0.662159239845169
0.4625007600966733
0.3457991352785662
0.31917456808256817
0.3506576773934922
0.38884444745844426
0.4717303520753131
0.5785922831200208
0.7038674428784468
0.802202307997041
0.8479928212708878
0.8633272862181699
0.8742676818077358
0.8921064077708167
0.9063074324053257
0.9197154751189841
0.9198615768869526
0.9170594920731663
0.9193619643498746
0.923730314855859
0.9183222285147749
0.8792355740935806
0.7585265977750104
0.5842642971989884
0.442832745116051
0.3491683916798797
0.28667711895945425
0.2396795679119715
0.21830138682160402
0.18673842697127524
0.17809401850831766
0.18145320850056362
0.18923171581700124
0.17323003512093246
0.17137048406858424
0.17236214302049238
0.17643792320089458
0.16857600536185002
0.16685661401033478
0.1655801774952036
0.15811494050407998
0.1486753137991732
0.1425665820897007
0.14504168599940112
0.1474576496405708
0.1834275182733991
0.2692538121232436
0.47477341736544837
0.6750505318702946
0.802259592903395
0.826456838700793
0.8472928297529866
0.8581362670065671
0.869285718679947
0.874669286727657
0.8733954841861853
0.8849555944567457
0.8376897742975411
0.8030133131893871
0.8183077150313046
0.829665799194381
0.7926170512656054
0.8167488369266
0.8226265075005064
0.7944036180237677
0.7907013568263548
0.8431760910813267
0.8445062134031563
0.8353059853716308
0.833125304216595
0.8442549495062144
0.8592938338706331
0.7347809921486941
0.4925871823235616
0.250917071249557
0.1574581917034828
0.129523161359683
0.12553132813961984
0.0987784984867015
0.07318903655944838
0.054456426471116384
0.04136476554997842
0.025264867744574673
0.01925051737046033
0.010491232901017753
0.00672108706182144
0.008629940988336006
0.040744728802275955
0.08057369139499616
0.11052642229737017
0.15036262778735812
0.30274932365548735
0.553751990855891
0.7727626075712886
0.8684281911854994
0.9041334547110296
0.9196954959927355
0.9170665614313245
0.904887066012862
0.9049236096868378
0.9141692881374673
0.9191162758513873
0.9189300843063659
0.9071730374641778
0.8963905620012469
0.8958000592902616
0.8995386186522167
0.9000357823618983
0.8979392441711265
0.8963228385442213
0.8978977687569475
0.8979543800675028
0.9002702061735829
0.9000510874077039
0.9014172602787847
0.8973805489800853
0.8633348752357816
0.7698210987805265
0.6288509041694459
0.45906778918084773
0.2948341462238261
0.21609924979463388
0.2204242510043456
0.26079201253836204
0.2811561852978254
0.26056243400762163
0.19403526352666434
0.13997979205166416
0.12424186046784025
0.1165194514601723
0.11407934739324321
0.12740952156806085
0.1378116217758636
0.1423657735151684
0.14714842619965685
0.16223069453913685
0.16881794387326501
0.1780539336236915
0.19759926777924078
0.19148449479550378
0.20283457764867557
0.3448309828521985
0.5740762374861852
0.7436557519404685
0.8064401844410259
0.8556699058329253
0.889029423008101
0.9138472068642504
0.9083588614363234
0.9107707457489762
0.9063536321638789
0.9044674358756144
0.8936832387512423
0.8899230591818967
0.8922179973417282
0.8982603813159791
0.8978524493112555
0.8925493606249402
0.9056976631463999
0.9283344087192497
0.9433508172149314
0.9309623529763573
0.8632690585610152
0.7019002348295068
0.501823356789894
0.33794352713977033
0.2711926090510394
0.28572115555095734
0.3302013299576926
0.3080324014278352
0.27234049830705653
0.24636687791718073
0.23263470778757114
0.19644523824300072
0.18104221054092134
0.17965947701371884
0.17622796707741284
0.18660044479174048
0.1825443231846403
0.2094536681831171
0.2152389846557766
0.22137810671677904
0.19606823517571723
0.20842173740947706
0.24496815306304556
0.23740879960843914
0.23538880236564877
0.22247851972482302
0.22598815587522855
0.23637380516441472
0.39348004603936526
0.6210243657656875
0.7952536018072951
0.8777932438014096
0.9085552571024849
0.924918915402142
0.9363490824592211
0.9411882191834411
0.9396803048943851
0.9333916477718446
0.9169936856603702
0.9010890560831644
0.9040727076894137
0.9190789862746763
0.9267486280352321
0.9428901320640155
0.9558210302075241
0.9711165949115832
0.9706358229920159
0.9779023460567687
0.9753120062684442
0.9577600611094017
0.895403395300859
0.7844491898668922
0.6173429235200663
0.4213063190413785
0.24742342678816262
0.16497418581179976
0.1654934781522455
0.18610944647885058
0.18333442809206255
0.16342942705903757
0.14370257633365896
0.12722753839448317
0.12475126320560061
0.1247993379951166
0.12206534456103742
0.11819736589416337
0.10815152449406658
0.11079961814519687
0.10940754276400869
0.1155119994595325
0.11391261519288638
0.11724254540938953
0.11003632033323316
0.1074516017026592
0.10415189353612422
0.1022556509949256
0.11031882624359368
0.134593483988306
0.19425479738303902
0.21165098187078932
0.26550871587897745
0.43188969856237214
0.6654166674692976
0.8250289900699694
0.8923971599008182
0.9418729047429703
0.9536199965007348
0.9685271891919569
0.9655185263638306
0.9661256629253967
0.9498813572710754
0.9388698889620005
0.9310955989822227
0.9303104693209165
0.9260306432208266
0.9216147882455634
0.9222765475819248
0.925196360571628
0.9245305561141338
0.9276149741824228
0.9476365339697045
0.9669790692308738
0.9600838297138377
0.9259428858965462
0.8272603983729443
0.6339068196583204
0.3671319134553871
0.21458724595279682
0.19713307337127395
0.22928891647876032
0.19907050600602025
0.17326339429291931
0.16317406248658944
0.15635856819072314
0.15637712526779685
0.1779995879021543
0.18728927089139713
0.1593369449183957
0.12633720565877768
0.12795985248968192
0.14071602734239735
0.1456932336651701
0.14593265477003503
0.15305725895112998
0.1545224336078794
0.18105542535190733
0.20038075568470298
0.2077645676444948
0.22846883293500056
0.3963389580475503
0.6086904945559399
0.7817152998072473
0.857808947958824
0.912914191759051
0.938804786227805
0.9593395230024435
0.9674581781888036
0.9644624906400681
0.9572469473679327
0.9571027679175073
0.9664777502300967
0.9830277178818118
0.986722706961422
0.982193153597547
0.9813117633753827
0.9774581466911543
0.9660013771039948
0.9572266095475086
0.9616088230229246
0.9630251554952555
0.9605361282294381
0.9502673285493949
0.9513321108226919
0.9462688349515569
0.9449976031997271
0.9322617498575481
0.9309345089322372
0.9239160532507804
0.9176790377524044
0.8806468554272389
0.8245201970445926
0.7454421430327003
0.6277529387052168
0.49660912721025524
0.38000569849446936
0.2884930143800569
0.24377156287134025
0.3089957477716823
0.3461879878973963
0.2907599585046819
0.21475106864649007
0.17904065920165957
0.1730744392211891
0.15883248406014613
0.16047070136150718
0.13450615731161045
0.14001707396261925
0.1389751006244147
0.13654714746977642
0.12803755156705748
0.17522501624583198
0.1854227648871562
0.1768947231015304
0.2083524191917782
0.3969038703433533
0.6001599759496774
0.7361352468743116
0.7938395946332127
0.8569648193486341
0.9141001654314456
0.9426485793701167
0.9367385732553601
0.9266226061052241
0.9210101311942024
0.9179507769151729
0.9181504028825638
0.9129541209106611
0.9031923363017648
0.885705924722865
0.8971497215061646
0.9215916292714286
0.9494440090695592
0.953881962142564
0.9560445923389569
0.9574871220558294
0.958406994395895
0.9517700080617095
0.9279429081364189
0.8960425638341238
0.827080602945711
0.6672480662418729
0.4465496203891884
0.24805076067245593
0.1558015600715998
0.13095127167545376
0.13331082855434281
0.10759488514935237
0.0800786480301783
0.06660396868283919
0.07156213232663997
0.07127947767726206
0.06773471651729616
0.06748356445253897
0.0653325000255938
0.07642719941571938
0.11105122395701998
0.17026770148923387
0.19278804588390158
0.23787875732092473
0.38834396889561884
0.6047239922120694
0.7765115001980536
0.8656403684271815
0.9172057063551595
0.9361635020583511
0.942071239877387
0.9465084081976262
0.9476650070803536
0.9501508371048778
0.9369969861267287
0.9286229559931756
0.921689117827666
0.9214351516720685
0.921911570186753
0.9299969052299135
0.9411306917394311
0.9484515802275094
0.9483725089538149
0.9477714225648781
0.9426984121413859
0.9422767544368296
0.9552237554714097
0.9739788139215667
0.9773410455006479
0.97302942723275
0.9833385006291717
0.988629158428029
0.9908004990973873
0.9875440588416893
0.9970355277571428
0.9944817679982625
0.9937209863632172
0.978545285632243
0.9236443034929279
0.7754521218842981
0.5120988397037798
0.2497315140755904
0.12996167078242457
0.130107723836582
0.12909152843675725
0.10760188565837833
0.10098358681505086
0.08564136627169719
0.06464238482670609
0.054782095496392416
0.05731006406983222
0.06300182835439107
0.0809494214231682
0.10571279447192417
0.13429519169309206
0.1558585370138668
0.2315827767759363
0.4274269780824415
0.6686242555674621
0.8346758852824814
0.8949063381037191
0.9211460791167579
0.9326713764699104
0.9387611226698166
0.9337487966881485
0.9243508936828464
0.9152320487944118
0.9032073284603921
0.8901974379241457
0.8807043279212692
0.8736066454078102
0.8689570621916263
0.8697003110903034
0.870614621831918
0.8740427690612347
0.8773547369194612
0.8787347938487736
0.8754201287372951
0.8732449180700111
0.8715549512300867
0.8708089185518528
0.8908730400226558
0.9109210900623401
0.9050952715745315
0.8918148161566134
0.8891221099453551
0.8953017162705273
0.8871158136916346
0.8948755239769062
0.9111541617857949
0.9472765209952856
0.8599087256792759
0.7602637176380037
0.7332742074310703
0.7803628828967747
0.7151141046448068
0.4929575566307468
0.34742321042681895
0.404431358392621
0.44297140534047497
0.32393753762309563
0.1954749189322274
0.1988338501525686
0.17435024445155956
0.13911046086235485
0.1328980787695645
0.12486805944218428
0.1140510161933117
0.10886822445049368
0.11328585395278694
0.14802888584907958
0.20854718339926215
0.34467561740165675
0.487174762411638
0.6387815354757953
0.7476556415466308
0.8414179151568784
0.9020841703305198
0.9142209049966561
0.9101084075517514
0.9167956480558909
0.9254517318189385
0.9174768812809418
0.9046568851483323
0.8979298575841372
0.8936198579885452
0.8909025135676812
0.8881995740527683
0.8958641055731573
0.9036814260995933
0.9067512767567006
0.9050785330258114
0.901418784476821
0.8973733852132274
0.9008883806267376
0.9112382599147153
0.9183321191399528
0.9217854488166123
0.9105293404320011
0.8963720596040895
0.8951245742435733
0.9112112450543679
0.9186304465671221
0.9103045158766709
0.8981553095810961
0.8722748709515844
0.837272758980081
0.7094022941827753
0.4901812544630118
0.2630410653272725
0.18790254496880318
0.185064179218713
0.182374231281516
0.1553273009208586
0.14647060458040828
0.13382091351008873
0.11562992159872543
0.10007353669069777
0.0845007752769211
0.07823450827288797
0.07448837148937545
0.08109917713944201
