0.03589663854191216
0.028487989923196504
0.07664179797129042
0.09707715331758743
0.07533300459594947
0.06371204165111109
0.07937558997540517
0.1142666048970947
0.15026748812072274
0.17275371922126814
0.17236555286565144
0.16588712197700659
0.1690431502533703
0.17657358868934125
0.18124446445965647
0.18429835646313336
0.18760421373662464
0.19125635453686904
0.19388896130673183
0.20831795434920497
0.22357805236137512
0.23001834524375026
0.23113716351570726
0.23083334128281982
0.2330378816895599
0.22677632884394264
0.2206195854679459
0.20689559777168878
0.1992772272606804
0.1939402570330233
0.19674299307304227
0.19670976475018107
0.2024308740749533
0.20161649348581284
0.1944121134475747
0.18431442013951554
0.18408019611356735
0.19238395232071973
0.20930848003564015
0.24464695911011292
0.314948013329046
0.4017915326425052
0.4846350442847667
0.5278058283959601
0.5466631687114432
0.555793200421159
0.5689539224884212
0.594148173897176
0.6357627535833805
0.6850473730244737
0.7076260832235345
0.7086715444639311
0.6893988174417767
0.6627817101169845
0.6480755050086051
0.6485410101905102
0.6576755737633362
0.6624573816773317
0.6697013045620834
0.6744479147300568
0.6788756004762927
0.6909758545840788
0.7126803234708463
0.7304082995245689
0.7427674136563871
0.74497227652322
0.7480244017662758
0.7162223297006425
0.6706085991644984
0.6350440430323951
0.5957972631276012
0.49567588871543655
0.3560514667783957
0.2494019318753932
0.1853828552308973
0.16318186238667162
0.13905503751495113
0.12556260189242704
0.10209958529243428
0.10286182027086882
0.09293756412943932
0.09850849720400792
0.09068436299265242
0.0851763922782898
0.08201101012241949
0.08902415097421441
0.09021264572723105
0.08468945109839143
0.07124350010170874
0.06413596168299754
0.05670709564400516
0.07751122440041372
0.26032443741380257
0.5077800976547728
0.680251850792568
0.7309243284307376
0.7920582203961668
0.7949428478774261
0.7379957684476512
0.6783907815850566
0.6482905421020084
0.6180599815396908
0.5735484020477499
0.5128988071545605
0.4234352636467239
0.315190347922216
0.20987791710674228
0.1563778619798672
0.12370364626782968
0.11264693465650655
0.09924395747643884
0.1064645974615825
0.10456300808575836
0.099700976898732
0.08765700897849325
0.07925355340760368
0.07923329188061111
0.07964260646655519
0.07716013103927127
0.07464515108106626
0.07293152191063186
0.07329969641830977
0.07022777049539028
0.08493366226202387
0.0728865973569057
0.10465585463570712
0.35005325203866555
0.6576590217019052
0.8526467712543033
0.8960809725354246
0.9465255919957152
0.9335542980260911
0.8971394595367609
0.8792781798573576
0.8739823108616612
0.8579007285002994
0.8141215613732347
0.7771226894307149
0.7582018879051289
0.7501001199859223
0.6950789262722676
0.605547519465345
0.49100319286364247
0.35545073899861834
0.2506749412638896
0.18505387723933273
0.16985845942846006
0.1567720515461916
0.16493364909744523
0.1480443424831901
0.1310188155123997
0.12248331166120648
0.1268959075690163
0.128556554754915
0.12172412468369523
0.11277796221858473
0.11345342431836623
0.11181494486890828
0.10359935597022138
0.09916867850782211
0.1004190162268464
0.11213537675462217
0.1417692467936924
0.2567031201040101
0.46146313314716836
0.6717098410839961
0.7540234933631459
0.7312495114618642
0.6767954569597475
0.6484895317705793
0.6174308017883252
0.5871977619067801
0.5251250392844059
0.45792095776963826
0.3752482047966742
0.3059247616974713
0.24065862262830773
0.20147191259544878
0.1781904150285572
0.167778658556382
0.15100980960170385
0.12371475537649945
0.10252971460217768
0.09160869960287876
0.08803847472230948
0.08149134022759139
0.07749433417010099
0.069397240307965
0.06102155970791452
0.05521007666559998
0.05536991238084935
0.05705605078195401
0.05516626093925682
0.05555164710095939
0.05818084960996113
0.062339603451153636
0.06305262751238574
0.07266140460153321
0.07839566035350456
0.08417695010704654
0.08915976325449794
0.13533718510466863
0.3492366976898447
0.6600983743924982
0.8771067595551497
0.9018069721619293
0.8738302194135235
0.8556555522295538
0.8406798890476443
0.832531201094699
0.8232579161335314
0.792754792073934
0.7460454095982225
0.7045956627350711
0.6944148475658896
0.6781325873509207
0.62934838183909
0.5353547731760704
0.44275043591457197
0.35219347566492976
0.2875704497130991
0.22369408601058607
0.19027202766092108
0.1732414876548256
0.17681427961219526
0.17266707656439256
0.16931917733089685
0.16249151242216792
0.14429182566695295
0.12553141476299282
0.10765279718196
0.10189898120649413
0.09490448491924533
0.09273801097564949
0.08712230998449882
0.08682355573298185
0.08639240716236263
0.08644103618273553
0.07839615412011976
0.08136632279693712
0.19303640107865416
0.4731590750131642
0.7688175134538257
0.890391198966684
0.858768930605771
0.8226948102320989
0.8151119066893452
0.8034079424506259
0.7908407285715587
0.7674443731371868
0.693512802759239
0.5681306387499832
0.4327303500810077
0.35381323337970005
0.3143324873085785
0.29583046732154983
0.26741252868916676
0.25103791864956215
0.22857627337076813
0.2123624870363554
0.19214920485889364
0.1749366593883096
0.14787014745408372
0.1268387268981115
0.11263808030541209
0.10222614385746864
0.0947524920349675
0.08792881868459687
0.08956814843293476
0.08955880161288209
0.08998883262529798
0.08559830517945563
0.08797653480196584
0.08921064497571664
0.09291043614288319
0.09397846649063707
0.08764488514458085
0.08780100397043558
0.0870780406977143
0.19596728667869773
0.4834277157868667
0.801836799248885
0.9127236659489422
0.8659883120031364
0.8352905249121084
0.848065537061999
0.8611185500611166
0.8635898514163414
0.8824555750448071
0.8776436424561014
0.8238353304013857
0.7430523725408907
0.6744009151980431
0.5786840144307215
0.4214562994742368
0.27808396122967916
0.19782511273276623
0.16992382882475918
0.1532094078575555
0.15192128248855996
0.14985164927185093
0.14380201850766794
0.12982170316010494
0.12236971457947027
0.11295932952446477
0.1088988048192915
0.10525367138940972
0.100183357410165
0.09484937610628481
0.09195079580075885
0.0904217323505988
0.09240863095851111
0.09443057509149105
0.07164232547139728
0.07734367167980657
0.2507757052192117
0.5553523279064909
0.7793511633759207
0.8557876283293895
0.8736879955329963
0.8823146869978903
0.8561110131052634
0.8283726672953471
0.8132654572181177
0.7913527782769654
0.763020891451183
0.7246742917088821
0.6506801500388243
0.5589443287491844
0.4061260668911455
0.2527068365098572
0.1478582677528013
0.13540463526730417
0.1457508343237429
0.15610435174336157
0.1697227519833679
0.15482771541729998
0.14836164024137288
0.14398684045189158
0.14044230909171906
0.13442115117706666
0.13573005753385098
0.13502592124926058
0.12309586599521655
0.10524071547635268
0.10950019278374093
0.1939621005805254
0.4565237113375954
0.7609768627956242
0.9396848038541835
0.9644688209193508
0.9754649645017237
0.9892616835290958
0.9907948078958126
0.9899074376448778
0.9931920212377655
0.9969647980711652
1.0006239655292728
0.9990505780243399
0.9916206765250778
0.9259804429961013
0.8141832313912759
0.6647505825262698
0.5435914615532029
0.4490230542023218
0.3801696133820799
0.2961487048128607
0.22164668326024672
0.17522499877655567
0.1610162171980405
0.14626163457942096
0.1400050917848244
0.12582669486558684
0.12495003238260036
0.10946781999721558
0.10626815743033757
0.10014182674416128
0.10110291266742197
0.09696780537054936
0.0966030511339372
0.07665615112996263
0.0875427150422639
0.13467369806691742
0.23858707688645414
0.408199024934653
0.6355082579770821
0.80413783636682
0.8488086272288171
0.8160647383538512
0.7521740244612791
0.6769855293837648
0.6268235475026522
0.6184156761987325
0.5480834955458427
0.4001458265389493
0.2558043437565082
0.21597665149793738
0.196085036172303
0.1733268240859013
0.15172741817010363
0.1539167835668669
0.1495349428069383
0.1421509741114393
0.1379576604123107
0.1370883282296657
0.12710454946130503
0.11369252315791724
0.10199046318734913
0.10184266659981779
0.10324143551968162
0.10029418208635624
0.09207198429807896
0.0853051659794178
0.09433666334864739
0.07892739564089885
0.13889346237698377
0.34930552408339055
0.6595168341382037
0.8343141699038675
0.8906370296343337
0.8879375316924797
0.8710645094722195
0.832311752357229
0.803544941524858
0.7667485946819608
0.6802042698885795
0.6132025669433907
0.545639203925244
0.4813586066536073
0.35096761460020376
0.2613531012229615
0.19009499583517997
0.16255525941739438
0.13624259882215833
0.14613564555236078
0.14179957818733158
0.1320075193570473
0.12500911478002305
0.13580157912888097
0.1372835922898752
0.12776315764004076
0.11206648616306408
0.10718705663717812
0.10525845517605249
0.10649539655730333
0.08822126840922659
0.1122846410449127
0.32714345494518937
0.6593079640647364
0.8537443748116609
0.8589323666323884
0.8036996189244869
0.7607307832218562
0.6908900443179269
0.6241280054732151
0.5440677363101597
0.4350706619419873
0.3134921879691802
0.20842916914187037
0.15504766184378183
0.1434738017311883
0.14748824866246146
0.1527767860761074
0.13930661140474576
0.1324177126652603
0.12390873742033331
0.133231777217475
0.13763854518806184
0.1370186436731623
0.13371599991261418
0.12652058454778242
0.10090435295470787
0.1797589029150956
0.3860127841481918
0.6522762850994611
0.7756501026603271
0.7569975294342417
0.6406535825177296
0.5432371529879327
0.47316171306214183
0.43106062072908136
0.3524443680530012
0.2696057415872867
0.21152084165805293
0.1973646313170001
0.184729053511067
0.17692260207497712
0.17225223238710188
0.1517750353979428
0.13635748977288387
0.12206332669254606
0.12036890767285055
0.11911889771642051
0.11679817247078933
0.1152235671498095
0.18164045699537024
0.3358179031542926
0.4771208784951265
0.5255615441428092
0.4855303169644954
0.4069226962987312
0.3292746232718642
0.26197332508377125
0.19719779396772572
0.14585511437241672
0.13106851103095818
0.13572156280963454
0.13701087560612504
0.13350753579644456
0.12856945393343516
0.11981065346397374
0.11722569675916551
0.11365945640460298
0.1316427703034146
0.20915771799892857
0.3134240275070008
0.4176263253360465
0.44008739182796075
0.4224168907204667
0.35731577610619814
0.28548878503359154
0.21734174919990312
0.15068515775846247
0.11396563844900627
0.0892598855027663
0.09366650004072924
0.08304735881138461
0.08435519285702217
0.07787851207310163
0.08120367180906096
0.07898350664167161
0.08956507428637098
0.09924562895148153
0.10971363922745267
0.09069938861757074
0.07302670675517708
0.06737441076499513
0.07272735508539896
0.10318475797166787
0.1895325690385622
0.281653284570893
0.3179589265010173
0.29696330120590575
0.26384111101963914
0.24146434381690773
0.2200675667258413
0.19998439988127137
0.18026299892217335
0.16959702942045005
0.16498685371110394
0.18104848553860092
0.1679471521123267
0.13623232133841093
0.08996443043406017
0.07879139365825094
0.0657591604297843
0.0708135468209862
0.07405704569607272
0.0836973168777596
0.08564272552996083
0.09050237072275745
0.08886677832093692
0.08948825878635633
0.08763487644618712
0.09004711725080075
0.07892618224894671
0.06981688475949113
0.06578161363745225
0.0660026835684581
0.05729266760777628
0.05367304688254333
0.05135514207930109
0.05835848955783577
0.0626731767671988
0.08561188333182057
0.12996161865194938
0.20273108173341559
0.28827161374387494
0.3906923660547573
0.47995377589888394
0.5070224505257156
0.46012773177406263
0.3999297935828106
0.351429865022538
0.31389339411578043
0.2752136341306721
0.25537220448071046
0.23820039127097148
0.21377765118601777
0.19187596578131358
0.17597724701504314
0.1586929631258714
0.1446993933214104
0.13233227691076593
0.12439905330252028
0.1183664504890143
0.12681738545967286
0.1187920899568438
0.11249506133940088
0.10702278993617542
0.10666893928830776
0.10351217477269987
0.09666757762164757
0.0823591758993625
0.06849039945812938
0.06737615112277795
0.06804378591966392
0.09309882429935287
0.13346766741921975
0.24298822462040354
0.3706229568820084
0.49216137954898687
0.4917947233764758
0.454071239924116
0.42136718401043216
0.4258634892926812
0.39956104707021256
0.34557082974123654
0.27507082585232306
0.21698909714964038
0.1724157726618033
0.1303556469650873
0.08934955241463725
0.09091251496036082
0.10005878458377779
0.09486446373210378
0.06231753526700688
0.051969252144085626
0.039968375696907296
0.044483667854411074
0.0712030908044052
0.1331018372217366
0.2043736508595488
0.30084773768835843
0.39110581926146876
0.42685780980317434
0.3933551263138583
0.3291521834924531
0.26573141915746207
0.22145981101476137
0.18957352985696602
0.14553388947055812
0.1070290658583429
0.08708996327405898
0.08699306323906203
0.0912034049579531
0.10064416464978254
0.09940175751890379
0.10030004900069187
0.09222714990144419
0.10104926977293802
0.11648976777144499
0.12168426741116802
0.13442852696762655
0.191833713136836
0.27943015518950043
0.33832168423649367
0.3343663919368055
0.28845903199095996
0.2382832523206563
0.20802374154746833
0.1732702470718971
0.1394870603501639
0.12445389821848443
0.11426534204278935
0.1190105391696182
0.12579278128409738
0.13148536140368994
0.12014724131800603
0.1141130790786167
0.11098253414914097
0.13805737525041695
0.1949314377521943
0.2772726198281255
0.3129292038340571
0.3011141896157257
0.2502543686459656
0.1984234815689324
0.14789829676582117
0.10929354769411974
0.10273771037291626
0.09436318382023862
0.08296416647811643
0.08381163300235446
0.1071150965891633
0.1461679773199347
0.20008659644613655
0.25535847631325626
0.27560425650639875
0.2615831193173578
0.2257572484209823
0.16990978910965776
0.11903344400072888
0.08809755905837563
0.08608139477007663
0.08569891286631874
0.08877707727152404
0.09344001594990323
0.10978572809229675
0.1135616471831435
0.11349521011480751
0.12656578676281072
0.15190228701603395
0.17586531968811864
0.19469070650185044
0.2205798627679626
0.24086419305105858
0.24616601635854135
0.21274641134907785
0.14434185697721552
0.09695966524456301
0.09679211350098607
0.12403309299311716
0.11923820992385925
0.10669328451857975
0.09501683802337539
0.08674166124043524
0.07345083234757861
0.08926945213135355
0.12034073847262661
0.14529383784404043
0.14123614860748718
0.10978007591262406
0.06965801842234341
0.06474364021940407
0.08370194868348435
0.08934878213470002
0.07971065754734596
0.0795355759972364
0.08140694470619311
0.07281961128783371
0.05914952899801766
0.06180266318151042
0.06640067000300162
0.07554616612872396
0.07678675361410192
0.08328750440717261
0.06820029477064857
0.06688127041814541
0.06382380779398701
0.06554662049722343
0.06906278463364335
0.07741712936060335
0.08801045937516962
0.09089807520724622
0.11536300634930771
0.16213775161752947
0.24361786112402167
0.3372258208098331
0.4173429024519694
0.4536132046514916
0.4045151839589539
0.31501043120588273
0.24322793381771504
0.22320782875271392
0.19669182971511362
0.15894932713213708
0.1285382780492056
0.11799062614953525
0.1089712288726231
0.09957109789391733
0.09638829959783128
0.10172985915276941
0.11350436336609929
0.1873939371591272
0.3136507972751522
0.4294467409691635
0.4485883856036519
0.3976374068954618
0.3201181654408989
0.25275525190434867
0.19626897654636402
0.14919460612410143
0.11961078012609132
0.1099456189444146
0.10697984449652467
0.0979135289627493
0.0863017839067668
0.09492891856492222
0.1043415514353352
0.13055110524565736
0.19040910698966956
0.32384134390461333
0.4206208038691184
0.4299794724673419
0.35130081185980194
0.2834100795330858
0.23214119332329436
0.17944191244387506
0.11588404690508401
0.08190040573722887
0.07979742105133651
0.08063027137109216
0.08246326171692295
0.10333164063943306
0.1307244253069379
0.18879188737333072
0.24558265759522033
0.2671142124152678
0.2421029671175713
0.2177048125236003
0.19587365330447837
0.17368861880999836
0.14982616988953995
0.12255505452371324
0.09999677922718331
0.10493692834296936
0.13165122262270934
0.16482873844809787
0.19652736141261118
0.24410739207929427
0.2971940760801603
0.3155475168517655
0.2794791943059237
0.22187008209972073
0.16376120523864274
0.12274980685910808
0.10027304279422036
0.10062897518337863
0.10656761661599617
0.12194498276501324
0.1615120536133539
0.24691856354816177
0.349268428000754
0.40755512943674993
0.41079123351589714
0.3668545017816625
0.31470986306985405
0.2497388064322375
0.21960662924542979
0.1864455995010723
0.1700926787168098
0.14696393254608953
0.14296359715311652
0.13733317098525158
0.14008582128602698
0.1522481907824921
0.2165393450642094
0.3051976621528124
0.38477152692521865
0.41005419363965884
0.4031303218873823
0.3672042455081489
0.30785863540813324
0.2383976995988626
0.17230850584016158
0.14090251441767923
0.12501542121479403
0.12285638947525065
0.1262368119621083
0.13769647791314737
0.17387873198921988
0.2872892802615856
0.4260793220126967
0.4765258374602798
0.4070321007659975
0.3155082684634868
0.2544922209388222
0.198662932618117
0.14886806568224983
0.11774950093305778
0.11456276244240907
0.11982724023561009
0.13658212282851495
0.15538701062237492
0.1780817293266606
0.21754972663497849
0.24162938679618812
0.2518072539230605
0.24871849506494703
0.2576153569357764
0.25312924885920807
0.2431930771936624
0.22250242419224264
0.19496778187616265
0.1649813192141673
0.1497262099546987
0.16039307590634666
0.18448525949987638
0.20805989311541112
0.2699901047981863
0.35243030303382405
0.40793444032896814
0.4021681378349096
0.3600322586034256
0.3107310308965722
0.2734505247779986
0.22686905094171844
0.1722441508674376
0.13588886899520897
0.12984803035265666
0.12599040476364567
0.13876926504707904
0.16819832582117017
0.2650619681548395
0.3840175981087275
0.4661020593091488
0.441629499655228
0.38085601625187415
0.3084830296718268
0.2649761327996897
0.23069436317015993
0.19892327913484803
0.16370335151087767
0.14536842746523354
0.141750408885956
0.15313253520768028
0.1722054942849241
0.23749710589955952
0.3671672529084201
0.4776683682290721
0.5019792826970173
0.4578046565620395
0.3757260562752089
0.28676148887754105
0.22749566229996548
0.19936908059774563
0.17000922740230642
0.1460992572187941
0.12335123671058006
0.10956047769530249
0.12484575917152668
0.16326836063179706
0.28680321057445113
0.42160808154484064
0.5041206712065218
0.48787823915327777
0.4683624818880777
0.43126505217413896
0.3665176157604667
0.3055943846112843
0.2500635289774316
0.2089563504597885
0.17013096689759621
0.15310675021249248
0.14499357573223556
0.15148502934178523
0.1688126650909333
0.33723326744360665
0.6010471273256074
0.82233742071436
0.8393949483259826
0.7492559832941095
0.6024345237386626
0.48607493861175777
0.3817958290736036
0.2841933277248029
0.21322078420972637
0.18971812153101641
0.17551217093411087
0.1560958034928167
0.15353384298940026
0.16368527509316652
0.17153859381675354
0.18892790622858044
0.30325187814243587
0.5235610731375828
0.7061117553376066
0.7160491186118658
0.6352327257906724
0.5498906390501952
0.42472785914448474
0.2936888739224195
0.20530023196342126
0.18381794361257886
0.15787132781659385
0.1537064687995235
0.15252602981771882
0.1446613544927265
0.18611658749219917
0.3526740186331048
0.6042359104631422
0.7805994052811513
0.7777717150949331
0.6469745127826374
0.5323631562684084
0.4277326617332329
0.3280110261311475
0.2419842402846939
0.2084144511443506
0.16567157666818572
0.13403438363314624
0.1247706971053888
0.12320503669363798
0.13427109306524312
0.16088064999491503
0.24672560155478218
0.41132718405853474
0.6301897054076282
0.7353069698203918
0.6976918887404208
0.5658540705680654
0.4722310476890276
0.37456618768956557
0.2857817260026879
0.21121282843251518
0.18732314499941732
0.1718031998752804
0.16426833740083363
0.1708423326353874
0.1653946337355185
0.22222451109026178
0.3967503641741096
0.6494308495981127
0.7800753752837798
0.7438997549783759
0.610860898422518
0.48620393192189043
0.3841186813152473
0.26808078283509496
0.19237008409602185
0.15755998260574772
0.1544028643444688
0.11789761453906424
0.11372179884725618
0.12233645579713975
0.15476647755504733
0.3120274395553213
0.5467055645114173
0.667078245599454
0.5987490861390012
0.5059492126977922
0.39713930851985024
0.27426268936990983
0.1847429880086053
0.15182730392203103
0.12821912909608144
0.12278144578857045
0.1390497310852166
0.1764901273611341
0.2841943317321108
0.5067611652891332
0.6728526640365184
0.70689003600592
0.6025961307282686
0.45287118937569365
0.28592913078308846
0.18857168598400703
0.15846764444733888
0.12719548239462708
0.09843781724840385
0.10017972925810759
0.13002319701209264
0.17928848591734892
0.2965383199620731
0.5290513078743542
0.7419192540622792
0.8148037957916141
0.7368715771447794
0.6217673330101303
0.47254594982160303
0.3191773432094449
0.2233803956167775
0.18418894117334167
0.1610425371048193
0.1247075331922846
0.12242637252705635
0.13193700447601042
0.18186546236301138
0.3833374075893448
0.6698622079936651
0.8377579664446779
0.7947561367291378
0.6957680243183814
0.5965305558292024
0.45544696804315693
0.34056261518635467
0.25267357794416323
0.22017141932964468
0.19679495839064184
0.2086709629908741
0.19849236708006887
0.1967219659378081
0.2166893417973153
0.3082934484633978
0.4761102542317386
0.5917286395983679
0.6138149611196061
0.5469263414745966
0.41641761680784484
0.2750724498616144
0.20223988711790597
0.18027507166712592
0.14411200540276897
0.12765843454500433
0.15351122190815267
0.2092225334393762
0.345393605378404
0.5302577290188355
0.6352854759134254
0.6000305489044588
0.5062060696001938
0.4031746271559535
0.2955863931166618
0.2142531617763948
0.17585860804539105
0.15730410496074937
0.17063646765540375
0.19972740450689092
0.2445510681045765
0.30267875987694287
0.4247901134935717
0.5854854986029594
0.7003513454757617
0.6834285713047297
0.5912544559005299
0.45739736026739414
0.32309265622025024
0.22716568113734092
0.19126542557815096
0.1693729688675707
0.1451873325012663
0.13033262384433317
0.133835001852979
0.31272102026352716
0.5886400423301721
0.7930673110143607
0.8029501805496883
0.7491094541140522
0.6412881444719367
0.5199686833761028
0.4042695091656448
0.3103007162751412
0.23116297306359726
0.2039938309551711
0.189529989249506
0.18258010613842246
0.1812835238628436
0.2020519814166255
0.28367835105704564
0.4614876793916292
0.6673730421291081
0.775906480780314
0.7628469604565731
0.6645961698976759
0.4831961846619659
0.2973854725841194
0.19023337114259165
0.16131659618582983
0.13395142559303178
0.12244316095758458
0.12972634987768694
0.1580902949863485
0.24124758956503878
0.4045664711447914
0.5389905840886404
0.5714515428932906
0.5238280321823093
0.4445509666764181
0.3402922915144896
0.2478824053617198
0.19378613164062078
0.15954182321381682
0.14644736505629516
0.15935336850220996
0.18723717941220477
0.2568907611772686
0.38463457049349375
0.5000496334780231
0.5275821919451613
0.4953432577501491
0.3996536497919969
0.2811554704017911
0.20158977641145365
0.18525894593313094
0.18433980816220114
0.19985842724578728
0.22974319543147073
0.25338385203510416
0.29439078393993673
0.34071552816164724
0.37294266104521273
0.39013497706589473
0.39792269982813866
0.400145503907144
0.390421286321042
0.3383763206873648
0.2605599857216072
0.2152978902291398
0.20140970117632806
0.1858045750604641
0.16928884630743887
0.17522445031146097
0.19322342067829362
0.26299324544516256
0.3594514347990698
0.45039140426558566
0.47671384225825775
0.4841393386339211
0.4659726093945215
0.4188964194070304
0.3331937139306387
0.2695704007642983
0.219914295910697
0.19131782167233488
0.18727701855847903
0.22577593196761797
0.2974372466258266
0.40839853989345254
0.500178431598582
0.5161316815710666
0.5008607818209869
0.4774059441008867
0.4463503892460218
0.36645547901402487
0.29820691655258735
0.24330530085557506
0.23275022099403914
0.24152889859404722
0.30193565422312335
0.374395165788322
0.4523086043614022
0.5130863764956217
0.5599977394583096
0.5483779433993583
0.5122696636330037
0.4474152801434357
0.3771696735532746
0.29092256154289553
0.23890810471641247
0.20516806099367388
0.1947267685133779
0.18852126584045797
0.20979390327820036
0.28242026949503213
0.40026004667111836
0.4749031167297305
0.48822319538349035
0.4266636218000495
0.31951953931276056
0.20817684788623522
0.14044233575023302
0.11856491818097667
0.11456994007042023
0.1442410375854864
0.18739219307418473
0.2844536505468058
0.3830694625180281
0.4268733609274864
0.4046921117248299
0.3583776041519772
0.2888783744244481
0.22494242117633467
0.18864390112948026
0.18257611797181567
0.20440622063755576
0.2435188324285258
0.27933640131708415
0.2899035118278012
0.294992465453319
0.27756875278714055
0.28606935374716175
0.2863006006161153
0.3018683483735642
0.31945858636151814
0.3622596803517367
0.3668621937415175
0.3336518532095079
0.2751803143996197
0.22891340226447332
0.19689729197720734
0.19214426525084216
0.19832328934504317
0.21467484308872725
0.23427633957072017
0.2880507752000902
0.3549967168114867
0.38484265926766786
0.3735041184364126
0.35231915697331384
0.31545400575705296
0.2599198314316499
0.19788997466085914
0.16707845247271771
0.16195550415211674
0.19704525075785906
0.2332245314885883
0.2668625389478042
0.30292935474589666
0.34182856651883864
0.35914004812674727
0.3375437105451152
0.2966446071288495
0.25372531347920135
0.23513554448353047
0.2275851333812714
0.23994649395210943
0.24202904955855037
0.24811384053901211
0.26226882282701025
0.2888159045868055
0.29517678657246993
0.2896492922644185
0.29676090754344325
0.30164122546895333
0.30947344080968087
0.32118713712541014
0.3491736187780314
0.4102377571232355
0.4824912645259061
0.4969676735704217
0.47094802347508813
0.4083758860556662
0.3378562693733184
0.26943546998145185
0.2477232643900551
0.23803188844520715
0.2281754036904634
0.23011680744679416
0.2313032254967433
0.25668317118017736
0.2932047683403804
0.38149609536376694
0.49136771960151004
0.5644237030577293
0.5560627037702384
0.49231585556013135
0.4264181313671297
0.34135398276544
0.27697847679939386
0.22374912885373455
0.20411403964716013
0.19461547555431433
0.21449038409068427
0.24070695545641813
0.2901020155758812
0.3934999434214721
0.5149525948866097
0.5742625137785691
0.5400255108478251
0.463573752157911
0.3622127734925685
0.27623672351158796
0.20195169493865436
0.15873117897584751
0.13324271382223984
0.15378855059408472
0.17694115685598105
0.20442946067601295
0.24858254111168065
0.3553119591794341
0.49365870205265994
0.5719176192030738
0.530654002692255
0.442351533084761
0.37244615089671407
0.3230714306086607
0.2699412707947956
0.23607559806536743
0.21197595893758403
0.1874348471973636
0.16706149776594487
0.15411706161100014
0.15425438878383835
0.1621277156423779
0.20798668591635305
0.32815857176358965
0.4710488093901537
0.5627079633686859
0.5471788900463324
0.48121827040289983
0.389771850440493
0.31279414783766113
0.24842937159645484
0.2090620225392055
0.18935366617258131
0.170256661889001
0.1616961737278088
0.1560824448743517
0.15619970377813353
0.15586903412084024
0.2483356921955198
0.4134414399412343
0.5419403123640247
0.5580859824880768
0.5064659753657669
0.4652721300283724
0.42499882059912986
0.36891165390566844
0.2775021282373908
0.19820399038873976
0.14382658106377888
0.10649857422832446
0.08460597858007651
0.07425708118913678
0.07366083405257678
0.07159962568404812
0.08025205748547892
0.14766518252505403
0.27943484221327486
0.4187260961442166
0.4561147375634077
0.4322119343068372
0.41858955287458943
0.4156982237444646
0.3433422154034533
0.2440066340754459
0.18948410122598383
0.17899662038585745
0.17044418871136333
0.16103085499548547
0.1536663278575776
0.15855599828158756
0.15890283313541814
0.18035209933174348
0.2100251946330789
0.33673254209080666
0.4825019696202772
0.5649596853071146
0.5388221477806611
0.501431885962874
0.4117388962468531
0.2804482675587457
0.17530393194280594
0.13820318518538005
0.1117620551486326
0.08695718872055173
0.074951247711516
0.07849325392963992
0.10427541293461451
0.16905331638916515
0.2965794655158882
0.3655920964817008
0.34424558448956744
0.27520628074081016
0.21831384961637776
0.1539029139738527
0.09828542155777759
0.07422602764618758
0.058990897294230675
0.04473010179668739
0.034844362048618634
0.04619127071284224
0.0712023577012968
0.14051630909438867
0.21249091680397453
0.25603719292724525
0.21465546706358968
0.1584943880887359
0.11008710661780995
0.08935476680256481
0.06283424472188208
0.04201101607220531
0.044413070113270545
0.06077424138092476
0.0894113405520322
0.14966112791286484
0.2029601991017421
0.2284850796816893
0.17082735664791918
0.0878878026856741
0.02218808394066579
0.016581015608356578
0.013819495780687776
0.011943331897926669
0.034693383225907884
0.08267040754125163
0.1357865639919307
0.13313743601403938
0.0945352893329744
0.06932249085668472
0.07880322997495884
0.09122281417135199
0.08683083186718989
0.07018926833730796
0.06744107100143454
0.08215603133366284
0.10451917281596794
0.12544226491584204
0.13446329910336896
0.12404428715858752
0.12027151078358983
0.12120411020595537
0.10266208342545699
0.07025391925725677
0.04263014832411823
0.03352196760192798
0.04584567863842034
0.06171747768855453
0.07969615286445644
0.1108934365213299
0.1572840526193222
0.17888036973387128
0.19919537801679413
0.1918952709220696
0.175304999576423
0.13898847481764148
0.11870721356072
0.10571811271447491
0.10079596081366662
0.0890880949634677
0.06347308777028648
0.02837047962092814
0.002942449979041365
0.037178207287606096
0.11675986380830046
0.2324464301374125
0.20919385658922338
0.1196671512897854
0.02834579189900165
0.04326062129404157
0.04105201804051559
0.043113279633653905
0.04964136497146221
0.06499158583838803
0.1039295269289597
0.14984577110977415
0.16292335761510932
0.1348874982366506
0.120962014956902
0.12608153186548215
0.12688669436219102
0.10898479910258238
0.08467863981413516
0.07263431204069953
0.08962569701633044
0.10227810537058225
0.10439801219147442
0.08620759878545595
0.06994772836075229
0.049706572139543694
0.044235748999071005
0.04139610495905445
0.039601204008423124
0.049426486863098695
0.08429996236608825
0.12863639398065502
0.16721162941107548
0.177787450458613
0.1595638574603491
0.12425010026167724
0.09427567884855373
0.09092673943300436
0.08841559725382508
0.10662690273368489
0.13332322903388
0.15145535095977805
0.1457156648670359
0.13236509670392993
0.11913016802189366
0.10744842858915707
0.11650481367929763
0.14132508261900928
0.1457098190386666
0.15043422697386583
0.1556031279023471
0.16476079836047947
0.13943418994409756
0.09469387056989458
0.04336563313407618
0.013262828209915312
0.001957192036240361
0.005718276285117032
0.023636470648917243
0.04833604852012088
0.06490716696440892
0.096847583933489
0.1465546179008333
0.19047511132290668
0.20738574483869837
0.21347759217415882
0.21718737286207812
0.2212240821453662
0.22930896100903334
0.24191623367598342
0.24440691900514283
0.22879965407495773
0.19095910438408215
0.16195131885150985
0.14867130296946057
0.14962433250388757
0.15916747868824288
0.17995827061179215
0.213417856186507
0.23938182044732487
0.27811556400644244
0.3296910170586209
0.3559227123428761
0.3308489781773213
0.2823430320591769
0.2569132299908567
0.2403419483848564
0.2237625537748657
0.193375745438027
0.16929197737182203
0.15595761991848262
0.1473192150835072
0.13959776702133064
0.13021319769123335
0.12488212240822558
0.11539724682224653
0.11765662610504896
0.12114116059105814
0.14484081882324187
0.19694086577143033
0.29927598013526846
0.41711399812589345
0.5162530837755582
0.5834620769544738
0.6345090198133625
0.6796672928638938
0.7164331339313033
0.7468452374497302
0.7671612063627985
0.7823962186571765
0.7859093184560221
0.7841032391085827
0.7872843556510004
0.7940525815223751
0.8012946548925297
0.796139106426049
0.787412881131303
0.7863491552998756
0.8022610261595977
0.814626703904094
0.8195107082102518
0.818482418418861
0.815244241022197
0.812254777033913
0.8341445349970937
0.8446725435826686
0.8417459584960927
0.8156507640194034
0.7871900675615124
0.7291148455431207
0.6761814621088876
0.6404092700216679
0.6171809546423178
0.5774742012547212
0.5158120125149961
0.45173857700625286
0.4023151694050279
0.3639632490926772
0.31528075437026437
0.2690319328177371
0.24061062738219693
0.23384192032248496
0.22785213737488058
0.225507130282879
0.2302318945696044
0.23610627504207526
0.24079981580796436
0.2511822733644564
0.2705793077786325
0.2901618821954156
0.3146114802104276
0.3433535981016924
0.363675641973975
0.36931918368370475
0.37295385279915505
0.38988394881980626
0.4155168934305515
0.4577540348629485
0.5180069807684909
0.5862604955445452
0.6549398177716685
0.7169453557073188
0.7608622081146148
0.7848516616389533
0.7997845155237275
0.8222715341582236
0.8300010306028527
0.8458811038701233
0.8410992199330246
0.8431296408120513
0.8575862328658233
0.8782867336003908
0.8900357052904248
0.8861966122425254
0.894839673647803
0.8907012307532289
0.8909846300894507
0.8868858193018284
0.8773153748973512
0.8676009338176043
0.8597389993359964
0.8347856653569848
0.8062518467553006
0.7752775129807495
0.7490672831397389
0.7005309171763503
0.6709720541983308
0.625163276184918
0.5815425465639867
0.5406105624680341
0.5225714521444252
0.5050745143314717
0.48458461304505285
0.45392006141762603
0.41554884192770664
0.38858408454022786
0.37359406343306256
0.36486362842269426
0.3615037942819681
0.36007555196210905
0.3439927258675483
0.324098474947865
0.3113089334019454
0.31391479110620496
0.30600112672891744
0.2998489384922435
0.30403218205678906
0.3227336099290363
0.3463671956611088
0.3746995529347521
0.42298664626228555
0.48791916962928794
0.5517239819996889
0.6092172331871037
0.6609428151317273
0.7017464954935966
0.7290288451519996
0.7586420482763344
0.795165234147972
0.8277581967574313
0.8510775926414571
0.8608564915158684
0.8723067207327777
0.8776138351084968
0.8769802288634687
0.8798758129493125
0.8850439737465586
0.8949554466596826
0.9033901407556524
0.9216736802213839
0.9266441543088753
0.9284852498156722
0.924421383242606
0.9256577548540934
0.9263220503852936
0.9268227617308716
0.9266560169754386
0.9341734803083059
0.9340837784573681
0.9303724956662098
0.905201668399432
0.8814162291908352
0.8597036535425713
0.8564841402213892
0.8416368474712714
0.8081845343810561
0.751345377399971
0.6897923457833821
0.6410434350674983
0.6173885333686665
0.5996527162629972
0.5816937520908818
0.5651825529239766
0.5551181589333415
0.5423101585163312
0.5192797661062516
0.49443979936005455
0.4727328797097963
0.4632863421953167
0.46050154882970395
0.4699587447998149
0.48080670392685865
0.4983973465392129
0.5234058770599388
0.5539664834438427
0.5851282090902852
0.6213604996080568
0.6651810767707111
0.7065965584042272
0.7335159993338507
0.7512925358720932
0.7769942123341
0.8154946155645306
0.8529190229559819
0.8770605260053239
0.8947475957142831
0.9058876064220682
0.9146183953815652
0.9134269214357671
0.9187605067458797
0.9243924197165998
0.9409141137055168
0.9409445963671841
0.9458904117970177
0.9442779170051001
0.9433372368865707
0.9264557656236804
0.9187507294424475
0.9266232417512504
0.9462118385120583
0.9597314934736898
0.9578695805167717
0.9451102295044471
0.9327680400546728
0.9228261827134602
0.9123312611500601
0.8886798618821045
0.8516298608797201
0.8122150417049663
0.7837456348729218
0.7535979594223803
0.7241133158694091
0.6963344495970114
0.6722967582404493
0.6322224765709002
