0.7453671928620461
0.6924564796905232
0.6241134751773055
0.5662847790507372
0.5845464725643903
0.5662847790507367
0.5845464725643907
0.6037952846463485
0.7744680851063838
0.7180851063829796
0.7453671928620461
0.9548936170212767
0.5167173252279647
0.3019250253292806
0.7453671928620477
1.0
0.10767807585568906
0.6683354192740937
0.25896656534954443
0.34714445688689877
0.7744680851063838
0.7453671928620477
0.7180851063829768
0.805575935436536
0.8389057750759921
0.8389057750759848
0.8389057750759921
0.805575935436536
0.27627818355033346
0.10767807585568952
0.7744680851063838
0.4136170212765946
0.0
0.4246634824142428
0.3019250253292806
0.3829787234042559
