-0.44451891712293956
2.8892284828856343
1.2261213207778208
-1.304648923298278
-0.697257776690302
0.9398128994576448
2.093460895301372
2.160052993417683
1.3491738660327244
-0.02328998133700189
-0.388705853318691
0.18936169658182295
0.45182630615825736
0.2802525462189132
0.1832335202086133
0.1983514364094769
0.21912844801466386
0.15795640619176768
0.8657395825483885
0.9156058807302094
0.386417572942508
0.06712909631742016
-0.018229333973246446
0.13227242440440548
-0.37569317073703656
-0.3694046025598036
-0.8234392617754279
-0.4571022306605034
-0.3202182136594251
0.1681641624011371
-0.001993699371672382
0.3432665594863333
-0.0488628353484279
-0.4322628022942874
-0.6058615984835513
-0.014053441556891545
0.4982253724291442
1.0154716628952223
2.1203087444683737
4.218063253135971
5.2106111588075725
4.970610698535674
2.5902470466716134
1.1314404189289782
0.5478019025829478
0.7896433240357387
1.5116550845252805
2.4968747811722802
2.957077166465582
1.354722611943651
0.06272767442379681
-1.1563636213292703
-1.597026439487525
-0.8823723065027664
0.027930310914308
0.5480738143695583
0.28690847483973014
0.43463537308510536
0.28479661007840296
0.26566114477415287
0.7260152464671616
1.3022681332060528
1.0636785632233574
0.7415468479090963
0.13229177200997014
0.18312751458335283
-1.9081243239380077
-2.736823832168652
-2.133873367926177
-2.3548067942876467
-6.007282464729899
-8.37746531622248
-6.398972094180089
-3.8411445986697683
-1.3320595706535445
-1.4476094923032155
-0.809546137351448
-1.407780995999571
0.045734098706072694
-0.5954553684857642
0.33425598447411725
-0.4694480526813316
-0.3304782428617587
-0.1899229293522168
0.42078845110769714
0.07130968518099826
-0.33139167773037803
-0.8067570598009537
-0.42645230512267357
-0.44573196233954426
1.2482477253845012
10.96879278080337
14.847339614458269
10.348305188267746
3.0403486582901476
3.6680335179257635
0.1730776488755576
-3.4168247657865023
-3.576299211755643
-1.8060143689828976
-1.8138336337390657
-2.67069476951646
-3.638975693591331
-5.367812610470214
-6.494694943470496
-6.318745848928362
-3.2100033076125163
-1.9604529427222581
-0.66340269667939
-0.8041786308040546
0.4332383991086213
-0.11409536254944909
-0.2917218712215824
-0.7226380752143179
-0.5042073342533764
-0.0012156916195540978
0.02455887515664482
-0.14894852563703342
-0.15089879749230148
-0.10281775022606418
0.02209047046067483
-0.1843155553751703
0.8823535059979949
-0.7228238943070928
1.906155436728092
14.723843844177559
18.45634617979444
11.699264973143931
2.6060520768672872
3.0266771676174438
-0.7782776381774246
-2.1848903093598224
-1.071676780764203
-0.3177521397417815
-0.9648949416817122
-2.6267500276238946
-2.219932316551191
-1.1352480915351375
-0.4861060751523966
-3.301271622819291
-5.371884408415376
-6.872659596102177
-8.133147231901477
-6.2865478640837456
-3.9372638414734276
-0.9117250686523387
-0.7851844729361113
0.4896958530752205
-1.013358396855312
-1.0215316182474279
-0.5121302310715946
0.2647557544685909
0.09963883115391972
-0.4099458042731883
-0.5367697479066319
0.040527725986890396
-0.09830876696747766
-0.4929353339212157
-0.2658406477439569
0.07502026314145759
0.7029816316665295
1.7780322023442208
6.896032398619085
12.28560078258954
12.61480247620971
4.938819136749004
-1.3664389140769044
-3.267243270126927
-1.6983555113500974
-1.8635237989352538
-1.8139823928927143
-3.724363357342464
-4.032244890886073
-4.960365178377861
-4.15940658595219
-3.9159683441497233
-2.3512026019715453
-1.3968898540134993
-0.6247053883305148
-1.0061309372806924
-1.6377032535122695
-1.271102446459311
-0.6552608999579197
-0.2142134928341576
-0.39282806968308714
-0.23982036344942478
-0.48582563172816096
-0.5025408360030305
-0.34868898253887365
0.009590142914962275
0.10116830406627728
-0.11338739056183196
0.02312316970215425
0.157752150540105
0.24952523047155123
0.04278144367392671
0.57652662534885
0.3440553451182733
0.34687738521251965
0.2989687888470851
2.7706453110102514
12.833970755110611
18.651700602159274
13.020503109759138
1.4820127564067795
-1.678605164904311
-1.0904800310381828
-0.8985397909145708
-0.488921277176721
-0.5563970976700603
-1.8301874435758523
-2.802562948542696
-2.4869848117890263
-0.6108489101508963
-0.9769356128981322
-2.927052330709853
-5.639616519781199
-5.556260235689924
-5.433417614978552
-3.877381557109854
-3.832581822150692
-2.005323500979907
-1.0218324003657318
0.2143675174421796
-0.24883218286816255
-0.20087395400974334
-0.40965989452373763
-1.0919812053128728
-1.125624654237612
-1.0727170548619729
-0.34522895852795343
-0.4196697772349293
-0.12998843661575102
-0.336942059469041
-0.017925255091018395
-0.025868914237152887
0.002917741222374381
-0.48269292375694833
0.17821012060904232
6.700204696903047
16.80736043607066
17.73950630643975
7.294421130771524
-1.8973361016547852
-2.1644472224203324
-0.4549742125652239
-0.702237854323125
-0.7540328327440298
-1.4037813260623193
-4.435894222676886
-7.522929840555377
-8.124017320138556
-4.735027002078475
-2.368844764267302
-1.1101211992217237
-1.70507631794299
-0.98247660237628
-1.347698716727646
-0.9728271800647671
-1.2127969306477102
-1.0327527282350462
-1.623990716053472
-1.2618852333583386
-0.852038795561967
-0.6247161868766088
-0.4484191093500705
-0.40942040102223887
0.09835978490027354
-0.0005608092031603193
0.025801860744954032
-0.2634316467505422
0.14269377735061284
0.07404661042504838
0.22198747002999392
0.06408182086523295
-0.3800148807633743
0.009367129551283248
-0.04337779636327714
6.533354758859029
17.2476257464902
19.10454500772116
6.653212002003456
-2.8041212367483546
-1.8418672254616861
0.7665007289934406
0.7831807799470553
0.14827808131348705
1.1319434177079475
-0.28871595532234384
-3.2284987232829536
-4.846977471629714
-4.1190874405706515
-5.743014046039319
-9.433662897389114
-8.602340294673489
-4.815530909814792
-1.6740770344804294
-1.0028652580322248
-0.07728752213973206
-0.12417799300254206
-0.362977845850981
-0.838818920853783
-0.4471193148380819
-0.5646231033003316
-0.24363148231039747
-0.21870800579290745
-0.30421883875466804
-0.3200388782328123
-0.17391481833155842
-0.09174380700960304
0.11921391647473871
0.12131664797879708
-1.3672949772056315
0.3420807725045592
10.405922012364346
18.274597361236818
13.439930128165834
4.586187897208143
1.07402203221641
0.5176014878936438
-1.5722204335576195
-1.664300748594895
-0.9064326046337655
-1.3147607364691452
-1.6999132095469476
-2.3007959845380634
-4.439648500203484
-5.504149277378412
-9.169095711482369
-9.20515382287733
-6.290914125423376
-0.7472179491298307
0.6207719433863251
0.621211045177123
0.8171040144003823
-0.8937021939640781
-0.3879645105556063
-0.26248798736887885
-0.21267188161035197
-0.3612694748791458
0.07853438140705965
-0.042248177075424206
-0.7158033152426444
-1.0713090311318358
0.25556863844329597
5.067714467807087
15.753696645424254
18.26718908748179
10.7224764635136
1.4870410239100438
0.6597686149423755
0.8278031416422859
0.09198746200300956
-0.05324221505609313
0.19707501557326548
0.22636661000398375
0.219550047486455
-0.09440325029597163
-0.4457940899557305
-3.9384140117386055
-6.707832696289546
-8.965958931900396
-7.269547258384041
-5.674104441052887
-4.13120644921453
-5.041254514153168
-4.470121293156617
-2.785301069021473
-0.852526894710914
-0.8852749571171751
-0.3753925676757949
-0.8507038151542564
-0.05259974897918925
-0.9289327431230898
-0.19197975401268122
-0.36757984117057907
0.05766515539564164
-0.24810643781235742
-0.021885254196729396
-1.1968140002384786
0.6531938347380781
2.8278589814790713
6.234802729172225
10.176716882891967
13.638553982545796
10.11777470338431
2.6802474517198354
-1.9646333324979628
-3.8334428335543373
-4.511309704650877
-3.009718912866763
-0.5044722782351858
-4.219930839173404
-8.876260140413633
-8.660488966946499
-2.3896615355142568
-1.1934969195380036
-1.3654927251841062
-1.2959643549478652
0.13136192380579606
-0.26291044559571636
-0.44303812172994217
-0.25159882194771643
-0.05215993095869916
-0.5990267261016429
-0.8047215782032705
-0.7021235982340892
-0.008867795251880115
0.08392613519183025
-0.17683520599952382
-0.4933318672966384
-0.40600909911964944
0.5418898421537773
-0.924556062464916
3.5979640041651084
12.624723702384452
18.612678603288856
10.487840145939865
3.37937158382798
-0.1619698765112393
-1.0123813332156164
-2.3251654268994377
-1.726008649942265
-2.207780810573842
-5.192659487602894
-4.020102176711343
-4.0538017810886
-3.8568358362982162
-7.8234595232042405
-5.376870802634554
-4.275486323266908
-1.6523841850671415
-1.5787596357141682
0.5935828038121487
-0.26016404190175296
-0.5875235298170588
-0.41990427462145635
0.6475478609314773
0.08892078965965365
-0.5712260789900678
-0.9418002886186039
-0.2927657715531433
-0.11571608766753796
0.07421648287505077
-1.0964476888846086
1.443802358141172
12.891528834016645
19.92987054717289
11.666184644815512
0.31127950924365044
-3.313964862474098
-2.5781301421578555
-4.190444334235772
-4.005722330682721
-4.803616149783342
-6.539824462090368
-7.294708438368062
-6.303781129638613
-3.2028904378853245
-0.6944316067556147
0.24086681587639133
0.3173122448187571
-0.808210480281701
-0.4133339243691284
-0.5105385146956216
0.5593823878285035
0.2644060782352113
-0.037194090893972874
-0.1981586256328878
-0.4317249218899071
-1.5369738955844785
4.731272997623029
12.375232873985816
15.975810057076217
7.402429053651984
-1.1191543935651267
-6.980636814990748
-5.844985771787835
-4.204526395547469
-2.526065539983503
-4.7169751605650765
-4.970317587942626
-3.4850939957542226
-0.8493726204631273
-0.7581346683560295
-0.4683870861653694
-0.2802221812725301
-1.2286318193494843
-0.9250527375035882
-0.8576497848202256
-0.10166514118173647
-0.07500059738579883
-0.13924351473787858
-0.09447631925878526
3.985013390733446
9.250646769535868
8.478178520449614
2.906439938861126
-2.401873630698709
-4.716457239946121
-4.658884381611788
-4.0380778912858055
-3.8865318669625384
-3.0805607757187152
-0.8871962004874682
0.27918310672059776
0.07735876778942612
-0.21020038858084095
-0.2962849117805491
-0.5255280281676594
-0.15509740228850233
-0.2139744212737412
1.078998833928758
4.650896861730607
6.25597857048469
6.252137869742429
1.3476639895149323
-1.0602300664495918
-3.9060668768563342
-4.309619464356182
-4.088822150021538
-3.99939548648624
-2.2031711585674976
-1.4823451767743245
0.2643968722777633
-0.6371484737607137
0.07847004273824952
-0.3886008470352544
0.19950958415754982
-0.1332099100433685
0.6348940586819303
0.5808332799066664
0.6280806165582369
-1.1408550365929808
-1.0603609117435664
-0.3391377594109364
0.3211766592242136
1.8274441731762388
5.180868664013402
5.527242931939574
2.1783385158075825
-1.2597375177066312
-1.9873314111761096
-1.3426060321638176
-1.2838066254640592
-1.2049900106741358
-1.1832840575459487
-0.6399581701033661
-0.27661054256078194
0.9636979096497709
-0.7860800055764985
-1.9028898464348512
-2.776073454261203
-0.6703822065485207
-0.7819339937079595
0.30326318347213116
0.1946099325051812
0.5784162709012457
0.11672451913206819
0.2915787115678139
-0.0981355441092267
0.03728882792516642
-0.11120294041014724
0.14473444827682636
-0.6672561001112094
-0.5465578493673656
-0.2421162673223211
0.013264195860352357
-0.5226009576408837
-0.21717724351396603
-0.13907428819454226
0.42020084871205976
0.2588812325617966
1.3763223938772378
2.66098411920788
4.366167784887755
5.1324319206278535
6.145245138652637
5.355684590647901
1.6241204776098186
-2.8136831250993377
-3.6118762914749416
-2.909995713616523
-2.2521882544053407
-2.320785599106383
-1.1904857789977674
-1.0303087925842878
-1.4653644050973058
-1.314101124282186
-0.9539231259762807
-1.0370570333502533
-0.8396141882677066
-0.7420269846386316
-0.4759934164947661
-0.361956168810341
0.5070560982395425
-0.48151773016971955
-0.37782171704659706
-0.3283362841935109
-0.02123103887205885
-0.1894058709364837
-0.4106758290631178
-0.8585041033371534
-0.8321265864739458
-0.06685490012108933
0.04005808781315646
1.5033023027814223
2.4221305871918926
6.5712334320714
7.658083935695911
7.292305360019122
-0.02199937035066381
-2.2634090071417146
-1.962243354820934
0.2697783169349287
-1.5781465333482079
-3.2394130397384
-4.230000233335049
-3.484903722160788
-2.6743994692703765
-2.5236075418028343
-2.4603656730271433
0.09377775274340922
0.5487761774050494
-0.3116592511004252
-1.9528157079059247
-0.6208969873752445
-0.7200525868307407
0.2709175294502132
1.6031653769995682
3.7139247850400947
4.27630881826852
5.7884452097289065
5.41548489438635
2.1451194325024567
-2.0101610093588604
-3.8521765692845316
-3.805245860099274
-2.656296488562193
-1.9131768694676257
-2.642378423184624
-2.310289416732798
-1.1963461550571037
-0.0058140020998165174
0.2526205031334513
0.5664455815097991
-0.07454442785272149
0.0538974889072877
-0.48437394595483635
0.5293271922896596
0.9264298799103721
0.3116699783833995
0.7646555733874744
3.444311170152763
5.255786523159604
3.533491742819795
-0.23731753798127794
-2.7544415967508895
-3.0105467802180694
-1.8155706463911883
-2.085209668534393
-2.026991203303891
-0.901989727900819
-0.6113133705416747
0.2847118276097478
0.40693452686872994
0.34155480717557307
-0.6802872051410008
-0.36204973436338
-0.18783269576853454
1.6244904660766508
3.412443750106471
4.940470924556154
2.1393950403557884
-0.7089008530998466
-3.0515892581857798
-3.1098532246218378
-3.0315110881868472
-2.3162849443019704
-0.3933502392722309
-0.5024715931606338
-0.6839410405273703
0.050847991454279456
1.3982078152086095
2.3431728438461676
3.235117147572295
3.3163127920270172
1.2147468115886186
-0.8412682313424161
-2.149552253782422
-3.350847558679663
-3.052580706535581
-1.8561530965413005
-0.12096985729793377
-0.02294891422547482
0.18468986431230847
0.27977632070276737
0.9807427285435628
0.22655514545081784
-0.003986224100159331
0.784234598880237
1.5201900151933183
1.4377819603251631
1.129523208823852
1.5533493759666521
1.217059816985828
0.31810939844895053
-2.0051763005679244
-4.104273262311535
-2.842931503959312
-0.010053104614615782
1.634458769527958
-0.28769298415545996
-0.752695524316813
-0.7005867897122265
-0.49651060697643734
-0.797449733571358
0.9491171870265503
1.8642771804762905
1.497185962284755
-0.243461354193209
-1.8873643616916929
-2.407323449416976
-0.2948626921763459
1.1374985078448816
0.3388100070729231
-0.578287475241276
-0.010504893006573235
0.11228212253740905
-0.5152400051015387
-0.8202049373890093
0.15918805100955752
0.27588040928948787
0.548729767543313
0.07443524912267398
0.39004504758426367
-0.9052325781913977
-0.07914146115019371
-0.183447757449495
0.10336876219419093
0.21096984818518466
0.5012606836176289
0.6355998008739442
0.17325694992460575
1.4678958685236168
2.8064847160934647
4.888806570389289
5.616477581149005
4.80702489852794
2.176218131971221
-2.945881241552427
-5.370285165184004
-4.306949843290306
-1.2012063039000078
-1.5909599422561083
-2.2645501549784797
-1.8246629449759932
-0.6328591139801891
-0.5411638366147594
-0.5640078587223185
-0.19096789776517356
0.32049357329627204
0.7064702527998326
4.4333744275814535
7.575411606961125
6.947756621641073
1.1484986780692448
-3.0570587224915795
-4.651154487273543
-4.041774812193243
-3.3891765214789102
-2.824462225335916
-1.7750295598805186
-0.5799096709006362
-0.17794646687338658
-0.5439789320265536
-0.6967047033589155
0.5176280794893551
0.5647579722247508
1.5725732286192509
3.5914801046409366
8.005934214896229
5.806767597870633
0.5615201158933845
-4.7207196364526665
-4.073443939602767
-3.07613317258766
-3.161956852765001
-3.8134719323276793
-2.0390184700712073
-0.1261790811535487
0.04997101918533643
0.10997942074985348
1.2521027353505447
1.6435670800502082
3.4840477239837675
3.407446213313207
1.2918932892029207
-1.500674717861715
-1.4638892756383426
-1.3098695531472508
-1.331102069668876
-1.4317469352274335
-1.636266921949696
-1.3534965177917284
0.29640894694718
1.6028576567843191
1.9906509495234248
1.9019173778707041
2.8548018400008437
3.1852010400521427
1.1012064462962585
-2.164099352750631
-3.4565467323720074
-3.486532611664878
-2.460683902771957
-1.3486058438933397
0.021355943349494803
0.3563184859570731
0.922641968940978
2.3740242509005753
5.124390596088217
6.1409918671558845
3.49720208615958
0.19416624474882271
-2.636203904054227
-3.1286783227083523
-3.898263398257214
-1.8079306312083732
-1.9896617846615614
-0.9811752470557017
-1.3877247702432955
-0.2400201235783686
-0.3378255700719155
0.16515901804651578
0.729742169787949
3.8574692569028466
5.319499025316483
4.7744318863441375
1.5169600028663355
-0.4154323051366163
-2.1555645827538967
-3.5607366060011416
-4.1676561485560315
-3.965351625522286
-1.8843594853488472
-0.9532255921731662
-0.12954190437259616
0.2028253492114694
0.6875799570623111
2.1709352445644736
6.804632896341606
8.32740250506714
3.0267909268548356
-4.169624201656732
-5.491429938150954
-3.6609628514796944
-3.3497572992425018
-2.9876920161518807
-1.8671138849516296
-0.19120430943891312
0.31586866759207927
1.0052929555742418
1.1282932676316624
1.3616831222570736
2.3680798384992072
1.444779609672506
0.6106720276123793
-0.18532553148680042
0.5338117122497367
-0.2691664845941164
-0.5961702999327104
-1.241439180085256
-1.6520785389647175
-1.7991877597198227
-0.9153065555680706
0.6400119570989136
1.445531015611711
1.4144780169321651
3.715812700966326
4.946411894138547
3.3302482377084797
-0.3459781496435307
-2.5281527538889166
-2.958073662411054
-2.2368303671145457
-2.794888430176669
-3.2774940044570364
-2.18131691233361
-0.3624503185531592
-0.23145753534064742
0.7667316170060454
1.76574364644538
5.811818540020491
7.137337797232924
4.925067672025557
-1.4683535792351723
-3.6464090042014394
-4.342379194802627
-2.610413812328096
-2.056906177771902
-1.906265042118619
-2.1131956574383417
-1.1000954427385932
-0.21708111475666494
0.6829275793034227
1.1443775446346944
3.917496696877931
7.780208820532078
6.630066919238789
1.4586548680767948
-2.650477568098536
-4.924716017210117
-5.337874043859805
-3.555949594654357
-1.687594902133287
-1.761591191726265
-1.4345982110108206
-1.364881230492775
-0.8274455409167013
0.9171168885734062
2.305356087616354
7.4120909965588755
8.08829225822383
4.950755379700625
-0.9745459231946983
-1.1709454359119449
-2.2258457828364517
-3.884846184820142
-3.655393868950763
-3.3318513380313504
-2.4664307110584645
-2.3295230137316696
-1.021453001106173
-0.48679046881544275
0.38948721657296076
1.0396581449489426
10.1052361411599
15.828831592920944
13.277417603324496
1.0234516566974143
-5.408337901912119
-8.809287573327314
-6.981575107613941
-6.256746572288939
-5.856150080928376
-4.258352610904379
-1.4101597607226777
-0.8523570358142905
-1.1649820464777156
-0.15371763020497933
0.6090859262260103
0.4711991234151979
1.043358744709673
6.859438314830984
13.218551699709568
10.953040932000883
0.5962417964555861
-4.8489835692713665
-5.120525204428921
-7.509766794341453
-7.862339113324362
-5.303318517540196
-1.288937301050617
-1.556796947758857
-0.24989154102423616
-0.0708263389082843
-0.4718805194995664
2.487313979967972
9.993445868454907
15.093713509803099
10.581809689081151
-0.16966141117306555
-7.847832138738191
-6.8766813908541335
-6.277829672109547
-5.983298136125462
-5.1616071507875105
-2.014187348420713
-2.5645724685694913
-1.8982315821024767
-0.5558211916654782
-0.09393962470505397
0.6639633822962047
1.5965734157804048
5.150697093592322
9.876094950225715
13.131751280943554
6.307035864766174
-2.25690486479839
-7.910269090340088
-5.617381372742583
-5.859891599968057
-5.327067701212962
-4.474133854209665
-1.4333810059859529
-0.9311967074482688
-0.4520917484668315
0.3944397140731642
-0.32686193399215274
3.4097926412847914
10.471551185031464
15.160829125437818
7.838671541140471
-2.1705372183243568
-7.9823313933502265
-7.47941799003808
-6.125115036398936
-6.962273908809536
-4.542641924343676
-2.088606089416567
-0.18942709567674654
-2.1903149883243977
-0.2505489415084441
0.5168794169930437
1.945801305474565
9.435657720016975
14.080687497363558
7.222360865282611
-4.099749567627395
-5.567992406471669
-6.528594250676892
-7.372597148996844
-5.371182081678577
-1.9749410451941478
-1.4164904895570563
-0.3262609984506778
0.9760971177988242
2.246423776554699
6.462252262258969
13.354010013422103
9.965489924843682
2.0422423181637765
-6.257634316659444
-8.983496481155006
-10.016523515554745
-5.841446687945218
-1.8062424922001918
-1.8763297231628147
-1.7254599087731242
0.1045147205822301
1.790608065239205
2.9559173343155445
7.034990042682351
13.950779274737659
12.772076771276229
4.373072503760342
-4.675933118809354
-6.906254648079335
-8.953282991312147
-9.202116396728048
-5.747816855560371
-2.3514872666062834
-1.3887842441114209
-2.1801002347517415
-0.13686963991370288
0.5706379169372768
2.9957074732202273
12.088316713578116
17.191488024260195
10.07374550706134
-2.5801097829325537
-5.939286744644458
-5.954248109351074
-8.465015267163212
-6.893061171407059
-5.2733422345317855
-1.9501295168712238
-1.40258765634025
0.7125602760138235
-0.610715754648348
-0.10622406853565185
1.1980425515705
5.49624639996409
10.06900834610102
6.937103121998151
1.3251792912743696
-4.013317178699941
-7.830523480005552
-8.480710016774308
-4.369953764621822
-1.3178889270468779
-2.1697839758615403
-0.9872142514659343
1.5511672417886575
3.3426786918736013
8.170264316342134
11.09184741842652
6.301664813674411
-2.115295620538116
-5.629468758256224
-6.181886546654768
-6.455294042356492
-4.879993880416297
-2.3036732238603563
-1.1132701850783269
0.7999417616793081
1.7454562110893295
2.689419815861288
3.4876615063414373
7.326681216998146
9.64172310656381
6.891950812368531
-1.0153664502617643
-5.530446924252298
-8.031425737988604
-8.058282242829092
-5.7556185049736595
-2.1540153335515204
-1.3135474026348906
-1.4511381819780362
-0.8912825194160391
0.210142680518762
10.7331611046335
16.555141323996107
12.265636121052014
0.5929721721196883
-3.2304435861383487
-6.469278578525915
-7.279167665750449
-6.941950452627875
-5.638127573430536
-4.748264592691895
-1.6301485265056626
-0.8678305023399545
-0.4169929866649478
-0.07779493653473578
1.246107453226985
4.897582178425487
10.668559700073347
12.353121764249435
6.512006319072724
-0.7835712194244994
-5.895047433532909
-10.883999114143219
-11.148642724671424
-6.4291260864920305
-1.7350064974054378
-1.6419102355679767
-0.6904958781268712
0.4369913352060736
1.70183670651979
4.9894376747217
9.799132894785714
8.065446776629681
1.9476575282791206
-2.8574106426590378
-4.756623930353745
-6.2555205097147315
-5.544593169166503
-3.2457764232661255
-2.054658505608354
-0.7856674894511771
0.7743602067549322
1.6730286545997837
4.179214905903177
7.664628558973944
6.924903779072155
1.651953508028386
-1.934336051700431
-5.741376477489457
-7.109890763412752
-4.77394163942052
-0.9798498286992091
-0.05514826625579153
0.9311171450152219
1.7930860911411088
1.4184393962177841
2.4604159142900937
2.779484653302789
1.9336279730136272
1.0315389612409784
0.46726336573466243
0.13336824474032707
-0.5834530551660275
-3.122697938020811
-4.668980097945719
-2.7157257295481987
-0.8332913431685748
-0.9363075669518904
-0.9909437251815703
0.3561362402413462
1.0799382220097902
4.186189486012374
5.787491361234765
5.4563981679900975
1.579346279560415
0.4455297825398272
-1.0900037543640382
-2.8245713992490264
-5.142162328583794
-3.817398789980641
-2.979366291216246
-1.715788454301459
-0.24244818683136485
2.3099348045484676
4.299678879492762
6.657677596056516
5.5067935023080805
0.9571949983491301
-0.916253985004637
-1.4072902632060924
-1.8633332912920024
-4.793694613920087
-4.09491374768561
-3.294096941820925
-0.6333047916921912
0.526720656000515
3.624405337744001
4.347570693912165
4.674806314385077
3.6466663280533793
2.8146817777608297
-0.6971877635371145
-2.1664967859813964
-3.8912630093734757
-4.214736395409906
-5.174826720623037
-3.1208674095891613
-2.024402623363999
-0.6264775488177949
-0.3723301603752161
1.2763582462646155
4.357581973009225
7.070386630565576
4.478584203516983
0.7992047192256356
-3.6935744150058722
-6.428644949237703
-6.6805614855919
-4.064070728159497
-1.3126450541554555
-0.23969868663339974
1.780265850904071
2.589069329321495
5.823687448357597
5.916948718273672
2.6282339045676477
-1.330874952159183
-2.7788704543713174
-4.1699537836519855
-3.8361571948870226
-2.177911202810924
-0.3640669894598965
1.30980615994448
2.346756707457835
2.1490541333136237
0.6340266306430603
0.3053372175310827
-1.0454227599705421
0.5100360576013009
0.0138748121372131
0.9340648654469872
1.055414279277072
2.5680656394132613
0.2761508033868633
-1.9926204319206897
-3.5082923285927436
-2.776014728108941
-1.9209666172360678
-0.28518160358186645
0.3707414456520819
0.9810932246211004
1.1760897889196418
3.226466137761698
4.016756496684018
1.7907565473709715
-0.680312449875353
-1.2710976877857283
-2.2119090729757787
-3.3320504595243747
-3.7217914062476556
-1.8486913312881967
-0.3073768992360762
2.105384796344659
2.1707568438434146
2.0182804475530696
2.1640089478856703
2.3339527063766514
1.0386888964743555
-1.2957802548979962
-2.453946204976084
-2.5751576189790346
-1.1153861397400788
-0.4530246661355699
0.7416816342503241
0.12495333638646344
0.3650874588276477
0.8492989372799364
1.5928249055878059
0.38165291913980576
-0.33164965848310524
0.42669691674151006
0.2928190755306215
0.46993292044357854
0.7028217789437963
1.67918889915737
3.663848300712456
4.335210444159559
0.8685845426709843
-1.5611790057201036
-3.7543282451655284
-4.231177000940207
-4.105247963512228
-1.302732335483879
-0.5814825566907862
-0.591389085284658
0.116484225379852
0.07118508299695142
1.5227967410058063
2.1912958296123066
5.297479621403494
6.592297454264961
4.383359007372468
-0.5016599572494825
-3.824810892606638
-3.9538634515803244
-5.103848916100584
-3.8625303579629873
-3.19376087673974
-1.178105352394281
-0.5699138455707805
1.1924945121822645
1.5729942819441207
2.9637036071673224
6.203875670735806
7.287159087908671
3.558595133517764
-2.0542201758443155
-4.587105521395107
-6.081658719920899
-5.158562998859124
-4.457101714375319
-2.5932309577685584
-1.5293079092165471
1.2327502063105
1.3891563757138587
1.6492982292020075
2.649184826140213
6.403765084064205
8.300804572394023
4.6955350290251
-2.4758169906492675
-5.298148176448815
-4.194322931283054
-2.962483217283369
-3.1878095888320903
-2.031940363765371
-1.4459783476670862
-1.4724667044133086
-1.2224009658849337
-0.7766661692967278
0.008239630370292985
0.4723996115124004
2.7515382164380786
7.2103131508346054
8.573414257594331
5.499549238712244
-0.9317443993410666
-3.9576371786061766
-5.486785197744721
-4.618662156170175
-3.861886574471774
-2.362040943435095
-1.1825013819975183
-1.1458202570146405
-0.5136292896715597
-0.3368237312074465
0.007035534226910567
-0.01984017943759376
5.547999484481088
9.906344864743433
7.709932345367865
0.9687402074429747
-3.0972004273387737
-2.4716307202438075
-2.416398565754691
-3.3652300016071592
-5.484571540096971
-4.757888270919333
-3.2626445594971427
-2.239680410127393
-1.3135557388949513
-0.6209338434564193
-0.035774828193594024
-0.12367250211172669
0.5191459080858775
4.044787502374737
7.9061795812920135
8.357475235856977
2.2433184851515953
-1.4341681953943124
-0.8173428859347375
-0.17347974780750106
-4.341360500460925
-5.960134879679511
-3.27135197096791
-0.6292488504076185
-0.5131459004696768
-0.5648000229525829
-0.4418716282744968
0.2933802254406137
0.020810091229835976
1.286955971779319
1.7803857180802258
7.6024408474640985
8.74616565176873
4.947462941209471
-1.5682522515873012
-2.24341570906735
-5.381579382960413
-7.877437721286893
-6.308660136956743
-2.22604480544568
-1.5864678022045988
-1.4882919856849368
-0.7203564605421852
0.2125203730874474
1.5469295402982335
3.8866742072732596
7.651568947603818
4.1407578579489925
-1.280790719527803
-4.142358224925672
-3.413545867466138
-3.8646561385508997
-3.3370495449646964
-1.4435636346954828
-0.914107821117466
-0.8556477298524633
-0.5931443848841591
0.6808145198534553
1.500665219307359
4.158837083584862
4.318476462575397
2.612776567396392
-2.4829035518194753
-3.3696647384907004
-2.904436888255722
-1.2439403889147789
-1.591231324840715
-1.2493937189806772
0.1441232424639223
0.9816702760593086
1.7182259502661783
3.614987241650164
3.197944271332817
1.5314928347969192
-3.4594633820256666
-4.976373237734987
-3.9419831247007227
-0.3364240999385718
-0.1656911896601022
-0.11256983296567284
1.3650030796789505
2.8786214589201746
3.1869693870409255
-0.15894767867348852
-2.31612880086403
-1.5127679085771446
0.5688443470964792
0.7451750517836313
-0.26351893824974104
-0.9984938117927596
-0.1648918401524146
0.8828976199337482
1.3417884889383824
1.2553855259922497
0.5412620512516461
-0.625140716686922
-0.22636658249982608
0.055955965341935435
-1.112521606829966
-1.9444898500921237
-1.6574262559880533
-0.5464908433314463
0.7394226621895835
0.9523079430081058
1.078720510553946
1.8718370194125133
2.783436965879697
1.2957790268730178
1.2189004969751802
-0.43800642568349696
-0.9954162807388517
-2.178991485526551
-1.216875675415358
-0.7793460507747498
-0.2953291140485141
-0.7024719510118256
-1.5369004315909602
-2.1061564889616204
-1.5256817785132932
2.054145438513563
4.7748993912419335
6.941193979747117
-1.3951544128914273
-5.371602317965439
-5.479281563447337
0.894889763702446
-0.13251619521153818
0.12367569558830611
0.3916851202685206
0.9210132520156016
2.3362764654339347
2.754974650849024
0.7846551903201545
-1.682151562707618
-0.8355289967847863
0.3071710145148271
0.048309749802534746
-1.0741137155765794
-1.4583695573066051
-0.7226596664061788
1.0194830985379124
0.7591445012549901
0.1271944092535371
-1.0914248043611703
-0.9755922254822749
-1.214469373272326
-0.32824938842838
-0.17037864240100298
-0.10769405703788566
0.5895169712804421
2.092408530179492
2.6601858968741574
2.3145141258253594
0.6345492628521517
-1.093415579895896
-2.118825431920432
-1.7984652847871294
-0.2009363649329735
-0.15066853075076517
1.0926783287916502
1.6017795780114563
1.087927315553945
-0.34438116556454806
-0.8010340897864043
-0.7940957209220519
-0.7009043659642354
0.5433831054084646
1.4892161363827836
0.2630841851793974
0.28346447611197034
0.31013405570889374
0.5494602274878564
-1.5195965049830005
-2.6844191624523317
-3.0796942461492787
-1.8061682954493699
-0.6783381704205356
0.2256650549326131
1.0750916618280737
1.4819746722719869
0.9942671066573385
1.9164250181449136
2.9824220380408275
2.6352296053239908
1.0146380109475595
0.3655108401276477
0.22258684127512324
0.24220255699729898
0.48509273182005525
0.7564363600170478
0.1494411197495415
-0.9364358958111595
-2.270432981452664
-1.740467131954437
-0.7968009529228318
0.057181772065623054
0.5725887710613512
1.247447515413027
2.0075751344825767
1.557837855649161
2.3240246135471865
3.094527183130225
1.5739017170554
-1.5044240499333739
-2.91035676708883
-1.5257881240989726
-0.9942768963600744
-0.9947636765994982
-1.8232085002104264
-1.4450260839720719
-0.8000614472004103
-0.518304290098554
-0.46328688373062
-0.5630741598057495
-0.3198645169804847
-0.5690925351587751
0.1355627569681244
0.2090720691605632
1.4219794939311046
3.126002816891485
6.140106861829328
7.070281079437901
5.948345138980225
4.0325395907351655
3.0628165715328413
2.7094963830320338
2.205950464044691
1.8247262111057199
1.2189581347839078
0.9141007376627295
0.2107859879307492
-0.10836476084634532
0.1908669925450732
0.40609355228250577
0.43452440220930005
-0.3093329079887935
-0.5235735176847887
-0.06382354988565016
0.9547122515833816
0.7419406646696597
0.2930402583694891
-0.06169738748345161
-0.194290643799857
-0.17936783929700745
1.3133854777909173
0.6316805151345298
-0.17559510519452956
-1.5657116686014463
-1.7076417874735543
-3.4845133211037043
-3.176003006053486
-2.146331525233305
-1.3936989227610856
-2.382405203255935
-3.6997313243829257
-3.844406130524812
-2.965404456073668
-2.301115218741172
-2.9209496833443125
-2.7749292931517955
-1.7052783261325053
-0.4061224235826547
-0.3593869768562834
-0.14070042552010298
0.2834858572035409
0.35246282834819603
0.2816124459533619
0.6229474533895589
1.16382206485063
1.174954465006804
1.466975880900804
1.7245270734759857
1.2193226323370248
0.338612502583732
0.21808014692703012
1.0158057612391302
1.537976676644473
2.5342284859439665
3.615176754332751
4.095210886563487
4.120759333626758
3.720332276139225
2.635011144437912
1.439367211460389
0.8959712330863165
1.3492211180698421
0.46376978667776986
0.9528043960362895
-0.28691303622587494
0.12182525274160998
0.8673955232263646
1.2420300440738576
0.7049383014020784
-0.23034558287397178
0.5185836843166853
-0.24830657367440728
0.017003960173308377
-0.24592864725735253
-0.5742266642686638
-0.5828664647847258
-0.4717160688964996
-1.4972000387407787
-1.712029116101152
-1.8584600264727729
-1.572613790460727
-2.9121819578034827
-1.7735317786808904
-2.748526680804929
-2.617243777256022
-2.4559190457572995
-1.0823466194163607
-1.0498162687772747
-1.2293940771851986
-1.8398730976457136
-2.302273169394804
-1.6178854432488186
-0.8994012664299689
-0.5238261006221276
-0.20159004844353803
-0.085694539191548
-0.9649695656736994
-1.1936550551808134
-0.7673724927552198
0.15635146225558394
-0.47481986263727827
-0.36913129420038
0.2509946138727491
1.1220856723348998
1.4180151439244288
1.6999414364183325
2.8972255996521716
3.895951402020365
3.828288742224273
3.449595071244354
3.103534916677587
2.4482208217122983
1.6369409795039265
1.7767921874601889
2.191391152298381
1.9555777565676704
1.399163753041327
0.5867339324647114
0.6870137530145972
0.3184268625431622
-0.03801637470167779
0.17373504515063687
0.31008964783478576
0.5946883747874736
0.506081645758106
1.0970123679439505
0.29822844524950126
0.11046573040779656
-0.24383199438398115
0.0741822966892467
0.03985773187201285
0.030042680734678494
-0.010004685325979992
0.4510477999720631
-0.005382111056269374
-0.22267696746946247
-1.510249636006759
-1.4271263525158873
-1.302754538895908
-0.1931707992708951
-0.8908375650071161
-2.007138785413035
-3.4103494188645733
-3.6931818969955423
-2.924934642953196
-1.4192941019299872
-1.0641490263399913
-1.0775378503269852
-0.9906719500143709
-0.603863639438139
-0.7684800250204946
-1.3818235446048575
-1.4903980047719072
-1.3024151790155676
-0.5667922508686876
-0.1670876019367757
0.5674317582066902
0.6508775476225219
1.055438556741316
1.500511831243638
1.833636383034338
1.8697035387862568
2.173937431066423
2.629234629759408
2.484928898011104
1.615166455777158
1.0665921922946116
1.5421005877204974
2.3100241938259662
2.2454644434867244
1.4484901829606047
1.0612241825376105
0.668400642467004
0.523847337569848
-0.07148843674789036
0.3200151186067761
0.33791477824315175
0.9913016393350769
0.001828959700036596
0.29674892579003487
-0.09674968751504129
-0.05644080711176934
-1.0128882757734756
-0.4623021708739979
0.4723507385281017
1.175315805648536
0.8111792976979387
-0.1117147774150665
-0.7655610607395205
-0.7405313669864987
-0.5965114404727939
-0.6296952938039039
-1.419083956077421
-2.2230000601431854
-2.3648891504853666
-1.7081644099224007
-1.8088605270325948
-1.7690786131783727
-1.6667319763439552
-1.4422614813934997
-2.404456900173081
