0.5889190129292784
0.7341328423245288
0.8396423158710027
0.8905029304369315
0.9182341012584385
0.9022047147440183
0.8807628865208517
0.8192993771138539
0.6740048339173943
0.3924189983323536
0.1155056645017061
0.027311600344162856
0.07324539600033068
0.12109031748545535
0.10909475893927774
0.11106310786454679
0.10859926922054146
0.12247555428418552
0.14448504589246042
0.2108143958010763
0.38496370632615984
0.5983513738999854
0.7893873040399326
0.8735352616452927
0.9500385547256027
0.9776247429833128
0.95737007745813
0.8821892344941324
0.762529338992657
0.5697911574271859
0.2902177636453287
0.08559115947115035
0.01701271509566353
0.05140425806113345
0.07360912617619297
0.0741828943597227
0.07034243199232264
0.07866150421145576
0.09623238472099238
0.15478879149238314
0.28683263754236193
0.4902849142629661
0.6863967678119374
0.8354207003422389
0.9144579548651737
0.9605151882630927
0.9278721128843586
0.886479903476983
0.7700214253748598
0.6049700386178591
0.3297244564521674
0.11432399055775365
0.02787019781870586
0.05999147497326113
0.08615710839806869
0.08162856491347573
0.09874666499050665
0.10169337312663412
0.1148223223073385
0.16056649911207402
0.3307195264867916
0.5537800698284789
0.729914236543134
0.8346476057411555
0.9011514563484142
0.941354232365949
0.9484138619377954
0.9197876513399952
0.8415797984399461
0.6727102275639784
0.4022354410499992
0.1376714359515807
0.04950325803435844
0.08909526616590938
0.11804565458265957
0.11122720597942262
0.11591740009475066
0.12614340429837756
0.12796735851535518
0.12112291571162391
0.13748707209707678
0.21878964537938422
0.39852395608206703
0.5927544453330036
0.7410023406998912
0.8296378342771946
0.9071495669913211
0.937905748256963
0.9187181524762944
0.8436046211927997
0.7051388823256726
0.47945718758817046
0.2265242878243905
0.06343780892378618
0.041069943544323195
0.06955007083628595
0.070999283386249
0.06503042715870216
0.06169485552164802
0.05802717090671879
0.05969267271316544
0.11252141350042202
0.23469591591583316
0.4339073215679809
0.6211309515258042
0.7358565656517846
0.8052055909553988
0.8677097407008897
0.8878630156438728
0.8556540428498797
0.779989982802548
0.611216964628944
0.35786911721871983
0.11902295493357161
0.025642804736996427
0.037246372083691436
0.07361304427176771
0.07593345789352904
0.0705971309385135
0.06488617012954861
0.060388111210063614
0.05572849898320838
0.07071218838969538
0.16449702322273635
0.3445217387950738
0.5301000852554156
0.6717937218532422
0.7672137562381622
0.8300031368937159
0.8584943618369894
0.8849943693730736
0.8812131843203057
0.8367696908137694
0.6978423843623737
0.5117787177417187
0.26449884293843734
0.10009294777256308
0.04855480696405523
0.08417279656665869
0.10796569512732011
0.11584157073213863
0.12893868747641551
0.11687384829659261
0.09400015457135671
0.08998195638388845
0.1437819188652625
0.27312731976338833
0.43837505689640743
0.6125342607965474
0.7430306876812598
0.8444335619199532
0.9035651210850364
0.9136454718653686
0.8704693199481188
0.7248922615446978
0.5250289835552246
0.2618363963004753
0.08983316342474644
0.01813794583109929
0.06054696993835711
0.08254847089589766
0.106175238409849
0.1065543062834634
0.09808334281437672
0.08936632069535957
0.10382601349550738
0.14798020618462696
0.30017729145211386
0.49629612825501757
0.6727556637922563
0.7832205879294868
0.8635092579021557
0.9048019148595687
0.8848279575847491
0.8341718920521898
0.7028995268077984
0.5035296831353474
0.22965149434019533
0.06395443478173343
0.04074308626667979
0.07784657094921163
0.10462182572097167
0.10437685715132375
0.1112970867025127
0.09628591064165218
0.07898039719848583
0.09584856560886756
0.2237267334855123
0.4409523312486096
0.635959664227495
0.8032612813898008
0.8935511712149824
0.9394482925965657
0.96135881434228
0.9726620980879584
0.9258854941655379
0.8325715376328706
0.6991800127296119
0.4641801603380532
0.2004064703561378
0.06298088141275986
0.0656120196532194
0.09779136878781403
0.11205958961390017
0.12182585003727123
0.11345483921206741
0.09125804707917182
0.07906412757714029
0.10791878652023262
0.22868967646430052
0.4238118477857741
0.6086401266076712
0.7466456972150766
0.8523537888524708
0.9225089723515691
0.9597557000538455
0.9221924490593394
0.8438139783545678
0.6686598418412075
0.4132382293318557
0.14737082573779323
0.039846984787336726
0.05880460847122744
0.09169802997949508
0.09740525501743141
0.10195291903805703
0.10846329620887851
0.0930428992960995
0.09418244376442023
0.15243739525206318
0.32627221368250825
0.5175040012815337
0.6802941307230359
0.7969068762166363
0.8976706317148404
0.9469236545564793
0.9651590880291655
0.9483607808951471
0.8932336454986897
0.7568920008826061
0.5523150084379963
0.2879846813118612
0.12269589760523408
0.08146863605230102
0.10454658803045054
0.10760923938367134
0.11526380984574423
0.1309303226210431
0.12452902972632038
0.10417106416398508
0.09606414497485977
0.15426114709847322
0.286549540287827
0.47223682977068854
0.6443337353393789
0.7860346054247741
0.8810916621009317
0.9366228379482724
0.9503676485997259
0.9124109469983909
0.8449082748831656
0.6926679114598574
0.4534247572981067
0.20268683726375641
0.08008382253993256
0.06976342750966374
0.08970235981492439
0.10204677598148679
0.11022681066179219
0.11020517903333903
0.10052758269681358
0.08654641626717602
0.12334122263984396
0.21310266878676237
0.39995509833049675
0.5863640331500164
0.7522126854452927
0.8407710612635364
0.9062490274515878
0.9423773237844688
0.9227115730883111
0.8440213007800224
0.6672581193963982
0.41857275019796625
0.16757940654938974
0.054449623472457964
0.05238531735165292
0.06941709641281053
0.07905810973901234
0.09491203880886084
0.10683368302034998
0.10147397922886352
0.09554720969486705
0.08568901069222727
0.08818662351415732
0.16118396496355447
0.29685525503127674
0.485355721903269
0.6512237323143991
0.8016088156084462
0.8897820324297763
0.947166439492443
0.983280618439075
0.9803320094293307
0.9241068322091442
0.7782612226312543
0.5436636548217098
0.2631598303033832
0.0763726439946717
0.04326865814125022
0.07896817360972416
0.10606043531463848
0.11579247712015306
0.12266169909660468
0.1255991179276941
0.12520061645783923
0.11940538013773278
0.1575048648069424
0.2849005883814787
0.47855404023077736
0.6469121551294661
0.7732348082457248
0.8716461041648369
0.9167858435630574
0.9329061369226054
0.9131345031898561
0.8214080373596597
0.6460251721215385
0.3836309953888568
0.1484764358496863
0.03506581411582392
0.06284759165433193
0.09384174177826325
0.09552838550717574
0.11039952869063586
0.10900428863207498
0.10968920454573848
0.0940434474280428
0.11220136085620996
0.19874750582041248
0.3800614712051007
0.5828355091807724
0.7087756784871471
0.7918975191630644
0.853533519728007
0.9137705631967379
0.8897892006597795
0.8498965995489781
0.7250749186800552
0.4766128044803378
0.18095694252578426
0.029137490377981315
0.025082974495922658
0.04693135262209361
0.059399297804308394
0.07317088377372805
0.08565559002029277
0.0958322870666583
0.0825281308666278
0.09753870932307473
0.17490922108501358
0.33271724653103474
0.5146899513497136
0.6692915038101098
0.7887405561761068
0.8600720605260777
0.8970337294433917
0.9055622652648662
0.8548734855227896
0.7126665436843163
0.4671822520106418
0.21059756358574738
0.046209458587361286
0.022693588068966795
0.05716602068288587
0.0718427372270892
0.08395538574812811
0.1068653308126471
0.11234771035481268
0.09359645937299817
0.1319636076966552
0.23918216049405921
0.4251186377486965
0.597205273141878
0.7300252621374494
0.7927451039464016
0.8432631530366059
0.8809389481600035
0.884219501762349
0.8334835437610161
0.7076705505540815
0.4764838871450941
0.2015402336473367
0.05207745734907562
0.06754998671547319
0.1291946461949562
0.13380376395405738
0.13165485309928746
0.12105369813208157
0.12309532407142139
0.10807136088674604
0.11042040319202917
0.15567584689695446
0.29509795731527727
0.5103785549420846
0.6970545240505766
0.7963293792852568
0.8424008406799588
0.8999884400389877
0.9321357438312641
0.9023481794071417
0.869059932365863
0.8031604939116432
0.6698645512297957
0.38964381434887235
0.12903970960864986
0.009259361559032182
0.03125181993464214
0.06374056083214481
0.07595134287837002
0.09008338432210747
0.10353585796690654
0.09955729194644417
0.10537716444122644
0.15873227169394816
0.3290481815055461
0.5345270865947473
0.6889725405422402
0.7955124868653113
0.8755885567166313
0.9113477829129207
0.8849236300129293
0.8093383023423057
0.6385032541950459
0.3521573208985742
0.11483668454754009
0.027182931583719167
0.05256838617476218
0.06960487878435703
0.09751674992475375
0.12087726671734572
0.11638614373033578
0.0753962602969333
0.08384998123072641
0.17440570743016987
0.3486986917924256
0.5403402683924307
0.6760296162055581
0.7670293652519586
0.8089666716033977
0.8553453350666461
0.875315264049924
0.895088236741013
0.8542293296180108
0.7235531650699758
0.4700285809007829
0.19732860058770763
0.047002957894333744
0.03205725120028802
0.059750159243488275
0.07524301326477974
0.0825205585849124
0.09188518083107516
0.09725553323486105
0.09929371139226818
0.12355494273536219
0.21994926227084685
0.41202615125635905
0.5976890225362355
0.7354326564005658
0.824984661233445
0.8585930988630239
0.8634076188637052
0.8594110160703798
0.8158386696663837
0.6522097093278195
0.38348872412433044
0.14141125884872646
0.040740001729660205
0.06264107083939306
0.08232084343481809
0.09794970422356242
0.11678470012896133
0.11515107774212247
0.0937963123370833
0.0806382396878133
0.1319562710524349
0.2416983810818758
0.42582408720039916
0.5974923521945621
0.7328116262407939
0.8120360717782189
0.8369446809801007
0.8620511901253383
0.8464894618198708
0.7666900057979833
0.5417561862905953
0.28584729405275405
0.09820165173841525
0.04750492105163737
0.07159419749822554
0.11207548771577704
0.13391748430491462
0.12922341046096816
0.10775037274527183
0.09660200672790184
0.10671760577493801
0.15831226545122265
0.2508417740098428
0.4198092951515443
0.5989984669749222
0.7325696951070435
0.7816000172034527
0.8127760570787961
0.827362226188598
0.8070574141892672
0.7062539726090507
0.5054691998811425
0.24878330393714507
0.06296040152712903
0.019709864673743062
0.04518119683593794
0.08008681093191308
0.1144723914857454
0.14426900580483712
0.12650410550891703
0.07499279539060502
0.07153246651253893
0.14797845701663329
0.2875358939654723
0.4691420962069169
0.6184814804514117
0.7103027781035922
0.7322440948890279
0.7621235045334571
0.7785828151290468
0.7522000163807319
0.607611648482612
0.3660719583057857
0.13668561947653618
0.03374211214010946
0.05051083146962297
0.09450966324552817
0.10994400123565405
0.11244787335860909
0.108718433492484
0.08506606802249359
0.05661642288589611
0.08214586393432691
0.1625005387956507
0.2781858336420839
0.4351218036154115
0.6050519993260315
0.7068754524806706
0.7369314205933425
0.7653472343408696
0.8023931341361024
0.790989003914077
0.6818033336986943
0.49237668497438236
0.241659734037392
0.0758412453656106
0.038314796429678215
0.09676555246431587
0.13051767067036563
0.1404500220326702
0.14142768749953424
0.13444547229344622
0.12249900422149333
0.0975609039396313
0.10860210732697688
0.18085543931589543
0.30526832767554135
0.4443270130734852
0.5756874835571629
0.6694119508121604
0.7254345544553874
0.7236600525280044
0.6168504575618228
0.4252715895389746
0.21669554224527873
0.06788831393182411
0.01440634581528017
0.05291382593515579
0.11240068641962775
0.11734334867338075
0.1159438364111327
0.10079535949769645
0.10830586030714104
0.0744558640820582
0.06723431704586952
0.10867551089696909
0.21332460860415214
0.35379699093935213
0.5056345816689133
0.6259360559460279
0.694919245506811
0.7344972059723104
0.7570197930274769
0.6581996911951241
0.45119223855105145
0.2477805554220188
0.11171732507740423
0.06422046592843378
0.08039934016627198
0.11798765407302794
0.15336910364295053
0.19863037901103847
0.22144382977051197
0.1765575162371124
0.12134571604653098
0.083724318154478
0.09474334765405304
0.16123406943284116
0.28858758988770317
0.45861181416452046
0.6328117261696871
0.7344996337233523
0.7802745104036745
0.7954559226370534
0.7506814570030378
0.6019232229200064
0.35672516488882144
0.1564949044453483
0.07517551418025235
0.08050683839563519
0.08799965556539961
0.0964118269540618
0.12361544806788288
0.11602858352064296
0.09801514800372439
0.06476973924177194
0.06582161497791689
0.1115168756585507
0.2142838181678266
0.33134727394962915
0.47326913433659856
0.6034552785215292
0.6914197903227355
0.7201990426949615
0.7416360778908149
0.6561409284924717
0.48387932792076727
0.2809983829010834
0.15136709001941057
0.0794099403420071
0.06852523987851052
0.10219997291840387
0.10535324818026603
0.1147763225170763
0.10659861552690657
0.13990650345873484
0.10857526085691421
0.09130683747967516
0.10659774484886024
0.19564355190856264
0.3353913696455779
0.49944229619419256
0.6602102369467403
0.746141242966787
0.7869204732999979
0.7970289531021548
0.7806821900479672
0.6824647231581034
0.4848958207184112
0.23226804363522202
0.07675835900454239
0.048308378828938736
0.09705587073131748
0.1018504372760208
0.14413713172978487
0.15480017997441708
0.1617028385783971
0.12710662824644142
0.13177767000242613
0.10504882311639233
0.11734349364991423
0.18911548909855377
0.3460525945492162
0.5325809868039812
0.6600277251187074
0.7201694703081682
0.7557126251731707
0.8080336544239718
0.8206636220716589
0.8102484172638034
0.7384257356684356
0.5806939061982556
0.3260759525024148
0.12334424918298598
0.04126933678179848
0.05961940205787021
0.07699415293179034
0.0938907001658686
0.11232558526528619
0.13234075310775642
0.12419756125484094
0.09744567060607623
0.10823404819446769
0.19299668740628517
0.35279532570521255
0.5215427317393588
0.6625662347480632
0.718386591334371
0.7338157793062822
0.753646326404347
0.7724999894541968
0.7086856874235379
0.520622978609525
0.2722690691994533
0.09785829116019101
0.06753121663749907
0.09380953772724424
0.1070009310903977
0.10259908645134731
0.11414138848276507
0.11380141588017206
0.09712454929758127
0.07895247778808419
0.11231880121441742
0.21733644620491202
0.39899876673609724
0.5907268018972678
0.7055428051683457
0.7335103294526182
0.7379613888568246
0.7558196569624026
0.7756264712017593
0.7318580939752869
0.6076886416912445
0.3656988878923007
0.1592235494702947
0.04847258615811218
0.0744791511953659
0.10640805430331074
0.13270057210347436
0.13460817378354317
0.12605201854019027
0.12271108485228954
0.09742600305131
0.09845652351214457
0.16117214763816526
0.2946288278862202
0.45711296980408145
0.6175792885442091
0.7027596335238169
0.763516523702338
0.8093357653569595
0.8046624714108933
0.7519878928506083
0.6807170298345135
0.5453914124292354
0.2991200023218095
0.10460038694354734
0.0321656090568654
0.05351467463082003
0.0917784533059742
0.1047182464885211
0.1144616992996902
0.10384262100517351
0.10740603225128525
0.08156629959607119
0.08459039406670277
0.17258618356239472
0.3405743939348811
0.5034739316461438
0.6310128434601299
0.7056740022385823
0.7478494526834892
0.7473645814836528
0.7507902887481769
0.7499820591027769
0.7120678017639708
0.5914957140674222
0.3606912491524099
0.14254815153821354
0.025053532439718015
0.06046448029891275
0.10012686556646813
0.11820367716004279
0.12019610530875935
0.12465067583621355
0.12012000783338869
0.08950216965787128
0.08153907259548382
0.140607261721704
0.25079673731012236
0.36619181287269376
0.5033819750857123
0.6376933835854401
0.7317330692684291
0.7775603018272398
0.8063151484781708
0.8074224786900563
0.7905529054169798
0.7035572210658747
0.549489268099679
0.33430899126868463
0.15095415061659367
0.062180964839207445
0.08689436344554446
0.12147880418418688
0.11724646692055053
0.1121160492021142
0.11361828381430239
0.1291095331157912
0.1365181521717242
0.12555514396546372
0.1264297257462968
0.19841774946933832
0.3291795852416702
0.4796171802265732
0.6051350133431567
0.6886657208678293
0.7270438723833886
0.7625369915966693
0.7859881769429996
0.7877606175923688
0.7203349986996901
0.565634415972023
0.3352825089293581
0.1458519788711523
0.05789495992264325
0.07601946885704942
0.1166418650948798
0.12285555200207227
0.11586290793926016
0.12645643389146344
0.14669001528188885
0.13391222943934633
0.08668042926616734
0.0788906220131283
0.14519903122388217
0.27201365954790846
0.3900660550970943
0.5118945314137373
0.6131869010150985
0.6965390967802056
0.735051847338775
0.7471232229558116
0.7338085677553413
0.6430823097793961
0.4389236027936898
0.20852470454755218
0.08120309391818402
0.059018969406259926
0.08748983484128524
0.1120838975593487
0.10403528352192722
0.10179083824377513
0.10907812879159885
0.11318770251523713
0.0972832624915909
0.12773192315260545
0.2082505178419274
0.31637710149303316
0.44667660772933504
0.5744112296568129
0.6698914930807924
0.7168386373785081
0.7388727074196102
0.6690205356213452
0.5008298101633749
0.2747386946301579
0.09319732734705743
0.03865001779226644
0.054367145409213724
0.07718123695291687
0.10050132866433617
0.12842919207824752
0.11149749997573513
0.10032270418961797
0.09063468248421594
0.08256674232280256
0.13462745764184975
0.26058219891605894
0.4298414301567589
0.5629048435108785
0.661227950808114
0.7228390540155285
0.7730473046150748
0.8180513044239288
0.7857967242820898
0.6735780166676544
0.49940004695821805
0.31251054986039506
0.13809227942006336
0.052438753108498076
0.06177160610233971
0.07940445267387879
0.09840063288952931
0.1209149376701289
0.12222097104985583
0.11378074809149542
0.10306392597040492
0.10748986087655049
0.15982654044838407
0.28476872776414264
0.45057309919452015
0.6080254916925681
0.6897127941702864
0.7115950786196427
0.7196153388179249
0.7483148065251928
0.7403531111449869
0.6500905661583639
0.47694313482053474
0.2790231264485152
0.11130069416830957
0.02669257206466765
0.043985613470614575
0.09437743097897483
0.12882047496172458
0.12403822272156761
0.11806681229013558
0.08770068663920061
0.06966829588092184
0.10329567393016986
0.22806392867470837
0.39831985451572977
0.5703012339234185
0.7026324136373334
0.7676908429610652
0.7838124881000009
0.7988702198585131
0.8155458779529748
0.7476888564832684
0.5985639600185049
0.3762756800032027
0.1845490689467525
0.0640811863955449
0.0455877346341831
0.05995233353378142
0.08037413487879966
0.1180709345527373
0.11968323739834842
0.10155426834303943
0.07171771881813546
0.08344012313404946
0.1410960808561182
0.2713992858925982
0.41883104693297657
0.5479846451303796
0.6346792405973509
0.6824749932681571
0.7044588449505087
0.7028287969148492
0.6505261969924361
0.5096404839261104
0.3389160157245028
0.16057718566319518
0.06240260169731825
0.04659060803288552
0.10467274951464998
0.14303717631216853
0.1369605338696078
0.14728269473776306
0.1481927545278325
0.13337663686214146
0.09430357909938068
0.129905957108199
0.21396035725548626
0.3355941541938828
0.49157633715228244
0.6488382402514007
0.7289650716750563
0.7314244798287515
0.7257235353645448
0.7317056533505735
0.723860914833681
0.6500615132792186
0.4745140674164533
0.2397430791032837
0.06709433205524526
0.027412809891927233
0.08590198049868558
0.12510568968949107
0.11871146448210407
0.09856320486556916
0.10339289155688505
0.09327973376192071
0.08387564158620585
0.101208635965473
0.19345501379784852
0.33232725051191153
0.49553668846386634
0.6283440868975416
0.7152426712883486
0.7464126754419386
0.7690278072382589
0.7851805185509642
0.7183377110314506
0.5844775135517097
0.3953040750903555
0.1903141601801215
0.05002459831656077
0.06644289885264118
0.13365984312860713
0.13706683988686308
0.10748835438031924
0.10162691250661053
0.11355148097740649
0.12277570655573244
0.09820114615262573
0.09054491555398611
0.15017721963222863
0.2732904650873442
0.4211664812103522
0.5635807335568507
0.6814411539615306
0.741049290321206
0.7679689123895213
0.781103628042672
0.7866816117954525
0.7033410507010394
0.5348805800303192
0.3209920684682369
0.15085706315184189
0.05814175283020839
0.10184538430249414
0.1492078245938317
0.15354309088870172
0.12997196520288962
0.12610570088138978
0.11603128861715267
0.08980619259042842
0.0761768265758479
0.10138453828585817
0.1994309113208868
0.34209891801748116
0.4972992502187722
0.6316976577859509
0.689672533015976
0.7007902077111179
0.7054229028668411
0.7184455294533761
0.6660856185525805
0.5631505652448429
0.38350402906037395
0.1808651251844127
0.037498819794846705
0.03170846440132759
0.08476600893014193
0.11484315456599509
0.11410781590070002
0.10952556278929375
0.10680650045998992
0.10333966616908613
0.09022057275579828
0.11595110657031618
0.19682796927822738
0.3152397066687479
0.44932367982853894
0.5632499234165386
0.6474491127051035
0.7010374224285099
0.7382563187558638
0.7462028060213557
0.6609681624594665
0.4936590764845005
0.25944928257170147
0.09748445910634806
0.04387563100677501
0.07924886281184514
0.12336023749640418
0.13273799506057257
0.11375594368644475
0.09797525948210292
0.09767718436773845
0.09994725559911657
0.08487952906877574
0.12177338588300843
0.20996013453873041
0.3418674015824219
0.4774404230438306
0.6171670395063946
0.7134635301596657
0.7546185965692264
0.7708731231658532
0.7383638482436894
0.6643336046136771
0.48589219521192323
0.2570653828268727
0.08874049079625718
0.05280585716268021
0.10302354144776675
0.13003681223300317
0.14131303823742575
0.10922306266475801
0.09445426009715083
0.12301687002990624
0.14089628753478417
0.10712964822564841
0.06637426974704216
0.10731438448567263
0.21536079159395038
0.3358707260371586
0.48096136388168065
0.6026998459794841
0.6857401787420687
0.7130422504256371
0.7352976042253433
0.7634681536968908
0.7226871914347661
0.5827309151495439
0.34824682559493364
0.15408910035464843
0.05607949603887628
0.059984866069970555
0.10415151204132933
0.12681387392271523
0.13026753054461782
0.12519121748943124
0.13614748742394706
0.13175383667382026
0.11947063317526097
0.09060646214566251
0.08259402303714355
0.12807311306360175
0.22999855046040482
0.33886920261555165
0.4347742037182408
0.5423531731038421
0.6500881721406795
0.7321741886119641
0.7540543284786441
0.7281849644383692
0.6484635747844014
0.5165272144078661
0.38525207287908325
0.25505624737940674
0.13034530331283228
0.05859152057222965
0.054638822043234704
0.07600247884147525
0.09542053037550793
0.13940665365058633
0.1536637608860011
0.1282121536551551
0.10936360624852304
0.09429217634861797
0.09365868954942484
0.12923781681586918
0.2382177373195642
0.36198326296716754
0.48486825554647783
0.5988926274798314
0.6853098776263186
0.7231472359250553
0.7338781875781414
0.6940196483558765
0.5696163927110414
0.34472087565814435
0.1435951658421732
0.07611115442321725
0.10404111651914491
0.11156370271121195
0.08727185362976513
0.08951261975049316
0.10632396285774542
0.10684178771599323
0.10461135270077823
0.09470456171586583
0.12314739243168922
0.19983953521415304
0.32911895556548976
0.49081752257154854
0.6287357898071204
0.7001636187323909
0.7107696931402823
0.7047509973284248
0.6918530191957617
0.6541128993728472
0.562006050993078
0.38984856466332596
0.20134013639577553
0.08394072980506706
0.05834357997660921
0.08864812221077474
0.11041217357005743
0.1140867161181712
0.10828347071217083
0.11853908470772827
0.11257591278556954
0.08786959562630309
0.08997262644100336
0.1783198923455263
0.30176196669742117
0.44898554788239475
0.5819839503418649
0.6755945340063536
0.7169758508869
0.739722750698172
0.7406718018313018
0.6500376255414599
0.46636398536676343
0.22963353013025653
0.09065246311948483
0.06038694421153293
0.13501750717231176
0.151292173017104
0.15387682902897482
0.12567461697816706
0.12542499250390243
0.11110380473082149
0.08274465413281418
0.06830378149440691
0.12058686159832742
0.2477119427236364
0.4017354050818259
0.5468667881069857
0.6591058567686137
0.7031090589080898
0.7249425776705337
0.7325045857969958
0.746213144857109
0.693513776860774
0.5321757618539862
0.2712610062867961
0.07517527161911532
0.038381430371757154
0.08047573881022038
0.09883793559256954
0.08220785937748644
0.08780562586033652
0.09313828852685606
0.09708839734440369
0.09540133341326727
0.08371035115608026
0.10146972592092436
0.17909706808311288
0.2715741374470477
0.40341237902863875
0.543272183019412
0.6614868057544698
0.7134484658167585
0.7505260168460692
0.7573598101901486
0.7512750385482952
0.694223916057735
0.548774188336621
0.29413045392573123
0.10108480346438126
0.04078759176763334
0.06611032531974585
0.09311150358017252
0.10652985773651188
0.1134761798597257
0.10360761526350741
0.09256757807950916
0.06500121253767929
0.06125804225252511
0.11916009127351558
0.2117375663752316
0.3381917328555812
0.4938734089780134
0.6400601680913772
0.7004839651331678
0.719686957042345
0.7373742703587169
0.7526760020331853
0.6901891102907276
0.5105971991436895
0.2688132344314813
0.08564864981094068
0.04203699269196265
0.06403057582171044
0.123289786432114
0.1242068359556503
0.10552879625050372
0.08683561307037618
0.11331552763636933
0.11286710587909134
0.07399124804757835
0.06089552674542855
0.10932499231500971
0.22962312019163275
0.3467410568624996
0.4624982462799267
0.5609407784590275
0.6449797906232471
0.6922102454156268
0.7299744784085123
0.6947859647609205
0.5830918393900351
0.3594616416277811
0.17464042579842406
0.06819119178935201
0.0650520749277254
0.05385836138541758
0.06814885347557986
0.10015802529218878
0.12716868943404014
0.10916471046276666
0.08511377855246549
0.05669473337037305
0.07286242977089204
0.12020955932161898
0.2210262801553156
0.3231066026403401
0.4470550717629296
0.5509565737676143
0.633788169130318
0.6838949657873667
0.7106320222229572
0.7198730598519664
0.6741980155820511
0.5203337306842126
0.2711030290504644
0.0763345595704206
0.04914874903451438
0.10563676063392087
0.1435948968553436
0.13015177159671062
0.13145842526461665
0.14690294066009074
0.15241911018003676
0.12208464796849333
0.072470300594636
0.0760818810034869
0.15000815844129697
0.2501797935213358
0.3577569771102222
0.4814427767100913
0.6172791750250662
0.6981639656765815
0.7327677995701307
0.748449159635184
0.7675984009474437
0.7147381791189479
0.5151295012586825
0.2547830736091988
0.07860250894664575
0.06101166400636263
0.08505421980369411
0.1069154216376817
0.11586109686177083
0.12483726119893565
0.10521491080542252
0.07622996578104231
0.0718000525968323
0.0660980750774207
0.04301194633085026
0.058073551564563536
0.14758404232431835
0.28342937423144854
0.41492668561703344
0.5431202458196049
0.6469260015113552
0.7140701545898858
0.7448602891487899
0.7437351204496764
0.7075969705348619
0.584738386611354
0.36880475305322347
0.16370763873483835
0.06987266367626707
0.0618282911949241
0.07098926718759595
0.09466363398010663
0.12480632116114905
0.12006920682528627
0.11123673533438572
0.09767442561521048
0.08524422196808314
0.08864133057889603
0.17045004455252216
0.3053747718517996
0.479610848728106
0.6203661828002651
0.6962841892565623
0.7209323841540759
0.741773766987467
0.7139901779538294
0.6020166617816427
0.39357654351591004
0.1635658732962584
0.048171759629954104
0.05635586428068913
0.1054398928769544
0.11331201705931275
0.10348917172995782
0.12511357119849245
0.14034860714327885
0.10804153447523783
0.07005633832268565
0.15527780094250596
0.29644871240169646
0.44717739848816085
0.5849174185483428
0.6984932753332942
0.7358004054124079
0.7536410745455915
0.7573490813128636
0.7315895763438028
0.6165777441241611
0.45448908391950504
0.23301400546991938
0.08334842255966647
0.04175431600935095
0.06354444431838624
0.07615461146181779
0.0814568489180669
0.09050974361819163
0.08251251233818757
0.065114360042845
0.05326559557773978
0.07645356449668975
0.18696556900237415
0.317963317237827
0.4645000125736652
0.5910244047082477
0.6959466032210502
0.7488218806685045
0.7873704610148592
0.7599362463815034
0.6462944305261175
0.458588823406738
0.26057351633119563
0.10873074558869178
0.06355877897868875
0.0982126110091012
0.13978287114740942
0.13326856384467062
0.13626477350232846
0.13597782532544753
0.13930082222587895
0.07793066487592794
0.06564243524331731
0.11504377705033958
0.24152012550043495
0.3901343762421232
0.534274030306015
0.6476859135326632
0.7142693802620292
0.760320640044706
0.7694361029788533
0.6918181915958379
0.5011082348923921
0.26185633130821095
0.10725166870258193
0.08418212040822354
0.10506319416289599
0.16551685983404324
0.1902395391462754
0.19997947144869221
0.17926191775297162
0.1674153577299306
0.10634788749660179
0.06067404911137406
0.10324823820587964
0.19099788139266533
0.30123949043717546
0.4409248968041489
0.57349398868404
0.6657191312559341
0.7261664193298185
0.7756309400598
0.785206279018156
0.7273973756291886
0.6163771214707252
0.43565840184957305
0.2179899115616842
0.07484764303037961
0.05775599116178536
0.11251991580974147
0.11510441408298216
0.14544990779846434
0.13075177455419845
0.11889159147736107
0.09530540967937376
0.10724080177124955
0.1287012548682967
0.21634408548221798
0.36325669372036423
0.5117257846093852
0.6230236091163655
0.7102534014768296
0.761499508337294
0.7851955568847786
0.7805633729354717
0.7989725862861126
0.7572010238554574
0.6397345093369882
0.40794084285862553
0.18993002176035817
0.06359670431856206
0.0876440066505987
0.13825051835485674
0.16901745130626228
0.17446521911343552
0.1482351682784699
0.13569184276661034
0.12001988124523966
0.11431887208622685
0.1684772662108318
0.2828369469380837
0.4121221589697688
0.5178431428365083
0.6290860465638759
0.6980823541156764
0.7340564704435204
0.7526505587524678
0.7605929347670739
0.7225715761875753
0.6051785065025637
0.41700219761981183
0.21760512871780396
0.16743999216524785
0.20122002520886534
0.22644543691423405
0.19610123746603594
0.2123707989473267
0.16864428381825358
0.10252563239932601
0.07859784572506405
0.1474925051055287
0.25436627197758144
0.39528159317195793
0.534249010725491
0.6565327752716982
0.724500072978005
0.7508437520342628
0.7279615759853735
0.6371245749951213
0.46153320557228505
0.23904275444744483
0.07658927999743752
0.05861489896777064
0.14403541134634995
0.182535490291658
0.1419738044122985
0.12045386908087488
0.1497185664968774
0.16945376811517532
0.12944369363184333
0.10067893458887986
0.1413634331210395
0.2488780459715603
0.38827981449381144
0.5618650495392545
0.7037787307976802
0.7434709750374868
0.7541877559630255
0.7571487497403661
0.7610166831337739
0.672636523754397
0.5215880701380469
0.3233253989719609
0.1593140432653747
0.07654622029781949
0.08218038867802491
0.14196153083807062
0.1599829148013247
0.13998359328252152
0.10587607387236252
0.08837729706779254
0.0822828680244181
0.1108792966765842
0.19095408880889164
0.3158421710197501
0.47305881152196605
0.6128475717617538
0.7037865393211868
0.7457340257029098
0.7815998478898174
0.769434859214159
0.6549342817986787
0.44352657975753834
0.21650290610482645
0.10631730953141719
0.10065980388172166
0.11903068608285802
0.1237919612012814
0.1625046946025387
0.17268947239850463
0.1491192672694065
0.10212253372704248
0.08601481642877878
0.10678566301783861
0.2099415706960744
0.3237025709026089
0.4383860820730007
0.5499063033188212
0.6783313967668576
0.766828362494453
0.8152406414169288
0.8113422510242521
0.7484134758867285
0.6294604825959644
0.4184289642236568
0.1902838356397694
0.040139368564393464
0.06720256811568759
0.1105025745495236
0.14723177453408048
0.12791638919488973
0.12376970814872643
0.10099083062771354
0.1077113059474576
0.0988737237069522
0.09087264056324394
0.11159953625816674
0.1859173734527075
0.2970203534867973
0.4487581318035767
0.5932191827833706
0.7030251373550718
0.7542913455008571
0.7883736029860339
0.8049802629696037
0.8111351460925849
0.7420590160215783
0.5953710803708068
0.35335764097072087
0.16324690220484428
0.07398759803941396
0.1292723767509279
0.18029131884873068
0.22206889236804972
0.23500197014777918
0.2240669048141028
0.1723121325786282
0.12398263770862392
0.09668213662479405
0.10734461587710174
0.1469685174779822
0.2544576851305955
0.37135968196418645
0.4803148546742338
0.548962387442736
0.6271416080864798
0.6790750423302738
0.6791555001504102
0.631631588929368
0.47242338541840956
0.25528354635113426
0.12105314295550504
0.09683419942655636
0.13304653264554214
0.15897577811595062
0.20457920429990936
0.17402797593309427
0.13645352952549658
0.10494737563332485
0.10812852787800645
0.09766970592939804
0.11052743686886932
0.17628681861356596
0.2861837673749744
0.4083504153000782
0.5478404960044964
0.6613275513251753
0.7253485638418036
0.7561634620379907
0.7499109376204975
0.6398341708545302
0.4373249667558703
0.20579003708913995
0.07717228778525125
0.06585353347359374
0.09884035419877112
0.1121376315213777
0.12663615617022886
0.13274094422430957
0.10502203627569351
0.07975626281185616
0.07155392107966373
0.10818376678822142
0.21028525894205877
0.37279023147299367
0.547424272797397
0.669812528216551
0.7274070172746201
0.7418958968296651
0.7461491448436325
0.6711905575360457
0.5139942761638598
0.30595278771133905
0.13328978296950106
0.05799223595197002
0.06907005778209212
0.09342966381355705
0.1278678000673316
0.13079746986929813
0.1191881952617088
0.08560019896860942
0.07322579619294398
0.08143750479947795
0.16293002872158344
0.28770926120073
0.44813562825910735
0.5961431422606859
0.7008901329816153
0.7293754868637201
0.7422732101938307
0.7441802816414728
0.7310647938710388
0.634674079819318
0.44766659335632225
0.21657798832757655
0.07601643748010341
0.032030858149039984
0.06914972463566336
0.11398228395483714
0.1453952208146027
0.1448526846292903
0.1231104969533566
0.10149223779379671
0.07420072669980013
0.07623478113460111
0.16136802900285588
0.28227454164636445
0.41910141426802733
0.5418918766450094
0.6635321782941848
0.6974083133355039
0.689465759404814
0.6874549569153345
0.6778153416989101
0.6075677017953891
0.42297316646482563
0.21609159568581754
0.07295069119088866
0.06444346018468124
0.09675264881284383
0.10695599934584044
0.09560629019376016
0.0831620182597822
0.08011308318183766
0.07776872170175894
0.10894367835186572
0.18635323662783676
0.3169547308645483
0.4738627631104479
0.6099283168319842
0.6805046559834771
0.693221950258809
0.6956094719465767
0.7190801814936463
0.7346940504788249
0.6835794120276306
0.48612951025393514
0.22707927418847088
0.06128275055796688
0.04224337859424765
0.09100739049917479
0.11402200596746331
0.14472524853724333
0.12643659696980775
0.12584061392367143
0.10047658967011766
0.08309290081902118
0.09209112897686204
0.18182099145501807
0.3469698534711595
0.518011079705684
0.6423982577146566
0.7055055123730181
0.7234638455210887
0.7545079192493149
0.7091955006846749
0.6021656141260662
0.4185794470749332
0.23225655425272881
0.0995159662019589
0.054585934312536735
0.07800712604703236
0.08380996458709783
0.08888713734713119
0.0786332788303718
0.09854984798371849
0.08054980414563946
0.09797513120694958
0.1800202643131363
0.33072853621402304
0.48052446466093585
0.6289301938240739
0.6946169249702402
0.737690410466967
0.801380372921155
0.846131175793402
0.8034869705308227
0.7109704825522258
0.544135202878556
0.26701137283195714
0.08790825032877284
0.04214923266680965
0.07179706763070083
0.06566026112099527
0.08102819190243549
0.10518001415036074
0.12372392209341992
0.11660305899745343
0.08701842619337029
0.08846303116405964
0.18921121122168894
0.35904537146038706
0.5197909271215462
