0.603174603174605
0.7916666666666662
0.603174603174605
0.6031746031746038
0.6031746031746061
0.431818181818183
0.4318181818181853
0.7916666666666696
0.4318181818181853
0.6031746031746038
0.6031746031746038
0.43181818181818943
0.6031746031745991
0.2753623188405895
0.4318181818181812
0.6031746031746085
0.4318181818181812
0.6031746031746085
0.6031746031746085
0.6031746031745991
0.43181818181818943
0.7916666666666591
0.6031746031746085
0.6031746031746085
0.6031746031746085
0.6031746031745897
0.7916666666666802
0.4318181818181812
0.6031746031746085
0.6031746031746085
0.6031746031745897
0.2753623188405895
0.4318181818181812
0.6031746031746085
0.7916666666666802
0.27536231884057366
0.2753623188405895
0.13194444444444886
0.4318181818181812
0.6031746031746085
0.6031746031746085
0.4318181818181812
0.4318181818181982
0.7916666666666591
0.27536231884057366
0.4318181818181812
0.2753623188405895
0.4318181818181812
0.4318181818182158
0.6031746031745897
0.1319444444444635
0.27536231884055784
0.1319444444444635
0.7916666666666802
0.1319444444444342
0.4318181818181812
0.4318181818182158
0.27536231884055784
0.4318181818182158
0.27536231884055784
0.2753623188405895
0.4318181818181812
0.4318181818182158
0.6031746031745897
0.6031746031745897
0.4318181818182158
0.4318181818181812
0.2753623188405895
0.4318181818181812
1.0
0.27536231884055784
0.7916666666666802
0.6031746031746278
0.0
0.4318181818181812
0.6031746031745897
0.6031746031746278
0.6031746031745897
0.7916666666666802
0.1319444444444342
0.7916666666666802
0.6031746031746278
