8.712829763715023
6.330568412788435
3.0516368739557307
1.663870249290419
-0.9617631908652127
-1.286509693389999
-3.6878105644198653
-8.71767259178758
-16.895150135102444
-16.61480002983883
-5.291643849452596
2.7560277393700705
2.87069528910748
-0.7197335127706566
0.11810093551614306
-0.1478303186403199
0.832577103818644
1.320569496496494
3.979760994516954
10.448958631505015
12.803260054429494
11.462155808396837
5.048877456321606
4.590197584818601
1.6551712954626057
-1.215279931510971
-4.510850577839852
-7.179593730088531
-11.564290893928229
-16.774403626911493
-12.277596250450662
-4.114706662529224
2.0634925779281885
1.3322920869035764
0.034426091011783184
-0.23042774204400426
0.49914433314798595
1.0542528305722008
3.5133844062834347
7.922630762998756
12.207136603236213
11.766711212938317
8.941435951818065
4.74223527137607
2.76343400387515
-1.9585845227240413
-2.483532564442541
-6.987508686127369
-9.903083205420078
-16.51473492994145
-12.92402795366487
-5.187227564342852
1.927276629273323
1.5699380054884486
-0.2717126090755785
1.027086004621852
0.17680248816764924
0.7877369508422605
2.7446506082841404
10.209181642482955
13.383632600501288
10.568050002879342
6.284002151881309
3.990231036435484
2.4121665610520933
0.42357777431078975
-1.7175726358680203
-4.692471174002898
-10.132174252558102
-16.228487190838806
-15.873840305905166
-5.290090675033285
2.3755204878930645
1.7370233050050181
-0.4091069161942131
0.281411646919683
0.6135602522176165
0.10943725301865753
-0.4106665682238721
0.9818493831271756
4.878154396938464
10.784058642161007
11.653829355056079
8.89487372201329
5.318129614638222
4.650703962847605
1.8453708759384988
-1.1512557468401226
-4.5068118770097
-8.307944332027544
-13.540901684250175
-15.175973985826852
-9.785188734036293
-1.3420719227677662
1.7088076375177712
0.08695275299778346
-0.3581313736528115
-0.20013429822324652
-0.22006107689575458
0.09993010838679908
3.1697244472354065
7.330470144924597
11.952684339128906
11.23341779746944
6.883536847558755
4.160941518216867
3.7502489847294673
1.2091964965789923
-1.9325383676395702
-4.539843602839913
-10.126381090416277
-15.200870844613506
-14.330769737108753
-5.60280901179453
0.696214040801703
2.182000331284584
0.13922481730567846
-0.3201796173009336
-0.34265764853789416
-0.269883535169101
-0.2795767336113152
0.8990213643891996
5.627090089982478
10.801482934340285
11.134700787620549
8.501618195869622
5.725202063095225
3.7673628393332304
1.7094734965964158
1.5900004521650202
-0.2268711031660761
-2.666609610392188
-8.335638387083772
-11.163819997239338
-14.836792488196933
-9.864353709952491
-3.0922884485104
2.137079376156215
1.4275739136396908
0.4725525362891128
0.7858270046566157
-0.7238903507893766
-1.3724216235141589
-0.24109189124809668
3.227997748882369
7.760724053887577
9.914864227981182
10.449552234008435
7.829785613082772
6.084172454321627
3.5478935499050026
0.6048210468199182
-2.5905691150349957
-8.734623504205294
-11.991796679368429
-15.791555235285019
-10.320193972543766
-4.301713055618844
2.5445414464354785
1.3200900574524024
1.417606050837085
0.022744072416864904
-0.5082578081452028
-0.5230213271410308
0.8675815680088714
2.649251561347184
9.131825116049002
11.767130208174263
10.58757213223436
6.627895448233855
4.817320198360153
2.47755941744479
-1.1984374364891834
-3.039363931953569
-7.876341914663299
-11.962190620347105
-16.432691327709183
-9.94182357350775
-1.3926809109032237
2.2262090809519184
1.6065152863056082
-0.014698114178875114
0.41521377307133883
-0.9006705636516348
-1.0383308065899843
1.0120901046229074
7.672690072598712
13.033535865785884
11.700439978733161
10.03809702973812
5.417393389510916
2.753827282895008
1.3146313047428617
0.6781970247407101
-2.806596235345243
-5.598837391960056
-8.003491494195336
-14.099991143493574
-15.826421398914981
-8.245535336602705
0.15786829442757333
1.9307609480756842
0.8560932495651715
0.5859756254022657
-0.5022606495122176
-1.3318075279737402
-0.731635170121894
1.731279536585546
7.2462533966441
11.707330279288454
11.089696729313866
8.280334236444132
6.342485498243677
4.209311009945915
2.2348036621365877
-2.253795059670373
-4.70270824228631
-10.509248190801657
-15.325296750561163
-15.95204421564338
-6.451430457027413
1.137457421033447
1.9736052904960655
0.3424335022761811
0.2728598412375381
0.39062263024929017
-0.9252238147667191
0.06837266809924356
3.4952970892585897
10.430089105826742
11.473907255941569
9.767407766490166
6.996764729616046
6.045825329892271
2.955181370498266
1.0941260083611755
-1.0078984280411087
-3.3076281237874565
-8.180498676965042
-12.274619546676632
-15.85981962756816
-9.917327022397664
-2.4736356931759924
1.3846771186889761
0.18375908119324863
0.4592742277243507
0.939990766517935
-0.3840775736833643
-1.221477933740122
-0.4864151513475207
3.4918201274168195
7.937303591361253
11.141237368971733
10.325814334121457
8.502052205123745
5.703423400569476
3.331870550840453
0.8246886390872128
-2.277402096080109
-4.050160326913534
-9.134421805398034
-14.354589249705091
-15.04427520206107
-7.356180883429458
-0.6192237018161308
1.1963359383156429
0.7406649699937466
0.4908020808183256
-0.001297897707189526
-0.5806557801915286
-0.8388699857782569
2.207688382360084
5.385686768815124
11.211145772624102
11.184536089171218
9.950919137716086
5.313502549094639
3.928677971283095
2.167697779972871
-1.1799450417694677
-4.721416338497341
-10.605790883017486
-14.921122151905973
-15.059600618914644
-6.787786984615931
-0.12385836724830293
1.0219067436694602
0.5784607995721104
0.9512357441909136
0.715298652689351
-0.32158222748917203
-0.3556061720397895
-0.5914919401583886
0.1498567693158034
4.379840486963845
8.140277404063365
11.310028012319574
9.952080624667843
9.023104997642857
5.290393009279822
3.443064423760013
2.1668507367979304
-0.17691654058465575
-3.3735106332112017
-8.750736574673429
-14.075854068571973
-16.830229471099653
-11.20723117852273
-1.9862391512052955
2.141970928108444
1.6255357022948647
0.583922508330877
0.4121533185870988
0.17624512986536564
-0.02391008819129245
-0.34771417920638825
2.2859690801525856
7.643743414472205
11.61920711095796
10.10148689392136
7.579359186975144
5.904677755146749
2.708384363893238
0.9672176015728841
-1.1862980239649599
-5.503587949811803
-10.522971914287309
-15.74365060396096
-14.109273572350281
-6.804637304031767
1.6669066523104865
1.859649007435886
0.10119862373474961
0.8922685910076107
-0.08371440351365335
0.04109495481980797
-0.9387454270617444
1.0894748056900339
5.192768697852169
10.878837923081331
12.166442278540346
7.556410158382505
4.987310440555057
3.698160033896567
3.614222608123869
-1.4388817522175075
-2.393556066648092
-7.489300852135399
-14.907726851983098
-17.739351717273276
-9.109167128867725
-0.24327095292352027
1.3109026875702616
0.7480767109328899
0.8262951581651821
0.7490823747938862
0.6106018227819343
-0.7982493720018331
0.9006347073868192
4.642230705716347
9.468481526761304
10.918362289120772
9.276093147623804
7.166943141959846
4.279890260998265
2.21770013503873
0.511712149288472
-3.0413267845246024
-8.532416510308433
-14.72905750042052
-15.395081305493719
-9.863286299903201
-1.4109522311036746
2.0683459568351523
0.8806029926522028
0.7267589112623372
1.3745967038711442
0.3289427725299363
-1.125075058908875
2.3020288994194296
6.4331131678439215
11.156188635278278
10.325198123590924
7.969199339734316
3.763190508537144
3.0310829454122685
2.260547707403863
0.19683321614072893
-3.044157480079985
-7.548779592416104
-13.871199804539291
-16.496619209865504
-8.967766577895697
0.9283517619838572
3.698679568768993
0.2765470655460579
-0.128934651286196
-0.6360692980323555
0.1224975563603896
-0.9014377910805239
0.14094253831698816
2.7153266222955272
8.365326625099398
12.916835857608486
11.200558146509556
5.9564913140808375
2.764287683682128
3.455255961541747
1.9288382275365892
-1.7872538654473467
-1.9972948224766258
-3.953966307253199
-7.997756560910879
-16.813244212855462
-15.636246284413405
-7.186820882977086
1.3195475025366021
1.9493244538501673
0.7326469227735151
0.8479224866242498
0.807148418687947
-0.2387139612277431
0.3491923496869377
3.2013064351633145
10.218954588695913
12.328734305351462
9.266727236849606
6.392396779384287
4.8045641910792165
2.1455535717773753
-1.5854491739994925
-4.535119660237428
-10.250102888835626
-17.180755997788363
-14.239238181062097
-5.259225177829275
1.5231272754625862
1.0221895565756949
1.6747122684238087
1.4016310075555236
-0.2694673792205834
-2.459393006004157
0.5072232560275884
5.433343571966627
10.45757906173538
11.498494596000345
8.141360868787677
5.45998494278405
2.5162383810863553
2.782719807794912
1.1981957389966766
1.1863783614653454
-2.451534427380142
-7.840569872882127
-15.211475050151627
-16.361998818783704
-9.019538561602467
-0.8967424016427468
1.6615744825920213
0.929571241277491
0.43665271920796156
0.5618773347697675
0.3222211442271545
0.12229068944442827
1.4556738805856455
5.7836591721291
11.524613339130774
11.139772276792623
8.264618031859849
5.373120289972776
2.0165062577746324
0.28887120004087763
-0.2397961675995228
-2.6143407842397752
-9.817737620313888
-16.123259112209404
-14.52464791653629
-6.040275427143997
1.314064146583906
1.1807863557255687
0.937731647324613
1.1300997543239992
-0.09801734321032719
-1.2812859243024228
-0.7894843589561602
3.079081881877471
6.584526601766126
11.04754236711203
10.300095899649264
8.119156442774369
4.753466732245265
1.4945165521129906
1.506390548714181
-0.9337036983279992
-4.787967361313524
-13.49602917044261
-15.354533534271347
-11.258738538859768
-3.0418038412068458
1.4453565867952187
2.4288774130532276
1.3105197953481902
-0.28164443063680367
-1.288382262941716
-0.6689019610422372
0.60693594282214
3.0956795805772543
5.551770513516933
10.138051268501586
10.751350309403286
8.01427368792688
2.941819325784721
1.8705623925205075
0.8751701465881654
-1.2182887199597852
-6.048206494813339
-12.047086363673891
-15.401153756640719
-11.149374144600408
-2.5950322112033057
1.5282799297316165
2.0943368457586278
2.063134833229836
1.7877968591454145
-1.0658940177552663
-3.0906786070985666
-0.20761973268397724
4.586759430245433
8.373446216930818
10.896372134486134
8.9603630546702
5.509277859130556
1.3164790071262138
1.792764578665666
0.9875586357354378
-1.5829679248988182
-8.675302073887687
-14.492381410608854
-13.763180329754286
-6.176610440185954
1.0061231597707605
2.639929906554462
0.9260602794075066
0.1502323273773109
-0.22376639196749423
-1.4191419281995057
-1.7069787081957635
1.5317664629059347
4.821280491679189
6.941117690786385
9.416158198399188
10.19581174263778
6.109407189278045
1.803358086760222
1.7049488248517233
2.222753987713855
-0.6842478133215601
-6.551140212922638
-11.36559892345936
-15.043017056218673
-9.94910932030745
-2.251586936155831
3.5070453620784585
2.025127092362885
0.5959410817383087
0.05865992801183925
-0.4189329123653051
-0.7167880843171377
-1.4962860169116479
0.6624722032407728
4.335199919334897
7.4647733015791795
8.343521123876217
7.881628229021111
5.62346803529957
3.3613562185938095
-0.10647011564297729
-6.408575697971259
-11.49473208137032
-12.514562837622464
-8.928433698806833
-3.208918086992819
2.3104488071924223
3.56921162906814
0.2965597352251972
-0.08397073573487872
-0.9089086148062268
0.4506300485666526
-2.0309997735050853
-0.4332928221712996
2.4864716310661152
6.278945862430671
8.428342940112477
9.110255443773216
7.218088456627284
4.138991373646779
2.3746776279301014
1.351355223309924
-5.929206109940872
-12.420447158645066
-12.204700987741353
-8.163793820677338
-2.849811548938085
0.9707324542703474
2.2552988344052456
2.122886974195476
2.715676522085141
1.3688070455684875
-2.6931788120038394
-3.312708011435074
-2.257283873523066
0.6611417699745397
3.9894433067270887
7.641211227291341
10.201453456609617
10.451994720309477
6.101274453220258
2.7464926008191957
0.910884734002791
-2.686467938040806
-8.925494044982388
-14.711883481870368
-12.013815626609071
-4.879163415905515
0.3198794529229883
0.44956903018584304
0.5047302833197596
1.632217266829184
-0.4552118728343725
-1.0808061310151758
-1.9947245257170478
0.06311254416870025
2.7417156408378927
6.166016550556905
7.0238073469078035
8.515311623218649
7.8111686510954526
5.277870708072674
1.7267551423334744
1.286222111751276
-5.129708963900333
-10.335696034302856
-12.172856701180425
-7.7778775728999845
-4.317428980644453
-0.6530820278097627
2.0204839823937157
0.18919651571172066
0.565384460208648
-0.4906624194101594
1.99847327590981
-1.8798745561091443
-1.0361054026344019
0.917454442151059
5.342748423582448
8.3848690642205
9.843055592917437
9.646076445152385
5.155860361202543
2.4467538199927965
0.6065087881293838
-0.9808057832513108
-5.89304801339154
-11.854134146382204
-15.157666624990597
-9.330581077841309
-1.7069988105361344
2.924849514142891
0.28767399268218513
2.5372016672259883
0.6397828946779008
0.4141595162388242
-2.0757726199172373
0.28026250535906844
-1.6037308131621193
0.7376802320112774
4.306319726918618
9.41622632703928
11.191703535286537
7.6468042988831915
3.6085047113678534
2.1325892919000426
3.1392617550482425
0.7577980588611878
-0.6249122884713665
-4.309360895721851
-9.463909768211341
-15.277077221749687
-12.163902199165124
-4.92449474407153
1.1010039165642493
1.0424850524352667
1.0137928340446456
1.1060931059651178
1.2009100705481541
-0.4885915111749567
-1.6051134389258026
0.6473026553035245
5.085758352708796
9.587918297936188
10.124844362048274
8.461410180522742
3.349221395178301
0.9257512783146243
1.1898328258839597
1.1312197829909325
-3.8288581218397555
-11.283762528840212
-14.901234564605147
-10.464646682355218
-1.8196244713616199
1.5766992653846315
0.7914836017892527
-0.2641106783430099
0.6925381218851051
-0.020398356155579653
-1.0006119949555046
-1.0903242905697708
2.0019794055798945
6.301058699430034
10.899739231870571
11.503682109670887
6.88896019626433
1.6780514570564464
0.26706356425237227
1.071496086334741
1.1884088543613434
-2.6261026335884945
-7.4501671370421745
-14.519385227937452
-12.388520305319743
-6.64505779873133
1.5603939022351454
1.9157341864765953
1.5775510680099067
0.11445610080412325
-0.5133693146012034
-0.20045602127403364
-1.517104908058859
0.06183122765007124
3.7629374475614554
8.007400814882898
9.74904851507223
9.627979124407178
5.110820698776759
3.645413410711088
2.749154499277445
-0.2803976367639576
-3.1604747136169435
-4.276251780965929
-8.119537044316285
-14.776284606446392
-11.67117692269515
-4.346086673201164
1.2809439344372144
2.2958267205093805
0.7763875909527753
0.5846071686701795
-0.6371446976709699
0.21380467476671683
-1.5503839593127668
0.18144566823790514
5.279747369741254
10.079292622348682
9.77397226267632
7.65233470883878
4.479669526707403
2.530527026694288
-0.029092271990187036
0.20554243587143395
-0.048493778723999716
-2.274855440328256
-7.234325261793327
-13.848267894900047
-13.088585856852527
-7.0496771459093805
2.124656871551805
2.3797431160532048
1.0846086956144256
0.11954568892300024
0.2672742316472385
-0.2718400801695066
-1.8370702905309535
-0.47778582374327466
3.5440913475730356
6.611368535305477
6.92370453375394
8.231409732781577
8.058684509983273
5.642381140979657
2.749633953528506
1.7252907990559567
0.06643981271313162
-1.0121743963845449
-5.2197410610666
-9.244077177971281
-12.910816609860397
-11.00129043912491
-5.326391146643476
1.4828039163801474
2.0750664443186633
-0.25394023581816844
-0.30782506310619767
0.09013407673128716
0.929474958089382
0.44451714335595705
-0.657780492375666
0.05247490684998207
4.319281423382277
7.845710146340357
9.026255699093731
7.531069986995437
5.011842451480108
2.3026890909336917
2.129587152796735
1.407071120779897
0.10634643896214739
-4.045537133560954
-9.282034963659562
-13.82111442256068
-11.365831803491783
-5.277421136910844
1.0874705360643164
2.437343774269701
0.3728212144315694
-0.41955864376870566
0.6356115571322329
1.2140148834254645
-0.7666671505525949
-2.8339080103905983
-0.4673884351823692
3.978504552645034
7.60887769944201
7.0831437329507985
7.309708578998996
6.077542176081372
5.001131745906711
2.310765033514049
0.7242825370221557
-0.798879312028261
-5.443575478556444
-12.249522419143071
-13.82393389476757
-7.639296637762523
-1.3310474707153794
1.7082519261016158
1.475643763083734
-0.48291684224531617
-0.13466671668911825
0.437237432869448
0.2465744234182845
-0.954266401418828
1.8269196396607823
4.831115681359077
6.487595019066714
7.817970374177723
7.6640773156491075
5.728815805438487
2.816828657863098
1.3220442024660626
-4.191130307896136
-10.091443527477717
-13.565466931993793
-10.892482036985484
-3.2728385732876455
0.94302765701679
1.3688454926222666
1.3992055026850885
1.6756718048345975
-1.0159015261508009
-0.6704877471669962
-0.5812813023241551
-0.4840764096847786
3.1236429191430086
7.557284476452176
10.155553874442575
7.983804801246781
5.8993864378344645
3.6966661924446846
3.0124950359729468
2.7002399885311092
-1.935274808510451
-6.73312245686579
-10.45067818256566
-11.213369825870016
-10.465096226419382
-5.139211578694209
0.5599711796304704
1.0579707942924046
1.139770812938975
1.350858286836052
0.07836200278361181
-0.5064133775016529
-0.643009327265398
0.26555609436874916
3.1402007743098586
7.49653123894594
9.948262285822157
9.447143549882409
4.901238148663375
1.3129370669613096
0.4812156118969642
1.7219680624359843
-0.4777017228123786
-5.415752699197111
-10.38884588027034
-11.875200502320583
-10.063345936812908
-5.076487326218262
1.0375824843568744
3.023509050501465
2.0665826389651025
-0.2869351344094036
-0.35828462588590454
-1.8219675390562016
-1.0819434454966723
2.017642682954996
7.486095284671938
10.215355550461865
10.31888276446081
7.9398707828353485
3.90350575942371
0.9672987083362011
0.903463905510688
1.0005394856677587
-4.071421288182182
-8.947493787886323
-13.337296800917466
-11.50359666338644
-7.228072953072866
-1.1096071056816528
0.8618759339759481
1.2253080807010335
2.2618079804363873
0.09673817073666231
-1.087738143318601
-1.7901929714941491
0.7033442589548797
3.459357463323952
7.818192302189246
8.845905662422261
7.749215891844622
5.201675728018022
2.867745160248227
1.3190311009411722
-0.09780288213956335
-3.1381559953449676
-8.453142783979121
-10.243468092097038
-10.700329803677926
-5.8904750379529505
-0.9487196198659165
3.484928488906066
2.3018656078509983
-0.3645985465536646
0.6193296520892853
0.05460358740416981
-0.8889670599414187
-2.34438346576578
2.136142680528765
5.0432640088375225
7.298027816304206
9.358930977504512
9.43571418594562
4.807609885419611
0.14756448922171822
-0.34205666785241895
0.3589270791616633
-0.4706843110135762
-4.427964093267996
-10.532846751766515
-14.086259298787974
-10.358924822882896
-2.380891329799217
3.509350236404952
2.3522225514484627
-0.3836535124432418
-1.2088955769921632
0.2897812014789083
-0.606789467697895
-0.5642455305429238
1.039979662756088
5.5347826699416665
8.332334202844255
9.792566277117844
7.96844390602097
5.213915063447605
1.8702002492155032
1.3569079077792983
0.9691626787621627
-4.010568451171041
-8.031611848784909
-11.3504063076819
-12.299394894612115
-8.417373711814122
0.9850980321648808
4.0330166565581855
0.20441980549532526
-1.7747091303927311
-0.3516865124225427
0.7154741082477979
0.553453534699471
-1.4744736241864864
-0.45937383591840353
3.577938244693992
7.386794727307356
8.872560967380984
8.544855140790393
7.07162522427969
3.5764881815807295
1.6151773240990048
0.7880829391890879
0.3346790251667785
-5.000433665665072
-10.107628240243782
-12.83331069372567
-10.208100318982106
-5.562918619298326
2.622217888337294
2.841746417479809
0.26011597769221606
-1.4142675411488064
-0.23197585929000328
-0.6044647358541321
-1.5735057616035446
-0.8177619608748777
1.512462702600702
5.882782382100799
8.560080401796148
9.312019932077991
8.06390445403118
3.478492513800962
0.6670604817085526
0.2779617093434064
0.7813575951919827
-3.1415946540479154
-6.176103198464611
-10.778792171068748
-12.158334232555776
-8.601978323374448
-0.3474213236111668
3.1834526717290412
1.8046287381509076
-0.04412031991770677
-0.2749351866843917
-0.16314373975823898
-0.20801005745419482
-0.7871456047973155
1.5438320288711616
4.852611762473913
7.104704243431635
8.04503838958792
6.8355746152803665
5.051951357313108
3.215298583404563
2.2331337796413657
0.47678923592953826
-5.114078613712549
-10.038545158498533
-14.052587634768742
-9.717889407921756
-3.2165296859738803
2.1223939083043284
2.646682481073693
0.5626654538500157
-1.1389230824477343
-0.9468410522605633
-0.017884506861869282
0.13620427388266612
-0.9040635918205012
2.213631408854087
5.29120491934362
7.914436022620253
8.134381287684985
8.383596987754318
5.777789439196592
2.469303984573255
0.9752715957976664
-1.9505564953299401
-4.441814617800045
-10.706484564105839
-13.729608743103812
-10.099493521837505
-2.156078018014281
3.013061057105364
1.6207962471142776
0.6765735602653928
-1.9253985343597635
-0.8861281540564813
1.7137565959654224
1.0727650502927366
-2.0259983585478287
-2.445322708716514
2.456406884317967
6.482784426495652
7.230596066592905
8.705438270671817
7.304308925868623
4.982419965754297
1.6381243010141942
1.3353212279824493
1.690232968292947
-2.446857735727099
-8.39737657711381
-14.069045373277415
-11.649463514417775
-5.8805762589454105
0.23432220186567002
2.649998758281677
1.3597417128829414
0.20721939731416683
-0.3045787833112119
0.6573761960709864
-0.2636190450075664
-0.7369922099135997
-1.7318502617760059
-0.48074634651116455
2.7287454015870654
6.115526243808532
6.532239129309181
5.754300066161678
6.454738163135069
6.464099942210609
4.9251609882773595
1.3128083920005897
-1.5521618424165788
-4.78328337923834
-7.91618162259257
-7.876508491725739
-7.811749529981035
-7.4826566439948925
-4.305226964436403
-0.23716191173965948
1.2818194078945055
1.1650830920420274
2.6391673965048534
0.855426434124752
-1.5270964338508466
-1.1309128443979877
-0.9042857939941625
-0.03800920795159001
2.134747635986782
6.538795230222072
7.42593153885504
7.373099554759037
6.8414623160016035
5.185035008789524
2.2702414979238466
0.6438570991852044
-2.39151235333603
-7.464195338690532
-13.493731023171712
-12.067542588958956
-4.049040685137586
1.6757977257553975
0.4513551715240481
-1.4575109448868924
0.13444596724368943
1.0086805864349784
0.03106949149487014
-0.13382610091290753
-0.5944074590947778
1.7065698429491365
4.601528566948091
7.756765221080644
9.701914020364079
8.27509603413302
4.28566973551647
0.6363644644735207
-0.3611217487113895
-0.7738786879598321
-2.2644071893749973
-5.526410902786468
-10.329449179783508
-11.310505696053669
-7.0439643954429085
-1.5358289897075583
1.8182725340496477
1.3058430815570359
0.22047255288683848
-0.34819472436004206
0.6153368397333502
-0.357790315329544
-1.4823790295560715
0.12618184888199654
5.300835954271679
7.406524461114112
8.833414871098917
7.979904147566962
5.6166350198696415
2.482879012832923
1.3648139886763964
0.05694306798778024
-5.438050577390819
-11.020418410482417
-14.203827314191221
-8.338864020644998
-1.815931134477217
4.4778337776469845
0.9764799506873811
0.15507936071225853
-1.6921327230485612
-0.014977468455878737
-0.8592712663847224
-1.7015490358805354
-0.8664523583044852
3.1369848062354087
7.627504867517345
9.241407741491898
8.707882981510084
6.734344119698058
2.6401921283681578
1.3100111257467073
0.45372048758775346
0.8225135436066602
-3.1619620797802805
-9.680280900407817
-15.654885334032294
-11.76514408005901
-2.2076304748416153
2.5256585063079373
1.101731806941012
-0.9978045729048299
0.3358659889710241
0.31995975999119036
0.23700652905287153
-0.10122383586816941
-0.7014589354312605
1.0655624858907065
4.657640529730583
5.548624161836407
7.910294494895911
8.391588239446875
7.092877364102359
3.1176996037374956
2.2246530617587723
0.4100276006447878
-0.3650862985111465
-3.4230673494338073
-8.726983663267342
-15.278624064654252
-11.582739027679187
-3.6178327018050807
1.5193640131268373
1.6200706956253468
0.8051012493804077
0.41677932739285284
-0.5921138757731312
-0.6624022310397915
-1.6539819325098861
-0.2245902171092637
3.4741229412596257
5.554648506102094
7.587249988821406
9.340900567346464
8.771205546802328
3.6254278225068677
1.1521795145506963
1.0612387989823784
0.9181039004679578
-3.749213504547675
-10.775514668822899
-14.507037882733316
-10.989875077230721
-2.6166994271388306
1.3196149877849426
3.5555526366244155
0.05502297141216944
-1.120682382308858
-1.1215909908077162
1.588794873959679
-0.026905305436675478
-2.3325514698909116
-0.7857432781290329
2.905767934174415
7.217887672597793
7.027076200252411
6.945431365046019
5.906551930745122
5.042340729853463
2.833827287542946
2.2658539795732557
-2.1113108188551775
-6.701647522253506
-13.417811865736
-11.089272949762053
-6.3869540405433245
-0.1883470116976076
-0.6716228125385072
0.8574295254096029
1.9205503089966445
1.6206398485111733
-1.0802387382764704
-1.4430559146178443
-1.7051427109256434
0.9700617840311945
2.840827773043778
6.049003250020853
6.124819349101816
7.436908147355792
6.234090120281438
4.969895721761444
3.0064077994230964
1.6042233861355173
0.5544622577404644
-2.7405026561950745
-9.23185709387083
-14.953842098025744
-11.686108168800802
-1.6311486321544655
3.389280695964582
2.2774881732854935
-0.8065875155178525
0.07839922007436607
0.926670923728498
0.3309701711967799
-1.8200677326923211
-2.9768608424316096
0.21669482453106637
4.435576646267911
6.010298104802671
6.454631015333551
7.421147975992567
8.150183898897224
4.853087439091189
2.076230033613074
0.9408816039032499
1.1489544787354025
-3.171613309709929
-11.976520671616603
-15.620785658969911
-10.570833879751529
-1.055450696417047
1.4425533478399708
1.31167211003905
0.5367405134453787
0.5385698602299197
-1.177341023610855
-1.7390967014625405
-0.26579479105261605
-0.34211865116471507
-1.3851677247943053
0.9036963140226554
5.370629445585594
8.150719914428274
7.889838683135543
7.691613612153088
6.228345341505367
4.028649184712066
1.847408073533958
-0.06751012194681379
-2.1682889948889907
-7.371515035410893
-12.956018013485808
-12.305826859103806
-5.6300985035145965
-0.48266234888060583
0.549658559560225
1.4204620075507217
1.808561230862648
-0.2842268601517831
-0.5299482894539502
-0.8137385831505608
-0.7458122188276827
0.2038265166487419
4.908522838417847
8.095483637957107
10.454164612578976
8.445320044328227
4.555080387378092
1.4788916938508987
1.250482970003537
-1.667015342017998
-6.718410970331581
-12.50640709594467
-13.800640213179882
-6.923646819977177
0.49104627904412945
2.945041715776084
0.47232745094142686
-0.5893707197613293
1.2974639681121516
0.9141021566872357
-1.938424360082158
-2.27911176915326
5.113287757189509
8.470254687551911
9.043721165186449
8.264401203611385
6.814551407097472
2.2384278047469484
1.070440147990849
0.2224804060363399
-1.5455702981437338
-6.900709933177425
-9.725319612279916
-13.288504706975896
-8.979934974615684
-2.495646393018541
1.3074076985421916
0.756610028605936
0.31813424737496465
0.5431736820073988
-0.47983387680027056
-1.0438891377206134
-0.7109258679063538
1.3912781351367807
6.630720270341441
7.859864894127618
8.792201720148917
7.591463528075382
6.295331910768507
3.1725166468474413
2.3129148207809185
-1.646052878001443
-6.818508951323542
-11.262336427163406
-11.880918424530686
-9.11056624455075
-2.710317996600336
2.079229921824865
2.4942156082981035
-0.3908584381643504
0.17977257945948089
-0.017216890612853447
0.19937981402589644
-3.6822094409972697
-0.7372937779566796
2.964080508420873
7.588580907006153
8.916855044501803
8.648379243833995
6.8047129935978345
3.9950080037621865
2.7630755869607633
0.5469277760488711
-4.657074682980198
-11.442597402207399
-14.355114215051684
-9.276279756336292
-1.3841728976615824
1.2528644252804182
3.6272199402690415
1.4833607587336974
0.5843959381450424
-1.2430532217433061
-0.7107936013825016
-3.664048213999156
-2.7404303031138197
2.55445134567048
5.2649785912074405
6.614496542669574
8.381124382018884
7.954145512793917
5.533508554312779
3.6268372844332726
2.9678712437990606
0.574520337501389
-3.4685342033375006
-6.6612152495081824
-10.843123177269746
-13.060109417274074
-8.588536111876934
-1.0254991121157129
3.2858354788775532
0.15506989639445073
1.8207296229286458
-0.8818879946560034
-0.7116109846102833
-1.4151709078790176
0.716123525512588
1.2876271858229023
5.2585698368355756
8.814756494287398
8.908145453341765
6.677869470419193
5.233787541628145
3.0747664116273823
1.4217629128491591
-0.27793103695842786
1.1045528010385126
-2.506293745838918
-7.047990871108555
-13.90761998870255
-13.080649265893998
-7.579999046508197
1.4428381399222805
3.0363907022556553
1.8460159770840434
0.3268660684304128
-1.5738030500980271
-0.7525995307116157
-0.9403176912820939
-0.342060549540788
3.2495036474764825
6.861580843635504
7.757112721899892
6.343259032004734
6.674574223642433
4.139778453107384
2.158446979670761
1.115645298536906
0.47654256087639446
-2.2812815147695606
-7.043584181101098
-11.290578532965752
-11.963824134121152
-3.009908193152896
2.0268019826171644
1.5135247023222087
-1.8206519668919898
0.9761736888772922
-2.6235909077445356
-3.96711908513588
-1.4356672004554931
4.133679562828114
6.412426012323529
8.454919271663071
8.338045053210681
7.337025872772847
4.0780378623786415
1.580620743375557
-1.372930562933144
-5.4502200594154395
-10.535482165370775
-13.349427067491172
-9.747208466998915
-1.078462861780074
5.12523074271505
2.310004736718122
-2.433701152761708
-1.291196119885491
1.755881844960251
1.1841120970976902
-2.400604469000056
-1.725885542577906
2.441069911929717
6.45087677103024
8.364106111335543
10.415114102727179
8.514820875506022
2.3815346543880276
0.6430068555323541
0.17765962664044632
0.23207600360443484
-5.302809562762917
-9.062907216981522
-11.895760269965836
-9.840681342393632
-4.966069378053596
0.33805010281234427
3.5868685296029463
1.0812830377950764
-1.199959291128259
-2.046451164609657
-1.0499266082742582
-0.3656657426024093
1.715785719130063
4.80448752793872
7.493284932650336
9.432998430133493
8.38732561438774
5.456338053566296
2.5168491829029844
2.1519493312145777
-0.7298993205395459
-6.870034644929206
-12.68446212246644
-13.621420419163488
-6.611135794404931
-0.3394503389817509
1.1022529320680095
0.2856765071054189
2.3227640040755695
0.6110866677578608
-1.4142123077459683
-2.819804012542001
-0.9664630378958768
1.2462507953433946
6.189354460694498
6.825660012392459
6.881010670223901
6.691213274748181
7.705505606882624
5.309817943656023
2.904736735348713
-0.23390342356056534
-3.7757265082516303
-7.137179597446248
-12.66189110233648
-13.68870771503402
-9.008668024523068
1.6237919730777397
2.5980003860297547
2.203751999073538
-1.158923120351511
-0.24880086276981267
-1.3667326512605598
0.403228519184667
-0.5302549344303543
-0.4800649886225229
1.2436137416951734
4.459070231672699
6.666178802045765
9.104266699005342
8.667663058788126
6.588357274302445
3.0759724887472935
2.044935449110288
0.9963995990142449
0.3692929873788918
-4.144567804260628
-8.801276139044916
-14.52080636400598
-11.406644325953243
-5.355558249926124
3.3170867226903176
3.0611365258683407
2.506654411159285
0.7759846667836464
-0.6561039200206205
-3.105286334128652
-2.8997696922004224
-1.6380300650295359
0.6397487551384978
2.3774340960529625
6.449350059157166
7.01411981001436
6.537310362603212
4.1188519661103635
4.690753238624897
3.1160060546271553
0.004827469208179832
-2.8514346732626916
-9.552492210656013
-13.028390344037259
-8.05382420373821
-1.4531366117370037
2.1727399931388076
1.5557547282245971
2.73620557103768
-1.8330737020090098
-2.254466784455509
-1.8903692335304114
0.1908691346809069
-0.6275293169165401
0.771463856368156
3.945562904682023
6.593816925684882
7.329998875505082
8.369404842265565
6.809223319241123
3.8412607509979155
1.848893891770937
-0.3751514650496093
-6.6046060059584155
-12.150552245920286
-13.892095780001648
-7.7170649582337605
-0.6791252586994889
1.9792092435107551
0.7978366393562707
0.8699114789311185
0.36628728324486354
-1.6631344769167038
-1.515946407830327
-0.492140503931574
2.1977907425135865
6.126089529229283
9.750298351856648
10.478042479464797
7.343295325149657
3.4556693434836045
0.8693327733027473
0.25519488083806
-4.497515238455461
-9.431776882329679
-12.482489307151956
-10.359780284510869
-4.517852821051156
0.6646693098073636
1.4615763618879791
2.06628817522659
0.1757801881179652
-0.6965564764553993
-2.015279777586078
-0.7424641665399687
0.49270251639196144
4.889551435326607
7.486753948749218
9.62558202350319
8.880450840093323
6.284819443256122
1.7091212329263867
0.773863399806517
0.11442428685852753
-0.78692926622608
-5.783442843103579
-11.22044918777799
-13.86531630172553
-8.433693050848866
-2.6391347598639556
2.227131989197055
2.6899535591505797
1.8847762115860411
-0.03255217111874672
-1.3045312605558177
-1.2970955495736674
-1.6374906656398878
0.12204326608803974
5.107994872095577
7.254390758610927
8.209612357300239
7.367427742617771
7.298418098950938
2.032568102479264
-0.47655323584141973
-0.12064814936875058
-0.5783769129854983
-4.2148583942115
-11.075672119834438
-12.412894246738546
-8.588454269696221
-0.5104338603724746
1.9385513176894527
0.6122010319798311
-0.6809825491248555
-0.7466563160387198
-0.18293610467664395
-0.14066168880473096
1.870497399006513
4.644573496558526
7.836089654201467
9.414481934754512
8.163933223292645
4.234580349089812
0.7630376565197923
0.14325130126607558
1.4082425728242522
0.9368321391105684
-3.066878307071829
-11.846994106422402
-15.54301416392874
-9.947791417828686
-1.1423623178232187
2.925840714295795
1.3808769280973898
1.8421945541865132
-1.0973190940461977
-0.035758982768180715
-1.521841455213313
-1.0430213310656258
0.5398936894704824
5.383791748689667
9.908931720966937
10.262473574072057
7.463230680538779
3.7864352795019007
1.0774999888840677
1.8626444236936817
-2.718745113878559
-6.421793193516885
-11.015170023066256
-11.179373569332899
-7.964435283046647
-2.6958019133654836
1.4052715040695178
0.34817031240394797
0.30463036560201895
-0.6152315110054672
1.1949941492008693
-1.0800026302848031
1.0455196236786664
4.922707986370434
9.042496314053718
8.98775570681528
8.904343749788788
3.941203868769362
2.584409129803758
3.8213977472514977
2.6850481723349713
-2.558652315754357
-5.55098927871613
-10.01011678042076
-16.627429802793333
-10.746187350191668
-2.7455410597179473
1.7788700978335719
-0.3682083905822763
0.9220758468864656
1.4491093348755975
1.1126344765836143
-0.4272517857579226
-1.7750779682450897
0.08667629824136595
6.0448908034581015
10.190049614320294
9.644733339670095
