0.26679841897233164
0.38176033934252335
0.423913043478261
0.07826086956521641
0.38176033934252285
0.05115089514066482
0.34161490683229717
0.07826086956521718
0.46822742474916257
0.025083612040132434
0.38176033934252285
0.07826086956521872
0.42391304347825737
0.0
0.38176033934252285
0.16651248843663247
0.1358695652173927
0.30333670374115196
0.07826086956521563
0.10647737355811854
0.3416149068322951
0.3416149068322992
0.0
0.025083612040132434
0.42391304347825737
0.1665124884366358
0.42391304347825737
0.3416149068322992
0.6159420289855024
0.05115089514066764
0.6708074534161408
0.38176033934253156
0.30333670374114785
0.6708074534161528
0.30333670374114785
0.38176033934252285
0.7289002557544765
0.5640423031727362
0.6708074534161528
1.0
