0.6406130268199235
1.0
0.0
0.8213333333333324
0.602962962962963
0.9352657004830919
0.602962962962963
0.7242798353909461
0.5037037037037041
0.7242798353909461
0.875925925925928
0.5677419354838712
0.602962962962963
0.7242798353909461
0.6406130268199213
0.4745098039215691
0.7242798353909485
0.5347222222222224
0.9999999999999983
0.4469841269841261
0.7242798353909485
0.6406130268199254
0.6406130268199213
0.5347222222222224
0.6406130268199254
0.5677419354838693
0.8759259259259248
0.602962962962963
0.7242798353909485
0.6406130268199213
0.602962962962963
0.602962962962963
0.6809523809523851
0.6809523809523763
0.44698412698412887
0.602962962962963
0.7242798353909485
0.6406130268199213
0.6809523809523851
0.47450980392156306
0.6406130268199296
0.6809523809523763
0.7242798353909485
0.567741935483873
0.7709401709401704
0.4745098039215691
0.6809523809523763
0.602962962962963
0.567741935483873
0.602962962962963
0.6809523809523851
0.7242798353909389
0.6809523809523851
0.6406130268199213
0.6809523809523851
0.7242798353909485
0.7709401709401704
0.5677419354838656
0.6809523809523851
0.6406130268199213
