9.729989946577922
6.022416121903626
3.4534774244911297
0.4370424026337095
0.6922405665584775
0.6911849842105268
0.8415653064322928
-2.431210834154041
-3.607872708830152
-10.865546676373175
-12.507229186600897
-12.510457568177213
-0.04580249243737163
0.5003204835156589
2.5019397675237
-0.06837287020169416
-0.23821071777660222
-3.015158078785342
-2.6988214275110067
0.9349429211674481
0.9431135402026746
0.7474359728487378
-0.5951940034339135
0.26187507475779453
-0.11638562593368226
-0.5986000467640255
4.959034986237918
15.065297841142549
15.682564788984484
6.685039762186599
0.8256315382996278
1.0462742189112129
-0.3280295455585314
-1.0444758497467677
0.7066589134581206
1.1784969556484457
-0.08726976383939741
-1.3896272217176533
-4.781651948421905
-12.743881623323434
-11.95865544044509
-8.724469527091102
-1.399031004190714
-3.0752880366655893
-0.2598872713618631
-0.5655493422924107
3.0246386636099016
0.8479891493591087
-0.3627308807850184
-0.6715421395403316
-0.4257807937399292
-0.9533254710519546
-2.8179033906431883
1.0095630485555303
-0.7377755403475066
12.77804605161325
15.926011274860986
13.400868308092246
-1.0708437140272957
0.15421967028892924
0.1426484114825563
-1.377715765156578
-1.085693465958301
0.5478410809357734
-0.03053755493159086
-1.7840131061310702
-4.08740940306474
-7.306125632350623
-10.222255846430352
-6.00745906075778
-4.058568287495172
-1.3547292036805243
-2.094324779146402
0.5164750947251359
-0.20099679480825322
1.9512267531673704
0.43978330087536366
-0.7121533266813488
-1.3132702518990194
-0.15764882217347578
0.5020042562475192
0.9016630246908157
-0.043342206400005676
-1.0584083351026436
-2.839890543347941
-1.082298956851405
3.9444642402334535
4.417854754319443
2.10583752418931
-1.075832814419464
0.956754150254815
-0.6211775332335812
0.18173791121145208
-2.9845072342120678
-3.501672430592657
-0.7561041131306794
2.6973085680362683
-0.0912052425915758
-2.6408309162879133
-1.1551261716777323
0.6214783453788225
0.15727057258686228
-0.1750774637913719
-1.0298228853260472
-0.5290658957566673
0.1130139713680521
0.021106770985474886
0.08430088352840096
0.27128510603436057
1.286758166207871
-0.8701228771512204
-0.7048985683049004
0.027767344639943
2.6743009614501547
1.8917725770266298
-0.8369727034679427
0.9044849161507722
1.2806343728325609
-0.5729542721857984
-0.23328878675044157
9.916827890705452
11.717947724097684
6.080895061487512
1.603324477691345
0.8402426240043178
-1.34958645367711
-6.9185082750461495
-11.372590563296272
-8.444880257500124
-3.430559159020353
-0.7303893464205561
1.1368281837751144
1.718115678582836
-0.32648056411392257
-2.620572454278404
-0.35379921998753466
1.2365802849939493
0.11691534677895785
0.9964308005867342
-2.911198191656033
-0.713373847776051
0.11646014459133111
-1.0902974773782816
9.139046930413798
14.99675896565518
14.020441992176057
-0.34873996406255336
1.4726699649544237
0.7191144854678566
1.0884548730423431
-0.12962742231191807
-1.0729150895967503
-2.59856129182678
-1.771170695742685
-2.195844646556423
-7.955985772847202
-9.656660590582385
-9.872035483911647
-4.423574309419328
-0.8275591641417084
1.6071898755925367
0.4955043657972492
-1.849278476488312
-0.9884650543527748
-1.1886996622605572
1.9048204806569824
0.3338183369213652
-0.7611043954608414
-1.8566194768209878
1.0473446725085442
3.9113168048672176
1.7969439008782542
4.425353508047688
10.24115826930882
10.855796286153177
1.620080984816107
-2.800624543424025
0.6805143026391105
1.6350282632823432
0.9109945080998615
-3.084661183161286
-1.7271514387405102
-6.461419279548758
-5.679373918945621
-6.8134231766720745
-1.0544183335448192
-3.2451943462368944
-0.1650418436302398
-1.592710624909149
0.3605196577756405
0.3676136382995895
-0.21429360760934732
-1.5417914576150715
0.8299345194493642
0.9935808360896727
-0.8916151221577949
-1.274570893983188
1.2572827668635633
1.7518604449304793
2.561842094314546
10.76881882659964
11.42329208242824
6.262878416216531
-1.4089275104460837
0.6971662445805673
-0.9091445133837227
-1.0409538381116838
-1.6816632595530672
-0.8899654593464773
-4.080120020477055
-8.026837274445036
-9.22132025671603
-4.35158539973497
1.0672066595911611
0.13612190734698096
-2.2353920132291893
-2.2835418667452245
0.39910428582204704
0.6850202016079817
0.13490122596523427
1.2497454792453144
0.4918878964723717
1.7183827033557058
0.6694700230976115
-0.27531505361770003
-2.5657867834411925
12.46230613509673
15.477620787351677
8.554488608567366
-2.795889511189654
2.119188965451527
2.082041296223925
1.0260715491685604
-1.2180147513648862
-1.785193647579255
-3.895393362596687
-10.090242789095052
-10.056722305051235
-8.557692047644196
-4.111706171995884
-2.71583225896494
-0.10740376063518613
-0.39113719166850136
-0.42547549392409106
0.8039214330123119
-0.8175918349710505
-0.2238763099764093
1.9913985714065416
1.3641321647384945
1.6624424393691744
0.8313928724784411
5.202124456955937
4.326192653921221
8.841354313335351
10.030851955135237
10.528003910720985
3.878941850981126
1.3397207083657459
0.08840169429888776
0.19202239870913365
-0.6559994430922501
-1.4354875864788526
-0.9780772602086597
0.19487177606072617
0.4539803742643616
-1.7040773492096821
-6.173988269660562
-12.028425418376644
-13.321554247021727
-8.247090678743938
-2.512723745820378
0.2701390372003258
-0.17063468804073983
-0.5993306324232793
-0.8763395825491819
0.25479672695231026
0.6525426177309547
0.00814615753215456
-0.6528534270837895
0.06019552647433334
0.3798362438676919
-0.8491976620848942
6.52413964491092
14.886667758891031
13.565676045592001
5.404733363386355
2.166331300171039
2.6950585320376055
0.4024868512237926
-0.49869733099430835
-0.49197114189527497
1.2520727020288969
0.8363973628711049
-1.1033331176968293
-5.831580621049637
-12.944038128511787
-10.23204710641565
-7.353648480009197
-3.6769979792475858
-4.379976555025218
-0.2917407285246631
0.3046978400115474
-0.0385354673121244
0.1322123065459129
0.5732317701346982
0.3891766713431419
-0.2828255003649981
-1.3299167609444549
-1.959634062951481
2.6073014777885586
13.86486134593308
17.803235777601927
9.898562881883354
2.563013161022805
1.9986734734508742
1.559476205165794
0.08414826729382016
0.6741691362317923
1.0205469666996905
0.5274341753139785
-0.9125986863326917
-4.656427649190903
-14.065265373176
-15.415912722459204
-11.782512012364377
-4.168198355437264
-1.7329346185974266
1.070420897169878
-0.25210215172757655
-0.6975056311394312
0.34082750150170493
0.6137902466136221
0.8322982509350076
-1.32462226437333
-0.9279907166783213
4.230590359315986
6.283767469429088
12.94198913634978
13.292015529829126
10.629281984117236
1.4156315107444868
1.5274865399518176
1.065906264787248
0.11852336682536532
-0.10115760101254959
-0.9363101649769889
-1.3991085124714124
-0.8493957330446044
-10.493184149527707
-15.25949794165393
-14.641920954907965
-3.7631672731135692
-2.002446173183326
0.36400215955937415
-0.69170107112231
-0.13058129685474587
-0.1519213685803508
-0.14948139572531408
0.2449283317819179
-0.3659941629315565
-0.16927613912584244
0.24689605569200945
0.366283764632329
-0.26187025548139825
-1.469248152069369
3.4836383229947168
12.240817730200224
16.84601911166293
8.609542537455509
3.341910055026168
2.2632787881070717
2.6802154135386607
0.11662713285939749
-0.04440244669115428
0.07883907859142641
-0.7550852881533459
-0.6734685830599487
-0.07561055694670206
-0.6772320598398986
-8.331090737469177
-15.620055032636905
-15.17073115108588
-5.503619761856027
-0.32665632367079817
-0.3467808478442903
-1.6657359573019697
0.44746424656383893
1.1168174951980832
0.493077561679658
0.2860564070266457
0.18220907764004488
-0.8563097567314201
-1.9490365778474532
-0.41728776266338347
5.208078934219013
8.83457441890838
12.451094540075987
8.137783944246511
4.544722240604491
0.41569936458921636
2.4987250639499337
1.3706081813324893
1.8717741187061243
1.5668748916752862
2.245452817284123
-1.0135847423737
-2.5489159223997526
-1.7921966694056677
-6.412255451747211
-14.005729450568206
-14.516731131901995
-8.62655916904059
-2.0835459237426575
0.8777545864225923
-0.31576264915760016
-1.019150742390123
-1.1610072838426986
2.1568730759403256
0.8423429450893792
1.9447704939685748
-1.4958960001960366
0.17961862321480596
1.543753900109834
1.8904216527152902
1.737670584541094
11.145268008341521
15.105108396597267
10.867288167452214
1.0530497035372004
1.4085595539771563
0.9080543331890777
0.5354817643277406
-0.6690400406471798
-1.5023905742113328
-1.5558920595889314
-0.47210676054559364
-1.0682596194504506
-1.6788014607733057
-7.747314200340212
-11.456108364366244
-10.901171939503708
-5.1295078502242815
-2.7813805073853235
-0.9356547929603123
0.5010557908816994
-1.678171767975505
-0.21127102598538858
0.5608664157770635
-0.779326702660525
-1.345732312311266
-0.3359223203458201
3.3980710580582483
1.5096529185760785
-0.8500565131831325
1.1332017504025351
5.8503210316061915
14.154909727927306
11.525936180554138
9.153079533320593
2.1376645637254086
1.3660460110847703
-0.561272645840368
-1.2028450329804443
0.5422911922977256
0.360544822622013
0.43960805216021914
-2.4330018724245397
-10.432688487727246
-11.735637762690395
-10.277702411165796
-2.4761772658156884
-3.5017899060316924
-0.8176924995244199
-1.0310823178952053
1.569231475051507
0.33622122764932755
-0.6497882757382692
-0.7382768647196074
-1.3705255562319258
-0.08178859897526795
0.8899801492079424
0.8954396453145473
-0.47523118888236443
0.41403444716836985
7.450724470071343
14.098321913253242
12.957817661101169
6.277488108039796
1.8399307052952876
0.6626198712401113
-0.38884635144814284
0.6863679277539537
0.3606275688324366
0.023567949950688234
0.0596049683485537
-0.47968080145966824
-0.891104391944293
-11.567989030143393
-13.606088163747168
-13.593527000632115
-3.184258318783849
-2.559119735653144
0.5757208732285598
-1.6311722801568602
-1.1520196813784285
-0.398471814249755
1.460108123776651
1.4500011369176364
1.6515276298358628
1.2590605676920603
-0.2159740213924683
2.7992655830929296
13.158575442819508
16.357589793199885
8.712107674445855
1.6298123848580837
1.222393875333257
-0.3664243606766
-1.0774638616469758
-0.2873125100127884
1.4081481017589847
1.1100607287580897
-0.06851086307431245
-0.12327718151901736
-0.9542687273575137
-1.9743087029268291
-8.719029028570718
-13.465156312248373
-14.71496926980447
-5.294220080112039
-1.3770428271476014
-1.1313151237041807
-1.9842762505126945
1.049847023887903
-0.1306368204270929
-0.8998139994034762
0.15381123893683082
0.7058389675965053
-0.10761776955683923
-1.092433857488828
-1.3294128428082594
3.620321428270719
12.401981417065587
15.653376986049746
9.618725777753184
3.7913329377064175
1.122194404040379
0.7089945518190668
0.2404742321331369
0.033755015663244334
-0.21962325729275384
0.793965627540146
1.5766551191057847
0.6158135065471065
-0.4406080942757698
-2.758352481176799
-10.198056021146364
-13.4279032164212
-14.107553004375518
-8.916222741369493
-3.116350122748877
3.0744992898723904
2.1711402251840943
-0.7111249811314029
-1.8390859730220406
-1.8199032224856964
0.18772760544563363
0.12273633158453048
-1.3879245224013959
0.13002223321849318
4.47052858556971
7.10054584701237
5.867653899220768
12.974435807099951
11.692674082644107
6.415906275934978
-1.492514804509502
0.6185549162081853
-0.07115884796338583
-0.19404786750520853
0.7254498966888873
-0.934266744562595
-1.4231411794985374
-2.1125811119987015
-4.346611688749097
-10.5777503931477
-14.320332036831955
-8.257753602945218
-2.0480586543993065
0.7542861339695579
-0.006854086987263189
2.149310590193641
0.8650231431146695
0.20438685539429288
-0.05466382315186541
-0.02071825737322294
-2.565039716779789
-2.44006702727389
-1.2086770407966392
4.265391332568909
7.082171425604697
6.985635757677056
7.533327295919958
9.308617445404176
8.416230274187596
3.2102547806078907
0.524799588298691
-0.46250913488365886
0.9440975284909195
0.5498921584274667
0.2645488868282932
-2.070609399922374
-0.48541128433736286
-8.985634778149238
-12.356150479686088
-16.3737678587939
-5.8246207842678
-1.7226292758129336
1.630659874168935
-0.2846199421827789
-0.12273002118669996
1.98043983672495
-1.3686740021598391
-0.17055252188426848
-0.8477148735926215
1.537407076003687
-1.9237622134526542
-1.5564829106772866
1.276962352679475
4.801437816647086
5.94031485914389
4.950823889172377
12.04396648300015
12.254372348978983
7.612590676864581
0.542840250548999
1.6968351067673546
0.06767694160953015
-1.4399759972051183
-0.964421183711833
-0.3744310190907721
-0.03916229648273762
-0.9024399089929953
-11.028814988089932
-15.995537010479431
-13.661445702664007
-3.389950320455546
-1.0548387105016066
0.40174725294039926
-0.5769481094433226
-0.326237969757016
0.312089463810335
-0.4568023972630553
-0.31638398865901524
-0.41343164449144293
0.36141725363259
0.20137998024854364
0.892591713520208
3.151700108399844
3.9519683908453738
6.532777653925232
10.664099987226768
9.175552414796131
3.007178926883335
-0.45193843911786397
1.049534271660978
0.12014030995094477
-0.5834465616417049
-1.038503120063882
-0.5893387622499375
1.5999006245222707
-4.49007935822322
-6.592656037138745
-10.131145729108047
-5.706864813681221
-6.035384556333863
-1.5059577197879168
-1.6085077309906428
-0.4354252357200025
-0.7332107765031413
-0.09035725395753502
0.1765478524511372
0.25283320323932035
-0.5633963974016762
0.9831748786121508
0.03287882798583305
-1.294580125974844
-1.2970105015857747
4.81113665063306
10.403204604025671
13.554210928268063
11.172869129782017
5.638388955327765
2.239408695789839
1.2227966562130328
1.3364776292554594
-0.9200309373312211
-0.46897311661307506
-0.3064998060114018
0.9561224818184746
-1.7065020810325966
-2.492248445107674
-12.245051096598866
-12.352101842314193
-12.409127341948484
-3.0787370804701184
-3.8980400793519787
0.06818063224677483
-0.18022545442619933
1.0916042540255875
1.2901985416181305
0.0006518213382811593
0.80929208148245
-0.5423206070557699
-0.671819754722947
-1.258339728920535
-1.1747630948223426
0.7492723763284773
6.850978988859148
8.09604696508463
8.821024314285275
8.64601057800404
7.258062484489729
2.2645784508369475
2.0014237122234073
2.593013731688052
1.0848045458424767
0.254023348370503
-0.5764509419489444
-1.6404304830311063
-3.880008810261353
-2.147426972995665
-6.491089912554196
-8.775085083810193
-8.592544468501282
-6.703052422529956
-5.676860397028236
-3.6650713290919974
1.2678412127095993
-0.7218569201628
0.655129617578056
0.49218945392008073
-0.2212036420003639
-1.0071421250272226
-1.0354197677929513
0.8644567279671805
0.9936140797526765
3.1084121447898325
5.389073351477575
9.654233861335399
12.146082318170086
9.260008535016173
4.077073501544353
1.2278163131462427
1.739659400074044
1.021805715131723
0.7123043988654959
-0.37796343372246693
-0.607501512814378
-2.406043932440554
-5.1648347021148275
-13.261814044899827
-10.557755983633076
-10.044675674076124
-4.267855095521373
-3.483189441138373
1.486158731193225
-0.30182720543460184
0.12503510287182595
-0.2376609297499326
0.47907740487742023
0.9515445932568014
1.454265685281545
-0.6725343347436898
-0.904534180572103
-0.8205235203237349
0.07874125671358427
5.3368195201704
5.440183930285522
9.485582338249598
9.665637006947925
9.050403305800641
2.2410236874023335
0.4981861189024369
-0.3284137483301328
-0.29282548816734855
1.4799063729652093
1.089847258036182
-2.036258247468355
-5.574928433220519
-8.54371483987087
-10.652083938708518
-8.280133413945066
-5.31145583115549
-2.6373085808657404
-0.9424078612530534
-0.047371337925358886
0.3432334214769323
0.19538250137257934
0.71780499330067
-0.9131721565670301
-1.003693343367103
0.13116731410041257
1.0934541594264846
1.9243644103617725
1.2594578985258698
1.1358102851326737
3.400897932620536
10.330304571866929
13.627143621239647
8.903169215771134
2.730596517993857
-0.003017149147008962
-1.439181553826376
-1.7642779726335704
-0.11296106394046539
0.9332463527103216
-1.3821566991521195
-4.336681249868932
-10.310527114442625
-9.770424194913153
-9.126615621848176
-4.725492220390947
-2.688200875353437
0.8744040935359055
0.03635872621069776
0.2960464666809673
0.8169979722357724
-0.17891980515842312
0.5336414471873953
0.07037955824479536
0.31579225993546667
-1.0624709901000402
-0.26566733908039997
4.4593008620784635
7.241722676584668
2.7719410610000783
4.47534690262849
9.460844087629438
8.509928742989306
0.9217300648986528
0.06685639550967681
-0.5519260102876536
-0.29299960137450715
-0.5089170376675024
-0.6221976042718592
-2.679788304788523
-7.5843235719258395
-9.107730036062973
-7.911229755533787
-5.152093455298368
-3.999701451102877
-0.3106340241682938
2.047717623191603
1.9197351543043075
1.2482854579682034
-0.12112641773898267
-0.0262275237138963
-1.0857680019589049
-0.7158586342153502
-0.6908845836573805
0.1311964587487621
-1.5232406822560016
4.01549349629522
3.530386397062563
4.027371641120873
8.636509154087191
10.406816943721786
3.759346760171303
-3.0188812014007658
-0.9766740734630219
-4.840230265914221
-4.654872035560467
-4.951861781507317
-1.0817071754504841
-4.958729241064621
-5.045487700686099
-4.145909096317387
1.3316057642120407
0.7102040890305918
0.488877072640327
0.26104983168722934
-0.7248324047231475
-1.0596187750837236
0.06430301123768842
0.6272425536217234
-0.3607441948010058
-1.2606378769597322
-1.082466337600196
0.3484619438480908
-1.1251068051875774
0.006831746237849323
3.197184610563453
1.218176411412618
10.28405646229992
15.293500573237313
13.725279002546973
0.39837892105216505
-0.7005363551964393
-1.0474472150947622
-1.8279601029132815
-1.1681536194256066
-3.3954378546530006
-2.2850495983890236
-6.949261580943529
-8.284935318817219
-9.049762191494237
-4.153162007577354
-2.8317081315788273
-0.8343965431329515
-0.07733918107519393
-0.1389485701890901
-0.1779732755155203
0.7239516793526047
0.5890765170509287
0.17208540310363818
-0.7475673156663574
-0.5195095065874962
-0.9964654611527634
-0.7537980233670569
6.908764203617208
5.632539361410397
13.477276580750424
11.59015656984112
10.488809375415672
-0.5192146165402497
0.9868737852356207
0.7905036724478027
-1.20846632321673
-1.6331047189168433
-3.2371303213016307
-9.441398989808029
-12.074152251032794
-12.45601106100397
-6.2490221378590896
-3.2751799061404467
0.9164006522389633
-0.7480388145128366
0.9067290313857259
1.2162151412074687
0.6832098363792061
-0.5059749166734893
-0.9039983218805268
-0.7992024322178358
-0.16901343548794068
0.3605018886507713
-0.3521169850985512
0.37418924403893206
2.076502526389139
5.242034620779635
6.902401296008284
10.719373752758584
8.572243789926416
2.2762780477482454
-2.830578792634729
1.0164708475446793
3.5229452994571986
2.0657488795021535
-1.8599131911194635
-8.620341138862333
-10.498274558763372
-6.256984062905802
-4.8497137173480205
-5.564349244120294
-3.876374608665166
-0.17335286357254384
-0.32991809418432094
1.1841779170332754
0.8459681021385214
-0.7205315826360076
-1.1523682520747711
1.241288711299479
2.4707343511947792
4.105419565057489
5.861952408383383
14.360686768741663
15.861607983467666
10.238746008516296
0.9217091480577801
0.40427181046629357
0.6836644111507872
0.8943564151363901
-0.8138445040638228
-0.18728450001498323
0.48827581849477775
0.6200771459718842
-1.4157036729755907
-1.2421576592488166
-2.2463498224671476
-3.4804409764036004
-12.122664315628494
-12.463592207686524
-7.8486734024127935
-2.212847455487204
-5.295777662831112
-3.265024086696505
-0.48360989874328825
0.10655087330087293
0.47004534679530674
-0.5708002055322394
-1.0593731040150354
0.01485431652776443
1.3204683241043573
2.4360547999921924
-0.23346770847825266
-0.3817418183626656
1.3146954628293754
13.403086321674786
16.697937935703962
10.671505727741359
1.7212706847936745
0.27890879119099965
1.6511073575455655
0.19654243288821407
-0.9880099460996046
-0.5946100237397305
0.6814286321437303
-0.03731786182192155
-2.114208328600025
-2.2550567004937
-2.1416139367311486
-5.736703671734895
-10.397820909221599
-11.248905861580198
-8.719455306650104
-5.309061200588092
-1.201957379943346
1.5830930964694716
0.5077828041253549
0.1878636598844459
-0.5562423579936967
-0.996409271001177
-1.7269129800422525
-0.23385321601684186
0.8707615031215213
1.3586632260183933
4.21540892154934
5.92528930539404
13.671114111888668
12.345819328551919
7.462850480652772
0.8808637400497367
2.0736017687008124
1.568236614839157
0.1407426057351171
-0.36153866714812743
0.44998307949819366
1.2948652984176892
0.08233741953493491
-3.6886828579445328
-3.655904059469405
-1.525713969138576
-7.650946477809599
-13.045288833414517
-14.520916232238841
-5.988228109030811
-2.8468917337979547
0.17148598169357102
-0.5587043429049922
1.4779349575321188
0.13948596823682202
-0.05535917670336394
-0.8152688148665738
0.48877599565464286
-0.011088130070655641
0.7385556742887323
0.0004401183393798719
5.139858841370158
7.4355276748971
7.175851519318017
6.453276634997632
8.199306448912974
4.893812528178173
0.8598193225803917
-0.3801276725667185
-0.21040086273624722
0.5954836348969252
1.8651495468949546
0.6633537180636639
-2.8954917465316803
-8.975039800869308
-13.512190786769873
-10.999813579585856
-3.992116384186123
-0.48857512766393546
-0.9793406916860113
-0.9412455197396296
0.15641894806274065
0.9615163715311186
0.6677551931912598
0.03659457134611979
-0.9187513183527994
-1.2002892555359603
-0.1910283486183967
0.38728988871639763
5.216656661369529
6.4831325369477195
3.648504981012861
5.685372468022212
10.834819031493597
8.360656397750935
0.9203462929989471
1.26877100020388
1.8912813740148369
0.6422201559050787
1.0244207610460703
-1.5186569894679172
-7.223427033048277
-12.290796053385865
-7.2376239782917935
-8.087298166384626
-5.9669108133958995
-4.7313094067255586
2.1163697496473195
-0.2754434101534894
0.4652479016576636
0.9530355787463474
1.0590270594168083
-0.20777503493240007
-1.3476168977006775
-1.7006911864368996
-1.0502270153800317
1.3198391347483112
0.9340831290987281
0.47512010755337936
6.885480846580435
7.015622045072389
8.451723994469738
5.387067177067375
7.211966262474264
2.4756585464011125
4.037016708714909
2.567852643589323
1.933458273826911
1.319739722477495
-0.036126258809578815
-1.5498295231396717
-1.4893291014217083
-2.2561055377338453
-3.4650215085736242
-7.495734351646993
-12.711952102108606
-12.267217192316805
-5.403417593046717
0.14977837746750672
-0.5660495627465018
-1.0378368053537854
-1.0740600384617691
0.11058366630431102
1.5058344320882855
0.09893468331803414
-0.09293200329975483
-0.831976955120963
0.7599572159619297
-0.7553997616398974
0.9587440423518437
2.7043217699648645
4.1276402287983815
5.067523677958002
7.555324610318627
9.188181632453398
5.2670173384979035
0.10786854508434143
-2.4719902473412203
-0.3989905949763722
1.3916417466477284
-1.2720183514211634
-4.861811729661848
-7.9575259928920845
-7.237129538799078
-7.56968753614201
-3.57784995980999
-2.266881083721146
0.8946723053080422
-0.3865809251709954
-0.14845921729389155
-1.1515838912606002
0.7959686201507086
0.5185153134474935
0.22694249049507634
0.18630138554709413
0.7515953057408247
0.9183728700637278
5.9916195540775625
7.774974494064888
10.872242020116039
8.401094124165446
6.557798669180395
1.9362971038082657
2.2834540157852583
2.0364425265940738
1.0450868974924128
0.6980876246063535
0.45356111209091016
0.7693642117448356
-0.032689227198965026
0.17185073827406172
-2.385122172962053
-4.634970837424518
-14.06735727695872
-16.911740024773483
-11.737142925485973
-0.39872068843594943
0.5228307237322166
-0.6232662197931965
0.05440345980063492
0.3213176783220128
0.6926759757784164
0.0030677404866692104
0.9939984422184849
-1.1328476184710379
-0.12509010632670833
-1.2086030619331682
-0.49272103184523713
3.495186238674952
7.736941225276617
7.572486304807786
9.843478165042029
11.619113186080455
8.743188966350417
1.4791400847691125
0.7017372481693495
-0.06593665592423845
0.3563160423108734
0.7409890339275503
0.08936443713885531
-0.5207730870504909
0.2977913648174671
-0.4338522134931446
-2.348376095751637
-7.283324955621136
-12.414367211865066
-15.847867112149014
-9.96689531996249
-3.343007291948264
-0.6327516561341768
-0.610609325601231
0.15616710887399105
0.6369741199436388
0.1053922415854146
0.4580417781071435
0.6134143377810091
-0.16462131563720386
-0.6791569552865848
-0.5236837298950551
1.5759970845889422
7.61319626556741
9.426861831073323
8.703457975097217
7.389660576889685
7.822182701218897
3.729700277173823
1.8578538412345638
0.8215349586840585
-0.5495800599198143
-2.3512188043588926
-3.041545812576491
-4.016580545699153
-6.688773186857715
-10.712816734804203
-10.777556982407463
-6.043591721257599
-2.7115740698518866
-1.0094427824008134
0.5415553159585201
1.7383602103487137
-0.456700218909928
0.2130629113866513
0.5186065019309727
0.21240266939374738
-1.8904170081702723
-1.126258120491892
1.7476513060945529
6.988854631394561
4.696743522553645
6.654781675489994
6.313053904157065
7.923654159132713
3.5086109416405105
2.2588170170108834
0.43322581481598976
-0.32762131168231207
0.20425802349712413
-1.754475959074392
-3.3176867016421197
-6.41926836037889
-9.283717407083032
-5.0524006959477825
-6.6783801332729045
-5.179118877606475
-4.565481614364955
2.584330107417098
-0.08835265386645672
-0.22376173580412823
-0.13427684895823755
-0.6078684911801786
-0.34465912938162246
-0.4361988261157974
0.4488892176452081
-1.0273806271424049
1.189631742553189
-0.007835454457761234
8.987444464853079
3.98255627578873
6.518638842868401
4.33714470203647
11.178760798767513
4.408779790991311
2.995962155690527
1.0057937788862796
0.39332259678673615
0.21253027894707496
-0.081538924733602
-1.8929803968685637
-4.036186688859403
-7.230658983850469
-10.049892910736007
-8.7317051554709
-6.8954317191650825
-2.6702222374670024
-1.1223992040937667
0.8877770235323212
-0.6618675510032944
-0.2226477658792857
0.2831056975848341
0.7328886109007641
0.7748517683971772
0.1632725378644943
-0.6219643879732392
-1.0285757277879721
-0.18729624762661667
1.812104365980757
1.1717566298116937
5.728121195695617
2.2386497156791165
8.159088169250994
7.50887206972017
6.37697769444968
-1.7287389284407568
-0.5878193683231339
0.8211455269490409
-1.9871325718426112
-2.7028964525059167
-7.598521654416324
-7.476850053418613
-7.445183188190163
-3.5366380278788703
-2.9228928016088878
-0.38869072365641694
-0.747907377911405
0.9796965422798578
1.206665803088937
0.3220423097839725
-0.7709023503784235
0.6042780654634404
-0.023377748998439304
-1.4649174287188793
-0.8753185984841964
0.1469774315614016
0.41103712339509896
0.9571307780111086
2.3876622646330317
5.084597601761062
5.253185494896938
11.607631939688895
12.687074285332292
9.410520565711028
1.696057718316196
1.276034495278186
2.1535751191477113
1.2469472924010614
0.8044677708582784
-1.7383715373384556
-4.013378912422282
-8.948703451022283
-12.098253819020789
-12.54121073685413
-6.992090759037129
-3.3772426534291418
-1.2965852283177057
-1.4189420622476343
0.4595465096161131
-0.30957216824717093
0.14659702862064194
0.2655409822241651
0.16480743197538666
-1.103861929920968
-1.2722019757944998
0.6537146152400403
1.3605313602078954
2.645468501874823
3.532777427245168
12.388111056377623
15.016101907842485
11.07139378920618
3.017978925880559
2.706817604800851
2.117727611292604
1.3854685621687846
0.05617863599824534
-0.5485544041416125
-0.8274203781590188
-1.9352105553154464
-3.166677844989141
-5.010319939992939
-10.675436590079087
-11.11914723607013
-8.7993351265025
-5.339128250582186
-4.668353662592616
-1.6042619136269771
-0.4581753655242967
-0.7428217465612957
0.13845324807244747
-0.18597011132677652
0.12152213880332827
0.2713659667035305
0.44536035431840043
-0.30484284576870035
0.8123708358487894
3.815671162037736
8.537897969066998
12.155135775162337
12.007304541190845
8.197828898163344
3.344537075667261
0.7092880921112957
1.2646727372668263
0.7022986720767666
0.040680153279260306
-1.965562372299204
-1.1636958126646308
-2.6652998270177313
-4.894617737622457
-8.878133703398513
-9.473479035098416
-10.917842051022282
-6.965677010051566
-3.0721161373997767
0.3007422411080284
-1.5560623031954879
-0.8712886176129169
-0.491411205337312
0.35881197352556804
0.024306800604215282
-0.021612023742147275
-0.3816614605023578
0.11008932248887453
0.8637081603627715
0.4514425079308422
0.8671782024084017
1.4909529903678287
8.000210809776796
10.4895417143105
6.820528591104966
0.6586057154920281
0.34032128020807284
1.1230273112936933
2.3401527542985257
1.0129695024749112
0.5596969586697006
-0.0758485930586915
-3.478025166623653
-7.217804296593422
-6.155265696598664
-3.126316618658458
-6.037081857886246
-5.171609717001413
-1.4780803206507542
1.2022768626476814
0.04182339901751943
-0.8204932394142833
-0.9705252185462886
-0.2564352622048376
0.3332850852761022
0.10786793837849587
-0.0005899587111643847
-0.7921133600758216
0.021789696505289592
0.853006956334911
0.5051955260863682
-0.29362743948481584
2.919505237975073
6.269466076193488
7.480397742119657
5.398404451079059
3.407108248557486
2.6763621713390897
1.5262699275728455
2.181960141414033
0.29295591355885997
-0.35028961874678627
-2.626549842577302
-3.695292156734253
-7.184478579397102
-7.22173940363185
-5.13506680929956
-3.932476285198641
-1.8600166561199991
0.24771860166800905
-0.23240722103838127
-2.248162004218293
-1.0271401430681737
0.35930852368456934
0.7095727670587701
0.11017217785255622
0.15625444608163536
-0.44977330159049983
3.264036338291398
5.016213644229703
2.455197747859125
-0.2501570173905896
5.02399398222935
8.94844042326993
5.080892444754466
0.6550323044847659
1.037237809118249
2.6239545083020714
1.1478404661890838
-1.0846887946477493
-0.3912648414274878
-5.5850452595207
-9.678555072930536
-9.85719731907244
-5.053237091067991
-3.120280615932329
-1.068657278232706
0.4868478645332488
-0.8573710898443625
-0.5122449084571712
-0.17624305330295748
0.5386064038473315
-0.2397195773091303
1.4004670649449034
1.0024929117119619
0.21800858120677685
5.601539180674278
3.9952495141207383
8.202574391853243
9.41012166036752
9.880450910078801
-1.20451917642926
-0.7241439777652582
3.1643650647444588
2.651294656852696
0.059468088034670546
-2.3316857715678343
-5.412396671228622
-8.823415605491338
-9.07302494799034
-7.551150182081308
-5.020443646428563
-2.433983779628899
-0.21288418369904447
-0.2971992489893726
0.14633047875044936
-0.17718443374277754
-0.9942730155582112
-1.2046377172449392
-0.4055131992063026
1.9903126917445542
0.640836017351948
0.4098306847718211
0.127035755819839
2.8036763890328174
1.1415696971718048
5.795030049571481
10.558835139119767
9.657657504123609
3.0923640967448023
-1.871073595603798
-0.9274040550597766
1.1532010242484458
2.9976589594973952
-0.11078695337548536
-0.20859877906863236
-0.28737501855970427
-0.099792180512296
-3.548271817953636
-7.419953622970128
-9.88889831813728
-8.080351633844636
-3.003874774815751
-1.4995273076519124
-0.08332706967801003
-0.3816629182781687
-0.3617106649098651
-1.0093431157518111
-0.5804477360706968
0.6450065041904347
0.0960782252809114
-0.18635591987578448
-0.8323780668244058
-0.7773822243512292
0.4244710360100541
3.513302803325412
3.597738218973234
5.801977121467787
7.003746325586704
7.941650214903203
4.7061001549765145
2.957979220975337
1.021587120997685
-1.0407567943924314
-3.149295459537348
-2.091000142365262
-2.969345688683973
-4.655618297025231
-6.980218261300747
-4.78889321538834
-4.922646532712552
-3.259488264760688
-1.2887031175775403
1.18677115278773
0.004572446632040688
-0.15951399414528575
-0.8045207229264761
-0.012813932322580275
-0.2838589191868621
-0.08523976782772515
-1.0027223704851136
-0.462176151806092
-0.48919420251550316
1.6195310455511984
4.246226679935928
5.439415293045869
3.5975451071241524
5.564480113898604
9.11377476182828
6.364173528841583
1.001347044707245
-2.267708423265838
-4.548855276982281
-4.299496649493249
-1.2542027098712485
-2.879740314666755
-6.887369339806784
-7.737932185448813
-2.040878583285477
-0.14732001881858803
0.24873683556804302
-1.2374437358300525
-0.5091717699209715
-0.3459610032710717
-0.11371574574695989
-0.11560786977904627
0.04578141514632212
-0.8029116778470009
-0.6243155324041416
-0.9005824788388332
1.169411347064016
2.0956886251500486
7.452168802504665
3.1593336336200992
4.57736748411205
8.447910220121448
9.789566273299952
1.8886228740664641
-2.3869325775828276
0.20801859020460461
-0.6102055920802942
0.04851831376372925
-0.9172713723530934
-5.501834749891536
-9.949830978700463
-10.09228267935797
-4.3406833544321906
-0.6899836775855515
-0.3254182735921231
-1.131843817482804
-0.9515992460314232
-0.06504423154855118
0.13133269746930712
-0.2537751114536971
0.2705288669112386
-0.14692509262521
0.20570211569101385
-0.35854688049861816
4.835487324360358
3.837455300648855
4.90591741773279
6.927072284675419
9.074938064844082
5.098079724196939
-0.941237316720504
-1.0700369498716853
-4.348114653556064
-1.494044060196305
-3.870612942553774
-4.757483701966134
-7.644506040895373
-3.8876336440685284
-1.1037673594318749
0.23755138661728867
0.6250895316506899
-0.8951276486584298
-1.664123631717145
-2.656516994787436
-0.6309107652429228
-0.535576740784147
0.006472890358259022
0.04083985042481652
0.8158152428869836
0.7386949678485663
-0.4952529059419465
-0.16995136235941838
2.077815853301766
6.2692953836509115
8.116020403721047
7.059356239626931
3.4734711607340016
1.6661534738981014
0.5160550348593023
0.7672332316476874
0.019020335413894387
-4.146139479298063
-4.582441272589231
-7.260866200696549
-6.492163749906786
-4.956313019419554
-0.21315960411509285
-0.27752080057988954
-1.1413477864314296
-0.44196994575777737
-0.8786480402461241
0.5613328736038115
0.039971479605776565
-0.09475555353725335
-0.122472800020175
0.10235864748592237
-0.3332572205825291
0.25185150274982016
0.15554472405530426
0.5604939831097486
0.8572423794408114
4.314902516347778
5.23191199828406
5.384868433639457
6.20029994274548
6.266889922800551
6.047397269880193
1.4318388363338912
0.019280613609368155
-3.505946330801994
-2.809054026311442
-7.2719049438147225
-5.94423706819702
-7.373901441089071
-4.583868498911995
-3.634838923804921
1.7144788167249212
0.8582941921545753
-1.6488435351389146
-1.602903674268764
-0.2886269488333077
0.33930381857693953
-0.7010943353288894
-0.10154496395546853
-0.40135593094515093
-0.20024049933818266
0.11419409830467697
0.4220245241826338
-0.1078029020127039
1.894536222830593
2.7480681513539436
5.6281441331526425
3.3256214457608078
2.1626463144180694
0.7824311579014166
1.883804696445937
2.1098668502893836
1.3690647929670552
-1.1007794816971266
-6.78036942820383
-2.2979496610884547
-3.9877275292999266
-3.9070138755068653
-5.120631546122898
2.177802049567805
0.016501926256470116
