0.8271047041556999
0.8520927004954544
0.7666783454090139
0.6165144523081727
0.4533300865895427
0.30744573843450645
0.21073913350523538
0.1659728512163704
0.2204515186012508
0.2514301584531762
0.21375536589333974
0.12244254366784635
0.10681053604878643
0.10687178081285431
0.10171143963779361
0.09576811034516168
0.1169203939991835
0.13155156357668268
0.12083680018439337
0.11989458301451861
0.11853262246800109
0.10631430370671752
0.08686093220849453
0.08725577727792144
0.11902400585570697
0.1339606472712327
0.18867276323657925
0.33699881669309056
0.5852079455818406
0.7828731774694783
0.875240688355731
0.9040521597780876
0.9214521886908464
0.9307401546116255
0.9290568363695448
0.9272204666795786
0.933729377162647
0.9437458040513338
0.94612381722783
0.9482693128194888
0.9576263643414606
0.9622321250166003
0.9708477268443922
0.9667367497870711
0.9640120791113077
0.9582676449059868
0.9524678535223533
0.9221662048675267
0.8681473315896244
0.7705919119248623
0.6278045745396498
0.5008781378586793
0.36592843192805674
0.26418173297917114
0.20805142595374704
0.1949557178130133
0.15770825471325112
0.13050312186831756
0.11740151816969367
0.09679108898917368
0.09795833730840127
0.10366798212041267
0.11107955294289154
0.10644244537751595
0.1039170178519349
0.09882684687193491
0.09735312575226034
0.1009416457394985
0.09523369884437338
0.09357931735824561
0.09551952630409125
0.1560370267939019
0.32678306820853553
0.6005194655344208
0.8117519718198893
0.9031470619793727
0.9180166278079532
0.9368015813358519
0.9394274985563562
0.9473861267479491
0.9520642312492132
0.9492977830649958
0.9412911040457308
0.9353969699692316
0.9411688124128713
0.9452180778995247
0.9409131523513294
0.9249346118794433
0.9245069984823246
0.932699952049963
0.9376114584112779
0.9290463791127792
0.9099856823215705
0.87773860135679
0.784933952980557
0.6201569616722277
0.4506207817217531
0.3207825798126316
0.24138358198337745
0.2298208847691187
0.21305780443143763
0.1868242921875051
0.13799689260273834
0.14140480548351606
0.12639113414036468
0.1161816861401334
0.10199777221546522
0.09643910561821059
0.09612432476564478
0.078439828347049
0.08291288962202953
0.09738516231142884
0.12136272900739348
0.1184908761352531
0.13792522255945036
0.22874916648197385
0.4374084062512092
0.6656955259497117
0.8371818452692215
0.8991858092330519
0.9008862132225517
0.895927895960995
0.9129863563217625
0.9280135433723509
0.9229739695478083
0.9249327892991662
0.9413793065309513
0.957010698775687
0.9652641336134945
0.9647804862267707
0.9664520608423817
0.9679272044417029
0.9746671113583578
0.9654555164885267
0.93973586995865
0.9210384009480989
0.9172866004237445
0.8718807522495469
0.8057291448761051
0.7023683250314601
0.55361256076559
0.36883055383135976
0.28626724499622125
0.2670540793832257
0.249286489780297
0.18436448915714165
0.14314173646596745
0.12002861659334395
0.12060201858957853
0.12503177673591137
0.13215188794054022
0.12305890705602131
0.1100896693588289
0.10625643592298079
0.10452238903641019
0.09948985754029747
0.11207993463412447
0.1273439233658591
0.14952411664618792
0.17925183711271844
0.2306231706051449
0.30125577825558825
0.43101095975370907
0.6074862072538928
0.7722339683287434
0.8652080661407366
0.9023395502394803
0.9221231241690728
0.9280861295655926
0.9366110219449392
0.9474800049659745
0.9634455613187878
0.961479416721912
0.9621751575260257
0.9491232607981464
0.9408613680965654
0.9517702030069992
0.9581090611139037
0.9306384788846443
0.899658013901792
0.9065729944800929
0.9352184059464799
0.9416965527946599
0.9240924750350947
0.8856920391252637
0.843169419823987
0.7470944254364564
0.6141011182476128
0.4503015853459794
0.323068757276042
0.2422998813170874
0.20827233979727075
0.16330953872430803
0.10785827804064028
0.07565617177784596
0.07279841036912024
0.07580656451750811
0.0735106895548519
0.07273732617438042
0.07119218632760124
0.07130628689785312
0.07400304872514538
0.08032398520935194
0.08760858414978799
0.10950677151244743
0.135426506812442
0.2014365522151432
0.32377722983102214
0.5155471033634391
0.7012406721561045
0.8234929023608006
0.8829212633581892
0.9140162746700737
0.9378649520272514
0.9513964348815744
0.9700247967114195
0.9878808696761305
0.9632924149934529
0.9433937215740417
0.9509184050139805
0.979440182029809
0.974900098330543
0.960122995135101
0.9588614264645847
0.9694553412244227
0.965721012790298
0.9461673469482356
0.8892110717739754
0.8210768791408489
0.7138166227982883
0.5868808356200903
0.4445298945953311
0.30770279171906667
0.2516570022726394
0.20401764891403368
0.17382181719031403
0.12015611350501867
0.12328431212744974
0.11693512669629992
0.10857905819517706
0.11964814739257079
0.12107979162989065
0.1291620052584871
0.11941374251271439
0.11882458519173843
0.10157771266308319
0.10328447764159586
0.1083478066478944
0.10359647681001179
0.09585854014203905
0.11484616865046612
0.18826863023807888
0.3249558863896136
0.4823578796981472
0.6136467927057494
0.7141319331704892
0.805664956477325
0.8708499773536649
0.9124557053320933
0.9357612955035617
0.9531270758902032
0.9600084806357408
0.9643766365226396
0.9681398809828492
0.9776261026622715
0.9861944055504869
0.9788984388732539
0.9678933721339404
0.9696940590126467
0.9683198366561531
0.9651758003457233
0.9447590666526214
0.9087607391205467
0.8504995513745052
0.7093195795042575
0.5172967281601942
0.3412764440637714
0.2553956669646783
0.20480127179114355
0.17143338450281953
0.14371725836247945
0.11887018526083214
0.10606263551588976
0.09077620988943919
0.09263862452781013
0.09606857276179318
0.09619670019846323
0.08309848145983822
0.07746805245223781
0.06969008719076757
0.06298090254924786
0.06364225717126168
0.07442257006502695
0.08719956374436316
0.10698862946995558
0.18398050731591498
0.3247941960302849
0.5309617883428762
0.7126319412614741
0.8340674205533446
0.8854904319692349
0.9083689449100872
0.9182933842614555
0.9180751624551552
0.9189408829607426
0.9114302783926116
0.9157842979703543
0.9235411649559977
0.9251477309333451
0.9213416887407471
0.9201269230482871
0.9215976517473967
0.9207127638763736
0.9236883857713478
0.9248849569171619
0.9085048242033459
0.8697055920929818
0.8236070037924985
0.7457130620358363
0.5884495214709218
0.3895366084017182
0.26011927393628287
0.21269779724662888
0.19009542055748488
0.14594249167215123
0.11608101808542443
0.09278026095468142
0.08171500372783455
0.06914337254530173
0.056267525571567056
0.049253720786745586
0.05282221440805039
0.055522435752175955
0.048653823565278934
0.040594350549570744
0.039998252472445824
0.04328396601343044
0.04922852496907046
0.06705630041132649
0.09632805457927542
0.14056853409045592
0.21554571552401253
0.3728820905521512
0.5526234933735844
0.6891855060666859
0.7688656303627694
0.8299714411378811
0.8782383276527863
0.9168179472075656
0.9465646004829322
0.9543155556864198
0.9590593490750738
0.9657575530058078
0.9685390251764486
0.9619793596753945
0.9553062471152751
0.9401446016121398
0.918837006175665
0.8912777223487628
0.8688770840918503
0.8477194682359104
0.8224720645910368
0.7664734661931414
0.6495184526438027
0.5144138722620267
0.36899416858123174
0.26001139816554386
0.1834564132515909
0.1548976629475506
0.1262681972728913
0.12554457638685218
0.11905569095834254
0.09345927534533165
0.061341366231227726
0.055043136807311356
0.06725096401645342
0.07354831656647148
0.0747683503988889
0.0656412891063532
0.057641221422471384
0.04856441782336349
0.04602136000672007
0.05537126451182752
0.0736165829411642
0.11919542949413404
0.15851485417644456
0.22717107209502135
0.36210289214015956
0.5597680406175345
0.7177115934350953
0.8190314149563319
0.883593072141527
0.9225261861832628
0.9362925884732501
0.9450954926158907
0.9416882411084686
0.9444296197144186
0.9359217675002134
0.9385074837118729
0.9336308701306469
0.9438611191121653
0.9379241807969337
0.9330769413863194
0.9284332610387293
0.9269366824972712
0.9197868038625763
0.9128520685806154
0.9110005908282564
0.9000218606819907
0.8702483051549105
0.8237164911219406
0.7242546276767782
0.5892020571900911
0.44707065941963553
0.327071654547388
0.2331484007955271
0.17880560051061703
0.15564063075190854
0.13441459165638842
0.11644143095761258
0.103242454090778
0.08909755598756054
0.09865557317787978
0.10385507352919379
0.10056701556550417
0.07738079917818272
0.06924324161967481
0.07858067062889311
0.08429733500844507
0.07318662227056591
0.05969776629792627
0.05944510133423281
0.07631424750330369
0.09084765712630197
0.15148969010115632
0.26569591770237977
0.43623951894494206
0.5963429312434243
0.7298630536511062
0.8252070611799189
0.8932257979441556
0.9239154374831517
0.94458013225534
0.9481631278511956
0.9526035182531254
0.9400153792127717
0.9357923896675612
0.9354092870574167
0.938510346835473
0.9451962989160907
0.9464358485685975
0.9487296617745039
0.9484661482586425
0.9443132007151734
0.9393896438698703
0.9237013056950919
0.8828893529852508
0.8325094122165879
0.7252942354668092
0.558865735510101
0.3607661431059745
0.24318213338692957
0.17851328129793267
0.1435029908427579
0.11634971042743585
0.10025115705818077
0.08887633640885481
0.08554446874893008
0.08686563569997027
0.09858404393281608
0.09557139593543659
0.08544435520179573
0.06520525254396689
0.05809266438544876
0.048972830155192784
0.05240412016100771
0.06681390865794018
0.13979912559589303
0.2661258880231723
0.4383840889807654
0.6075379322901935
0.7574041745764598
0.8591597729342813
0.9124565272340575
0.9351207667048291
0.9461120254971709
0.9552000652554937
0.9582278812144115
0.9558912135890609
0.9598457645651721
0.9565019070412466
0.9509316055101048
0.9450887453406498
0.938574051566085
0.9427086906458648
0.9403680471466462
0.948919716532379
0.9387472075607316
0.9335425214350821
0.9054213900256257
0.8799490233259801
0.8267069086515104
0.7194047760661542
0.5768544982486139
0.46115885220756386
0.3687350369189925
0.2735153355978618
0.2042826646142373
0.17895894700487022
0.15358224715777985
0.12123533147974438
0.0972817583617003
0.10009434669705673
0.12540932446679542
0.16066877941957988
0.16058732631607356
0.11901740823459439
0.07428635677915155
0.05474258050656192
0.05270423567455109
0.05409788856257271
0.055640335841399456
0.059147857419001526
0.0851660294312472
0.15829534766216405
0.2645193487114232
0.44896511659119315
0.645903511204582
0.8052764860882882
0.8762927919970436
0.916565666803177
0.9387870678392568
0.9418197164007731
0.9462336998841491
0.9314907049850354
0.9314844013392762
0.9206550909737243
0.9267805430485603
0.9306235876275476
0.9473252431935101
0.9435044927444318
0.9450727855518657
0.9368159102053091
0.9505144527986286
0.9406596002956488
0.9426359352162526
0.9453958804148962
0.9606916038235012
0.9457566555990179
0.9212807873997303
0.8882346594169818
0.8353883488885933
0.7381683457844903
0.6181627964811223
0.469955917713129
0.32578863665331337
0.21786119888757066
0.17491681535932838
0.14713485005403956
0.1224560273189598
0.10335075830359362
0.09880098101174503
0.10597842583025224
0.1201666014457555
0.12697103351125855
0.1196358841387897
0.10252596503739578
0.09719675036094585
0.0963189005923164
0.10476687356464717
0.10665735121035363
0.17817619643168847
0.2833168672589843
0.45038353556110033
0.6225168298764369
0.7850260690334869
0.864098237254713
0.8983163414649057
0.915208741920836
0.9242467939012398
0.9281638120515082
0.9239275979420534
0.9212391351954706
0.9222026526449695
0.9301604176362003
0.936129510912865
0.9437727143645999
0.9542041084887211
0.9675861954317766
0.9621426499681607
0.9656765792575213
0.9708862008401496
0.9729678399665846
0.9369153481528039
0.9035773756930032
0.8618572099679993
0.7975834368920798
0.6589255864325618
0.5045952602014461
0.33596311847694127
0.22953145303444028
0.19138026824771562
0.17299996342253726
0.12391319041548512
0.09768571527826388
0.10875802298156179
0.10215686239537725
0.08811351309929571
0.08591367120464043
0.07982910337237482
0.06747798213659537
0.0601934087314549
0.06049391740336145
0.06369022139595534
0.07287837400723121
0.11404718050752313
0.21211516928820348
0.35733324825303914
0.530234592298944
0.6888146397826674
0.8100063854655537
0.8749117901339282
0.9066656001587675
0.923427013460248
0.9370366061796668
0.9398018761070106
0.9354214995238869
0.934177200862425
0.9421400247622616
0.9491061825198794
0.9593713043528503
0.9604398325524505
0.959831141995571
0.9665998493953885
0.9649346972379974
0.9223072824928019
0.8587777396177658
0.8144527021476565
0.7722326808909125
0.7304021742310719
0.6729246791471237
0.5821404263477101
0.48853061886824195
0.366564853860017
0.2534210229747426
0.16885808385385778
0.14743462579725292
0.12131126131125756
0.09960394807997171
0.10250987243127602
0.11889051586432373
0.13481930997990324
0.1208143158902363
0.09630495454289975
0.08233100378518729
0.0846883497355686
0.08874616789251508
0.09300400053784924
0.08226497713244946
0.06414983096741297
0.06334091012668888
0.16913095532906633
0.31470250190579674
0.4763582788617812
0.6098902055484345
0.7504198630186227
0.8304157773995562
0.8691297502420048
0.8837227616681192
0.8943573165193268
0.9009813840490183
0.9122440050792306
0.9139849897706579
0.9199696019337912
0.916789088179706
0.9178848505467898
0.9224665691341531
0.9318763348680941
0.9400046319591083
0.9384953526787563
0.9424089596081129
0.9326828404431945
0.9357318930639801
0.9248277489624466
0.91032200118126
0.8794894558358376
0.8385916329293485
0.7683169775084417
0.6311573985694606
0.4728520308950454
0.30269476458731687
0.20045801727075624
0.13363303341797939
0.12245802279004461
0.10754913586050338
0.09463642126484861
0.09141215113829478
0.09282608478797744
0.09084677528040486
0.07345709535631147
0.07778460121192315
0.08574574391577623
0.08037099597746865
0.05851838115594547
0.06140967004195408
0.12860186007810262
0.26527346408640234
0.42610573579627375
0.5587854898041513
0.6747362390038495
0.7708539393554694
0.8437794406168688
0.8716911443295053
0.8901851831834794
0.8995687171063187
0.9035809852770599
0.8973773422988198
0.9026952424166299
0.9153912156729109
0.9207638983492537
0.9140604713571145
0.9087539259205116
0.9094388700997497
0.9117129850413637
0.9090506225569092
0.8925103267395548
0.8732732243064966
0.859111450013227
0.8389153482356421
0.7900060471464444
0.7172842351188992
0.6302522107112913
0.5510223333698616
0.4809417889080916
0.4082466889812024
0.29647615286137063
0.18750626598510378
0.12988462248893468
0.12055844728189893
0.11866292972792802
0.10663284092464691
0.09844011133833994
0.08753564012270747
0.07938842558743614
0.06955754250920329
0.09334807321468189
0.14123980766370436
0.22769445565845686
0.35873299309616197
0.49523370252722243
0.6170210533046416
0.7113837621175805
0.7959937891204723
0.8229663446715746
0.8405975879164953
0.8477488920525839
0.861060803344118
0.8657260655333396
0.8774908543781877
0.8782740445338185
0.8754336287502358
0.8553454994814202
0.8194488290841417
0.7637066069664131
0.7114614329948495
0.6652078373185931
0.6119988957903573
0.551380070890152
0.4853161381597635
0.44496900337064227
0.3848083005759164
0.2769982748620602
0.21391049329622297
0.18209042239117207
0.16239753067943868
0.10494821805805113
0.10462215112003322
0.11373032445525094
0.12187067319536145
0.09569433169199801
0.06349900835256869
0.06022835015577866
0.08587281521603367
0.0851909702095357
0.07339438558829152
0.05820045372487905
0.06373139874596508
0.07363980808600477
0.16274162279968085
0.2912771957578231
0.43701599969885835
0.5686675596784934
0.7008492405229895
0.7866997142084531
0.8408554505478205
0.8775976091262376
0.9023070363514143
0.9101548116098217
0.9071311290721344
0.8971840488745196
0.8859669016362313
0.88337867291384
0.8923062969760197
0.8958304458699899
0.8909324998507664
0.8833568112083146
0.8928959656108438
0.8962641541336244
0.8781732863380673
0.8632899454110236
0.8615858032349037
0.8479882581247571
0.7848844316973671
0.6316043448732811
0.45668723771137315
0.31108743038708236
0.22199153775417096
0.14831468553511049
0.1090132445481146
0.10814781063646395
0.10024085280007408
0.08866047083749783
0.07070242804929487
0.06308659683509885
0.06083150268315469
0.06989674970622482
0.07671198036740667
0.07257450503918536
0.06938588612469171
0.0762873523533985
0.09673060009562104
0.1590850681313009
0.29782725033193397
0.4423239653374078
0.5686657895970715
0.6766828379985428
0.7969220576603695
0.8745374499964594
0.9203359390642019
0.940817473467199
0.9468111040599811
0.9494433804096557
0.9476745960774877
0.9546257583200394
0.9536977533950335
0.9568784700969828
0.9511927368875658
0.9409149682111076
0.9225631542387873
0.925114260403654
0.944199762443136
0.9313339906322673
0.8936691732907128
0.8572861074783725
0.8276473954965681
0.7787086733121614
0.724869451798555
0.6153884028500797
0.5210402149437637
0.4315769206040362
0.34794720269901835
0.21888150164620304
0.14910158714418056
0.12222024381004104
0.11452317740669585
0.09545997960500929
0.09713146573185373
0.09724782489288289
0.08870118639649914
0.09397892069120614
0.10138091443249397
0.09668051555528427
0.0756052136161309
0.06370057821669448
0.059796455572857926
0.12715067153599385
0.3041865945441069
0.48909526628963146
0.6265796000572375
0.7317713680163638
0.842520990646277
0.912298056714206
0.9385059484739475
0.9467520367171647
0.9504520584236194
0.9566453975261985
0.955454576287673
0.9628289045560321
0.9721940232331494
0.9849076984045461
0.9951199225323826
0.9869618091495879
0.9826706705073943
0.9773943407607217
0.9838472650906434
0.972580134569428
0.9734188308396987
0.965043873462264
0.9531881356173326
0.9100977053103096
0.8393828474903834
0.7389136378522649
0.616701573471127
0.5082757922260104
0.41038000160068155
0.3225437371045313
0.22458119091918363
0.1692478914494511
0.13573711641145586
0.12081705314336724
0.11246639758887579
0.11234589022685365
0.11267111007430147
0.12145458537942566
0.12436819982794181
0.1182891062411298
0.11937061934288289
0.13228344580164006
0.12242846860482545
0.09958836970968181
0.10874074269842046
0.17207998145574793
0.3028619461918137
0.45798069697792465
0.609657163963488
0.7405205676791364
0.8472340097528768
0.9072555174400514
0.9333201628403803
0.9478726520085397
0.9575164708708256
0.9606844867553136
0.9682171010601007
0.9689258332390958
0.9705690393231785
0.9656927104843109
0.962530657490063
0.9641280677837624
0.9638489416715147
0.9511179288132502
0.9317825193205932
0.9166664710277281
0.8973668029783247
0.8564079994453898
0.785357762123783
0.6486536783771115
0.4955415148501503
0.3584823224354698
0.2722380569359632
0.18733331844564546
0.12974961320321415
0.10153235639086396
0.11532486962301104
0.11641123207080302
0.09836660124776432
0.07871938336569367
0.07606317987973821
0.07402633778614182
0.06676156115279458
0.05740827138036545
0.05927433664009713
0.06506935078243854
0.0708912827807461
0.05938157500172767
0.19531264876501608
0.39185141713222194
0.5630395042424547
0.6272825874110362
0.724069875402252
0.8253670751948673
0.8983166415979196
0.9302631573843867
0.9456884076601257
0.9538197835148096
0.9558524635141479
0.9588640259032541
0.9634186911128777
0.9647015721409403
0.9622562666061454
0.9701272755786196
0.969459501045143
0.9683468434707054
0.961452989111837
0.9627578368934967
0.9581115681117732
0.9412578502082256
0.9154913487144096
0.8871055193866195
0.8238529837515118
0.7000460150459822
0.5516845610838315
0.49372462900722364
0.39154952737807136
0.2477996896836679
0.11687851824230269
0.11143808287568545
0.11616055680872879
0.1157583940201663
0.11326504735229727
0.1065563592591097
0.10362291566034978
0.09469805103051376
0.09181657423956396
0.10318659681530162
0.11560362468104195
0.09914800192702364
0.07451745530784568
0.09871479158671603
0.17893244761690968
0.315830600664177
0.456589260228616
0.6061768641184602
0.7272734883929315
0.8224476812375461
0.8602828357761984
0.8664785134732133
0.8691539170062772
0.8664979016715548
0.8567398280113196
0.8437449184290354
0.8322539246144385
0.8192232145159732
0.8131654611495888
0.8139559086770897
0.8171157508876051
0.8358255977916947
0.8331822809956377
0.8232320228497123
0.8007790459529349
0.8024944683051763
0.7699135293847805
0.6875003153163705
0.5075533255726982
0.34876191144854063
0.2534682660875974
0.20718942844082938
0.15344267225082808
0.11621253224152629
0.09843450061856993
0.10584310864507689
0.11510426642409935
0.10599656921402234
0.09204291061625464
0.07501726501446843
0.07494161375097828
0.07204102823398212
0.0888725378712309
0.09269599878474402
0.10080549262297184
0.0875059774219103
0.08366278266801287
0.13594387720312204
0.2854187382571236
0.46053011117147685
0.6081219611074591
0.6935611209677799
0.79294111427278
0.866652453005279
0.9171232608460415
0.9257873807279602
0.9285959726236714
0.9359543445812744
0.9415684313680664
0.9520786847090571
0.9657978064891113
0.9698915993055144
0.9718577646873559
0.9640672094583652
0.963064040890278
0.944818244563006
0.918250518287969
0.8535475835875057
0.7491181337198872
0.595208410829587
0.4719386680907364
0.3482019352384642
0.27324145024947555
0.1944037642876523
0.14634984560847025
0.1069859367916061
0.10237021335102175
0.10672151671777966
0.09695947429291503
0.09738723278745164
0.08532872356563373
0.08855981849285123
0.0950962205410132
0.08756638901478857
0.095668338854005
0.10258600348071786
0.09684870989495292
0.06995259561679502
0.07899330183913268
0.2143787669376513
0.37137382700920235
0.5294104999150606
0.6273000855048362
0.7667813773980262
0.8490357151429124
0.8989354375114256
0.9169835047932602
0.9267249377952044
0.9382362768989179
0.9373495554420987
0.9453280256332193
0.950552666833506
0.9638903516850715
0.9689025923167326
0.9673068285448129
0.9716632228342101
0.9711329245066886
0.9767587548108821
0.9704542805260279
0.9554779855288928
0.9114429699930263
0.8583444088698181
0.7954560421705763
0.7177856821574102
0.5950873027249235
0.4868850195058762
0.3264781765813036
0.2046422832587407
0.11994278162989142
0.12794918075102396
0.1227014747401159
0.13116159252198786
0.14344336089943624
0.14736264071228966
0.11976411205028548
0.09917126513282078
0.08506175797551796
0.07337422955735048
0.050713938268834705
0.057176468188529145
0.06359810086510861
0.06709464564097108
0.13472218087762478
0.2772364794866873
0.42809763217571706
0.5563766160705736
0.6701964963909409
0.7862908951068135
0.8541877677753084
0.8979266410946511
0.9063960205936621
0.9100965248151285
0.9093623418044439
0.9086327237421602
0.9131801189040633
0.9239837137087844
0.9354342906138191
0.9361827757056224
0.9338506984940246
0.9330298422709298
0.9301752336776169
0.9236296914092675
0.9231652571587606
0.9193660624918
0.9111496424986789
0.8959454631271476
0.8640554808698155
0.8124973670876928
0.7441728503331833
0.6713671019380285
0.5728245168244761
0.4604749453987823
0.3170932770010365
0.21076403584987363
0.14473161374880575
0.1177221314810823
0.08021088403395182
0.055452919367401314
0.04165388418484672
0.036200829336328226
0.03461733367918084
0.02826530461578961
0.02272523596110801
0.012445069118018275
0.01959571703552254
0.027258213525355256
0.03375348421451157
0.037871768714427434
0.06207928550613015
0.10102081679123141
0.21227045084142607
0.3556665097669908
0.5006092727535216
0.6281332242788487
0.7628553092426676
0.8493077239139367
0.8908688797479272
0.9186134892808872
0.9401668264852816
0.9444298358201035
0.9408431520598273
0.9406047960734312
0.9430836151594348
0.9429504983274981
0.9382740915966796
0.9382114956646215
0.9352725822026501
0.9336888484044032
0.9194588892330828
0.8941239390542736
0.8602016018960397
0.8315648020470355
0.8002273055949825
0.7670134593396818
0.7207061259452933
0.6272870029566116
0.4945934441044679
0.41033657373640126
0.33408628158662856
0.23667329641399557
0.14209432918071077
0.10848999178811164
0.09046209526966642
0.06722955294589884
0.06270769009814953
0.05759378068504458
0.05303883269806908
0.03410650993215214
0.03453118534354854
0.030686816032779236
0.016019511758633267
0.007162328341970761
0.015400563332373544
0.019506799278951343
0.05664924956265553
0.14959241187484587
0.28582807754401673
0.3978883210601625
0.5061207212414363
0.6089722680584042
0.7323530737976215
0.8351167858439514
0.8950204382600161
0.9215807166025527
0.9339547428514545
0.9429409389288727
0.9418278329253915
0.9474313103327978
0.9440916733663223
0.946484157866737
0.9445303388535953
0.9362729012446284
0.9331374497730273
0.9430582991453528
0.9432922407220171
0.9361165708126093
0.9407479702289614
0.9474638922931664
0.9435430185230681
0.9418685752634124
0.9326687182624901
0.8868219574088669
0.8000721150506664
0.6851520431272288
0.5647040483201384
0.4867981594685764
0.38373519046881677
0.2755341898491908
0.17468574735412595
0.14624451584769746
0.10421465382190981
0.09309188550949375
0.09103835386180148
0.08626328790328713
0.07862447624358979
0.07571872810628506
0.08402797194640303
0.09208963261723246
0.09395837784907272
0.07494582959315128
0.05495197358106303
0.09890894339990522
0.18165707902692882
0.30230828123598275
0.3991883853987261
0.5248644430301226
0.6444349004423714
0.7592887192568396
0.8316331191510365
0.8879010025741052
0.9342648216842806
0.9508877116793479
0.948490876066143
0.9451083396281852
0.954242880376519
0.9552122742337836
0.9514614653502783
0.9509985185651234
0.9480740523060074
0.9214013151043529
0.8993069218441512
0.8739704854452792
0.8676900034547486
0.8574050027506972
0.8377387100752174
0.798795382192927
0.7603842948828929
0.7273037672059544
0.6633959469346039
0.5556536386223401
0.4106989651627258
0.2998457314959261
0.21635505212671335
0.1695876873560975
0.1237438829091053
0.10759107534241119
0.09983125378844676
0.10685554439854177
0.11367921656727789
0.10831162593902185
0.1061762311066602
0.09916658663807085
0.09563392325164688
0.0960262223189248
0.09772864290701104
0.09613647031779037
0.09491949602414718
0.09988812750073131
0.10671115118517267
0.16332005617287476
0.26951724508444797
0.3759799780607251
0.4649523298575589
0.5830264362323265
0.7221868775080623
0.8301422075959611
0.8911342746241998
0.9142545538931327
0.9307722938479556
0.9369859441940819
0.941893867985678
0.9407023424246806
0.9479909548426942
0.9512293850812871
0.952550797667136
0.9513890483368893
0.9524806874330533
0.9587498590311584
0.9529405173128259
0.9444782165335033
0.9398961898838692
0.9427055705761753
0.940358476607029
0.9354702090374364
0.928518871238416
0.9184460770132716
0.9050448069286867
0.8762056945610706
0.8253723664924865
0.7530622727856865
0.6592681667673856
0.5174212891496117
0.3653701590941789
0.2400026697256679
0.178118002822294
0.14778475586062034
0.13355596324389746
0.11063277001701757
0.08773644080126153
0.07410594314054839
0.07300276940072827
0.0647434410866912
0.052769512555258316
0.051105002570473214
0.06184193191942059
0.06651961833265767
0.06475040985630114
0.05818503852690078
0.053517160110092436
0.1615782380543606
0.29383992982787666
0.4158569802522417
0.485844325339818
0.5899718313875065
0.686897154484778
0.7933732210552054
0.8722502960925264
0.8975309812031933
0.90060401126557
0.9153720713133954
0.9341843577086054
0.9426529776679194
0.9365955234720132
0.9350715404939788
0.9445836358504258
0.942113697038041
0.9377805803706165
0.9413234639367574
0.9488648497452721
0.943851717357425
0.9379965429290457
0.9261313653209812
0.8795365080345533
0.8022487552962814
0.6872713403877869
0.5340685890965359
0.40901412689618355
0.33428061948638654
0.2590787397436142
0.16659070907206025
0.11393393022990304
0.09908109293604188
0.10417894763247555
0.12150988980503397
0.13419200448443613
0.12668986357053763
0.11396741506901015
0.11057612397183399
0.11097704689783242
0.12393317198526864
0.11161917400412251
0.10749229103227444
0.13707269602107752
0.24642471013473177
0.36290645921128545
0.5125330891280533
0.6554120447211038
0.79117026951236
0.8508091494011927
0.882309282416355
0.8983795832884942
0.9128808885013565
0.9185714236039577
0.9233658926530808
0.932142981441781
0.9373472092889017
0.9473139695013212
0.9598699918947522
0.9627711889973362
0.96230875899094
0.9565984775899127
0.9540823820841161
0.9479224851826846
0.9429345201016432
0.9122923850537439
0.8736393468583107
0.8194099461649321
0.7337510288343294
0.6136522391486533
0.5023833511233403
0.41072545616680756
0.2970404471915628
0.19654125538392786
0.14529405041158822
0.1332291528212728
0.1032986221057508
0.07031805640738573
0.05254559164035687
0.0504498129132917
0.04294345799752422
0.029908853327972513
0.029019898146911315
0.03195140634315029
0.03767395520171632
0.03627197413545651
0.039291635234220815
0.04983407503071417
0.17352551963247187
0.308921021336242
0.4272598541020719
0.5197675646850816
0.6589678839061035
0.7662800594448572
0.844878779102556
0.8991994292050505
0.923857505088588
0.935219874501247
0.9436834898130047
0.9479087526673382
0.958225434462816
0.9637949156801022
0.9660652405286282
0.9598734438198502
0.9642776728488129
0.9615103776067022
0.9588399910285503
0.9547603039306194
0.9596908945212292
0.9642159627902875
0.9669136886692901
0.909809152905398
0.8393494262147766
0.7621065005502439
0.6635903912991938
0.516414946923026
0.3681715900717133
0.26708749455119857
0.19709546357892718
0.1722419199773001
0.14532027065277256
0.1120181904944422
0.08973056195144322
0.10441392863578326
0.11779997727950814
0.11244831059807381
0.10985333983352466
0.11793929071127665
0.10903663732304976
0.09740837164449295
0.09705662623814541
0.08920078043867474
0.12446776129883613
0.2251177196112687
0.36213327059501815
0.46313111923792616
0.5895469540294745
0.7226453136538689
0.8207448611520082
0.8564873930426504
0.8832198367275106
0.904900183674766
0.9146243839730746
0.9168641024097337
0.9303781905972154
0.948465127017515
0.9549399988021261
0.9537115901793362
0.9565068163577151
0.9613558584396373
0.9575650331505304
0.9452063223421359
0.9404283459831914
0.9380937056464034
0.9262985710436555
0.8980215881960845
0.8670268181355161
0.8273020090215475
0.7741339638502165
0.6873968247779948
0.551960787291123
0.4009739538435224
0.30096124596366497
0.2225352635790238
0.16825784763062168
0.12331176247211746
0.10217798962188178
0.09583795504071758
0.10453920270282041
0.1222296234141412
0.10794092350081591
0.0947354035398422
0.07548079715221537
0.07267043527810373
0.07189986931867899
0.07511947685272916
0.10113727042360932
0.16529032577530445
0.27983544085644785
0.3979187875474328
0.5336668988505222
0.673954157881713
0.7952312776259122
0.8549291713763241
0.8752781480769594
0.881741647071319
0.8859639652308753
0.8959040518149077
0.899911293841689
0.9051058190202238
0.9078418578658479
0.9140847071821531
0.9203770800976053
0.9311507365594976
0.9328166418700137
0.9357048160791444
0.9435043724789101
0.9480836886443269
0.9246130847889074
0.8896613416141509
0.831523448468412
0.7766680194383297
0.6975211025740602
0.5879467504947514
0.45305310043748104
0.3561927551114044
0.26894977788722063
0.2059374707663777
0.17307724679098413
0.1545195266874832
0.11773303979633448
0.09893206980914615
0.10534536533337757
0.11676566947433081
0.1201799916776125
0.12286060310380995
0.11737422829702665
0.12155084458850456
0.12249629632603196
0.12195219273907729
0.11569520695921927
0.10937842199638408
0.18319723279202
0.27124448204012774
0.3775144160108958
0.47752432308258114
0.625199616268716
0.7404210948311517
0.8188381523970567
0.8728708631063635
0.901230390552088
0.9128243748712217
0.9230880015961873
0.9365631205261089
0.9385698903424131
0.9348320444030339
0.9325767469892701
0.9350537407019157
0.937016066501157
0.9387028165378644
0.9380836061019752
0.9339432474145096
0.917538807116888
0.8670157208089585
0.7992561606901049
0.7164676721257217
0.6074761973472149
0.47632925264024767
0.34546749792084874
0.23592632945831948
0.16970244493297854
0.14039558081450926
0.1251380537420685
0.1194869572197132
0.1102071597178035
0.09331626122561387
0.07395243281730525
0.06771005110310956
0.06399190005054542
0.06823149443995943
0.07644032845343415
0.07018619787717906
0.0563143686134815
0.060706422837510016
0.07567084167596617
0.081127466543505
0.17731367127251477
0.2973398567150173
0.3967287286878343
0.48482231053881625
0.6403348798845898
0.7644067455353802
0.8367846361105036
0.8914581053093532
0.9191825164514211
0.9231675089555302
0.9221896018543928
0.9177943707348588
0.9151679010657283
0.9153495117608145
0.918486751908343
0.9262282695986436
0.9322549145876134
0.9430503454863649
0.9423672749091917
0.9459919406581657
0.9372552018043627
0.9352488180950691
0.924874025674616
0.8718397061904484
0.7884556224958362
0.733209328633257
0.7157999594719224
0.6498077079012667
0.5381524859453768
0.40869316208346096
0.29775729589319866
0.2178702791984412
0.17309905134923495
0.14509821080857152
0.11890831355387299
0.1231528714832984
0.12823655131410383
0.12563765470030097
0.10093889347827925
0.1053774292830775
0.11497040091733837
0.11810448324310728
0.09246235966364319
0.08552755904866684
0.0868330189284665
0.10002572607867238
0.08242582096303819
0.06185852545045438
0.06093563161307819
0.14893806557935196
0.24487313137857358
0.30216786423809294
0.3513643340561791
0.4286861559293498
0.5276390643553602
0.6289978340159853
0.7454036102262367
0.8020972548846601
0.8283314510032139
0.83087813271179
0.8443236936929159
0.8451671683139628
0.8643816692074962
0.8625525628009008
0.8752246453153838
0.879877728668331
0.8918410149360354
0.8818494192538723
0.8821822472927934
0.8707153642670875
0.8615580812481687
0.8443009092865967
0.8409658280626517
0.8250837432891349
0.7997115906495531
0.7577837762623281
0.6796254605217706
0.549947443887842
0.3811589663088695
0.29487928725796553
0.23805001737026218
0.19633454388293956
0.129024838364742
0.12010610649811947
0.12465392719418172
0.12160717444570465
0.10263718409524114
0.0875875968326347
0.08022615867367532
0.08535307956540092
0.08891828302081012
0.09710746459496299
0.09655522570143349
0.09965440630730824
0.08757962328554512
0.0939103046085924
0.19411252861019196
0.32560382002907273
0.4040474411041628
0.4304881416505443
0.5215134421962762
0.6661561020694713
0.7781661586454007
0.8394054992855516
0.8605619338965019
0.8747274004307278
0.8680213756744745
0.8781525430530689
0.8881455624443569
0.898496423144319
0.9059009921830385
0.9093123074301995
0.9186322137896228
0.9057071891290299
0.9132432535696982
0.9019937890679903
0.9170726167740166
0.921092184701206
0.9307112624903568
0.918356053542273
0.8944179598103297
0.8860302981378263
0.8741808353868977
0.8532781981660618
0.7893080523617763
0.7019685365943448
0.5781604916390239
0.4468862894577085
0.30586379591127727
0.24220268297061645
0.20164316646857477
0.1669066399888836
0.10967233382593178
0.0946125720117471
0.09029906006104958
0.07718704214989353
0.0647873962301544
0.048401325387728636
0.05606711069615643
0.06878620950057378
0.07322403655206333
0.07784087217948144
0.09186512756024562
0.08963202513485086
0.07179223315615693
0.07357620398964379
0.0782381563629267
0.16576678446785262
0.27979607094629716
0.4291740791958908
0.5433502075661771
0.6910456462900728
0.7891411571258496
0.8444120506155696
0.8552826853556528
0.8664999678795992
0.8820642101336393
0.8953891052600456
0.9010259470335672
0.9144014976739184
0.9251077752842002
