0.9273182957393502
0.20329670329670618
0.8583638583638612
0.5089947089947116
0.32361516034985643
0.6146179401993378
0.5089947089947116
0.730545876887345
0.28190476190476327
0.5089947089947142
3.0254458550420102e-15
0.5089947089947116
0.730545876887342
0.4123606889564369
0.8583638583638593
0.7928571428571475
0.927318295739345
0.3670634920634979
0.5089947089947116
0.5606060606060604
0.5089947089947172
1.0
0.2819047619047591
0.5089947089947116
0.7928571428571543
0.6712018140589617
0.0
0.9273182957393525
0.2032967032967054
0.24183006535948512
0.7928571428571407
0.2418300653594768
0.8583638583638664
0.36706349206349304
0.6712018140589617
0.459627329192552
0.412360688956432
0.2032967032967054
