0.34444444444444366
0.19928571428571404
0.31288819875776347
0.9341517857142826
0.4119601328903642
0.14903846153846242
0.6583011583011547
0.17366946778711553
0.6583011583011547
0.525892857142857
0.4119601328903642
0.14903846153846123
0.525892857142857
0.7591836734693832
0.2826747720364741
0.2826747720364741
0.48606271777003296
0.4119601328903642
0.6118421052631571
0.525892857142857
0.4481292517006806
0.1253369272237157
0.6583011583011649
0.0
0.48606271777003296
0.4119601328903604
0.5258928571428614
0.28267477203647096
0.5677655677655697
0.4119601328903604
0.4481292517006806
0.12533692722372078
0.17366946778711287
0.34444444444444366
1.0
0.5258928571428614
0.31288819875775864
0.4481292517006806
0.28267477203647723
