0.49773755656108265
0.032679738562091235
0.5647058823529374
0.3245436105476647
0.0
0.716112531969304
0.2277039848197316
0.43572984749455274
0.22770398481973045
0.2745098039215666
0.32454361054766756
0.3245436105476647
0.4357298474945495
0.4977375565610814
0.4357298474945495
0.32454361054766756
0.2745098039215666
0.37815126050419845
0.43572984749454624
0.43572984749455274
0.4977375565610814
0.43572984749455274
0.43572984749454624
0.37815126050419845
0.4977375565610814
0.3781512605042042
0.4977375565610814
0.3245436105476621
0.5647058823529394
0.5647058823529394
0.43572984749454624
0.4977375565610814
0.43572984749455274
0.3245436105476621
0.5647058823529467
0.4357298474945398
0.43572984749455274
0.564705882352932
0.6372549019607858
0.4977375565610814
0.6372549019607858
0.3781512605041926
0.3781512605042042
0.4977375565610814
0.43572984749455274
0.564705882352932
0.43572984749455274
0.3245436105476621
0.4977375565610814
0.43572984749455274
0.564705882352932
0.43572984749455274
0.4977375565610814
0.8021390374331465
0.43572984749455274
0.6372549019607858
0.564705882352932
0.6372549019607858
0.7161125319692888
0.6372549019607858
0.8021390374331465
0.4977375565610814
1.0
0.7161125319693062
0.9999999999999768
