11.99332423156039
3.312985732843886
-0.016070456771428713
0.29964741412143986
0.6682618884259052
0.40919806755467925
-0.3206352911744648
-0.15140057687978994
-0.4830309022050684
-0.3460066858227901
-0.41011611377400403
0.5642599828072138
1.4498021001886754
-1.8298721902589214
-6.774073404109579
-14.908520335131389
-16.24019413963098
-9.729879895765551
-0.569327275696445
0.6859542857971772
-1.067946202280185
-0.23986233972033316
0.6297548869141241
0.21024274240726176
-1.2089851437528403
0.24133570435043916
11.846970748296885
18.231116324411097
14.082622308235328
3.2780167291864464
0.37151257219151573
-0.7773643561653426
-0.2380757808355797
0.25919939007742127
0.8346177591694778
0.8624020819915632
0.07200037753126476
0.46322982849803684
1.1843805459670638
1.4773857249815445
0.8971136008338182
-0.15445671260311988
-1.381584914770302
-3.7524896193718944
-7.744995946896754
-15.406766284044371
-14.86164709625345
-7.423483063046891
0.18589980043839477
0.41578843230309787
-0.3506499470140155
-0.4937496905212189
0.01717447260646133
0.0582881995978891
0.19892276327563171
-1.2479344804956158
-0.9125407551777786
8.38874646753904
17.540586290680555
15.606538824946801
5.99305452258927
2.541051232391105
0.846023137229189
-0.2872215247116599
0.12454248969874948
0.7367737186844363
0.6385917983981049
-0.015156796603339314
-0.21918449179206678
-0.28209775810282933
-0.44979852939652504
-0.1818576205009208
-2.4508466613433932
-7.247822903799789
-13.75123471948968
-15.179654480079286
-8.90235964856719
-1.9407510987670054
1.00128998285607
-0.9109808456536954
-0.9986442677033079
0.12471848744969083
0.8107285712349803
0.31591895310014995
0.22170185405237514
-1.6541627284820422
-1.3462324896681899
2.7362474129598238
13.940113287814581
15.403891703508327
10.54226362467713
3.5125183062901724
2.9049381719414704
1.1570429889684462
0.9354363839114932
0.8679737129637664
0.4878794875552845
-0.6869514037899549
-0.7118369256525384
-0.019774152254992197
0.7360968252853044
1.1041882205150213
0.7116011922952173
-6.133882954089509
-13.362302901870908
-17.322704878875033
-11.747752294629757
-4.144874318128531
1.565795911362857
1.0434003847942919
-1.2106796387586358
-0.6927771152186757
-0.4322033546697531
0.011836802254588705
0.23193147758882593
0.33598801062477074
-0.06915967300314534
-1.3647595115617976
-1.5259888486488278
0.9396705045402182
12.968394028646415
17.84492745195244
14.442480229673187
5.438803199163086
3.5894862864131145
1.1080345854723945
-0.038685864927494734
0.4205765217986694
-0.3753396716607984
-0.6498455181959578
-0.7545047351984429
0.45874261876566563
-1.1204610164313906
-5.29502094974239
-8.893998270636319
-11.984217687578065
-12.146590389769306
-8.612896909708644
-2.3831396360867343
0.27909189625596176
-0.5274349477390282
-0.6222280665551208
-0.4382892339472293
-0.09090252270194947
-0.5388247699860715
-0.11525235701107403
0.1567830170801815
0.2928393364954609
-1.4339819031057182
-0.6844313789477265
5.364192184157586
14.386308826358503
16.978994475750124
11.297415213240798
4.785097979538919
1.6025407300045815
0.15821904662672026
-0.7127528063985292
0.1335938262132013
0.4359573627535284
-0.28510002499307785
-0.7566797370805749
0.15342529570796126
-0.9398438779007978
-5.934230313046901
-11.109358070773267
-15.293384062223735
-11.178417531317615
-4.7004034760065885
0.3629834007680223
-0.6171811944612393
-0.47312322586022776
-0.05923151479153725
-0.6434776559126135
-0.17442788414476343
-0.15647901724032853
0.21050571075254007
-0.2639690377234775
-0.25428947945506547
-2.807364428229992
-0.4444550290005029
12.012223728233533
18.979243089350923
14.252996717367548
4.731496656757509
2.5167446320405595
0.5138411693068274
0.010765229756879473
0.5088366470272239
-0.10040127272817213
-0.22903096684134008
-0.32936385170028065
0.5640045122357116
0.5105405181314788
-2.3343212473649673
-8.95370313640386
-12.918483361707164
-14.281001762062767
-8.52989362219005
-3.439536920265498
1.1843806650821496
-0.34095290442348086
-0.5818252710129697
-0.8368702767013135
-0.1878570304129033
0.422352634943892
0.21762407891864977
-0.7589509889509115
-2.0151491438457327
0.6040958304494797
10.59868571289709
13.658889617287565
13.529498804204014
8.828368256743904
6.498403534025974
1.257470627908297
0.10952808877884118
-0.4931698632164001
-1.5659539016170554
-0.7660460805086934
-1.3153723874662429
-3.779783532777503
-7.287164621262165
-7.5832020950060475
-6.6581256474315555
-8.17080334369265
-8.20212793639396
-4.563902160384399
-0.05248821987145177
0.1707143600463618
-0.6218596406496912
-0.5746666664227749
-0.14393533417275334
-0.4343866723487454
-0.7377743784325151
-0.5075981907438882
0.006957194815609715
0.3531884953350763
-0.7896553718779975
-0.8795407432737476
7.790135126883499
14.5338344212483
15.667244481386584
8.810559389942082
4.588887679915137
1.0787070679483053
0.6971313314342467
0.4269092188401184
-0.2570453762423961
-0.5932724093490748
-1.889431149249008
-0.34611702762691887
-2.9199144903667875
-9.332513338878803
-15.341960329068291
-12.24017296234808
-6.730794954740736
-1.6764659824166177
0.27045801419925586
0.0673676341768464
-0.5183098817120002
-0.08591406545066685
0.4152447540950103
-0.02179080332202884
0.04846693334475422
-1.5422699085757552
-1.3787023785866852
1.17970064284023
10.216841981910656
14.4433476169586
14.320875445577137
8.307474147231638
4.473601238454393
1.0389287361421677
0.4188528957947117
-0.2991228076967307
-0.978085160584007
-0.79903761553291
0.25901548179808925
-1.0821411927046258
-5.234197702571809
-9.565685646876862
-13.443412964222055
-12.3504474113184
-6.511864250469028
-0.8452587636441036
-0.2788716931597711
-1.0736140286089624
-0.33005836015786943
0.24659410195866738
0.5113418580409852
-0.02245549312351999
0.023162775414049347
0.10660134965855421
-1.1090637952982216
-0.9198666065819813
2.4685946730044837
10.903888184347148
12.685906683835505
11.955020171731949
7.201576909987354
5.321063725593707
1.399125175453673
0.8634117011209894
0.3570369586284196
0.08495956053732123
-0.017177130381733692
-0.388022201653834
-4.14984929804373
-9.191259540575963
-11.68693128837782
-10.280002332410428
-8.117954277780795
-4.89706763384564
-1.793853345439075
-0.4955783370338769
-0.5051142967075279
-0.2665979409873485
-0.341921242549469
-0.017937723540353064
0.288121981010329
0.3516115671511734
0.06956114789088999
-1.2897890386169066
-0.802046069946722
2.7890623008021453
10.867747025934106
14.638687538768936
12.986299359091984
7.077381762482225
3.227575836235917
1.2317723518854495
0.6422879764706081
0.33246436622182635
0.10071017138447527
0.02025672332833916
-2.127857269630343
-5.209790546992499
-11.0136210983377
-12.895476762145837
-11.540880355633625
-5.4776457560554475
-2.2758676193149148
-0.3285460953294134
-0.49717659633973105
-0.41383940283384024
-0.4339397608780048
-0.29547812381536137
-0.11262097804539946
-0.06620880609364523
0.15093116490411757
-1.0032552437927313
0.006314756503743602
5.6994641122721985
12.94514919090035
16.299600584653124
11.698461272943867
5.138215018240425
0.9370134011557651
0.5201240655941294
-0.04899263975811214
-0.17360716355737943
0.2951771829465765
0.16562681188244058
0.25261728489393986
-2.9539914093798987
-8.514657187861182
-12.381804585748506
-13.241075481309018
-9.463465945265918
-4.3943326626558585
0.05768777609663982
-0.07412565883135906
0.01159480610993889
-0.1172930830695694
-0.16758696927720532
-0.26603359759719764
-0.23931387175092608
-0.2118199663116734
0.0036418681278099904
-0.0650324117822244
-1.3602536932725011
-0.6092320499190567
6.950425853206104
14.783457275195863
15.571934889742723
9.158787754026633
4.0982875723454795
1.8968204204737082
1.3463687440461807
0.04524334558814196
-0.5860220530951409
-0.009285480665539613
0.725587715720453
-2.9505405236703215
-9.641618265057028
-13.785778654955935
-12.946860802426299
-8.252210666185016
-3.614402454264725
0.03758484145472182
-0.14397761075264937
-0.4699616223110714
-0.7788325473414509
-0.28964314917775064
-0.49152811896773346
-0.09347748216981455
0.11680663163856367
0.4345881033045797
-0.11782925747540432
0.2592262712182224
-0.4298979743970623
-0.0625073697788322
6.151592166898329
11.972720094120655
13.767109096154815
10.014741294228587
6.423792698948383
2.602722329377654
1.3330932878929482
0.6527329601823052
-0.4559190563751619
-0.42916741380529294
-1.102650784816312
-5.079101840701297
-10.266666357671319
-14.058990435859581
-11.95270317671762
-6.151753641459841
-0.9222991503668639
-0.01946125362136404
-0.46761698992271367
-0.46378618756565126
0.122794046885759
-0.06433985720643293
-0.3594379001198693
-0.560942631153247
-0.5309732716959866
-1.08390976007842
1.0433356115831605
7.805867323570463
14.225093198165771
14.313919092334515
9.292574204933443
4.49692088525729
1.7710914000333395
0.5045191892846708
-0.15591069775776234
-0.5325294319027881
-0.7076836933459821
-4.088561183893259
-8.045787038570237
-11.320251681769925
-12.898104489104067
-10.359928480380338
-4.208791848680466
0.8827713701731827
0.6253889363420737
0.2697230518520023
-0.025509704840788273
-0.25751052857617257
-0.07512982146278434
0.12727374589409912
-0.055543976958360636
-1.0613340831482125
0.9151979415181296
6.12373539061333
11.237857892668826
12.274289186604504
9.832073818102929
6.177150067720316
2.728627405168168
1.1222534408592328
0.5502466710135165
-0.12792719336568492
-1.4467308449608425
-4.811393616590495
-9.709470179728015
-10.131101629502933
-11.448980311384748
-8.217654712778684
-3.5480422400074674
1.4646067405665562
0.028288579136387323
-0.576979910196004
-0.029384585710859338
-0.3566439550593359
-0.2605580244574708
-0.10365285739968046
-0.17641705967418572
0.4308064354660698
-1.031972695569286
-0.6629571553244582
3.448085136483588
11.03205646646169
14.956388142813543
11.918516068145975
6.1779323002825794
2.088676465106266
1.099052378182109
0.07336471348660752
0.6953284710137773
0.4404569855505242
-3.6888609181054686
-10.644587168340454
-10.800715824691041
-7.542780908742255
-5.705751158305524
-5.830883922167531
-4.030637384424454
-1.8697026507777161
-0.6255795565345468
0.23257272325094483
-0.5443002759196326
-0.716680897807309
-0.3826628553740925
0.1840227449802323
-0.02121508525877984
-0.2120418426266779
-0.13127325864464992
-1.622817131026827
-0.016506763134858764
5.819075366999717
13.65681393029188
14.737373555478587
11.091467819538247
5.031305411070625
2.0582734363391215
1.1650141992392156
0.47717493348466156
-0.6661885910131572
0.08902944194931096
1.0512422170782452
-2.741408348102047
-10.38689957256619
-13.982654917235212
-13.268918696692841
-8.48121813941146
-3.6807188834690994
0.42761908376912366
0.02016853654297834
-0.8257930288691095
-0.8157455160804505
-0.46146475762176054
0.04513298750993208
0.3337786920221054
0.40454013981536935
0.48415143910428426
-0.26903695478529716
-1.6252150561395289
0.045314852718180525
4.9984287924475055
11.246872442458345
12.787330999449676
11.850860839841378
7.1760710637879725
3.809867310138625
0.9387174783557904
0.7931931657281839
0.24686675158224752
0.21255464673362354
-0.4836015887315596
-3.7852877405489793
-8.603411223837165
-10.599132765706123
-9.607046850683377
-8.008155410824896
-5.8288049433213684
-2.5021588967221264
-0.5305340776707228
-0.8022139805376297
-0.8143443445043146
-1.1722052121942075
-0.5902696997079934
-0.2569642806542527
0.2801891481338041
0.21096070207052486
-0.26882544528825825
0.053176460304366756
3.1846721657379073
8.72181614866631
11.900938553649292
11.69334158951539
8.943251604788399
4.624534745468965
1.0455328480298522
0.5063482152491682
0.5028394957678078
-0.08993138737869733
-3.879676136781016
-9.569615479296724
-12.651755112733284
-11.77184868907714
-7.463578490528181
-3.626791716122458
0.27890648712173116
0.1665371986698397
-0.4388589600399063
-0.15238747109694575
0.18590787327385397
-0.21543870543542243
-0.5069874161040461
-1.3740189302624362
1.3620183650168787
7.485928586357134
11.696285896837558
11.724268275206114
9.39307733014075
5.880996351702581
2.0324689864669465
1.1473345555342125
0.8186538845278467
-0.012828008066862379
-0.13183721172810314
0.26041139865201773
-2.5849949392894156
-7.142617564427202
-10.354220664243435
-9.398695961793974
-9.023372570415948
-6.2233922290792405
-3.008989169712728
-0.5424341850951451
-0.9225925253091726
-0.4395764821767592
-0.21232457677433286
-0.04582572881725044
-0.3924935886481028
-0.6348700559332308
-0.3505710265741043
0.4291421119583416
-0.3389434294369388
0.22313043653853615
4.282235240923398
8.678253488600681
11.66870847933255
11.782825423827424
8.498136818558763
2.841853986483914
0.09268540118566232
0.34962674591526394
-1.6779630154378378
-4.333533199778357
-8.233464424024673
-9.73116344783321
-10.642777859213496
-7.560616241608066
-3.8472543411910687
-0.35168431426626484
-0.18948708247806673
-0.2831994393376089
-0.4915839315183268
-0.16436939491226396
-0.5047785117411248
-0.4273736372244082
-0.028121974166511732
0.4409634080004028
-0.2439935214337042
-0.9550371751656946
1.0231613840862768
7.2273078919480005
11.619261720949144
13.136173321994168
9.643907717218429
5.337339077026523
1.181809969744912
0.2918161895382953
0.07882028219511787
-0.6999178499052212
-1.887792006710108
-6.121817156051998
-9.74727261297269
-11.227985400129205
-9.42712000547876
-6.311117471684174
-1.7236603608723153
0.6400236258108777
0.013492963124731189
-0.9919795784355318
-0.3712140609972543
0.023494841052178143
0.06341508193021224
-0.06687106316977878
-0.06957544181645779
-0.24245046314135368
-0.7869502557856031
-0.36011472644593917
1.620012576250724
6.115706720253042
8.761262895422126
9.694607528400216
8.264001946651145
5.910740357399887
2.8349561941626447
0.7398512536684964
-1.6522227199912083
-2.812172722177737
-2.8940958194325006
-4.98713232520748
-6.582055931087044
-7.003996387054983
-7.163883059996664
-5.931607291131187
-2.38346791494831
-0.21766003238659504
-0.6812524249871296
-0.2950561319291815
-0.233670643918206
-0.02540066699875254
0.07550343629416713
0.20511199005723263
0.1504093765875683
-0.6107220821521173
-0.018866469642375046
4.4770473244109725
9.185399987160238
10.21932976650224
9.549519467195324
7.724495727203737
4.328953398070514
1.2734887708995768
0.9058175430733777
0.9466848865376782
-1.3817566637709264
-5.156737440107148
-9.640209094101039
-9.505798151232428
-9.329903611303495
-7.042541887514275
-4.036672221718949
-0.10926273196518299
0.23396377843887037
-0.7377898229797141
-0.4319573565200029
-0.2743803542281004
0.1524843668776548
0.06876850787728125
-0.24939328191175789
-1.484690851545763
0.11431253993161014
4.481949297207205
9.422312820061121
12.019725685106842
10.975394050872996
7.6193839936004775
3.507873272470815
1.8999462163947625
1.0365174794902994
0.5002470056749937
-0.1607035242824353
0.12431023610529882
-0.2035657286946995
-5.958057092120818
-11.329316918445695
-13.689812824748758
-10.50362578809407
-6.753782500287767
-1.7611463412314057
0.1929866069190332
-0.2564783072821443
-1.1170867447576998
-0.5408361755413581
0.11350843718541632
-0.14531651606031815
-0.4011187638883815
-0.5232454642519608
-0.4539549070990975
-0.6190707933596438
0.8072944864635924
3.951503347145337
9.107730912101543
12.48598491398904
11.504888568663032
7.814810868764177
4.293905225344334
2.2370049893937534
0.7518638519029303
-0.38854517771682207
-0.5349838912494076
-2.5101497210469996
-5.790211991531636
-10.725299335627733
-12.240758755248256
-10.539155519546284
-5.1859331448912345
-1.08174835572224
0.4054044769835392
-0.029843755770998546
-0.49575932428454267
-0.32974063042925233
-0.15601299552820108
-0.43271179131911935
-0.5103099942023327
0.42778637229705413
-0.3504881150292371
0.12367993687685037
4.907061884448625
10.820873326165268
12.599297905111325
10.35991189341269
7.330452872991237
3.7725085234223275
1.3818279286798072
-0.2962828216909727
-0.8328033911959849
-0.8325197967299588
-0.25597880235715864
-1.7466889421866336
-4.344307220574718
-8.860874607271175
-13.136763011081655
-11.991019284300306
-6.195696312823598
-0.8321295283453677
-0.3545706843111741
-0.004609407144671991
-0.16480738263267417
0.04833662293863364
-0.30052052261117823
-0.47836649356245764
-0.3172066859367382
-0.004907818481844352
-0.700265827964865
0.38183012998564403
5.0825431505192915
10.503371321400149
11.755543833880498
9.962505156882278
6.484943842406898
3.997311662869346
1.4264115782214948
0.30267708058001436
-0.42359694365208667
-0.7963422343237395
-3.8959583297772666
-7.6756121209270045
-10.51171048826508
-10.235936520964461
-8.608505766016455
-4.645136265204777
-2.1055422826087975
-0.33302578974093255
-0.6031262237887488
-0.430501253132464
-0.43329902008336985
0.42949326643827807
0.619083758018412
-0.2062106657857291
0.1499925086702786
4.729796374778034
8.828473377352802
9.956356946223128
9.327725673910486
8.024663156881472
4.594609373578659
1.5892855700728679
0.5451831554993113
-0.32888572702196056
-1.1965408521193668
-3.982950398376121
-7.698260247358067
-10.080771217380597
-11.681188518201006
-8.195931725057902
-3.4332105943921416
0.41850735119095067
-0.8472109450986103
-0.4198984375856959
-0.15225075938168983
0.1131046566921615
-0.24584239887003753
0.026865193148591787
0.4830582965474421
0.6498220604750841
0.11042823377800887
2.081882173373966
5.401714872566544
8.391946108343044
7.874167996235723
7.0638768708121775
4.77628714802971
2.2826975045465323
-0.35485421430539354
-0.4367499353575904
-1.8880142647303961
-4.940648841783111
-6.80445948694854
-8.40634162093288
-8.784182738360778
-6.308210121563997
-0.7062935581655027
0.6961130981531989
-0.18020511092579347
-0.9054239255816312
-0.2954095576071701
-0.19726905707057418
0.08105278946663036
0.1849641951875505
0.04290272484777821
-0.08157238730235541
-0.12539095538807152
1.0577460027061152
4.488528037705078
9.87445975584358
10.670028288679172
8.685343404068645
4.970569801625854
3.8519797314490636
1.3811589895556666
-0.9463105531433907
-3.3887142102550682
-6.193838831404333
-7.072026350616118
-9.412455741089587
-8.518144786368907
-6.216708689759134
-1.816544121980061
-0.8748895076518257
-0.5420783559514067
-0.3495443687335388
0.09885109026591794
0.4583532675238363
0.25274017335318194
-0.2610450143318286
-0.10265308234500309
-0.11597469382592268
0.2717507412910024
4.347621459566907
7.124109694080517
8.574026245662893
6.858117827947212
5.632082387483148
3.6350247019593365
2.915150290964631
0.7785035854189472
-0.5345304964304225
-0.3239377126978321
-1.8230543896594058
-3.244613755435942
-6.257533109051963
-6.126650821568018
-7.220865064184694
-5.629042575738239
-4.7008905033462325
-1.0987089178311038
-0.30768690962609224
-1.1288141426706706
-0.928942773898508
-0.671905785865382
-0.01456254124222522
0.1878613008300857
0.14263273594539894
-0.6530271308439025
-0.17657941335206523
1.2907982289620534
3.8292581545758204
7.857886297081835
11.145717134058264
11.641481399927207
7.684345749245159
2.834844428090334
0.16340708913441346
-0.06307813653045583
-1.5783707273301604
-2.6964372925901747
-4.087084447967454
-6.305396095917296
-9.52067930735272
-10.07655575928748
-6.872131681079754
-2.7968324254347534
-0.16500279944858895
-0.5998543384422208
-0.4929414490074527
-0.1447208652014785
-0.14319962161647418
-0.04949246033072844
0.07737181807935557
0.521846691625722
0.03786166909749526
0.2350816037155665
-0.5315781285822737
-0.09630202727772867
4.148992317985395
6.870514156000144
8.671661404584082
7.252508295826035
6.974784952764935
3.85834035853114
2.2259730649825165
0.5425444523821963
-1.9787968591699705
-5.3787261651843705
-8.118045272483654
-9.285443410771888
-7.5916958445133185
-4.398022722557484
-1.3162236351884076
-0.5241836884996013
-0.7535089263873499
-0.8624008802490437
-0.8992789240343395
-0.42425169985643546
-0.29252466090451124
0.2548024718125087
0.3593778753567502
0.3067551873166898
-0.5250870187992341
0.4703274373566924
4.149590730507601
7.946132901822442
9.119312595255037
8.88598565321234
7.75188202255514
4.660865079567052
1.3296301213776252
-2.3156405828151816
-4.913918415302846
-6.845573252492117
-6.18025871963201
-6.7459563347921705
-6.71325326499237
-4.703960181375608
-1.3091730504086603
-0.5333094254144558
-1.395121226988758
-1.3010927016225464
-0.8727385082858029
-0.12705363985848483
0.4271704304375949
-0.007351258131865631
-0.004654658283587792
-0.2062610793230505
0.3002736642403729
0.0004276658410073295
0.5849133468684511
3.283676186781437
6.520226401087527
8.39083098281163
7.864832319655724
6.75653883172703
3.5169271512674394
0.8077193025064958
-0.32238729821405576
-3.6149047936135594
-6.213594798530704
-5.562186488671156
-6.036556639826827
-6.752844925117431
-4.320663890287451
-0.14056662072863457
-0.8874272346729488
-1.7081251715712769
-1.2356895268125463
-0.7436387773717321
-0.6060107576933155
-0.12347963720377506
0.2265515464158936
-0.061866315959977124
0.1558795573745619
0.055928386732022176
2.607446215956127
6.942068445233847
11.084579967972726
11.863756549392816
10.267187526032409
6.162646359312005
2.4651229403197465
0.9912551481572578
1.2074638193449603
-3.2264108912662395
-9.05314333304002
-11.522996901320681
-9.625410707695224
-8.477356657927862
-6.228388895919352
-2.7693703997049735
-0.4047481307101122
-0.8746044733507696
-0.8068256662661459
-0.8252379522795389
-0.4118372466820387
-0.2972787729532321
-0.2225663259338762
0.2909064481831904
-0.27062670730911176
1.1381592374450986
4.506203616452351
8.981160357117965
12.02594007169143
12.451728854380432
9.505694932143982
3.928627308866869
1.1332462756972617
0.5256004283913063
-0.6106354215021496
-7.965194097563543
-10.420010839030956
-12.836951859277388
-10.216136645697436
-8.05343832136596
-1.4379454479996414
-0.7283311701664099
-0.7507562275344889
-0.4819387062234167
0.13639863836085894
-0.13172258540571852
-0.485143371153585
-0.1045636749701381
0.30302079432880347
0.4356971918818334
2.424999427081643
7.911569777065717
11.731673164429788
12.738646430105138
10.052322611672826
6.362991088175782
2.064797566417972
0.4792346507367757
-3.5968686185234566
-8.876037921227178
-11.37491293568545
-13.933708842635815
-10.343866619308127
-4.381876207262854
1.1172758441848243
-1.0053607886741693
-1.239183845348856
-0.6156270387377312
-0.32599234976519237
-0.09877942279863806
-0.17140156781602428
-0.0009261877151742144
0.08103553197958638
0.12452464263322277
-0.02951623751406883
2.2139442500974384
6.628005832301065
11.87387946628459
11.925269501487932
10.368649385163303
6.0016544205038675
3.2140081007938974
0.9789620002438173
0.502328101408189
-2.3756319341870187
-7.84204061173946
-9.24735588772118
-11.537126477342968
-11.193880858754028
-7.377910864086803
-1.0293959058864366
0.016528547542104362
-1.8693849951361223
-1.482196840964134
-0.7704743942585621
-0.3088799402905943
0.37683413605473104
0.13743975379893125
0.5239096697548641
0.18988021226736926
0.6502755053667573
3.766393866368819
8.593944922124487
10.429028175263246
9.943412847588545
8.562850423612733
5.734723248845075
0.818364048242115
-2.652598574448946
-4.333381937308196
-4.140576004972032
-3.6266697754437
-2.150709530411951
-3.824452019535498
-9.733038111555572
-11.50380381938542
-5.244596166637232
0.39772480626262413
-0.2013066134572989
-0.927128170171281
-0.40091660660673883
-0.19809223613056484
0.20011549549623656
0.8533562694912051
1.1357368529893168
-0.5953637237833128
-0.1806022255318815
2.883042692325445
7.774756414781473
8.180757822997371
7.237928517921561
7.469856545924176
7.174168593131006
5.1285110102518
2.235707167300685
0.886130955183221
-1.4135562447927312
-3.4809819023796855
-5.769986456112097
-5.928888932689042
-4.792321390609564
-2.285760990107361
-7.351871025050859
-9.00725091374248
-7.186387820864625
-0.7884401436338885
-1.3733820941036632
-1.6621636652588976
-1.4813927041593833
-0.31515205814170894
0.372444177752271
-0.04091964157150286
0.03100969760091439
0.9227055779248635
0.7161780137319557
1.0440003470765506
3.0519959036071658
6.508278929577179
9.102555818986849
9.319578425671777
8.78617240991714
6.324973944672185
4.194995887484907
1.3848732620149795
-0.5369711279936523
-4.627758874034871
-8.818552026365182
-14.3142308150968
-14.34101826373216
-6.7589339858740605
1.5913220714962644
1.309711373245875
-1.5992736623833612
-1.3258698297522873
-0.21983863854832406
0.086856941779098
0.056379617279267644
-0.060144943683790815
0.1078236123508704
0.17279048970733316
-0.365181438727649
-0.5419931473496585
0.6001196269682193
3.1004101228700156
8.752161519442778
10.969094743628988
10.691156297628092
7.607235672391793
5.704435042032008
1.9122688588172143
-0.10045693793527725
-2.8872223553244165
-5.046914487961947
-4.857276741824964
-11.891729560541199
-15.028935481904393
-9.355247141947185
2.1916240572140304
0.9250986833961546
-1.5120038952994275
-1.8285162242832573
-0.22162997677600824
-0.3498610752796458
-0.31619708045081313
0.163757019840476
0.3534009316687133
0.7962159907066066
0.06980856846474476
0.9330224768093219
3.7263431775298996
7.803797195060084
9.251510494650866
8.68563420021562
7.813312875714353
5.790107245641899
3.137048759191231
1.2359615032758255
-0.5510386445556219
-3.798438546638228
-6.349829915506971
-11.855509608520274
-14.55958629679715
-9.221262782026216
-0.37238241152525114
1.7713352305388703
-0.8348930650035928
-1.148222576070583
-1.0108478217401022
-0.25945578084096765
-0.19527127903570474
0.3095532116557489
0.4414256981258244
0.39272472228889016
0.14305394491055926
2.0829624090272376
5.048062239685211
8.277441290783983
9.158200599520656
8.589497790546915
6.102108917553777
3.186808420153057
1.0076855693018345
-0.32379213853456945
-1.3446776025295677
-3.6726508076133113
-5.175350091080996
-5.1114894062815885
-8.847978670135353
-10.51790430517674
-7.286278874932871
-0.29053135530794544
0.30660417477574153
-0.7147578020699303
-1.3231816363311915
-0.8076701367473338
-0.5067433590772582
-0.13896071459723547
0.10535027569306427
0.4076240738860412
0.2761675318115833
-0.26454495097348474
1.7045213684147167
5.746145922801204
9.250048931766383
9.827553663807011
7.9639712574772235
5.719850195912833
2.4549382736232124
1.1016422697347377
-1.60562582522521
-4.24483005574448
-5.264232925087124
-4.609416329647645
-9.0967022473354
-10.355955522910016
-5.188705065406262
1.037633164907186
-0.0212079165359408
-1.1695787872033274
-1.1996708365100934
-0.6763166191274698
-0.9698035260868796
-0.5914330984662856
-0.4285536826455514
0.23756826060841554
0.11481907855223443
0.4438907245515243
-0.3002946265022609
0.971476673828701
4.652827791776042
7.5330000506349775
9.04401250446618
8.91566282488908
7.088990894279465
4.067954071646942
3.3024400483585628
2.495124627354691
0.980154875502657
-1.3237225555144103
-4.670066480789145
-10.037283978908825
-15.568775760965694
-12.260841294413803
-4.006289494693677
1.3462426124849536
-0.5694067667075083
-1.336222241822164
-0.711530858362682
-0.33795665600849745
0.1302410302544028
0.41727414303310756
0.22682481865986295
-0.5517318040304761
0.5226071579043445
3.3093853775159316
7.504545034730444
9.388106494401681
8.262223216815661
5.589673852023936
4.465562981547369
4.129407000974749
2.5624459550747516
1.3437277008995205
0.4433489280808386
-1.8058821382126604
-3.624526857737011
-4.7790461220159255
-5.239468508251561
-9.975661799520973
-11.940691645782929
-6.182598767276919
0.06057186683188648
0.2631354669652288
-2.195800654791245
-1.2166791414524376
-0.7245930729755218
-0.5656730638012512
-0.08829938941815482
0.13504882231365573
0.23515191212376632
1.2064581846917584
0.8325365515238002
1.4171826241316625
3.7967556497630017
8.985888713454909
9.70876927932772
8.265003376425907
6.005800146492064
4.273318971674807
2.567261005215384
1.3467193077243722
-0.22377107986248862
-3.3379408583020376
-10.093880334985311
-16.4091755442191
-13.629597848628558
-4.114887249377989
1.25798293960862
-0.13290978753259913
-1.351498013520764
-1.0103831925339322
0.15981518952876533
0.22716511707841253
0.2532003119264418
0.42244635235936845
0.4428362714788688
0.5989253665106311
2.5054571852304854
5.56538320522166
7.174254137231428
7.514601400309991
6.3223101827018375
3.9840274116410646
1.9147837902634102
0.5244673466781623
0.05653388649511819
-1.766787623631048
-2.6166047623322797
-5.065725955789768
-9.340004783348297
-10.776664760695981
-5.859501406090986
0.39655864647960437
1.327971708283811
0.07141028915176945
-1.1788530417726633
-0.6424552659402809
0.21479606218949163
0.27824471188010486
0.1875638991737839
-0.6626386054552674
1.0227853755367986
4.170911508844077
9.361008225638967
11.813284805068406
10.787568283006165
7.050087801394852
3.623585127038575
2.254227656744123
1.01377228603712
0.5197473059036313
0.6698563009808108
0.12396750020689667
-3.7065151670346803
-9.479687562533709
-17.102285597390484
-15.198574863679635
-7.253448044341897
0.7585683771350235
-0.20325245600835876
-1.1576981320723536
-0.936565766563083
-0.08330622357744423
0.03281341571368709
0.4122981091068592
0.5121627699563419
0.7257833284577013
3.329143650719903
7.665537687317213
11.487970955368503
11.317549187550211
9.437972416948973
5.477138335125103
3.1279717774222977
1.0496132847911086
0.6996715054718703
0.49904146501237706
0.7648175845076913
0.09799924480536128
-3.6986192028339495
-11.743039588797647
-18.482527322305454
-15.699958209155495
-5.176787794884146
1.3437198950114955
0.3769270098766466
-1.4517803666170124
-0.6374724455262154
0.4814071083273102
0.13644040984673086
0.16829774012002321
0.03638565704863579
-0.5417187506444782
1.2892606749866975
5.040664229680637
9.086724543658097
10.906208834338468
10.563551682025679
7.498271698348553
3.5054205799251066
1.6375313555768682
-0.4523902556604766
-3.8296451584203894
-8.827530560457866
-12.40343757863598
-14.264467699113876
-8.127614767095842
-0.747127824812289
2.2260622507497287
-1.0750946557178955
-1.825904004447613
-1.312162860620174
-0.4975623472821397
-0.060048582063282216
0.14876573641596175
-0.1070911366541409
0.5204760945014755
1.016286074769659
0.3277198316264633
0.8461253160987388
3.776453587469694
6.979656443272746
9.008393072235492
8.856248574604235
6.907873396015369
3.6348785344277657
2.398398516399461
1.2357797611811385
-1.2025536318103187
-5.545921163635987
-12.012936571274205
-15.39274666710605
-9.823456830393134
-1.8925727430786834
1.9402399597167608
-0.1713935981227094
-0.5674818333510067
-1.2220350814325036
-0.12239569027367615
0.18524112843808918
0.798225574943264
0.41918029375619614
-0.17440955759745308
0.17233606540544366
3.1739811819225534
7.558165094895943
8.502012868970905
7.310228968687054
5.211274194981337
4.391588203363815
1.4166951857567518
0.03236654996503236
-1.1422424320986515
-0.8142080340128263
-2.81802208026857
-4.8194804738659895
-7.547075964200211
-10.087379440122294
-7.830028608839128
-2.609128667674403
1.4342250908195597
-0.10428370786662404
-1.179606086287037
-1.085317544594024
-0.435143365210307
0.0014569251747251345
0.22306022945171183
0.6664007718306104
0.39027807620534566
0.7356327685168198
1.9688357180530214
5.67958304214199
6.132240850377149
5.658628465529376
4.979414482796962
5.426595083767043
2.00493187489004
-3.3374096059661005
-4.789198804503962
-8.042364913807818
-9.064105129471379
-6.249868401794831
0.0669999779908955
1.1634111666535802
-0.10124739768003675
-0.34004309832798996
-0.9390448159302186
-0.5991395595485769
-0.3446388373481098
-0.07417214489379242
-0.48696550627645185
0.059749154262624594
-0.17419248437768547
0.42276115385728674
1.8683633049040205
4.146488552820643
5.635533784478924
5.12797040966533
4.947306058991829
4.239710947047217
2.678180122143511
-0.7114864498659921
-2.432779849886804
-4.030899497163192
-7.787873651043427
-7.129654401364536
-3.1563322437407546
0.1652935439347741
-1.010236874671336
-1.5140143993859392
-1.4407207440598189
-0.7580642644493927
-0.04115294959599456
0.2903694795839892
0.45127894640344807
0.21859732686524921
0.8218606810530269
2.6176002564576146
5.62779692597188
8.233809857483548
9.729937723768604
8.22334219096194
5.30958356764579
1.7610213114738493
-3.190790000837217
-9.272239658511168
-14.193084238756061
-11.67265028248874
-4.014375378266709
1.3861017347932962
0.3642813204836572
-1.1328069137182024
-0.6027454289647879
0.03807131158355245
0.5343844642919721
0.4219570064212116
-0.04821031212823842
-0.6798562036765311
1.000202240307465
1.9458358892239775
4.725249612566951
7.472748181785936
11.08163531007093
9.42378341639153
6.648514368943085
2.888503164367777
0.6818175649318725
0.14312893781028105
-0.2520035833440214
-1.6616255749733144
-4.5859082339597235
-10.527124580886785
-15.096335847331074
-11.439205459095149
-1.8633523682003663
1.8788401280627112
-0.30607933557204636
-1.8283615089175715
-1.1166391675090201
0.1783855419639148
0.6397443958856363
0.22803139697672686
-0.15808271493722156
2.561739241342458
6.6030873055646975
12.203535808023288
13.60522328922501
11.254179376828791
5.112425530398101
1.7382890922520378
-0.2356152493211839
-0.3066929017226424
0.29339344868572004
-0.6784138268575254
-6.4432156683501285
-14.709276241247972
-17.943148640093117
-10.554240684742899
-1.940127977553791
0.5201303876196789
-1.0699277384972776
-0.6352716421485055
-0.20047193797136184
-0.31776929366670015
-0.17550465261632658
0.4588451711675044
0.8132620844937939
1.2344101655629762
3.4262075895033397
6.954414948504529
11.063418990445372
11.752211016887866
9.53098991713197
6.250976703492523
3.504953233001786
1.4057956438566177
-0.1139396858278439
-0.1429398656309481
-1.659978707464749
-6.9279411563238185
-16.415423912414408
-19.18591780547549
-11.040127217699212
-1.3516217711097724
0.7081661667599529
-0.6742215252172513
-0.5692195997388694
0.10932807649598542
0.5234109818368803
1.5890025777909207
3.7334280495923133
6.9945252430673825
9.076858452590523
9.522605601395885
7.554345374467955
3.6687149326273305
-0.780077238393606
-2.8122936723974434
-3.107824894545698
-2.966355072527782
-0.9636443062089809
-6.177381621507427
-11.885360659754983
-10.631392513992415
-1.2174803713173898
1.6146930429197839
0.7184270511641322
0.1595672773953787
0.19101351825652657
-0.8992671878663805
-0.5074107927279087
2.672726222548193
6.047168068564409
8.765154947969977
11.40578759935005
10.113476369969298
6.022585503381393
2.4043891443423617
1.0664942239271398
-2.320655670642203
-7.300199245433386
-12.496208194328856
-14.484503651247302
-10.04982377394988
-3.675067016459868
0.10612794405001333
-0.021777913464434338
-0.43481104420991995
-0.11320685742319146
0.009927960043499906
-0.06347583649050165
1.6045950732646914
4.636209945666167
6.592900349941154
11.497670814469728
12.571037444089727
10.323552572399286
4.50150353226635
2.4462697281459995
-1.2275134734083535
-5.983304037525297
-12.766910347044707
-17.225957419445823
-11.511955761291127
-2.3971390401060457
0.8428656171192885
-1.7040075148955318
-1.5909802782792335
-0.3053614641841274
0.27200744607546795
0.07606869063449329
0.3097601754641462
0.4615191858890566
0.015196951414855454
2.2819983585429395
4.900767962587086
8.763828922896897
9.714536696851598
10.244764206699003
7.73285287110546
5.004044792899503
2.7985190073152055
1.2526583830949625
0.7366629056938719
-0.4395233154001038
-2.8747403841916888
-8.069445152442098
