0.016666666666666666
0.03333333333333333
0.05
0.06666666666666667
0.08333333333333333
0.1
0.11666666666666667
0.13333333333333333
0.15
0.16666666666666666
0.18333333333333332
0.2
0.21666666666666667
0.23333333333333334
0.25
0.26666666666666666
0.2833333333333333
0.3
0.31666666666666665
0.3333333333333333
0.35
0.36666666666666664
0.38333333333333336
0.4
0.4166666666666667
0.43333333333333335
0.45
0.4666666666666667
0.48333333333333334
0.5
0.5166666666666667
0.5333333333333333
0.55
0.5666666666666667
0.5833333333333334
0.6
0.6166666666666667
0.6333333333333333
0.65
0.6666666666666666
0.6833333333333333
0.7
0.7166666666666667
0.7333333333333333
0.75
0.7666666666666667
0.7833333333333333
0.8
0.8166666666666667
0.8333333333333334
0.85
0.8666666666666667
0.8833333333333333
0.9
0.9166666666666666
0.9333333333333333
0.95
0.9666666666666667
0.9833333333333333
1.0
1.0166666666666666
1.0333333333333334
1.05
1.0666666666666667
1.0833333333333333
1.1
1.1166666666666667
1.1333333333333333
1.15
1.1666666666666667
1.1833333333333333
1.2
1.2166666666666666
1.2333333333333334
1.25
1.2666666666666666
1.2833333333333334
1.3
1.3166666666666667
1.3333333333333333
1.35
1.3666666666666667
1.3833333333333333
1.4
1.4166666666666667
1.4333333333333333
1.45
1.4666666666666666
1.4833333333333334
1.5
1.5166666666666666
1.5333333333333334
1.55
1.5666666666666667
1.5833333333333333
1.6
1.6166666666666667
1.6333333333333333
1.65
1.6666666666666667
1.6833333333333333
1.7
1.7166666666666666
1.7333333333333334
1.75
1.7666666666666666
1.7833333333333334
1.8
1.8166666666666667
1.8333333333333333
1.85
1.8666666666666667
1.8833333333333333
1.9
1.9166666666666667
1.9333333333333333
1.95
1.9666666666666666
1.9833333333333334
2.0
2.0166666666666666
2.033333333333333
2.05
2.066666666666667
2.0833333333333335
2.1
2.1166666666666667
2.1333333333333333
2.15
2.1666666666666665
2.183333333333333
2.2
2.216666666666667
2.2333333333333334
2.25
2.2666666666666666
2.283333333333333
2.3
2.316666666666667
2.3333333333333335
2.35
2.3666666666666667
2.3833333333333333
2.4
2.4166666666666665
2.433333333333333
2.45
2.466666666666667
2.4833333333333334
2.5
2.5166666666666666
2.533333333333333
2.55
2.566666666666667
2.5833333333333335
2.6
2.6166666666666667
2.6333333333333333
2.65
2.6666666666666665
2.683333333333333
2.7
2.716666666666667
2.7333333333333334
2.75
2.7666666666666666
2.783333333333333
2.8
2.816666666666667
2.8333333333333335
2.85
2.8666666666666667
2.8833333333333333
2.9
2.9166666666666665
2.933333333333333
2.95
2.966666666666667
2.9833333333333334
3.0
3.0166666666666666
3.033333333333333
3.05
3.066666666666667
3.0833333333333335
3.1
3.1166666666666667
3.1333333333333333
3.15
3.1666666666666665
3.183333333333333
3.2
3.216666666666667
3.2333333333333334
3.25
3.2666666666666666
3.283333333333333
3.3
3.316666666666667
3.3333333333333335
3.35
3.3666666666666667
3.3833333333333333
3.4
3.4166666666666665
3.433333333333333
3.45
3.466666666666667
3.4833333333333334
3.5
3.5166666666666666
3.533333333333333
3.55
3.566666666666667
3.5833333333333335
3.6
3.6166666666666667
3.6333333333333333
3.65
3.6666666666666665
3.683333333333333
3.7
3.716666666666667
3.7333333333333334
3.75
3.7666666666666666
3.783333333333333
3.8
3.816666666666667
3.8333333333333335
3.85
3.8666666666666667
3.8833333333333333
3.9
3.9166666666666665
3.933333333333333
3.95
3.966666666666667
3.9833333333333334
4.0
4.016666666666667
4.033333333333333
4.05
4.066666666666666
4.083333333333333
4.1
4.116666666666666
4.133333333333334
4.15
4.166666666666667
4.183333333333334
4.2
4.216666666666667
4.233333333333333
4.25
4.266666666666667
4.283333333333333
4.3
4.316666666666666
4.333333333333333
4.35
4.366666666666666
4.383333333333334
4.4
4.416666666666667
4.433333333333334
4.45
4.466666666666667
4.483333333333333
4.5
4.516666666666667
4.533333333333333
4.55
4.566666666666666
4.583333333333333
4.6
4.616666666666666
4.633333333333334
4.65
4.666666666666667
4.683333333333334
4.7
4.716666666666667
4.733333333333333
4.75
4.766666666666667
4.783333333333333
4.8
4.816666666666666
4.833333333333333
4.85
4.866666666666666
4.883333333333334
4.9
4.916666666666667
4.933333333333334
4.95
4.966666666666667
4.983333333333333
5.0
5.016666666666667
5.033333333333333
5.05
5.066666666666666
5.083333333333333
5.1
5.116666666666666
5.133333333333334
5.15
5.166666666666667
5.183333333333334
5.2
5.216666666666667
5.233333333333333
5.25
5.266666666666667
5.283333333333333
5.3
5.316666666666666
5.333333333333333
5.35
5.366666666666666
5.383333333333334
5.4
5.416666666666667
5.433333333333334
5.45
5.466666666666667
5.483333333333333
5.5
5.516666666666667
5.533333333333333
5.55
5.566666666666666
5.583333333333333
5.6
5.616666666666666
5.633333333333334
5.65
5.666666666666667
5.683333333333334
5.7
5.716666666666667
5.733333333333333
5.75
5.766666666666667
5.783333333333333
5.8
5.816666666666666
5.833333333333333
5.85
5.866666666666666
5.883333333333334
5.9
5.916666666666667
5.933333333333334
5.95
5.966666666666667
5.983333333333333
6.0
6.016666666666667
6.033333333333333
6.05
6.066666666666666
6.083333333333333
6.1
6.116666666666666
6.133333333333334
6.15
6.166666666666667
6.183333333333334
6.2
6.216666666666667
6.233333333333333
6.25
6.266666666666667
6.283333333333333
6.3
6.316666666666666
6.333333333333333
6.35
6.366666666666666
6.383333333333334
6.4
6.416666666666667
6.433333333333334
6.45
6.466666666666667
6.483333333333333
6.5
6.516666666666667
6.533333333333333
6.55
6.566666666666666
6.583333333333333
6.6
6.616666666666666
6.633333333333334
6.65
6.666666666666667
6.683333333333334
6.7
6.716666666666667
6.733333333333333
6.75
6.766666666666667
6.783333333333333
6.8
6.816666666666666
6.833333333333333
6.85
6.866666666666666
6.883333333333334
6.9
6.916666666666667
6.933333333333334
6.95
6.966666666666667
6.983333333333333
7.0
7.016666666666667
7.033333333333333
7.05
7.066666666666666
7.083333333333333
7.1
7.116666666666666
7.133333333333334
7.15
7.166666666666667
7.183333333333334
7.2
7.216666666666667
7.233333333333333
7.25
7.266666666666667
7.283333333333333
7.3
7.316666666666666
7.333333333333333
7.35
7.366666666666666
7.383333333333334
7.4
7.416666666666667
7.433333333333334
7.45
7.466666666666667
7.483333333333333
7.5
7.516666666666667
7.533333333333333
7.55
7.566666666666666
7.583333333333333
7.6
7.616666666666666
7.633333333333334
7.65
7.666666666666667
7.683333333333334
7.7
7.716666666666667
7.733333333333333
7.75
7.766666666666667
7.783333333333333
7.8
7.816666666666666
7.833333333333333
7.85
7.866666666666666
7.883333333333334
7.9
7.916666666666667
7.933333333333334
7.95
7.966666666666667
7.983333333333333
8.0
8.016666666666667
8.033333333333333
8.05
8.066666666666666
8.083333333333334
8.1
8.116666666666667
8.133333333333333
8.15
8.166666666666666
8.183333333333334
8.2
8.216666666666667
8.233333333333333
8.25
8.266666666666667
8.283333333333333
8.3
8.316666666666666
8.333333333333334
8.35
8.366666666666667
8.383333333333333
8.4
8.416666666666666
8.433333333333334
8.45
8.466666666666667
8.483333333333333
8.5
8.516666666666667
8.533333333333333
8.55
8.566666666666666
8.583333333333334
8.6
8.616666666666667
8.633333333333333
8.65
8.666666666666666
8.683333333333334
8.7
8.716666666666667
8.733333333333333
8.75
8.766666666666667
8.783333333333333
8.8
8.816666666666666
8.833333333333334
8.85
8.866666666666667
8.883333333333333
8.9
8.916666666666666
8.933333333333334
8.95
8.966666666666667
8.983333333333333
9.0
9.016666666666667
9.033333333333333
9.05
9.066666666666666
9.083333333333334
9.1
9.116666666666667
9.133333333333333
9.15
9.166666666666666
9.183333333333334
9.2
9.216666666666667
9.233333333333333
9.25
9.266666666666667
9.283333333333333
9.3
9.316666666666666
9.333333333333334
9.35
9.366666666666667
9.383333333333333
9.4
9.416666666666666
9.433333333333334
9.45
9.466666666666667
9.483333333333333
9.5
9.516666666666667
9.533333333333333
9.55
9.566666666666666
9.583333333333334
9.6
9.616666666666667
9.633333333333333
9.65
9.666666666666666
9.683333333333334
9.7
9.716666666666667
9.733333333333333
9.75
9.766666666666667
9.783333333333333
9.8
9.816666666666666
9.833333333333334
9.85
9.866666666666667
9.883333333333333
9.9
9.916666666666666
9.933333333333334
9.95
9.966666666666667
9.983333333333333
10.0
10.016666666666667
10.033333333333333
10.05
10.066666666666666
10.083333333333334
10.1
10.116666666666667
10.133333333333333
10.15
10.166666666666666
10.183333333333334
10.2
10.216666666666667
10.233333333333333
10.25
10.266666666666667
10.283333333333333
10.3
10.316666666666666
10.333333333333334
10.35
10.366666666666667
10.383333333333333
10.4
10.416666666666666
10.433333333333334
10.45
10.466666666666667
10.483333333333333
10.5
10.516666666666667
10.533333333333333
10.55
10.566666666666666
10.583333333333334
10.6
10.616666666666667
10.633333333333333
10.65
10.666666666666666
10.683333333333334
10.7
10.716666666666667
10.733333333333333
10.75
10.766666666666667
10.783333333333333
10.8
10.816666666666666
10.833333333333334
10.85
10.866666666666667
10.883333333333333
10.9
10.916666666666666
10.933333333333334
10.95
10.966666666666667
10.983333333333333
11.0
11.016666666666667
11.033333333333333
11.05
11.066666666666666
11.083333333333334
11.1
11.116666666666667
11.133333333333333
11.15
11.166666666666666
11.183333333333334
11.2
11.216666666666667
11.233333333333333
11.25
11.266666666666667
11.283333333333333
11.3
11.316666666666666
11.333333333333334
11.35
11.366666666666667
11.383333333333333
11.4
11.416666666666666
11.433333333333334
11.45
11.466666666666667
11.483333333333333
11.5
11.516666666666667
11.533333333333333
11.55
11.566666666666666
11.583333333333334
11.6
11.616666666666667
11.633333333333333
11.65
11.666666666666666
11.683333333333334
11.7
11.716666666666667
11.733333333333333
11.75
11.766666666666667
11.783333333333333
11.8
11.816666666666666
11.833333333333334
11.85
11.866666666666667
11.883333333333333
11.9
11.916666666666666
11.933333333333334
11.95
11.966666666666667
11.983333333333333
12.0
12.016666666666667
12.033333333333333
12.05
12.066666666666666
12.083333333333334
12.1
12.116666666666667
12.133333333333333
12.15
12.166666666666666
12.183333333333334
12.2
12.216666666666667
12.233333333333333
12.25
12.266666666666667
12.283333333333333
12.3
12.316666666666666
12.333333333333334
12.35
12.366666666666667
12.383333333333333
12.4
12.416666666666666
12.433333333333334
12.45
12.466666666666667
12.483333333333333
12.5
12.516666666666667
12.533333333333333
12.55
12.566666666666666
12.583333333333334
12.6
12.616666666666667
12.633333333333333
12.65
12.666666666666666
12.683333333333334
12.7
12.716666666666667
12.733333333333333
12.75
12.766666666666667
12.783333333333333
12.8
12.816666666666666
12.833333333333334
12.85
12.866666666666667
12.883333333333333
12.9
12.916666666666666
12.933333333333334
12.95
12.966666666666667
12.983333333333333
13.0
13.016666666666667
13.033333333333333
13.05
13.066666666666666
13.083333333333334
13.1
13.116666666666667
13.133333333333333
13.15
13.166666666666666
13.183333333333334
13.2
13.216666666666667
13.233333333333333
13.25
13.266666666666667
13.283333333333333
13.3
13.316666666666666
13.333333333333334
13.35
13.366666666666667
13.383333333333333
13.4
13.416666666666666
13.433333333333334
13.45
13.466666666666667
13.483333333333333
13.5
13.516666666666667
13.533333333333333
13.55
13.566666666666666
13.583333333333334
13.6
13.616666666666667
13.633333333333333
13.65
13.666666666666666
13.683333333333334
13.7
13.716666666666667
13.733333333333333
13.75
13.766666666666667
13.783333333333333
13.8
13.816666666666666
13.833333333333334
13.85
13.866666666666667
13.883333333333333
13.9
13.916666666666666
13.933333333333334
13.95
13.966666666666667
13.983333333333333
14.0
14.016666666666667
14.033333333333333
14.05
14.066666666666666
14.083333333333334
14.1
14.116666666666667
14.133333333333333
14.15
14.166666666666666
14.183333333333334
14.2
14.216666666666667
14.233333333333333
14.25
14.266666666666667
14.283333333333333
14.3
14.316666666666666
14.333333333333334
14.35
14.366666666666667
14.383333333333333
14.4
14.416666666666666
14.433333333333334
14.45
14.466666666666667
14.483333333333333
14.5
14.516666666666667
14.533333333333333
14.55
14.566666666666666
14.583333333333334
14.6
14.616666666666667
14.633333333333333
14.65
14.666666666666666
14.683333333333334
14.7
14.716666666666667
14.733333333333333
14.75
14.766666666666667
14.783333333333333
14.8
14.816666666666666
14.833333333333334
14.85
14.866666666666667
14.883333333333333
14.9
14.916666666666666
14.933333333333334
14.95
14.966666666666667
14.983333333333333
15.0
15.016666666666667
15.033333333333333
15.05
15.066666666666666
15.083333333333334
15.1
15.116666666666667
15.133333333333333
15.15
15.166666666666666
15.183333333333334
15.2
15.216666666666667
15.233333333333333
15.25
15.266666666666667
15.283333333333333
15.3
15.316666666666666
15.333333333333334
15.35
15.366666666666667
15.383333333333333
15.4
15.416666666666666
15.433333333333334
15.45
15.466666666666667
15.483333333333333
15.5
15.516666666666667
15.533333333333333
15.55
15.566666666666666
15.583333333333334
15.6
15.616666666666667
15.633333333333333
15.65
15.666666666666666
15.683333333333334
15.7
15.716666666666667
15.733333333333333
15.75
15.766666666666667
15.783333333333333
15.8
15.816666666666666
15.833333333333334
15.85
15.866666666666667
15.883333333333333
15.9
15.916666666666666
15.933333333333334
15.95
15.966666666666667
15.983333333333333
16.0
16.016666666666666
16.033333333333335
16.05
16.066666666666666
16.083333333333332
16.1
16.116666666666667
16.133333333333333
16.15
16.166666666666668
16.183333333333334
16.2
16.216666666666665
16.233333333333334
16.25
16.266666666666666
16.283333333333335
16.3
16.316666666666666
16.333333333333332
16.35
16.366666666666667
16.383333333333333
16.4
16.416666666666668
16.433333333333334
16.45
16.466666666666665
16.483333333333334
16.5
16.516666666666666
16.533333333333335
16.55
16.566666666666666
16.583333333333332
16.6
16.616666666666667
16.633333333333333
16.65
16.666666666666668
16.683333333333334
16.7
16.716666666666665
16.733333333333334
16.75
16.766666666666666
16.783333333333335
16.8
16.816666666666666
16.833333333333332
16.85
16.866666666666667
16.883333333333333
16.9
16.916666666666668
16.933333333333334
16.95
16.966666666666665
16.983333333333334
17.0
17.016666666666666
17.033333333333335
17.05
17.066666666666666
17.083333333333332
17.1
17.116666666666667
17.133333333333333
17.15
17.166666666666668
17.183333333333334
17.2
17.216666666666665
17.233333333333334
17.25
17.266666666666666
17.283333333333335
17.3
17.316666666666666
17.333333333333332
17.35
17.366666666666667
17.383333333333333
17.4
17.416666666666668
17.433333333333334
17.45
17.466666666666665
17.483333333333334
17.5
17.516666666666666
17.533333333333335
17.55
17.566666666666666
17.583333333333332
17.6
17.616666666666667
17.633333333333333
17.65
17.666666666666668
17.683333333333334
17.7
17.716666666666665
17.733333333333334
17.75
17.766666666666666
17.783333333333335
17.8
17.816666666666666
17.833333333333332
17.85
17.866666666666667
17.883333333333333
17.9
17.916666666666668
17.933333333333334
17.95
17.966666666666665
17.983333333333334
18.0
18.016666666666666
18.033333333333335
18.05
18.066666666666666
18.083333333333332
18.1
18.116666666666667
18.133333333333333
18.15
18.166666666666668
18.183333333333334
18.2
18.216666666666665
18.233333333333334
18.25
18.266666666666666
18.283333333333335
18.3
18.316666666666666
18.333333333333332
18.35
18.366666666666667
18.383333333333333
18.4
18.416666666666668
18.433333333333334
18.45
18.466666666666665
18.483333333333334
18.5
18.516666666666666
18.533333333333335
18.55
18.566666666666666
18.583333333333332
18.6
18.616666666666667
18.633333333333333
18.65
18.666666666666668
18.683333333333334
18.7
18.716666666666665
18.733333333333334
18.75
18.766666666666666
18.783333333333335
18.8
18.816666666666666
18.833333333333332
18.85
18.866666666666667
18.883333333333333
18.9
18.916666666666668
18.933333333333334
18.95
18.966666666666665
18.983333333333334
19.0
19.016666666666666
19.033333333333335
19.05
19.066666666666666
19.083333333333332
19.1
19.116666666666667
19.133333333333333
19.15
19.166666666666668
19.183333333333334
19.2
19.216666666666665
19.233333333333334
19.25
19.266666666666666
19.283333333333335
19.3
19.316666666666666
19.333333333333332
19.35
19.366666666666667
19.383333333333333
19.4
19.416666666666668
19.433333333333334
19.45
19.466666666666665
19.483333333333334
19.5
19.516666666666666
19.533333333333335
19.55
19.566666666666666
19.583333333333332
19.6
19.616666666666667
19.633333333333333
19.65
19.666666666666668
19.683333333333334
19.7
19.716666666666665
19.733333333333334
19.75
19.766666666666666
19.783333333333335
19.8
19.816666666666666
19.833333333333332
19.85
19.866666666666667
19.883333333333333
19.9
19.916666666666668
19.933333333333334
19.95
19.966666666666665
19.983333333333334
20.0
20.016666666666666
20.033333333333335
20.05
20.066666666666666
20.083333333333332
20.1
20.116666666666667
20.133333333333333
20.15
20.166666666666668
20.183333333333334
20.2
20.216666666666665
20.233333333333334
20.25
20.266666666666666
20.283333333333335
20.3
20.316666666666666
20.333333333333332
20.35
20.366666666666667
20.383333333333333
20.4
20.416666666666668
20.433333333333334
20.45
20.466666666666665
20.483333333333334
20.5
20.516666666666666
20.533333333333335
20.55
20.566666666666666
20.583333333333332
20.6
20.616666666666667
20.633333333333333
20.65
20.666666666666668
20.683333333333334
20.7
20.716666666666665
20.733333333333334
20.75
20.766666666666666
20.783333333333335
20.8
20.816666666666666
20.833333333333332
20.85
20.866666666666667
20.883333333333333
20.9
20.916666666666668
20.933333333333334
20.95
20.966666666666665
20.983333333333334
21.0
21.016666666666666
21.033333333333335
21.05
21.066666666666666
21.083333333333332
21.1
21.116666666666667
21.133333333333333
21.15
21.166666666666668
21.183333333333334
21.2
21.216666666666665
21.233333333333334
21.25
21.266666666666666
21.283333333333335
21.3
21.316666666666666
21.333333333333332
21.35
21.366666666666667
21.383333333333333
21.4
21.416666666666668
21.433333333333334
21.45
21.466666666666665
21.483333333333334
21.5
21.516666666666666
21.533333333333335
21.55
21.566666666666666
21.583333333333332
21.6
21.616666666666667
21.633333333333333
21.65
21.666666666666668
21.683333333333334
21.7
21.716666666666665
21.733333333333334
21.75
21.766666666666666
21.783333333333335
21.8
21.816666666666666
21.833333333333332
21.85
21.866666666666667
21.883333333333333
21.9
21.916666666666668
21.933333333333334
21.95
21.966666666666665
21.983333333333334
22.0
22.016666666666666
22.033333333333335
22.05
22.066666666666666
22.083333333333332
22.1
22.116666666666667
22.133333333333333
22.15
22.166666666666668
22.183333333333334
22.2
22.216666666666665
22.233333333333334
22.25
22.266666666666666
22.283333333333335
22.3
22.316666666666666
22.333333333333332
22.35
22.366666666666667
22.383333333333333
22.4
22.416666666666668
22.433333333333334
22.45
22.466666666666665
22.483333333333334
22.5
22.516666666666666
22.533333333333335
22.55
22.566666666666666
22.583333333333332
22.6
22.616666666666667
22.633333333333333
22.65
22.666666666666668
22.683333333333334
22.7
22.716666666666665
22.733333333333334
22.75
22.766666666666666
22.783333333333335
22.8
22.816666666666666
22.833333333333332
22.85
22.866666666666667
22.883333333333333
22.9
22.916666666666668
22.933333333333334
22.95
22.966666666666665
22.983333333333334
23.0
23.016666666666666
23.033333333333335
23.05
23.066666666666666
23.083333333333332
23.1
23.116666666666667
23.133333333333333
23.15
23.166666666666668
23.183333333333334
23.2
23.216666666666665
23.233333333333334
23.25
23.266666666666666
23.283333333333335
23.3
23.316666666666666
23.333333333333332
23.35
23.366666666666667
23.383333333333333
23.4
23.416666666666668
23.433333333333334
23.45
23.466666666666665
23.483333333333334
23.5
23.516666666666666
23.533333333333335
23.55
23.566666666666666
23.583333333333332
23.6
23.616666666666667
23.633333333333333
23.65
23.666666666666668
23.683333333333334
23.7
23.716666666666665
23.733333333333334
23.75
23.766666666666666
23.783333333333335
23.8
23.816666666666666
23.833333333333332
23.85
23.866666666666667
23.883333333333333
23.9
23.916666666666668
23.933333333333334
23.95
23.966666666666665
23.983333333333334
24.0
24.016666666666666
24.033333333333335
24.05
24.066666666666666
24.083333333333332
24.1
24.116666666666667
24.133333333333333
24.15
24.166666666666668
24.183333333333334
24.2
24.233333333333334
24.25
24.266666666666666
24.283333333333335
24.3
24.316666666666666
24.333333333333332
24.35
24.366666666666667
24.383333333333333
24.4
24.416666666666668
24.433333333333334
24.45
24.466666666666665
24.483333333333334
24.5
24.516666666666666
24.533333333333335
24.55
24.566666666666666
24.583333333333332
24.6
24.616666666666667
24.633333333333333
24.65
24.666666666666668
24.683333333333334
24.7
24.716666666666665
24.733333333333334
24.75
24.766666666666666
24.783333333333335
24.8
24.816666666666666
24.833333333333332
24.85
24.866666666666667
24.883333333333333
24.916666666666668
24.933333333333334
24.95
24.966666666666665
24.983333333333334
25.0
25.016666666666666
25.05
25.066666666666666
25.083333333333332
25.1
25.116666666666667
25.133333333333333
25.15
25.166666666666668
25.183333333333334
25.2
25.216666666666665
25.233333333333334
25.25
25.266666666666666
25.283333333333335
25.3
25.316666666666666
25.333333333333332
25.35
25.366666666666667
25.383333333333333
25.4
25.416666666666668
25.433333333333334
25.45
25.466666666666665
25.483333333333334
25.5
25.516666666666666
25.533333333333335
25.55
25.566666666666666
25.583333333333332
25.6
25.616666666666667
25.633333333333333
25.65
25.666666666666668
25.683333333333334
25.7
25.716666666666665
25.733333333333334
25.75
25.766666666666666
25.783333333333335
25.8
25.816666666666666
25.833333333333332
25.85
25.866666666666667
25.883333333333333
25.9
25.916666666666668
25.933333333333334
25.95
25.966666666666665
25.983333333333334
26.0
26.016666666666666
26.033333333333335
26.05
26.066666666666666
26.083333333333332
26.1
26.116666666666667
26.133333333333333
26.15
26.166666666666668
26.183333333333334
26.2
26.216666666666665
26.233333333333334
26.25
26.266666666666666
26.283333333333335
26.3
26.316666666666666
26.333333333333332
26.35
26.366666666666667
26.383333333333333
26.4
26.416666666666668
26.433333333333334
26.45
26.466666666666665
26.483333333333334
26.5
26.516666666666666
26.533333333333335
26.55
26.566666666666666
26.583333333333332
26.6
26.616666666666667
26.633333333333333
26.65
26.666666666666668
26.683333333333334
26.7
26.716666666666665
26.733333333333334
26.75
26.766666666666666
26.783333333333335
26.8
26.816666666666666
26.833333333333332
26.85
26.866666666666667
26.883333333333333
26.9
26.916666666666668
26.933333333333334
26.95
26.983333333333334
27.0
27.016666666666666
27.033333333333335
27.05
27.066666666666666
27.083333333333332
27.1
27.116666666666667
27.133333333333333
27.15
27.183333333333334
27.2
27.216666666666665
27.233333333333334
27.25
27.266666666666666
27.283333333333335
27.3
27.316666666666666
27.333333333333332
27.35
27.366666666666667
27.383333333333333
27.4
27.416666666666668
27.433333333333334
27.45
27.466666666666665
27.483333333333334
27.5
27.516666666666666
27.533333333333335
27.55
27.566666666666666
27.583333333333332
27.6
27.616666666666667
27.633333333333333
27.65
27.666666666666668
27.683333333333334
27.7
27.716666666666665
27.733333333333334
27.75
27.766666666666666
27.783333333333335
27.8
27.816666666666666
27.833333333333332
27.85
27.866666666666667
27.883333333333333
27.9
27.916666666666668
27.933333333333334
27.95
27.966666666666665
27.983333333333334
28.0
28.033333333333335
28.05
28.066666666666666
28.083333333333332
28.1
28.116666666666667
28.133333333333333
28.15
28.166666666666668
28.183333333333334
28.2
28.216666666666665
28.233333333333334
28.25
28.266666666666666
28.283333333333335
28.3
28.316666666666666
28.333333333333332
28.35
28.366666666666667
28.383333333333333
28.4
28.416666666666668
28.433333333333334
28.45
28.466666666666665
28.483333333333334
28.5
28.516666666666666
28.533333333333335
28.55
28.566666666666666
28.583333333333332
28.6
28.616666666666667
28.633333333333333
28.65
28.666666666666668
28.683333333333334
28.7
28.716666666666665
28.733333333333334
28.75
28.766666666666666
28.783333333333335
28.8
28.816666666666666
28.833333333333332
28.85
28.866666666666667
28.883333333333333
28.9
28.916666666666668
28.933333333333334
28.95
28.966666666666665
28.983333333333334
29.0
29.016666666666666
29.033333333333335
29.05
29.083333333333332
29.1
29.116666666666667
29.133333333333333
29.15
29.166666666666668
29.183333333333334
29.2
29.216666666666665
29.233333333333334
29.25
29.266666666666666
29.283333333333335
29.3
29.316666666666666
29.333333333333332
29.35
29.366666666666667
29.383333333333333
29.4
29.416666666666668
29.433333333333334
29.45
29.466666666666665
29.483333333333334
29.5
29.516666666666666
29.533333333333335
29.55
29.566666666666666
29.583333333333332
29.6
29.616666666666667
29.633333333333333
29.65
29.666666666666668
29.683333333333334
29.7
29.716666666666665
29.733333333333334
29.75
29.766666666666666
29.783333333333335
29.8
29.816666666666666
29.833333333333332
29.85
29.866666666666667
29.883333333333333
29.9
29.916666666666668
29.933333333333334
29.95
29.966666666666665
29.983333333333334
30.0
