-8.65411831009875
-2.127650161457823
-0.07525889615679128
-0.10474750793572521
0.011045273822762873
0.22013354030475002
0.07439844653615026
0.13813621893337794
-0.04500214914955337
-0.19490484977575223
0.014428943263546913
-0.24285616412809358
-0.12898358374993316
-0.3461108247509915
-0.07806700816923141
-0.5300356813355912
-0.40296132920038985
-0.2312808043590931
-0.01987978279041736
-0.12126127813751889
-0.4844013596589315
-0.3746253047652414
-0.6966996183130626
-0.7503201802217165
-1.123677322746829
-0.817344093842566
-0.6499686577098952
-0.5387791173562385
-0.5303016306296983
-1.2695081300155702
-1.0560846425288266
-1.7026083647398884
-1.9590824532123254
-1.0655932397490275
-0.19345686172407464
-1.1815825069615455
-1.7347732308560289
-1.4542206080119402
-0.3378120859583401
-0.04312508973150817
0.2874775352728508
-0.8366586072631984
-0.6207297053165767
0.2619893366709805
0.5340024166539614
0.1917417608133183
-0.1641828147355912
-0.2946005571453058
-0.11986938578337565
-0.4074181509306827
-0.5661723456236616
-0.13139885560892675
0.1476849399745079
-0.04357340793345059
-0.2866701590522027
0.6917804048242195
0.5016570126496884
0.6345638453014213
0.04010102086616772
1.1240322033485861
2.2307817865406654
4.844262486853046
5.122099793661348
6.071850644785316
4.97642206736991
3.4794179181366527
1.5883387747519884
0.42515638228082614
-0.30086974387697624
-0.3539739940807309
0.9175382359999716
1.7351561624310614
1.12259281655984
0.7217172042022105
0.5916910219837578
0.422039108268926
-0.1362056704515218
0.21442545433546586
0.43438654345439853
0.05345517777094858
-0.08012281238313464
-1.184410297717968
-2.6445841604693547
-2.8365811429166623
-1.5259057607181923
-1.1318766269522214
-1.5317788028457702
-1.2055276181743928
-5.116611278013099
-7.238195568474479
-6.118274626187094
-1.6788353810611971
-0.8461839645849603
0.465445301595796
0.7516421536831845
0.09089741404483297
-0.6375505037716866
-0.4414185229732708
-0.2399823965733715
0.017230048595687837
-0.08118753875709013
-0.3938709003361837
-1.3573281471412302
-1.4737694479475036
-0.8100173648633359
0.1799240105211707
0.054102823066004196
-0.4164661060684392
-0.396594385083833
0.1845786789161767
0.8882926817995266
1.2579439976962348
1.4021394173234414
1.69476631639067
2.4919217788811854
2.877543860381483
2.954714185557385
3.022333293511437
3.472157484286791
3.9064504825826667
4.72899418012113
5.1150424388572295
4.243710869637849
2.57261895019892
1.473501310130144
0.5261679040677
0.6813085692268841
-0.0625370601599109
1.557164951705109
2.2835797327937937
0.8669924531307482
-0.3925469975030707
0.38541277283464487
-0.09242037379720214
-3.674573790011832
-3.8578391056241395
-2.6629249258986536
-1.1556512008623732
-1.0442336974063686
-2.6728706469740375
-6.777969355412576
-10.164760261386924
-8.601516811229292
-4.3403503894905855
-0.8384396666102747
-0.18802014274595114
-0.16759233820698108
-0.04837417726905897
0.25270631979340963
0.5512753232674259
0.18030718914332675
-0.32289001100598796
0.4534262555692176
0.7720634790277853
0.6894190429028454
0.26234194048070075
0.461690616720945
0.7064826847614234
-0.29049961000988384
-0.844770126501417
0.03280157089963134
1.5535897805835435
2.1996485145637723
3.5199080811614474
4.992703416496601
4.172614140659203
3.9911048944390854
5.335171930543844
5.610030421188609
3.4532165448097487
2.7117284137194995
2.3014297267359165
1.6976780972687948
-2.7995838212299815
-3.245675717987864
-1.8696917067557508
1.6326459925369154
1.151196633469524
0.7072819048245486
1.8237084127213963
1.5117614207314176
2.478923127819981
1.7615444644197547
2.3953354303565484
-0.5566647388524835
-0.5854032648169504
-0.4694192648542178
0.45502388462955895
-0.003494786060669343
-0.037057834284724
-1.256722350530317
-6.213052217922437
-9.222818674837772
-7.689022344351229
-3.405176023839741
-2.81247395352871
-2.143287906909984
-2.0590971220251344
-3.480290800835727
-4.28774532224236
-4.312229374648744
-1.6835817091529657
-0.16488720579329766
1.8093510996714415
0.2111289693522352
-0.20028589627136364
0.5261744180258828
1.2559779212066258
1.1862649948810269
-0.17636780258052828
-0.4330545425188219
0.08782271280881801
0.9162884723508495
0.13455392452233975
0.016268997265757094
-0.23757409276832203
-0.07354064410731524
1.2248632749343502
2.662384793452281
3.272945980767557
3.750251318783427
5.475476809302534
4.65930265110123
3.4514900746930257
1.5429589278239086
1.3444572466224285
0.16573616185698917
-0.5340172423010757
0.46481763873396253
0.5771002232096099
0.7210439293777918
0.9855341671057429
1.5905445882316605
0.6718480240132797
-0.08758455162139164
1.2714825805513303
1.9172911649386817
3.2293247855868072
1.2335173810405786
-0.038387743763606125
0.16997743294673578
1.6862586133838746
1.2362365386474838
-0.146877454709729
-0.4209574077241755
0.2262903256168766
-0.2887116668242718
-0.4222109396513744
-1.65546206966149
-1.6740664077266991
-3.2182325820606343
-3.395557152820877
-5.669016442715551
-4.724042321770704
-3.2608029311363778
-1.1126870658384376
-1.1648449523448143
-0.9227261439192758
-3.548904423711331
-5.885834144354734
-4.83763425479754
-1.4427262828748537
-0.5710569304177924
-0.8705489633392819
0.137550871347688
1.5050372080785461
1.605862999728986
1.4898367484066175
0.710514412437884
0.2510707245477348
0.5297885440038971
0.154887171594022
1.0744840339220756
1.9179126748798339
3.692801766775411
2.5171699211579224
2.2976519078003546
1.252189943311146
1.8741074733933982
2.38950983254899
1.8958255149868397
0.6516102789987867
0.6387856910663925
0.9066670669001208
0.326182229133315
-0.40817692164997343
-0.5303047881726105
0.3793949771482077
0.8168349889023137
0.8241766744241958
0.49230635502187825
0.6836120253534943
0.02629036310525033
-0.7404121829482073
-0.3936003754688913
0.03143780455421308
0.7295993874564036
1.4328730786832573
1.468359324572653
0.6607228137740241
0.21452482473817888
0.6314966751569284
0.3275540494787677
0.21836729259954468
-0.4095888387277272
-0.2066318109529271
-0.5843204926069332
-1.5949447922821194
-4.253506230239115
-4.189191735592649
-2.4910112336809465
-0.494327417262836
-0.14204438720653517
-0.7679986185874937
-1.8807516892089438
-3.7738099810046655
-3.7464005579558677
-2.7817134389359053
-1.1330443440340872
-1.9413551925034225
-2.3008825831441495
-1.673720666668207
-0.6870122231641242
-0.24049753721993947
0.03171515772756939
0.9260787548292593
-0.5401425523910338
0.8103826260701031
-0.0424579731384163
1.5862275751928696
1.4244629888103966
2.911796442027082
2.7007504720938744
3.2911257266541867
4.292658674440169
4.230275120279853
4.125347525970867
3.029114636014591
3.51658706756829
2.5055683433378717
-0.9821187340522254
-2.2576939998953307
0.22101534538682432
3.5781914187315373
4.3277857884664135
3.314157967723995
1.7123652725712806
-1.9264795139650228
-4.794480095244115
-4.544371072025742
-2.240450582754049
-2.372140147638335
-0.9969620867781517
-0.5311181406581597
-1.6215663012489747
-3.3188488215685927
-2.278357845907556
-0.9651377865714629
-0.09819017102100681
0.005709537730815859
-1.6534462470812907
-3.735970351530349
-5.000300327660954
-3.4974773210803747
-2.1553063135449158
-1.0069657740436202
-0.6456482733579351
1.8457714274304682
0.4234371723154499
0.045848028674691114
0.7357241761424043
2.194008649326311
0.7208395950670002
-1.5862082260225918
-0.10963302825021376
2.3186999194427265
3.8660994992068445
3.8191417639953587
3.1524039583572416
2.400742236157593
0.7799736461095003
1.17332073713082
1.9519549944105232
2.1965326923767083
0.777324278315577
-0.5532879368638997
-0.8181556658936346
-1.0592670849514556
-0.9920524369960728
-1.210172909641216
-1.2984250378091835
-1.4209366187262258
-0.6098084150018623
-0.4805094046930098
-0.9259765616266524
-0.6648254151939904
-0.16493500252917137
-0.28035419313303656
-1.175018456809219
-2.001605672237467
-2.9869688952095514
-2.835089904605125
-1.1352543370155006
-0.019736767276072945
-0.2441624896544989
-0.7804378208629476
-1.3282507998889517
-2.6946211783199043
-2.3345397399643435
-0.8444936357813745
0.26854117033817
0.2450609363137524
0.3989773754916074
-0.31961485731798744
-0.2377640503535769
0.33384578361413125
0.9656432899674784
0.35292356756179716
0.5821742479242757
1.0244269308300593
2.08781141924166
2.254154203590143
4.262276973169109
5.2938889675657785
4.540415630369407
3.0409179845326646
2.836046360295269
3.0962377045225886
3.0490233329839196
3.3224708242080134
2.8795176191381113
2.575334416238946
2.0999064024701894
1.7348459958521008
-0.033072974521588645
-1.006996444821501
-1.4008446768507081
-1.5618117943826226
-0.902529421784729
0.7162900813993315
2.271202583501465
0.9322114661863659
-0.25177676156783324
-1.4048657802596014
-2.2238973811215947
-4.025032556739628
-4.783986468098743
-3.7508604360180353
-2.115782883224303
-1.7672259569179212
-1.699287194876559
-1.9325968208878177
-2.3714595051950678
-4.154149093053293
-4.7626041541776445
-3.1326192949208878
-0.3344434763500659
-1.0938352629651733
-0.4957315170483396
-1.2701177346998271
0.46175147820578355
-0.45921733125892367
0.558098634236722
-0.02671301292224824
1.9931247228451892
0.671292903127534
-0.004686802561502129
0.00026014092087467503
1.376023486202416
0.9906275234068753
1.1155458713616602
-0.07726721621070969
-0.509696557003479
-0.31455478414504023
1.410630629464092
0.8669107481072011
1.1009907207477427
0.6611140377267145
1.201124639669787
0.3996130738867233
0.8512108619118159
1.0354652708933338
1.213385879696748
0.2541633268811456
0.2384541752277305
0.5095857222825808
0.8762889906087566
-1.1476028386532862
-2.4973816749523934
-2.3788237142515274
-1.0721497714841142
-0.7655118261063617
-0.23804002995552764
-0.09704504296352018
0.06683974286644578
-0.2866383723095719
-0.4969544654281474
-0.7904088630179801
-1.215557881860167
-1.5002868004031997
-1.5697241008993963
-0.6688841007915938
-0.8041258831672748
-0.4256817383055087
-0.6026487895978727
0.06014435290219509
-0.398529877753734
-0.14200626150713688
-0.9187782229531242
-0.32118335605390524
0.867924231714383
-0.7087186037157175
-1.0413121430083387
-1.1569612110361973
1.2999585261172608
-0.24117595895457333
0.2544154167445834
-0.7553464249164673
0.008228258249641154
0.12868242238844277
1.7156793544524733
0.0633869137403233
-0.07093469744210838
-0.470157819688729
2.6723425999772816
3.6662464075687002
4.256798607817592
3.0587351147490303
2.882987876957619
3.3544466784355205
2.591409923411181
1.9891328696583364
0.6677969198665635
0.6126974037443282
0.27939201814601355
2.280997987242378
2.057255565270264
2.2508371416125907
2.1199030777128782
0.9990932205173255
1.3219220974872354
2.1544925619635853
3.279514146014275
0.43309989672389704
1.1493680191066877
-2.37640565063401
-4.032961832566891
-2.834189520699381
-2.6345293915758625
-2.507682716771788
-1.7895387152019122
-0.4870399071990541
-3.394369726293473
-3.3294297449101915
-3.2398173022636088
-3.3187655870759944
-2.768037155924664
-2.087697867802818
-2.1296966582550465
-2.961086185322141
-1.7286080236299612
-0.6083082664857621
-1.6259141267919488
-2.1061392674288637
-0.9969247273692203
0.2837005657581649
-0.39537342359375205
-0.32099212131671545
-0.3142284020792079
0.17357268514312155
0.626750551166992
-0.41474116154612484
-0.06206295825711769
-0.39407722470007495
0.4397423837020542
-0.15380617141210373
1.3089730293355268
0.9728680246424436
1.4826263453521649
0.29473156231778685
-0.5543970935074448
-0.2329366884650997
1.1707542837261697
2.433538046416824
1.8365543621537814
1.950776892951703
2.855612190562377
3.5533921306296743
2.8066613740151984
1.3762021918422422
1.3283729577480057
1.4930916044380154
0.8823789897177742
0.6388037161194767
0.951838362601322
0.23240387880691926
-0.603571069240133
-0.8642501002300664
0.27660951625215935
0.4070185553938163
0.9386514699439276
0.5500482050845827
0.40547505981127413
0.08790933359777327
-0.5307189034390838
-0.5280084805765498
-0.6577073961391108
-0.8813772466107955
-0.9984343999965007
-0.20052760882712908
-0.3193393372502488
-0.8583685631152432
-1.5000687608439187
-1.6731664072782126
-1.8171286452686237
-1.1959955130988156
-0.8263495156049594
-1.0958640990822357
-0.7918480589647897
-0.47176260067769776
-1.108424729031871
-1.7051525117199555
-1.654150525246356
-1.8622555276120505
-2.6576304194303266
-1.124972626222227
0.02902088107490952
1.2160573558576468
0.4849722438849943
0.7370031398165222
0.17857583901183766
0.4718813194307457
0.3942318504552036
0.02095358519621289
0.18582083358405335
-0.9726834181283732
0.33862980891599154
0.42604367741075
1.6840911963963248
0.5480518539958827
-0.24454859109670327
-0.3042791275565863
0.18550391539977784
0.3093517645309109
-1.1415049002421627
-0.34368206107168353
-0.0036096961333796232
0.5680309614338198
0.0904829468580503
0.06833591086704505
0.05565886351549366
0.19228054000734446
0.501463561047481
0.44362352464176824
-0.9693720023813575
-0.5048961765793757
0.07187920859999616
0.7531025448028157
0.13641185202554518
0.5089165290694178
0.13902856016032264
0.04514571412581489
0.31261741757851347
0.47248025272215816
0.3109252496005498
-0.18323840470997754
-0.9718824334139518
-0.03450422320593944
-0.41028534670635497
-0.4568265158060964
-0.7484814001700205
0.589906694595886
-0.32403459667096746
0.664824580312471
1.093417656594734
1.5350793399797076
0.8039935079499905
1.3873865054546375
1.6850876373515629
0.7529437264240375
0.07806056824593954
0.1926706187482062
0.08649991704959628
-0.2682159760589062
-0.4564829419336575
0.26463458566193093
-0.09743991706454085
-0.16183595486601118
-0.2892088498613821
0.3531121576985321
0.706906961340972
0.2551170498800976
-0.39044893583411344
-0.5654059347560322
0.12320202058813158
0.06788198269011776
-0.029536443239544533
-0.6700723135830944
-0.4279399400564087
-0.5117361426476076
0.5427704004123688
0.26178876152295444
0.1597425173144453
0.42943213338833747
0.11340883043354558
-0.39690000269764025
-0.770721172636249
-0.9759918637067355
-1.5059339528863176
-1.9752797000865399
-1.1410716176885969
-1.178127756695733
-0.2601923498422191
-0.6584147177079532
-0.7968621094622445
-1.4259586863538865
-1.0156625546989972
-0.21939876964641028
0.27082725984765615
-0.18620746798349647
-0.4374236602813518
-0.3356392407982411
-0.11590809960005881
-0.08260216916605256
0.6546104755738941
0.6355716430026187
0.05876569011971867
-0.5155799956179673
-0.029914429193024818
0.18250264280826636
-0.03474907915628853
-0.5077862506776701
-0.3574040734584042
0.15003221641970962
0.31720945954443336
-0.06962150482065117
-0.126932828389734
-0.3990031707121499
-0.02451875914020396
0.8457179274886298
1.606727285115478
2.1904429344817458
2.5329383194542703
2.390655325288877
1.914209510677667
1.3448437959864077
0.4336975177527808
-0.150352950487865
0.7777996397804101
1.1683747659299655
0.3166860905458726
-0.3253564927871815
0.3173363381404984
1.6801966898514507
2.0984821378269207
1.7536066768619267
0.9127915195007471
0.560509911771837
0.11753510537588997
-1.1706190962668912
-1.1822053298110042
-0.8508456962499066
0.07971803291245703
-0.2155477465023274
-0.30453710484469804
-0.7065815727609184
-0.2839424893267909
0.13448221128349633
-0.25251586531794235
-0.5511174804458221
-1.1450506292986837
-1.3741011711667144
-0.8762856375336289
-1.0878726093109043
-1.782617198155392
-1.5081077620371865
-0.79544853197192
-0.9607145516271167
-1.46981735588853
-1.4271663869778206
-1.3338275682010394
-0.5768768303548979
0.3275812742673487
-0.09197856289979031
0.11729617257559166
-0.0042030318176975575
0.31676103755255336
-0.584126805003937
-0.4330218611207372
-0.743278097790587
0.21953974627567402
0.36945051427872516
-0.05548578279418941
-1.1111248661735664
-0.012362473913897162
0.3355406059284518
1.0201558542334757
0.5650656073825132
0.3234212832890154
0.4633387935965557
2.6799979768609115
2.9571689372286754
2.2515583686443974
1.9894497616322013
1.3930461139657797
0.6657645218571163
0.6827640888647772
1.1248229160039798
0.5037403742133699
0.13772926357881612
0.11259347270059035
0.09261930592580053
0.16187946499769212
0.3022204381709553
1.1626985419112863
0.8824649218974395
0.7910452500117687
0.3352875014030643
0.35491643920770216
-0.27549652175920386
-0.10390463395599939
-1.0266308681182346
-0.8387844620521255
-1.0795243945517226
-0.7130051130281069
-0.8923819392099183
-0.34050732761124
-0.11028105979975794
0.17661363442189726
0.48228865455772396
0.24035960971730577
-0.14249166281482017
-0.390280507132153
-0.061731522051017465
0.2165700262481688
0.4920335137280665
0.3795302429479819
-0.11996057773163053
-1.3945136556630007
-0.8045566588097885
-1.6798308646877447
-1.290592458013852
-1.1109076953950912
0.7237857692314793
-0.3204438611245879
-0.43736786731184907
-1.0466557292049157
-0.1333926754444126
-0.03452863384191237
0.1526661319926949
-0.47140099353753645
-0.5162648755074882
-0.08467693978082595
-0.13797610871696933
-0.2864498263268746
-0.4855386758222289
-0.535832003271639
-0.2336470627932141
-0.2457200666025916
-0.28285419705702586
-0.36145933725468793
-0.017027554746653486
-0.3881415114229476
-0.5575925445570545
-0.02047826693071251
0.42123210305414055
-0.15360155094004582
-0.5833618691323715
-0.770753524495294
0.1604566451812326
0.38405669284898153
0.19414829926402455
-0.5634277524473261
-0.16554208410573043
-0.1696074105056907
-0.7976315120680747
-1.0531510870855365
0.07480762502370247
0.6800589237400776
-0.16485860882009276
-0.6177185803098124
1.0809605177045507
2.975746435725827
3.4697530545392548
3.289835089566425
2.697051883837689
2.052180370536505
2.1928905599397757
2.0726316851082496
1.4220951689760306
0.7910444738403306
1.3995667822911924
1.1653293243715
1.652076044720699
1.5568346623942244
1.8668362816700474
1.5436468337733698
1.5276752970691556
1.0021705707049402
0.49241772131091593
0.17563453095474357
-0.15259549440915252
0.40351892616435087
0.15799068631911486
0.45431854504199315
-0.024944419543592035
-1.412518858389185
-2.4804312121980585
-3.1946585487214114
-2.2190787184143117
-2.2033871186755114
-2.1591757073460873
-2.825802946823207
-1.731898563632324
-1.1078356400543559
-0.947395147548758
-0.7183211310309787
-0.4237451988729598
-0.647914830010895
-0.5394088784462054
-1.2012975100319714
-2.1803091584917973
-2.039155278285164
-0.13855095180293941
0.6290195764051962
-0.23669677295895766
-1.3957744392611764
-1.1781281386414748
-1.0407391636790047
-0.7111151624620261
-0.5738767013834094
-0.1192376203415942
-0.07439217259620025
-0.2711672740876379
-0.9373460661345923
-0.40657897818253885
-0.48467036301066946
-0.248275316080334
-0.9713521489452306
-0.4196532496589358
-0.8912127663715137
-0.5100437932265836
-0.022106092977561977
1.1782140717707632
-0.8902594541149018
-2.062195081805691
-2.800770957120078
-1.1096263472005812
0.1581723510019
1.3681795535870207
2.345426754079086
1.4698482203707566
2.2794637881241573
1.9471530050897607
1.6871738904964755
0.5977825689236844
1.1151649131656483
1.596918248184884
1.3918849625334913
0.49826909069261516
0.7031442459526083
0.5612766579657066
1.3411580209954905
1.3983442425704347
1.6741282964847395
1.1207012407412646
0.8039667385791129
0.40271848510985264
0.4013437940624648
0.41292229059179636
0.6341676070641405
-0.09151526586084723
-0.38078090589503333
-0.2984731126010801
-0.10532847864340654
-0.06391585640029507
0.16088864214877122
-0.21335384212978528
-0.818050028291719
-1.1751803033473858
-0.5284660947348397
-0.3948416575018123
-0.19954506440141653
-0.32136707704464834
0.1845748698159138
-0.3675856958403343
-0.43619885666935126
-0.6927544627104515
-0.474480638549312
-0.7019929518899303
-0.6519938567235686
-0.878095130385772
-0.8742862893873136
-0.3468335362787908
0.07582687951819636
0.2330822935918552
0.3664941321348633
-0.012849421585308838
-0.4337539241271859
-0.14388292514468867
0.09336551082981456
-0.30270973306284754
-0.28871105956577087
0.24067715559825156
0.3212145622389489
-0.12634136773385007
-0.032752911665655166
-0.28271097379605475
-0.19534463806655133
-0.4275339572321655
-0.033377930926009276
-0.2208199342551168
-0.08899261767643614
-0.18808131271251308
-0.031593107998676005
0.18943695768008217
-0.06708329666499195
-0.31765851553737484
-0.23685965846864457
0.1686902403995745
-0.1312209962798744
-0.14527340003990968
0.07213695077636216
0.46814596719285445
0.14369208797318597
-0.22798837122449198
-0.149486289655902
0.21159543610968037
-0.1342270788552603
0.09449395813900012
0.14378075792904438
0.19137090379515698
-0.5938481446093729
-0.2135338187315138
0.16243537994893456
0.6090750690414573
0.39278341505612946
0.13782939945833245
-0.3536496358322728
-0.571505137592489
0.009771232263438567
0.25707548153128496
0.09776940948916901
-0.22900786688252767
0.13968770922241486
-0.07832691355642797
0.05090072447439709
-0.0168170988711032
0.2027959808365258
-0.014758728800523264
0.14901099977859159
0.2609742343837988
0.03401717523370345
-0.06856276405365737
0.5942637658662567
0.5621613076132901
-0.27205640546803517
-0.7784069323292852
-0.03342126889644447
0.1887633357458892
-0.07945977497480834
-0.25595298887368123
-0.15827553606898884
0.3855932856387098
-0.18297843597106442
-0.3054190670778778
-0.12921731923320204
0.4831916551349699
0.7693081778101933
-0.031598135100400826
-0.19235787093488593
-0.26580013101572275
0.36709377496915363
0.14280914295363478
0.019299249635860147
-0.2281262853325657
-0.7559191120226568
-0.3330649179298163
0.14697888253020933
-0.06824851417027544
-0.47413756118680844
0.463201155346998
1.0221380132729256
0.21785695199407779
-0.5596732615567692
-0.3406495628644817
0.3558273084738086
0.22865336390416735
-0.23758472764251531
-0.3552284858349499
-0.04629318947487567
-0.056750858703830016
-0.28675401596539213
0.22281543723441088
0.4147496886581273
0.12066798587801576
0.02734990365341683
0.0036816826427701218
0.41380326029503056
0.3585822257438348
0.831764829747504
0.5366495845218239
0.4263865679448085
0.1923954937767035
0.5590876734847323
0.6899828102398146
0.0373497289931667
-0.11455119406689848
0.09484589681918548
-0.07396041008772757
-0.662009479463431
-0.11334471215324915
-0.3618673124679656
0.16376978091462588
-0.7970311098830771
-0.5907855156855193
-1.367839310569695
-0.3417834719037588
-0.6470717557195503
-1.1700196291339926
-1.4209225608484697
-0.9419510234895558
-0.18348293579959504
-0.4447647597457935
-0.6089787821892958
-0.8900396878860936
-0.672732790493386
-0.40013490584680234
-0.35594795408666857
-0.5550885134946557
-0.11919782468253881
0.542703806145308
-0.4992892081402062
0.2968375660439001
0.13813761484871742
1.3815407647566267
-0.04658326505688025
1.6837933202730948
0.28103284937406925
0.9089584292208691
0.6936878145549333
1.8388935132392994
2.2511258870897293
2.9407372997714094
2.632447855486201
1.6777401912044798
1.1229285165354723
0.8559421690082323
0.6905972187352747
1.6177596847319418
1.9110126881548182
1.8297848438420123
0.7107716774609417
0.21396863350687906
-0.3305146971069438
0.08821297690344962
1.4649698388606958
1.5859801887190863
0.45988615751253853
0.33614849906878536
1.1398089216628198
-0.695367312393897
-1.5143387824304084
-1.1195981043221108
-1.6795714512667637
-2.9426135606704604
-1.7684063827765224
-0.4934897316250214
-0.7441821463879396
0.029064149217549726
-0.4049633474150516
0.9803732969605707
0.28226504178006145
-0.09563334938287416
-2.3129960791619824
-1.7794818505046286
-1.7399284463377884
-1.4524710070714246
-1.2243076541266147
-0.7479690084964267
-0.8495803167704558
-1.032176092348581
-0.988947988116736
-1.2194877329313873
-0.8595077049977973
-0.8528062096349741
-0.1143739003567999
-1.314788969144716
-0.04756910874805835
-0.8636352651481121
-0.12709165485682739
-0.9069582660323232
0.12545892374369363
-0.15554040289624382
0.9352877055787777
1.1830463425608324
0.8901517145521105
0.5273534617385408
0.9644257659796012
1.6182901474641151
1.6792344612391326
1.9869328976161247
2.490821120461772
2.8880087950566855
2.263036223918268
1.6611916080530154
1.2528805694845626
0.052752801943552696
-0.4524930322834789
-1.1341823301557397
0.3291725384901976
0.6123943853333917
0.5928706799440914
-1.9072181717566057
0.3545225809059029
1.8772392576488723
2.768802799425822
-0.18685778398954864
-0.1152601842310873
-0.4503558256831315
-0.1874195174246358
-0.8696931267829494
-0.5090187915722045
0.5180856578506544
-0.623579969747947
-1.2857039849339922
-1.5432615827711815
0.5745581022258074
-0.05267658589441415
-0.19509246396747226
-2.019949173451225
-2.008060727188937
-1.6233170080130768
-0.571940215087056
-0.5877245456599125
-1.271919771556004
0.13302413152399528
-0.26968632968375794
0.1400086811368587
-1.2812739101701205
-0.5996764044125321
-2.39506776136707
-1.183558862953819
-1.905417599999782
-2.019378302745828
-5.534152631071771
-2.960574258563965
0.01570285852145004
1.8604824833544418
-1.7417806130247173
-5.263387878203701
0.044835904080251
3.0996398219822194
1.9150804758150404
-3.4801382916810644
1.2484602254134458
3.6499138141382828
2.4456068220481915
0.8492899770038137
1.02204538248768
0.543109814923563
1.2274356523082028
2.3799308878256764
2.6411532364434134
1.487731702623158
-0.4416878973098777
-0.8788058025044754
-0.5916647595888372
0.7059330893582179
1.7612754211966055
1.7907606598588817
1.428018463493891
0.5600547221970177
0.7607179327538226
-2.156994060865181
-4.123350014073711
-2.043958243153164
-0.009224232297129733
1.2688805963941863
-1.1010265559725507
0.30386084072690894
0.5432791967005399
0.9792974848910686
-1.1779468158087882
-0.13132670032316743
-0.5046606551005659
-1.9643817003771475
-1.6025894893225883
-0.4473065086662841
1.0706681132372073
-2.579175101062179
-3.6949290982855634
-5.396219327863114
-1.967157122408454
-0.7834035741383669
0.40577008628424466
-0.8804615134601388
1.2482625427116014
0.33136170748505955
0.105230502367525
-2.2437000387582655
-0.13965710177452764
-0.23850208209555757
1.5972800500283297
0.05735808245173467
-0.7693400218292171
0.9012116947714841
4.349097198416696
3.6208138573677053
1.6562227427421543
0.7534383771596177
1.224760384485398
-0.2910312417468507
0.7875118302497864
0.2636113800646306
-0.3864205227954418
-0.8137681287388651
1.123595558414002
0.7107815800825228
0.4520145667541688
-0.23976811230797784
-0.6867477776794109
1.1769595693285397
3.1797896248523583
2.5040331502823747
-0.19996571731280693
0.3745235249036152
0.18237757634586277
-0.2540364204135706
-0.1031507645603039
0.8531188928359908
0.17792872624791023
-0.7053085155791624
1.0673853737204315
1.840005166675586
1.3292095987393502
-0.19710589903504394
-0.4505762056460528
-0.5920417077482968
-0.6267268477619445
-0.0034165427537493354
-0.12437666386674025
0.5813543838229094
0.242654478708114
0.041652357366767236
-1.5793912044518452
-2.462490720494898
-1.7072752152482924
-2.267132812121443
-3.9985182143789637
-2.839017765563848
-0.5097601907457917
-2.0154508591737708
-2.913027252949102
-2.079527351269953
-0.002418001460921941
-0.9129638963141686
0.8753289126065775
0.16042156848868122
1.2326305953983934
1.0870762068921396
0.9414813635799376
-1.6486419228021407
0.1458672238350511
2.9909247950345885
-0.23591352233445026
-2.934796513232264
-3.2493096281752654
1.1490621755762747
5.874347733835
5.906763198717035
3.029296441418759
-1.0425210751286167
0.21969382944487922
-2.167065192039816
1.3233350436968208
2.402133921034227
2.4503665069233005
-0.13774854879474835
1.3093021546092731
0.2674926927517855
0.6536607641557796
-0.4597265120722877
1.2534854599737135
2.1996232001385376
3.6387203865380116
1.884418952532299
-0.7428206029886408
0.7123988873370909
2.106138054748521
2.7286666324615267
0.890069382515752
1.500299894006961
2.0137372667285804
2.938429645658614
2.67391015903045
1.442879927838203
0.42485841367120275
-0.7136487344804504
-0.7266666779587313
-0.6561235494298119
-0.09063230859314668
-0.17484759917573695
-0.9692295676130341
-0.8520064266437584
-0.8540589428165154
-1.502671968564392
-4.541011343861326
-3.0089229312855426
-1.2637153588108605
1.207629495968996
-0.17609056850802388
0.18575053655674745
-0.866976907589823
-0.15336091922803652
-0.4047729433297861
-0.0688330312893787
-0.16670971872630616
-0.6560631199995854
-0.9863973798678255
-0.9291658395051223
-0.5280014918344378
-0.9908026639655293
-0.9440304794806457
-1.0477393335652336
-0.21299471066172915
0.04923636177693149
0.3357950304309245
-1.7042880692190778
-1.1612414823217925
-2.0136637160611204
-0.7136894611312788
-1.6696504218310053
0.1271382669745359
-1.243059332616287
-0.7715660561012411
-0.5831827567047586
-0.23643022590057206
-1.8001228760283896
0.09878678185725638
0.4821309863012836
1.4461881804978038
2.5045550857087044
2.9362787447984
0.9110983694938909
-0.07206286249312709
1.4478438710894295
-0.24989081574511274
-3.0172194498120044
-3.0850841871928423
4.014285211201502
3.4258488890479057
5.565841386436453
2.065781752415911
2.241960259898839
2.1587658734172637
3.2883958397373996
2.2466548099371466
0.38207195505930236
-0.33263355452136106
-0.25387887549412125
-0.48913645876940476
-1.0168318079807568
-1.7037491833587861
-2.3940615556795124
-2.186331502128691
-2.1311257927193927
-1.5547932024325535
-2.7709949933074585
-1.335073515893943
-1.2864054231094788
-0.3199685999751294
-0.8858157696020157
1.019006925068597
0.2316130601590392
-0.48380211433148274
-0.46278424948422237
0.7118017641425443
0.5478525690574066
-0.766953375884171
-0.9361773565686015
-0.8675251543885675
-0.5369780434295596
-1.0207984902713287
-1.0447889419947285
-0.8761522887928629
-2.116415670528691
-1.8461229417059506
-2.7618892620154245
-1.9568881971057563
-2.8164914276051225
0.4998624042246098
3.117889470956253
2.077493015928991
-0.6304446064113737
-0.3313897849536422
0.5683999004374775
1.9096231460513278
0.2913588964693902
2.6011421629276876
2.1825483105014394
2.6217938626571655
-0.08447967119572555
0.39542297727356207
0.4296567116020822
0.1868773194815262
-1.167394701395109
-0.5266347184976161
0.8710910543953672
0.3550859189432587
-0.8280187974694102
-0.10342693976991202
0.648213257285671
-0.11625435275689372
-0.4233165784410427
-0.846922011890731
-1.2924291235694574
-0.08006097305433124
-0.5435994230478423
-1.0739607798363593
-3.9859808199729803
-2.6834115140657437
-2.5379778766936494
-2.058200290712977
-1.6921889828882921
-2.288889245313421
-1.4382600017810308
-3.6849876664006382
-1.7989829306971794
0.6136054297609316
2.496498743938817
-0.4306979286472122
0.4744642408851488
0.23225762334222677
0.6067559985255739
-2.145605832845335
1.436000190943761
-0.2791252003486353
1.8270550225408768
-0.5212461010569385
1.7928117048438654
-0.31661845335295946
-0.2207906411470805
-2.0267441392111527
0.8429402886160078
4.374219334221531
5.111212290307304
2.2418967516526984
1.3660814900501683
1.5070254754191805
1.1639837895083474
1.6460578750524093
3.47277835790208
2.8285769914479095
2.5813331407798805
2.4015170957474594
2.538433178484021
2.095316158070025
1.1583541161531057
0.8184186946442983
2.6355300882348796
2.6798793253397877
1.14486892288537
0.07304070891221064
0.026267309267146537
0.45365383299930134
0.7409540525029
0.47661129678243475
0.3156716573007536
0.7161048034080011
0.5688730322273873
-0.42325398130284647
-0.8398013525896617
-0.622966585019724
-0.413747089432023
0.064261806425269
0.02171291458778473
1.177135239861973
0.6390712119249761
0.31206831193677065
-0.5585311304013645
-1.0405473915153998
-1.2197803730909422
-3.015333715754416
-1.89248159799354
-2.868603786466338
-1.5079252282589275
-1.8979289429457333
-1.5446029178140186
-3.342629384442072
-0.4575455533720068
1.1399386171759656
0.5844170313747153
-2.2479764637905455
-0.6052453142439462
-0.04110558473533056
0.6103267199203724
-0.25487411801538357
-0.866504117733145
-0.5594867611803203
-0.3275105767424111
-0.8071283288820811
-1.427333634423501
-0.7470659622868328
-0.23845011135189131
-0.02011458286445226
-1.0015516996406815
-2.2165938403902867
-1.3239233436021434
-3.4893793773610633
-0.9289979991208266
-4.666256764585145
-1.3552355861607972
0.6132010802678309
6.8872118138843135
3.4452712337308116
0.021399099457812806
-1.0247579858438032
0.8533825446641271
5.55487105640294
0.44063147034387734
-4.004260233066316
-4.462568622319669
4.946568755993818
3.3433558824882375
7.354012462925999
2.8241544502890408
2.947019189257644
2.3936628437537504
3.5952564493865746
2.6765564781303888
1.6548624202956561
0.33243235034974394
0.048421875408411454
0.08010228312392922
-0.7614634226172534
-0.1702170642914921
-0.21425253135736064
0.5044004052980033
0.037323907880342136
0.319566611566842
-0.1357809550890698
0.39440297732394486
-0.054435896342318366
-0.5914714125309998
-0.6767572912455585
-1.051400185699549
-2.479734924878801
-3.1738007927090277
-3.1067706053625326
-4.357461466908773
-4.354485359441872
-2.6730294546085562
-0.7632123880378333
-0.5121112571713484
-0.7477760800756509
-0.9747428421264991
-1.2421392263728461
-0.8697318626493172
-1.967473696199151
-1.2107107740891527
-1.0236899691417127
0.17198187919921093
-0.09890947557665404
0.7865932187225813
-0.982161432760004
-1.227555467033061
-1.4745357116012707
-0.7507503940473662
-1.8208874976429792
-1.1512811078121599
0.8688676544476232
0.2769921216557425
1.7822179599669365
1.8934142057661698
5.174260687653854
2.4827974669402875
0.9788082839748858
1.1442992594808308
1.3368941495376534
1.3447602805031487
1.4031920278351249
2.33494477332603
3.1169626949255242
1.8665537596353206
1.433941555704507
0.2011110147073266
-1.345057135930102
-0.7842634662887507
0.5439939266198095
0.3169202793031059
-1.2863800509741028
0.23409911250305224
0.9283740114821707
0.3942495239961443
-1.4846127632214312
-0.3577354214117293
-0.5439389724033721
0.345048420141751
-1.0046459349589403
1.5249845950438279
1.4040649684454958
1.925942045713774
0.8648204884265479
1.0539918360352813
-0.8161935467095291
-1.888431895478014
-1.5883271019643168
-1.5183279676416863
-1.1434563103317992
-1.0547785608553495
-2.435824154852507
-2.733155016709713
-0.9673272019005491
-0.36803767646500823
-1.8756781900357167
-1.0569224030435178
-0.25945436489376894
-0.3158030104120015
-1.4266230512447533
-0.6055199626980157
-1.7592626773817488
-2.278118861108994
-2.017177982152085
-2.2838452403869667
-0.9892238271172045
-0.30144245589043656
0.012188954724100847
-0.34160864621906983
-0.17438871310733953
-0.2517544866424358
0.36082473937846826
1.4882154077082579
0.9512247781754487
0.23814006577438537
2.038080065675311
1.0676934585378524
3.5733843009341726
2.7762824580063064
3.2322338605769447
1.698321744533512
2.3884858800008697
1.8639929228399292
1.7360609503190725
0.91594667794045
-0.0024506127861508354
-0.3672404051741416
-0.21470595559044736
-0.11591721626652748
0.04525258881872531
-0.1664424764936229
0.1189443716719497
-0.5668233112727197
-0.16059714193657618
-0.7903073221390616
-0.7120255305336026
-0.30388469588571576
0.1618463180381283
-0.056169662050898767
-0.3689442198664482
-0.076010782860371
-0.5855547692254404
0.129292342475021
-0.5151297663122251
-1.1358539871418551
-1.344929779816467
-0.41782456645110977
-1.5884593297981668
-1.7527761279378915
-0.622207020629013
1.8596473093960988
-0.07252095830161819
0.6275699969662797
-2.1910938434918603
-1.6586058607346332
-1.5501043147853664
1.9962784301923788
0.37583113617030733
-0.8407413675308946
-1.0424689289589344
-0.37308864160854005
-0.24484160975254246
0.33619246426427624
-0.34805236841941234
-0.5343028763242024
-0.8060395894500719
-0.460704395599373
-1.5805431928249325
-1.7508299813817225
-2.7958438139915143
-2.692292364474589
-2.0040319483711353
