0.8611799222524751
0.8726778727654869
0.8672758841580801
0.863051699522162
0.8664503105284259
0.8708719152476478
0.8716055482566301
0.8684620742937259
0.8655847352256409
0.8716705916016692
0.8758026860704542
0.88096846559846
0.8820662570365305
0.8852371546117294
0.8865308155248994
0.8885141606803809
0.8832731628079671
0.8793818744903618
0.8798191798486338
0.8888954068036967
0.8864757312817342
0.8810901805846582
0.8688660282118438
0.8676913172992555
0.8756924197551466
0.8843051334248528
0.8794451020215781
0.8765199125877761
0.8807808063687201
0.8608256247858223
0.8097580348012304
0.7174019529714255
0.6130125125294836
0.48682187535916854
0.38281871919363136
0.2907778332135366
0.241582734840198
0.20506140638737197
0.17696068920501795
0.15268316634901274
0.12886154928570642
0.15890392987421476
0.1881612250805316
0.19481937464248986
0.15810473103503941
0.14278485213393258
0.13755833366500994
0.13067726187753503
0.1265387816106947
0.12516412511959063
0.12520083982933727
0.11453639947191174
0.10114407000395337
0.09148130529103493
0.08230311404757842
0.07970483097901382
0.044558104493678995
0.08369091063522614
0.19843420980556098
0.3765143365211061
0.4655549179460411
0.5185832215102255
0.6024591384359956
0.7282188827286914
0.8151910227335295
0.8564428815519842
0.9032531801204855
0.9427781943502563
0.946982960209633
0.9383803418687869
0.9320981219008528
0.9419338885337304
0.9438457349128729
0.9427176589786986
0.9231066870483458
0.9142550123550153
0.8944797976545762
0.8883374008291636
0.8703458503047816
0.8184575286637332
0.7167670675072808
0.5255931586519701
0.3405752200196528
0.21247322924598455
0.18712714554982035
0.15760666188913008
0.14880137265754362
0.13541909795315152
0.14171220687972574
0.13628285163393777
0.1420438646462503
0.12718218490704825
0.11646724968813679
0.09837631802427868
0.08269393492490684
0.0811071324955861
0.06885488473102494
0.0498422258870787
0.03849170695125226
0.1275147239701967
0.2892080748056398
0.4604036929564473
0.5468316732171787
0.5919223503458486
0.6882591511480785
0.8226688912170719
0.9206686084399172
0.9362802177798368
0.942356233291884
0.9458415820396479
0.9538041540974798
0.9486103044277379
0.9431059298952842
0.9218444764531463
0.8977593340227755
0.887866696104634
0.8893040363139179
0.8981391767540531
0.9061093031113653
0.9003577192508561
0.8547183057839439
0.7575223246778092
0.5621180657451051
0.343222693730721
0.19397329823768347
0.15730589523031457
0.14960545611024448
0.1436432115648786
0.1391542413863906
0.14296748994589198
0.15181984251456845
0.15191697413107175
0.14429508956916104
0.13290447050204524
0.12505320825031724
0.12401276203762399
0.12782770091059156
0.1324714076499312
0.13780161242575878
0.14688646539459138
0.15430012173030225
0.17619986334839008
0.21695730223792825
0.3456395912866019
0.4751982053889696
0.5696766634976024
0.6495780418354372
0.7588500826303388
0.8439629785244163
0.8560694510399962
0.8565717878345644
0.8645944848257443
0.8836957737900611
0.8881283677914162
0.8803977234884522
0.8850112022136398
0.8795840213633451
0.8749518154512634
0.8714582682145839
0.8736813350083774
0.8770324876626918
0.852217731112419
0.7728281562675718
0.6447831413883884
0.5038396403255307
0.4130469508833868
0.3234824351857847
0.24373618698289723
0.17872820196641348
0.17407896715628746
0.16706381950401708
0.16386892379110152
0.16731633977814228
0.16954706035605915
0.16785850188658347
0.17566992322413652
0.18041500158279483
0.1755349289214996
0.15969082990872052
0.15263827559082446
0.15329553220866568
0.1787905557072454
0.21554435868009053
0.23754182194506135
0.2864499527902198
0.3845642200044023
0.5117133533222704
0.5985237735810695
0.651485657838999
0.7382809287238321
0.812269737141932
0.8700926045173953
0.8721590308734081
0.8748765481392053
0.8616756818582815
0.8639174242235012
0.8731709887370893
0.8607965971185885
0.8473824830126737
0.8317974617343027
0.8317854641223691
0.8298978232844012
0.8405809110848709
0.8594175287535638
0.8581858628388366
0.7857286202315732
0.6506394122735909
0.4850613918658141
0.3235431744130144
0.22001471941581757
0.17678281268707297
0.1806546468884109
0.17767687453750378
0.17447863453867282
0.1607902319303794
0.1569369306698689
0.13825060739220724
0.12939352698252507
0.11455148037833739
0.09914291989308052
0.09347668971667428
0.10799398607159313
0.13156195263183224
0.13377227033943917
0.12221699467842737
0.08248390623005178
0.05837686617946482
0.03506622439060542
0.12361709260116023
0.3148205123333948
0.4987845029398415
0.5726024585494084
0.6623447831123948
0.7865657665645387
0.8695700636566979
0.8850815992884107
0.8968082382647309
0.9062956820238108
0.9227128142836368
0.9125306188737174
0.9249987482726508
0.9394684954953322
0.9692554277984705
0.953243367686017
0.9293290349440478
0.9267441111353222
0.9418746721293025
0.9148142393171127
0.8055867385246491
0.6341220258560666
0.4164134225765284
0.23344653494708334
0.14227579597338685
0.1332979680584332
0.1497728323130903
0.1717743083300422
0.1896479481298829
0.18083111771531526
0.16291337138584966
0.13925054065797365
0.1273966928473636
0.12400930847359021
0.12550054422360588
0.14988126022248555
0.16280768169913049
0.16142538226144257
0.14901509015194725
0.16157944176846273
0.17253028105772747
0.2092764940797713
0.30369405624181756
0.4345732557993732
0.5625163462408049
0.6161907104572342
0.6820263218286444
0.7682503939928558
0.8761328898521832
0.8992493238702375
0.8976165612683603
0.8961806798988797
0.9121329463565873
0.9198483120523793
0.9182343702796152
0.9114840112409024
0.8907388696485852
0.8791637123260889
0.8836676910221558
0.8987818328864677
0.8964227084414127
0.8668193362673653
0.7739957375810581
0.5371275227182486
0.2945247728193005
0.15007983876949185
0.14911270441189955
0.15439839193834243
0.16567852760913893
0.15611083468881087
0.1511306731300157
0.14750142941356018
0.1459778202748392
0.1445847763927962
0.15590567025660332
0.16341997942611897
0.15916340267699294
0.1496551630007699
0.1787825480466389
0.22613844334362893
0.25523265911604454
0.22297093674999552
0.25538406184524576
0.3616276304627828
0.5087959983104843
0.5636330908736782
0.6218142008539141
0.7205140971059092
0.849355286191623
0.9225246940191631
0.9281738553915955
0.9018864588399405
0.8668746088529831
0.8513033043938906
0.8481193946146836
0.8448881860981761
0.8458801941650149
0.8419837295750185
0.8437152584344378
0.8445699069551716
0.8587679345021432
0.8480641299347111
0.7638873859296123
0.5559128573172053
0.3286439835440375
0.18383980138732345
0.1665227554919887
0.17409822142502052
0.17773248386445314
0.16608813149013393
0.1661638726575262
0.16644290546807475
0.1685508547058811
0.17203274717982597
0.1745819614929828
0.17168692208929626
0.172195240066021
0.2001916952869407
0.23227065627582733
0.23675535172141396
0.2547351819380078
0.319676178168732
0.4275947576555079
0.5240773166102837
0.5734634882905462
0.6593517421807782
0.7787107661790067
0.8764113979458495
0.8685927764784749
0.8638672802383573
0.8739953880419229
0.8935149914536883
0.9011041341020136
0.9081189282839466
0.9121748307957376
0.9137073776809675
0.899072396884218
0.884682287988975
0.8850083844357131
0.8479688967413637
0.7143968869905823
0.5301214881600174
0.3822781454431111
0.31699149327558557
0.2939682814672392
0.2797177195434138
0.24094660554986885
0.21396303928387167
0.20039216277708785
0.20532019760923698
0.19590912467461824
0.18966132335700508
0.18600020993540398
0.18891784213118473
0.18485269806465027
0.1848188512930963
0.19559503504619807
0.2085201126925231
0.23999691833076345
0.27749952451567494
0.349172151399575
0.43633060104226745
0.5304173060128092
0.5900241736511899
0.6352648078693863
0.6987584372097878
0.7894698960572352
0.8649244099095452
0.9013104064518502
0.899477637375575
0.9091606671154904
0.9090243007398373
0.8982873422815836
0.8814980307616169
0.8789381317666098
0.885062334005103
0.8895738079628703
0.8837993530332653
0.872811565453828
0.8435923606942256
0.7473502243580141
0.5546872280454422
0.3623219967713687
0.2604398899198561
0.23258063301836263
0.22117741474045824
0.19733146430522447
0.18329760013873414
0.17015323230882606
0.17382671715435835
0.17569536493264412
0.17786536066796949
0.1725607247255566
0.17962247793002734
0.17941471263173048
0.18038641862914986
0.18282093216569573
0.1838216891757812
0.19196820341499465
0.2242912156058211
0.2560589830396246
0.286903705382183
0.3636349648642138
0.4827705704927993
0.5778784465365974
0.6537815737516511
0.7229437235584566
0.8140338019923343
0.8629081423278503
0.8933824241982762
0.906795402964881
0.9446890420907174
0.9678447381409689
0.9794129633027608
0.9758336259565443
0.9716774288591259
0.955037343481483
0.9517883340164168
0.9459208958864902
0.9528545569908421
0.9354982903467015
0.8425756063056159
0.7006133575611972
0.5132878821564772
0.3539799347727078
0.22808037546669474
0.193911564717418
0.17843633813228982
0.17635653212580077
0.1733719614044078
0.18745161239905223
0.1943739522977479
0.19130766266501148
0.18387082237164817
0.1876151146900779
0.19393469945804892
0.19036535815078448
0.19013413865760975
0.1968890799974797
0.22060448034437996
0.25664122899457453
0.27942911747695787
0.2935330285733897
0.3606544922922764
0.4774125979656013
0.5697364906977851
0.6289295051643129
0.7023189895219444
0.8087846015250957
0.8808127763469845
0.9025643307066349
0.8984743870589851
0.9134466139891914
0.9160726798244291
0.9048178405992131
0.8977797772290093
0.916893894588638
0.9394400544446909
0.9456566819839163
0.937805833182752
0.9362693260766831
0.9323139396360365
0.8775546746621248
0.7608096021723393
0.5932795886543835
0.40196102031631264
0.2501902461892621
0.17330922021607
0.16283065601722846
0.1737063376147391
0.18992097409501343
0.20013026574572346
0.20342924300029216
0.2079985811193464
0.2051644758742735
0.19671244517123426
0.19226090263032047
0.1903451776352913
0.18809393206534625
0.20138814257661242
0.20702568423594347
0.21381830748473077
0.3003773061271119
0.46175179191246657
0.5845165180790266
0.6998037117272309
0.8253089489420874
0.9235013758157334
0.9261228400601452
0.9244229360384697
0.9182348708564447
0.9273734370511799
0.9308174413475472
0.9217230392546599
0.89598254548375
0.8965296376468092
0.9287986374560641
0.9544885444642413
0.9591607313662315
0.9458491025751575
0.948066296708236
0.9332474046602052
0.8554877958293707
0.7030565224044988
0.537096844896541
0.3828853598041577
0.2710277665740929
0.20468435025867632
0.19180694490500297
0.191771837757545
0.19683734274145273
0.17642530935522774
0.15706544472353665
0.14977009644646372
0.1507109478115485
0.15362601152204203
0.15434352194445988
0.15805684781083382
0.15624110770323768
0.15057455920103585
0.14748845364871843
0.1498741401860016
0.16973546535417094
0.25471400785844667
0.3883036354061491
0.5314906442804551
0.6093974651515691
0.7127128459011393
0.8144685034650339
0.9120425601730082
0.9450368593330084
0.9655557109749512
0.9715919539082595
0.9733007377348776
0.9739524820938718
0.9675599041457545
0.9664871396939478
0.969086354558774
0.9770336475645347
0.9805765773581888
0.9846419414851846
0.9786605050090404
0.994085532560216
0.9788971913359769
0.876770682608786
0.6737567070033426
0.428941773696109
0.23815859553721555
0.1353778088338243
0.1289752645063545
0.13092879659759107
0.14703758221581492
0.15937717582899796
0.17435079305880866
0.17738001209434306
0.16881068039420033
0.16479548095884716
0.16372229308960196
0.1723748409356213
0.17009971583788264
0.16294677890133588
0.14253434128977355
0.13538145223310744
0.13787080989590608
0.18483653364222322
0.2876963940095871
0.4153102153331207
0.5004434386521834
0.5413020875038612
0.6532220421550172
0.7943833405057138
0.9018528771600319
0.9335829267582183
0.9667549893442697
0.9816849253430111
0.9778305572587662
0.9633054433738978
0.9540214962412484
0.9537074048964834
0.9595745767329151
0.9633792739849805
0.9636903958743925
0.9644829032016441
0.9559969410478575
0.8921327931849419
0.7522690531699203
0.5194406059440813
0.2905617228543115
0.16288309992788244
0.13854320988203236
0.1541609208327727
0.16438114809179216
0.16649661476220934
0.1531068788186107
0.15959064854043353
0.17940714177947553
0.18342311375620504
0.18579680531895382
0.18732192070439008
0.18597547606394374
0.16625849272832616
0.13901038464234383
0.13184462679765513
0.13278642451425418
0.15576760057100297
0.21619016224318396
0.32727707734015254
0.3724816935629658
0.37256289513846563
0.45183642599740287
0.5984494224804585
0.711109605473409
0.7124710822516751
0.7105405037115444
0.6265997618681782
0.4649829169117338
0.2544520815529757
0.14730662939944028
0.1291712468816016
0.14546931824377374
0.14944884344208664
0.1418331305004688
0.13505621293200787
0.13255651654601497
0.1250959620785489
0.1219625046606321
0.12762597073951026
0.14302532916563265
0.1512347249895957
0.19422672459063492
0.22351655092191083
0.24943976538612628
0.2681679653179593
0.3320209593312391
0.43633155221364384
0.5356063991358653
0.583849513072523
0.6625422211596912
0.7954933413140445
0.9095844591062933
0.9433828679214868
0.9680431399638212
0.9852735172962332
0.9877498323235557
0.981952857411369
0.9755338559704966
0.9685320619624235
0.9549044661705017
0.9453862632695833
0.9336355572312571
0.9151033847679936
0.8491070823202763
0.690165546344327
0.45152030545368615
0.24490108908341857
0.15396176025681174
0.15288740452006802
0.17895115465481584
0.1795053815952676
0.17483563083083078
0.1767307096980863
0.18644458372663042
0.18306637777252335
0.1813569046748425
0.17750554514387443
0.1699586165879099
0.16158590662843886
0.1601422447462143
0.15188725510197906
0.13268592624334197
0.13870919460954367
0.18614376218306689
0.26865922727045777
0.322856770279232
0.35510983925576856
0.46904254460052963
0.6142626755540679
0.7130667833015011
0.7071961541129681
0.7032979127594803
0.6998842896872968
0.7207120709786831
0.7537799881424383
0.7794716525291013
0.7969474811729936
0.8067096526303248
0.8278320362136767
0.8433533836598012
0.8541902517291058
0.8464165213998422
0.8142355859764092
0.7266437571956568
0.5717924817795823
0.3544331741732837
0.18204044071300848
0.11099782570216286
0.13147348088422822
0.15326572990810194
0.16155914834626323
0.15309296640720127
0.1511417119943097
0.1658351651730664
0.195101841737344
0.20477988403382485
0.20001286309336863
0.19320113843718692
0.198886642707314
0.19653983200506295
0.1851800459832091
0.1628205877306076
0.1375640169838791
0.13060510507473794
0.18082962081870713
0.2722662604310639
0.3740453711838285
0.4514337595296222
0.5419060593399236
0.6526838796738328
0.7487251709435225
0.791371930505739
0.8160581169879456
0.8668388937884923
0.911241070024103
0.9264130074650793
0.930119540128185
0.9430105750628529
0.9498575608801156
0.9501288729763449
0.9445470627194256
0.9436571749525761
0.9290046962617244
0.8637041898587243
0.7111449896273186
0.4841250442217786
0.2625931842434296
0.14312230896988734
0.13811364680470647
0.16433750558304164
0.16825346430156446
0.1635209461869938
0.1667185803936136
0.169159024687911
0.17083855696859793
0.17016808901517955
0.17001349214284406
0.17034886421511072
0.17244549701316175
0.16837789353154858
0.17292989451144364
0.16847303696126364
0.1929082321875277
0.2498605268587381
0.3678639609443004
0.4662569552190011
0.5158114861121748
0.5734236798661861
0.7088651877423249
0.8505523304472635
0.9128720711794303
0.9206710389633188
0.9190457776566747
0.9155500847427649
0.9142905997339905
0.9100121629009723
0.9136021035699667
0.9275266337546577
0.9436083883949121
0.9490991692349635
0.9492880456518504
0.9406419125884592
0.9249782841088693
0.8387843044186076
0.6646831550427588
0.4442132747632312
0.2581023163968258
0.1580917710523727
0.13658687789784885
0.139928848072631
0.14921504730906804
0.16371188801754377
0.18741700617089013
0.19104992448425734
0.1941568153646257
0.18494846389128106
0.17812783904588989
0.16177418223094236
0.14866205354233278
0.16325683373080369
0.17678743888160114
0.19015111713628927
0.26970174268460134
0.3846024480399803
0.5047920417644428
0.5472569559526244
0.6464220401126304
0.7526119321739457
0.8679294409880559
0.886609573580486
0.8925733003068711
0.8972886053823369
0.9105776002345225
0.9191687102682329
0.9251504258339388
0.9316069206104366
0.9342019737385029
0.93268985879526
0.9339823644857191
0.9378107831111365
0.9348284299286636
0.9135371358925245
0.86315970189634
0.770738614098422
0.6079200305605547
0.3697866437094888
0.18352869279923578
0.11848766653846965
0.1372084452265326
0.14511660125829912
0.1572348861533529
0.16926846198994944
0.1724820869762685
0.16833478882384795
0.16541059262304533
0.16340607807470622
0.1608594036566015
0.16766815282403644
0.17012241744244996
0.16620312557386502
0.19987052407228958
0.24463145888163237
0.29671803532240426
0.3577040648434281
0.4489461599583924
0.5121360874770626
0.5991882627638975
0.7268687113049339
0.8511849638118094
0.9070791987725968
0.9227024435743008
0.924953033600578
0.9276247505867306
0.934077225275839
0.9383954882084036
0.9362016753016779
0.9315191534333414
0.9276788138388707
0.9239469527873542
0.9279188792340745
0.9336972778843322
0.906585481823837
0.8113003434748385
0.6206732628249096
0.3796988608008294
0.19881360291057815
0.1185184574840824
0.12278643423409707
0.14494608953381774
0.1629017537124503
0.15497293113620186
0.15426129865571236
0.159276170593401
0.1639363835189052
0.17034262331365926
0.176623942835828
0.16401708065807172
0.14678433793968637
0.14329312817379347
0.15603043348784196
0.1896234671781768
0.2594646438176006
0.35100422743976667
0.4410109406794691
0.5324852851449512
0.6418471272337057
0.7298091662378695
0.8107516625427134
0.8803812831034876
0.9232467442521939
0.9094112925020221
0.8861215171670014
0.8816890214680445
0.8822717044461879
0.8885630886709409
0.8998247697101629
0.9121528153604803
0.9093357537804355
0.9061895433649383
0.9057629625298654
0.899684019541817
0.8282983205500234
0.6702838638888778
0.47624128595935644
0.3256000417605132
0.2310841701109407
0.15854525657101046
0.1254460508369938
0.12409136117943556
0.1348168909874216
0.13399377062976142
0.13795145225029226
0.14134987686617234
0.14287841608756802
0.14598716505986678
0.15093761128761607
0.15763478944926623
0.16486397268060268
0.1666904419350051
0.1870844042431483
0.21832882808833004
0.2706758318782575
0.3101583312080183
0.38477807395252533
0.46131716658247424
0.564370602655825
0.6675283944840928
0.7857686058078537
0.8695826277246651
0.9096781321834468
0.9206268295518742
0.9229094693271709
0.9301915574868909
0.9327263571711142
0.9144154987870821
0.8948718703954989
0.8663837321111896
0.8750614929299779
0.8997132879431335
0.9291249760486211
0.9063304406110927
0.7887483758138928
0.5753291287844632
0.34498909665044986
0.19888063121464844
0.1401889493352485
0.12779210313310418
0.13338084194579175
0.14060159830755448
0.1520702101218856
0.15943289929414117
0.16166290645651046
0.16323838952211595
0.16541499058231748
0.1678639526314905
0.16460466705184887
0.16242122086976196
0.16194509670536075
0.16477751174083893
0.17118909717997172
0.18117691177125195
0.20425945803235057
0.23200690560677603
0.2839326670100519
0.34349204542571765
0.44077085872050253
0.5201942510967265
0.6279962110501388
0.7048317833611308
0.7882412242369943
0.846426386255676
0.9061501644675635
0.9258872215845171
0.9330715269953728
0.9414239405239492
0.9424886088125508
0.9381356856665816
0.9360684457768103
0.9351330283914265
0.9376840717593828
0.941311527072541
0.9459333685910014
0.9444337587862859
0.943197422094735
0.9133076295191666
0.8196712167072722
0.6386274034901893
0.4261018428808591
0.24754957779687908
0.13722601462654274
0.11152632758117345
0.13073659242833574
0.14781368967312086
0.14164467082597013
0.1444348059970935
0.14874380820931077
0.15049660255168196
0.15474147498024785
0.1551784933349591
0.14990576732078814
0.14721954770255713
0.15001246404012808
0.15517285152205137
0.14843325276456087
0.15165326083906164
0.1826606395539703
0.2569654872713704
0.33783055928875744
0.4350727095457035
0.5016194076519208
0.5606116939638657
0.6794203712765114
0.8296176220084486
0.9180773510608883
0.9256638456646671
0.9289478329760631
0.9259692242268821
0.9244202415319343
0.9324962749173181
0.9425365255155409
0.9486485100470295
0.9476346454587177
0.9510426173940153
0.9518932824302693
0.9516933394180329
0.9261602073134041
0.8486931375415121
0.6758485673350039
0.4666305403468246
0.28388303328644776
0.18985746532310713
0.14726190954200458
0.14715564474608114
0.14953641112315674
0.14928829934558663
0.13912515298785222
0.1351172878386317
0.13943267453978886
0.14177140134265065
0.14519299633563307
0.14668036659331224
0.15040238590406474
0.14876010416369367
0.15349563898778187
0.15737396210400562
0.17235621527020448
0.19221312433158114
0.24097627897411722
0.2752217725786811
0.3606970591011842
0.4403995005308272
0.5095917993202086
0.5579796313945843
0.6942785492307996
0.8275014116609651
0.9049366459333966
0.9236656216588465
0.937173392802731
0.9379778392826723
0.946239236047075
0.9572514739763169
0.9622196771539108
0.9562907970757906
0.9482106496538725
0.9372251559937763
0.9271266993960934
0.8733945420514805
0.7437590410297912
0.5277486807714269
0.33021168199050377
0.2047029412081646
0.15592593226773827
0.14402461222007718
0.1546692169488298
0.16489738494288295
0.16265254099694
0.1600546568663424
0.16029555388168287
0.1610514149839711
0.16551036369265218
0.16449453756787846
0.16400843042084978
0.16315381754322467
0.16655433868390074
0.16886471486606314
0.1697924341020668
0.17050481296992395
0.1969884452048839
0.223962726778676
0.24290719449595347
0.28444774295019054
0.38145431944832286
0.48785799260524104
0.5781328392610807
0.632847088549277
0.7319678152464032
0.841090413117791
0.925538394883241
0.9370329529216285
0.9297774292142404
0.9216991895589335
0.9151326267085582
0.9145266917775692
0.9222429474056326
0.9170767299805178
0.9163563393545654
0.9143636627204546
0.928169545338009
0.9178732228671558
0.9127648254797909
0.8741824157425591
0.7428621123268982
0.5300509420218517
0.3296593329488605
0.21245456994104975
0.1584463608118776
0.13830029006369732
0.11659678768108209
0.10721064763827257
0.10418553889685832
0.11402336185093036
0.11559979942965115
0.12332798650645607
0.12852082596106698
0.13156360801197708
0.1287089089584554
0.128926999279794
0.1326328133556413
0.12801652160646687
0.12118954565281587
0.11345547861432402
0.130566192189559
0.21109595382754484
0.3028244556361628
0.37905789390134037
0.40701544775602866
0.4981403368484063
0.6085618932868454
0.7316588688172081
0.7731033822755443
0.7850337900063897
0.7770450727909141
0.7769534974434268
0.7751878985498406
0.7838472307080314
0.8009193734508224
0.7974347367808448
0.7931865934064228
0.8004949245461173
0.8316590432830486
0.8281049404432952
0.7697427014003438
0.6402467857245822
0.49194029108088844
0.35249456704996507
0.24098657808813814
0.1624666806345962
0.13144438942951908
0.12916454563208532
0.12393706730652579
0.11485729561783503
0.11491135866207339
0.11951722409225311
0.1256950077688742
0.12660044920995692
0.11961122528605107
0.11324999148858782
0.11598480075421941
0.12055145118905461
0.1189546117879305
0.12109342196790415
0.13065563238401176
0.146962430606695
0.17447961766132047
0.21333631538118952
0.28937552839137126
0.37622321528000113
0.44869245965771565
0.5263188958246616
0.6221959376223539
0.6960969131787293
0.713367308236055
0.7223380321013699
0.7474447444651307
0.778219642962326
0.803168719550322
0.8083674154941529
0.8108615285759655
0.8044706875129293
0.8074137997802039
0.808612417311967
0.8084801206863271
0.7952461801959679
0.7692482591456951
0.6921181901445691
0.5465167107741471
0.37307772061445205
0.23339831423350454
0.1577922028184244
0.13503837952563413
0.13688173546637417
0.13509809417551544
0.1311346725592871
0.1314562199044167
0.13164477040705658
0.13413709498508244
0.13832703600096197
0.14152493979126027
0.14267440772059642
0.13571382871674115
0.12336384937603388
0.11408844849851399
0.13772411038381965
0.17881551317903305
0.22608988329109936
0.26861533105496
0.3345039434965009
0.4031166839161411
0.46046686686629396
0.5205774070699187
0.5907014257042672
0.6640001535834769
0.7098031608314521
0.7477073845893872
0.7706202727433956
0.7977768352475356
0.8121961257900944
0.8230132647202528
0.8147847538690555
0.8128215808434686
0.8218293209831795
0.8249988548757856
0.8330443560216163
0.8215088200096097
0.8032381095501495
0.7903650428419631
0.7946352636841304
0.7294927750252214
0.5837203157563189
0.424345593175675
0.2837232584090067
0.1862714640438189
0.12869812327111244
0.11839080089647747
0.11716352799127336
0.1328987946129697
0.14212353290688495
0.1519993328503102
0.15419006970361765
0.15597834085588974
0.1519916936969143
0.14257249610150524
0.13963992230377809
0.14144200493746978
0.15607244576617973
0.17018599660581674
0.19297249601358896
0.22262899083965196
0.2620171606706557
0.30081003845222787
0.35490119740883425
0.4338143845349936
0.5219768979601365
0.6033647115648819
0.6865126806245876
0.7334589899833357
0.731927703392818
0.7046126351239798
0.7102237015919498
0.7224030659016953
0.732086122633401
0.7424947439658927
0.7654552797158138
0.783889830728439
0.7734747422946854
0.7582052758641948
0.7709441624206774
0.77136708501236
0.6890596797839836
0.5405300892142284
0.4049936044532804
0.3138506383904974
0.2556069525220497
0.21968139682609109
0.18876886836085507
0.17298482256435033
0.16094366509683083
0.16073500082213776
0.16318308325339548
0.17557437071887474
0.17677120594973866
0.1747780098316531
0.1832764551130196
0.19364962315861847
0.1974174505565052
0.19772061365219307
0.2096809327239814
0.23097708043149767
0.2678113686961253
0.31772160643582814
0.3626057041225237
0.3960147473795338
0.4981836630657383
0.6347269864155434
0.7324564862920664
0.7640788585336427
0.7730888909280879
0.7854118433175896
0.7794825088669042
0.7984345773326372
0.7849372459195845
0.791583611894465
0.7670722523655745
0.7527839551123304
0.7235282553619298
0.7241807630495882
0.7060128866534086
0.7120318315779233
0.7333695103202751
0.7455863770390069
0.6616487392375333
0.5191424633530466
0.34556327179775354
0.2165484703303853
0.14810174786919722
0.14869689026330726
0.1491847419085805
0.14331310643908576
0.14247708981936585
0.14703144281812464
0.14520577408876353
0.13941211862536745
0.13679999678549304
0.13669662650975242
0.14034673381840812
0.14463979928479853
0.1446886057329339
0.14841975258417067
0.15371784136487499
0.16874874794440692
0.18606678849556285
0.19817351063771982
0.22449447482377335
0.2999562505630937
0.36259494227559974
0.37858286614118963
0.45213822640321694
0.6026424695596058
0.6948797913687849
0.718623092440726
0.7298087893306023
0.755997841294271
0.7528201724363128
0.7544891691789618
0.7472746217557313
0.7523299156175778
0.7749185240271123
0.80383676472356
0.8325416330538641
0.8678610003709817
0.88907581819011
0.8551972271099765
0.7518229939257116
0.6035524602095532
0.43772340473724747
0.29264699067674244
0.20221852593829406
0.1662242976325711
0.15929862230357023
0.16094318736365457
0.15481474197003575
0.14968683333788022
0.15103934288719495
0.1667026516132712
0.1774292175598591
0.18592443457321886
0.19196225822389582
0.20256959929106627
0.19795599402440217
0.19433586037794792
0.1976022662268845
0.2042190552255477
0.2204251895738889
0.23562344089588694
0.26624569016905486
0.31412859324389686
0.39613223095724465
0.44048383396810054
0.5587843629756106
0.697391715124437
0.789077097429779
0.782759725417153
0.7889875273666446
0.8032582629910323
0.8012070972125833
0.8085407667005244
0.7986212769786463
0.8001587479707171
0.807629302964177
0.8205335015779741
0.8118320295420846
0.7978251312329135
0.7724528174204979
0.7084828711945301
0.5860933246310984
0.46233165692128125
0.3440891784758792
0.259924235643921
0.19989450798797798
0.193532343129989
0.19457733927448675
0.19185764538362604
0.18021442385103906
0.1733667665379457
0.18033653665412572
0.1843088501768661
0.18326667650180192
0.18740839988929586
0.18412899657567708
0.17389233100073065
0.17267787087241931
0.20171709767547075
0.21056819862784198
0.2251659728025924
0.24289855880441866
0.33496587095005537
0.4041064516076833
0.4701777459706081
0.5649425039352147
0.6916712139512402
0.7294136573770786
0.7068898056508337
0.7034166481501616
0.7250191927387372
0.7366244347332769
0.7223217901502421
0.7756240112887521
0.8443020634986795
0.89866997914147
0.8885564661902889
0.9143569857827913
0.9244119227160891
0.8602166895498293
0.7144404562521977
0.5048150327495021
0.3224314309045407
0.19552506386159138
0.15091513611708274
0.13560899702980228
0.12864962836860822
0.11476282686065577
0.11710805517020191
0.12201170651851481
0.12656676164060152
0.12387998056220463
0.12273168720123799
0.11649009201900912
0.10579794507142369
0.09884568818927462
0.1035638121350465
0.12705025170998255
0.14948775357459637
0.1792818619542687
0.2559290814977922
0.355076581377666
0.41550326212597366
0.45735061410744604
0.5516160461394162
0.6392879400947539
0.6787529779920027
0.6947621745943158
0.7085178044963323
0.7107095452559948
0.7121745880028032
0.7363293141601139
0.7566220014562925
0.767898821549221
0.7908719382941629
0.8413641232580233
0.8812880648195003
0.8587443579066905
0.7370835139883891
0.5461537263499952
0.36632956150551793
0.2283651693430337
0.1502236645216039
0.1084543497143361
0.10658649212395385
0.0972608522233499
0.10946289779010598
0.1196779911995959
0.1284808911946968
0.12929570426274123
0.13506024961192853
0.13161030416256067
0.13584443243321725
0.13640399978564738
0.11780323987834636
0.08469732879641212
0.07612821473101275
0.06292967134270044
0.09905006181034096
0.1765930252354601
0.28395616425138454
0.32197802514369955
0.363005452249451
0.45417271714651924
0.6066381863886574
0.7111583111407347
0.7457329700176798
0.7428216532030311
0.7512025861400143
0.7743185224187115
0.7994126466502463
0.8135978262399957
0.8267125854547523
0.8351164636294437
0.8382911062609533
0.8385401762401501
0.8421210608607543
0.8285187969899741
0.8229540293460016
0.7964653764393318
0.7311863355651236
0.6100775971230958
0.46163013196532043
0.3043101313733301
0.19424541869312167
0.14011572930712796
0.12197372939879658
0.10748298286521285
0.08744855940668572
0.07450291111033855
0.0697261084643305
0.06027921585692521
0.059780278490425096
0.05121532917004408
0.05144938743304389
0.04998132439148434
0.051119912750882776
0.06392123727559777
0.03578745552293908
0.08049906388695834
0.12847704389237502
0.17262404711499757
0.15283099932191532
0.1817373828885149
0.25050969720116134
0.3281189458165721
0.3696291055814078
0.45635176722618126
0.637217618009284
0.776706500601333
0.7828588749917975
0.7412465762633703
0.7535502982689264
0.7515154867771074
0.7599875294254651
0.7896911559078801
0.824910146066582
0.8214757930310103
0.7942045421198232
0.778334155929379
0.7655186946830482
0.7269317963631348
0.6456409056382718
0.5409054978366281
0.4183859168648393
0.2829102411116837
0.1567048592863336
0.10912590451139922
0.10851381088336624
0.10736424886137633
0.0819277557388855
0.06333039948414554
0.051605391432173076
0.021141413245577313
0.033585274175110535
0.11636758273455461
0.2022853588343341
0.19943344922936462
0.16440400463942284
0.15077674888956916
0.14204212711048234
0.14700495188579157
0.16656256977815959
0.23246849876073192
0.33022579416173886
0.4003978213281018
0.39466486610801044
0.4491141962565659
0.5892834558769834
0.6785494656911746
0.709004318296732
0.7345378617498015
0.7690335537782493
0.7538743419497375
0.7508540605780168
0.7402512330170663
0.7246666617702564
0.7328561895956497
0.759812844146976
0.7456054266390018
0.6310268115636002
0.4372657783709832
0.24475243384344947
0.14233724418953153
0.13570998769494547
0.15244725661457054
0.15286685992934682
0.14627531853604492
0.14104207313812409
0.1320453690389493
0.13596284230613476
0.13625856171198167
0.13614220765565085
0.1291104138068538
0.12369578647764666
0.10653316162156205
0.09353550968418926
0.08114633656430562
0.09880054934014053
0.1551866875391814
0.23981254302746316
0.29835068419969607
0.3621280874569445
0.4071576707902697
0.5190425176658658
0.6460781597785832
0.7677384577668749
0.789617770147479
0.8021151905944761
0.8171861867702869
0.8352995749494188
0.8551014077544761
0.8778868163213976
0.9044454763273093
0.9047840442504236
0.9124316860102978
0.9240268242263174
0.9370290160534723
0.9175454826693491
0.8639173505604832
0.7397245098914857
0.5344064912778383
0.3231721079324398
0.18720233221576277
0.14100939935537504
0.12360999866808221
0.11911160266927959
0.1148120461611811
0.12751649586884423
0.13723889565216862
0.14479069568846317
0.14474085969388772
0.15160452858863377
0.15202916611475553
0.14804609981028458
0.14353038758924153
0.14078831848418172
0.12050697197377896
0.12208597025226894
0.18079724172288353
0.25685878157204517
0.30544252211722744
0.36282709442791283
0.45710505341317353
0.6000269676013966
0.7243844612772703
0.8130575046212314
0.817958686869534
0.8172676711772751
0.8105519643592756
0.8321584539451745
0.8578253774284001
0.8722846243176333
0.8875662430825126
0.891952682026805
0.8979102291938805
0.9003400210182435
0.9127284428080086
0.9056153462868797
0.8546438748950009
0.7322091060808147
0.543884650468422
0.346364584433162
0.22254612749621827
0.1675164667085225
0.15324246170365236
0.1503747431994444
0.1519973312889193
0.15074147481360384
0.1454972448513128
0.14820493709745064
0.14655491795922396
0.14709454751590748
0.15055444465507853
0.1568233712722638
0.16204467343670648
0.1701891657757801
0.1926932873938536
0.23348266742566137
0.2621142507930361
0.3076750137414951
0.3787262715547037
0.4764721705526101
0.574953019355887
0.6000701168401454
0.6415259488921898
0.7200152533524882
0.836006611846376
0.8672753529158485
0.8766892867512366
0.8977398435468569
0.9137490875075072
0.9217415524544101
0.913794072853271
0.9108397017601675
0.9146494219181237
0.9165156520643776
0.9214703584436787
0.9118928299339586
0.9015322794712419
0.8842422260838954
0.8065885029276163
0.6344199223950289
0.4100444796855569
0.24190970065007594
0.14943057048222805
0.1224440399867747
0.1145775583508899
0.11881407292213353
0.11513925567734205
0.12140891518303826
0.1252108985964482
0.14000641524062662
0.14610686858982663
0.15432238730850315
0.1579980342430934
0.16013921848632418
0.1538874827514073
0.1453177972364097
0.13478045924306453
0.12478357755138009
0.10928012074135507
0.1140494883757412
0.16492391186811153
0.2576079650220998
0.3415707612510349
0.3946535441760005
0.4991618227503743
0.6269549187616554
0.7471292228463877
0.806481392019337
0.8517849933569379
0.8573357124160701
0.8455524007593487
