0.9996821424975832
0.8685093004962455
0.8243749292254097
0.8201561863801305
0.8221964455727935
0.8251175288705515
0.8267310953537257
0.8195226527779185
0.8130306103966023
0.8129125372127048
0.8145281723922507
0.8110317772350514
0.807363536481909
0.7960991875565685
0.775384043934158
0.7654132088162326
0.7590950625428892
0.7423653005335542
0.7019792756115262
0.6567438408442612
0.5899159166531954
0.5105136917852389
0.42866766997396477
0.36307208055334883
0.3029720898037019
0.2712837470565867
0.3584278772417821
0.42583693257739874
0.28902268064644226
0.2841327802770469
0.4071664106101841
0.5470985398348338
0.46365943231017404
0.2948224724613836
0.20408330258389532
0.13841502691180912
0.15070273566369244
0.04984435673328344
0.06383483232767961
0.037735011621516275
0.04121728165696688
0.06239674107156387
0.07355328158268423
0.07411188429363516
0.06954049247741165
0.07654583706376152
0.06632669212425525
0.06050088084061783
0.06311418105176317
0.07854806753331586
0.089499408294868
0.07136389179473965
0.1530606394425585
0.1888730571417938
0.16197783271043362
0.07701177626934105
0.09997963237653106
0.12296225774269756
0.15861621468649056
0.23018532605428993
0.3152825512655343
0.401411013564306
0.4996060684564374
0.5853042151922834
0.627893110647779
0.6594496315647351
0.7078353496249795
0.7343203509863969
0.7358320819589181
0.7523691125765344
0.7736558005618968
0.7808129807721038
0.7812100833542824
0.7881210080027106
0.7981691354349099
0.8015217857782602
0.7983060367978675
0.7953784482725299
0.7946440700503586
0.7911477055756965
0.7868365456199828
0.7878322738358656
0.7863743591799849
0.7888769138141841
0.7817563874044469
0.7666177169736959
0.7335127312356009
0.7096859930121902
0.668091028532869
0.6173409390005631
0.5487024982925012
0.4939625695639697
0.4489547314588084
0.40868382988999724
0.38431693502182385
0.3671870318830647
0.32886173683860254
0.3381174552633224
0.320698553389962
0.3179340045104469
0.26966328694004127
0.32045095892267395
0.3145220806098987
0.23927652610839178
0.28565615852707477
0.34507641716092363
0.3775791967307955
0.20604776368187266
0.19129081528064978
0.18277724155112546
0.18755500072450815
0.15530596465484903
0.15394021087025173
0.15363325975187764
0.17679710059644285
0.18613565846878002
0.1431964620837267
0.0870324765098144
0.08856822697485037
0.11367268330155782
0.10006332823323447
0.11147666166862505
0.07935522125201201
0.1225316949139438
0.12392204039390417
0.1700904875141943
0.1420757675637096
0.14477230142969985
0.1692380159129789
0.2128907102422819
0.20121802784918358
0.2094204937112101
0.2677064606679814
0.3422204638267455
0.4264132689088259
0.5272583414714014
0.6069306953979274
0.6481629499244403
0.6859349341846434
0.7098570363823262
0.7355829588582838
0.751122229309558
0.7705602514909913
0.7720487846185529
0.7662009193670677
0.7702919073067714
0.7785006149670113
0.7798124707210788
0.7806232041969811
0.78370128088804
0.7851903857791679
0.7807978541679352
0.7785341781253144
0.77352577540163
0.7694493727256596
0.7636453799711707
0.7582036155220272
0.7516355570144226
0.7367991898761064
0.7138745082213187
0.6565489332572478
0.5728373840814135
0.4908053873164678
0.4213841569426826
0.37339016938501873
0.31818502511237123
0.27508704968323994
0.23484889407889448
0.3554015500370069
0.38427428174488876
0.29133428494498476
0.15989131611161844
0.1979466325898013
0.2636210052380187
0.27983834559360365
0.30085461454856294
0.2063095445832483
0.21669862204693555
0.14868235963244722
0.2101662852151629
0.15717891002158912
0.20895441897855793
0.12069763094215905
0.10305434126287774
0.05472777166663356
0.054794515010635654
0.06396793858489863
0.06907080145814774
0.09541818566840776
0.12103121061891146
0.15644608434985968
0.13253543533322276
0.0953366102622386
0.0639061941152087
0.08495277786207658
0.07482103446012953
0.1682956987626008
0.25991934328655986
0.24542925787754544
0.15501950026443162
0.15831583322547532
0.20427854733927275
0.20469891809513394
0.24471633977320817
0.27856184364246667
0.33419802648194896
0.44327422730136845
0.5368675494733371
0.59108733825213
0.6211519388229358
0.6725205767788658
0.6875777113048875
0.7075008518352357
0.7261424280128035
0.7560703949540356
0.7550512606237684
0.7446147900421809
0.7422803773172684
0.7576408863198347
0.7821995064907897
0.7872018494273932
0.7848928928105517
0.7888575102737858
0.794262531641383
0.7862847125151753
0.7799012446166711
0.7880421178291042
0.794022299377855
0.7892117386666617
0.7830240601959484
0.7656638556648809
0.757535467954207
0.7247809198492006
0.7000106589781533
0.6528209489960396
0.6055100253682248
0.5499035880634415
0.516206287960997
0.4333002228979195
0.36807432527182343
0.29295810413857837
0.24182485761643793
0.26836020568635643
0.3491493744556181
0.36072159210955956
0.31173331682901473
0.2869904439271048
0.24235647562632032
0.2019661061778934
0.19925848879603386
0.18117907349772655
0.1326927376803015
0.11212084958439501
0.10242994076654509
0.08307193136453044
0.05900235825609138
0.061501894012794475
0.06696872102951491
0.055933151323414705
0.0415468212168886
0.04086945702160733
0.05960006390357795
0.055066013560714056
0.037506342681914696
0.021848070813133925
0.024599840330677466
0.030311913326958415
0.04710982383778162
0.06106751142290584
0.09152579455596031
0.11900407494375775
0.14093496550393242
0.11690331542807447
0.1517319130607183
0.17578643694297857
0.2009503431727322
0.20962766076818246
0.28363253254364734
0.36355285854469604
0.4835798906112787
0.5805049660552845
0.6229982467364333
0.6273394977332697
0.6885789540521174
0.7234431650222903
0.7404737039887266
0.7391431847561335
0.7478862437352374
0.7523509543661772
0.7592854783448096
0.7718750443220654
0.770094724526039
0.777708786053036
0.7661478946654553
0.7621206617058609
0.7572998613593757
0.7713321717436405
0.7755514298750222
0.7841858085124486
0.7763753576891972
0.7754754325532148
0.7610392767257269
0.7260717706753044
0.678175408823399
0.6275729329805367
0.5600950434092905
0.48682830491652423
0.4090226369226834
0.34261199777651175
0.2684340942315929
0.23485675565821304
0.2831746974044113
0.2985445144485307
0.2730985345707687
0.17797852855461524
0.14989021291799787
0.19431280755838848
0.21802349070977028
0.20311141974667282
0.1817265807261258
0.21061036329516344
0.1672926536027893
0.12359860557453274
0.08417049146447031
0.08061116266940628
0.11518830011559095
0.10932699235146459
0.07570551346580295
0.042654671437675526
0.052582465679450165
0.08409585178642386
0.10467359426662193
0.09901094491947884
0.08230862247849624
0.09472417329524117
0.11694764069227735
0.12288726012751197
0.1379637843543231
0.1639576648400102
0.2514625323445283
0.31902872102232516
0.4104555260980922
0.5030964434219838
0.591748939702246
0.6515630353327186
0.6884584976607215
0.7165346416703671
0.7349093987287455
0.7595825459226881
0.765900844729154
0.7726385986611852
0.7794997937664706
0.7896470331918809
0.7981646309231433
0.8066678446964853
0.8115139709953929
0.8127587684424413
0.8137707309566526
0.8137817725252487
0.8184178663525803
0.8176867374962782
0.8178668894383501
0.8139872140582827
0.816614082053544
0.8229645294852156
0.8267693306004562
0.8285644783654096
0.8264295333557139
0.8220974192562918
0.802333426268634
0.7833939519494734
0.7629484110148572
0.7555283481627628
0.7446471082538093
0.7255906810722639
0.6864782590289538
0.6578878952829397
0.6339898391701301
0.5937396904112207
0.5286689243968274
0.492259216945271
0.4536623921022558
0.39744222420229935
0.3087924313969088
0.24743282429712724
0.23376676682444852
0.26121332585592505
0.2508448366108239
0.2216585490172907
0.19569883320873527
0.23026985636108555
0.2300992379991549
0.22856720771065064
0.1880446770896276
0.16328503425986388
0.17165841640867438
0.21985432685399986
0.1929336193283232
0.13115973681800883
0.1063686667222601
0.12345918092853325
0.08900809937983092
0.08312263977897522
0.07766404588717149
0.07425645529319161
0.06283788474730827
0.07510693588924686
0.0677989163005549
0.06480943288849123
0.08202132828045236
0.10546181578385538
0.13485695938623232
0.1288955842955378
0.11658710063027523
0.09563420334210249
0.14246947675381927
0.19058107090598037
0.21121996920683261
0.23006045903084577
0.2721026043272483
0.35199098731901585
0.42323132208944125
0.5181195516239703
0.5934408932969311
0.6686234831569835
0.7170645468560023
0.7403160634584176
0.7420582568332886
0.7539989472538098
0.7570078601959443
0.7636040069007817
0.773734191013322
0.7805994758665613
0.7724203926491036
0.7730129118039857
0.7827442977150516
0.787702910581261
0.7856479957354884
0.7918790977649197
0.7909783380074191
0.7844108612505486
0.7606115042925713
0.734467087254246
0.7136764521713749
0.6894299709841735
0.6618633341033355
0.6178092755236735
0.5827107440797457
0.547654272006877
0.4855618653791799
0.39921309708018327
0.3249068163575616
0.27697343893940424
0.25857988410963334
0.26987991214802187
0.31201108481789086
0.3082266393386832
0.26081307158773337
0.18499388248002444
0.19667608583236731
0.1907530207619283
0.2246874568377269
0.21712510495149423
0.23900767545515428
0.22747137587452163
0.21992980501832843
0.20885991478454044
0.16755524033816144
0.1748897032593882
0.1828094558792994
0.2071670765391586
0.16569320097420576
0.19788432864217817
0.19557855454124623
0.1749868153503658
0.09902250922345446
0.11310871744382857
0.10421839866980394
0.148652603747917
0.14762368888420924
0.1681444666815714
0.15879267420817608
0.19272877358364432
0.1754750882306934
0.15573185159264308
0.12301559416940161
0.11774657056492863
0.10641418152030567
0.1260761348492438
0.16261238228523422
0.21609978275499675
0.2698368262300771
0.34691277085885414
0.4318470874619732
0.5120054499716378
0.5697158571553724
0.590026146367572
0.608675274642892
0.6222714759585979
0.6404992674019208
0.6540139057081135
0.6739631623870233
0.6772866655146723
0.6843446937060238
0.6815680626736954
0.6866920060801316
0.6829549773160465
0.6996780688140103
0.6983059692686843
0.6972381454507417
0.6891687193900783
0.6964974077685604
0.7013223903036859
0.7034597320745738
0.7091956623175577
0.7091961019322099
0.7149378797382702
0.7171856453633976
0.7148710867498335
0.701891197907474
0.6872615545119751
0.6915396979228546
0.679922252332956
0.6636802776789112
0.633082131157786
0.6131774051415493
0.5571964453172463
0.5013199470698424
0.4242488689729326
0.3523535730169846
0.27497383209325915
0.23392781254611344
0.2009885084116938
0.2111868702275919
0.23165983797395104
0.19644441247465708
0.21473384373708987
0.2638050240191607
0.2421210691593142
0.15332004096676027
0.13302460477243128
0.13594985235343715
0.12749107176482238
0.1214948056813129
0.09982395338316051
0.07358416207247748
0.10361665271343115
0.11332174083142313
0.09055411341793922
0.06340247186859595
0.05135631798972408
0.03387367204753131
0.021351194681192467
0.019659161405156857
0.02093862998126994
0.020375414526765133
0.02135868133026734
0.023808788507942154
0.032082402310762426
0.10018778082880223
0.12663771840590082
0.11083882664299614
0.0836787218426302
0.11664689504538212
0.1461765923599948
0.1868455175655119
0.25133471221456644
0.30834781673673617
0.40076518992239596
0.5058820698718476
0.6009317727697447
0.6452189703839903
0.6695707736584253
0.7000317318720723
0.7328970111890833
0.7573081426343158
0.7469694864403724
0.7455524753529227
0.7531520381012676
0.7712036894675832
0.7791691365119002
0.7813040875126295
0.7861364598642542
0.793015658509565
0.776610758387636
0.7447461254221126
0.7035480315052107
0.6736674640092722
0.6556481286377408
0.6459689356908449
0.6310004350816778
0.6120710887389661
0.5880946979959057
0.5312625634082745
0.44897821842064767
0.36954984756072456
0.32634630638952267
0.2972613639069752
0.2791760631251161
0.24794244596128992
0.2554204916809275
0.23126309988575777
0.23006040626129381
0.18914466339246094
0.2104420359549277
0.1872292896335101
0.15648680669532208
0.15495703418187937
0.1530883546246999
0.17278750454642597
0.14485180292227132
0.20048678389348296
0.16240809661239336
0.1710041123273049
0.20631962358551464
0.22027195077713063
0.2107019862437735
0.17424072875323598
0.15763165253564232
0.10937530131223548
0.1062686053837444
0.10874948857757885
0.08947503525074699
0.09776811633377833
0.1369310791916471
0.15829943036947686
0.1759212417356959
0.18019300595523435
0.18107334984945633
0.12392034118684073
0.12820240745340916
0.11135089783110555
0.14014855354818295
0.12088824749054658
0.11211519136521975
0.10836207557303801
0.16140761566774947
0.18129613369690045
0.20000660482260377
0.24379809469610011
0.30338241901883956
0.33600253440088734
0.38454008021968117
0.4291450297318489
0.5116118200395019
0.5755904698169536
0.6310288451438624
0.6762549489104603
0.700602773627667
0.704389582246845
0.7151550664515219
0.7190531691073875
0.7144537395952503
0.7147885089149394
0.7344602302082603
0.7425628172146795
0.7309176410380716
0.7162199955944242
0.7107571611743057
0.7230215942540722
0.7394570815814742
0.7466929974906505
0.7333643598214898
0.7113457491286241
0.705075355978733
0.6988615060046439
0.6682008648719906
0.6154314566531126
0.543256109867164
0.4605150808875234
0.3691219837075782
0.29947378250993345
0.27421941359224744
0.258285424652586
0.22732399469415576
0.20156083123036994
0.21772331714117654
0.19446816297220837
0.15332626913516534
0.12372929426943148
0.1238894158671669
0.10991362789919773
0.1067476870232997
0.10290583353657644
0.09048146180869013
0.06516292802643417
0.04760590692083286
0.03617383863862128
0.032276315436144926
0.02722313297898152
0.028765900501885888
0.02410621596724044
0.018876575807070632
0.0147784620889367
0.021646328672643867
0.02417835069480409
0.03127229741455943
0.037259675307537474
0.04172334328975172
0.04325587741771711
0.044809841674562825
0.06447746777648115
0.09068244669525885
0.10565045727624317
0.10736290982023775
0.11332453491225754
0.18355501026054397
0.2475669327937679
0.30758501330630805
0.354542746278133
0.45710462279318953
0.5476025434010598
0.612411798930607
0.647312118854106
0.6694184559154512
0.6825308970353386
0.689722041282806
0.703483633560045
0.7211506380267837
0.7308501571501713
0.7291782720321744
0.7288829317250847
0.7322066673125138
0.7395228272961428
0.7438206784405328
0.7428164093307432
0.7420161124769882
0.7436602398067381
0.753997861605782
0.7475822067206332
0.7443359819682995
0.7276705621541593
0.7050253328269647
0.6777757685491181
0.6488328726145809
0.6102302533394988
0.5581695346178897
0.5034728450267721
0.4356467287640454
0.34254060903197225
0.27246111097997294
0.21129387451326798
0.16408535590505297
0.1421311094723199
0.1453560319004889
0.14768044766347246
0.13446847622663782
0.1262549506981825
0.10269129103667254
0.14754031732038936
0.16761374131980877
0.13645386810233878
0.10191437251596941
0.15915449041869095
0.14696783278347902
0.07648857619372312
0.01866127694308532
0.021640174161518193
0.016088173653930418
0.019851373040241763
0.020304329232178016
0.01970933115306788
0.01317742582995473
0.011515470617479602
0.011427013249042554
0.014683059031912927
0.024613347808974322
0.0518856884278267
0.06196312537933204
0.0572016059204472
0.05295429751950714
0.055426595207500755
0.051864668883010855
0.057761458088963144
0.09168327733884157
0.10927770256755007
0.12165205647358046
0.15231255707970612
0.21093733085751795
0.2732225655922539
0.3312808135036057
0.4000754285982252
0.4703175281721681
0.5281859785523049
0.5656851003801153
0.5955499370059572
0.6179771660656713
0.6299433225013547
0.6397434648355249
0.6608800139074612
0.6700281367145171
0.6859117796762872
0.6921395088187483
0.7054986986739789
0.6889301099402768
0.6924304624252339
0.6826714348536087
0.6904557384610739
0.6777386923169836
0.6860827225320859
0.6760479476780978
0.6812535981058512
0.6743985907674845
0.6769246483584378
0.664430704402004
0.6499907677735426
0.6228147220610134
0.5780750935275089
0.5441121475217126
0.5179163978445014
0.49854654259791514
0.4455964480156652
0.3898991725981961
0.33526353472783776
0.3066187949349739
0.261431404523377
0.21572358918349677
0.17732904406874775
0.15379823731177306
0.14174539736125796
0.14954553961072645
0.14052328879554704
0.11076061783173939
0.10408275599027632
0.10908814735509559
0.10833515036297031
0.08613308743849842
0.0914687585519391
0.10203998536994519
0.09260348839681347
0.05252453641566572
0.028241432852006577
0.03395178279954572
0.03564255392553966
0.03044837438452767
0.025849423054118064
0.025806705638729627
0.032776797322608076
0.03874758470844807
0.042317329988094066
0.05734339837058623
0.06572712564261704
0.052304807149785734
0.0913758616587448
0.12352543828690629
0.11197499471475422
0.04707074549993462
0.08128958640029062
0.10653434949676945
0.126576818024116
0.1136223351571303
0.1362292908610666
0.1366016917383484
0.1551226384171458
0.18149717734156987
0.20940617673895853
0.23422330842010533
0.2565564645135569
0.30357135475606434
0.3379356202400346
0.3782231137075084
0.41613366737635443
0.4594701603339323
0.5142482091023322
0.5626289257864502
0.6193421802670065
0.6394584444962618
0.6592064473785553
0.6706874969785537
0.6924321648940543
0.6955627133058498
0.6947508711734974
0.695539020274942
0.7147912761493675
0.729607897844512
0.7312935304572281
0.7243156339505823
0.7174553710034173
0.6961340150126298
0.6507644613772676
0.6069261483479522
0.5590196527963323
0.5297033774618856
0.48408968661967294
0.4276533164937162
0.344254820682466
0.27675937329562783
0.23288498572377508
0.21357814898161548
0.17901445658143403
0.159956330888937
0.16156063531403672
0.1895923178752711
0.21703584830381412
0.2271510311603901
0.2722748444032068
0.22986815029820884
0.18031212253276058
0.1510946305163774
0.14691037606008206
0.07681906664446976
0.04638534820717208
0.06077237560488344
0.05648209944245086
0.04313573439393867
0.04255066789917132
0.025920751967064476
0.012610332175017488
0.09339817022340305
0.11403444859161252
0.09684407153690533
0.03682704992101431
0.07724720704314036
0.0809628071676586
0.0931657006067278
0.10821010479253643
0.1569592775719899
0.19164887011650858
0.23854610696549505
0.31300614646856517
0.3944576968856012
0.4652322103893889
0.5354707252300644
0.6105462220104977
0.6503755824156807
0.6748811963571705
0.6897950955297523
0.7100740525566487
0.7219934232414842
0.723400144815271
0.7195233422452496
0.7274911452881675
0.7396328749372599
0.745909728013149
0.7550872742856161
0.7514156132646612
0.752432843681246
0.750207771255206
0.7451376463338357
0.7278318754798405
0.7163033464600181
0.7156152854992626
0.7086158847430484
0.6848062314264557
0.641591349390009
0.5750595992372632
0.5034761853574221
0.427851627434225
0.37719427923685905
0.33963315053528104
0.32242656377754875
0.293665756037662
0.25756365726988883
0.23011543304656953
0.20151343606096045
0.168058545477427
0.16644385796546285
0.21076591517098048
0.20166753556043698
0.13151857461268954
0.11078438850320066
0.11913108554029649
0.12748749765947276
0.11313935495502161
0.11429912037631786
0.08165574543270393
0.10954093464580983
0.10514695076568047
0.09832390817891867
0.06196149197206101
0.06923183949625393
0.06140636682009645
0.057443165709384986
0.04892788320463129
0.04231383706818375
0.04861408558955366
0.054522770251561284
0.06111565575549279
0.06521373091519475
0.051509010977613894
0.07603373188389725
0.07995753916171573
0.08536245269830832
0.07465363192640834
0.09783117946924927
0.15698140928884763
0.21238470752656013
0.28594519420513653
0.34067095127340224
0.4335044301999925
0.5080809868669748
0.5889133110443656
0.6379757573865368
0.6747481642487634
0.6987517519717134
0.7154440372147113
0.7219287343154882
0.7290724057940937
0.7337041472910126
0.7351692971986898
0.7377433189054966
0.7399697333720112
0.750894260894396
0.7523737298297919
0.75598198540452
0.7583985833703806
0.7622774924765146
0.7579023501298722
0.7558379647791553
0.7548371597983214
0.7540665690972198
0.7496221145266894
0.7484306136751854
0.740738076527609
0.7290839116587481
0.715409300270405
0.708555500499989
0.7032190768052735
0.6975273743227467
0.6936102254748129
0.6811677088688514
0.6614547335128647
0.6262771786126932
0.5814166994754161
0.532393574873125
0.4908960631120261
0.44653736317687454
0.39952965410261115
0.3453475512125097
0.3040131949899626
0.23200406703840726
0.16885799940402324
0.13256416772140836
0.13086043081017334
0.11737489073062322
0.15256295922187346
0.20414123281442415
0.19506125164167765
0.11627457664544799
0.09577427409270275
0.11169842300996038
0.09958066714583091
0.05618287892681541
0.03790453401391071
0.09870333423529062
0.10831861129067445
0.08057630968463465
0.029810282218051702
0.04468286472206895
0.07485667027677373
0.0849012041528735
0.07648512027080903
0.09578664400490138
0.1669650228787038
0.15259297579328082
0.08803865954098193
0.05144716896241844
0.1002179097153092
0.13139924263723143
0.20920760410808834
0.2946170622886489
0.37338998409648466
0.40526173617932937
0.4546153241182458
0.5181404445050347
0.576819945455726
0.6176124429731265
0.6472562138472455
0.6727584663099082
0.6955171309572747
0.7072715390226042
0.7173122235562511
0.7236846246871727
0.7252128167167393
0.7220140708223632
0.7211055196045422
0.7248519372554484
0.7306494985204658
0.7308969470957272
0.7193624970075194
0.7029419090504916
0.6796607646881159
0.650843062559858
0.6289464418888038
0.5856932822270224
0.5376205239610654
0.4607772017293057
0.37877617249340295
0.30801555737066943
0.2797005201485949
0.25208827616396107
0.22753665510232038
0.18437265435249187
0.14609652726601025
0.11652677201261731
0.10776917598734015
0.14245304441076287
0.17323869532140246
0.17311320794286308
0.12502208476759888
0.14321595011212956
0.14103390631343327
0.10260668430827584
0.0897085053228848
0.09026280761054747
0.07271694763795541
0.09318068432153019
0.10742362092364924
0.07249971984637388
0.027392945716430098
0.0542088934978084
0.05154970859897045
0.04244468936324926
0.05835470693141174
0.06139630140452583
0.058286611876037675
0.05013990441364012
0.053238182296453426
0.05858485526255193
0.06694685078684366
0.07780491303345534
0.08680762605834909
0.09442636653160748
0.10235628773978088
0.14476048786259796
0.22163299762275213
0.3136174496500825
0.36412145892304215
0.3997937797155801
0.4313142250709455
0.5174053642909169
0.5887608761499808
0.6348076007611416
0.6545734549636597
0.6858982210998776
0.7032504339309593
0.7081400898878826
0.7091427157989767
0.7230843444766706
0.7296903895632155
0.7320468002121173
0.7293274476321041
0.7280779938145678
0.7327983034804809
0.7359384478939346
0.7314725170429028
0.7167699384939552
0.6829975180347836
0.6258311054052478
0.5585641617281629
0.5070587690183535
0.44597608347856255
0.38778893475611237
0.3343323713241067
0.2832216306664257
0.25822886931393524
0.2520505507387836
0.26908626106254613
0.20143577797346535
0.1516393283160101
0.1816774443843696
0.2269397462024457
0.17812569399417108
0.08755452954727341
0.07416972827776669
0.07162009683741138
0.05961263544721748
0.03258545433585043
0.024846785579780695
0.022893469522028774
0.01995487612877407
0.030868094236059528
0.03574614095291373
0.03164163363826557
0.029298199592948264
0.027897972315074456
0.04161390152818046
0.03738714604717572
0.031088579689461146
0.015200901129860233
0.049693829318570554
0.06512360346889166
0.0680994107389268
0.052048230207477696
0.03633844903815304
0.1244616734084024
0.17321324276637823
0.15906418409798861
0.15998537140756977
0.2561507333011247
0.3481721653871594
0.4346427480660847
0.555116762587005
0.6316606862766744
0.6724921567419606
0.6979041792881957
0.7158646510898384
0.7254349017506427
0.7261325723496539
0.7225609321902559
0.7318470382845269
0.7390665740450901
0.7450557468019519
0.7480139060313817
0.7470043932286746
0.7475939860018205
0.7420106832746833
0.745754468239645
0.7430037126628204
0.7448032512698749
0.747443987401644
0.747551513310761
0.7290632742865695
0.7071494027015892
0.6780920287584212
0.6087090853588365
0.5365255531076499
0.4787481775890582
0.41498904758064853
0.31291948103541667
0.2513850688672633
0.2180860918836945
0.23032227356813145
0.21062386665800695
0.19768565472524913
0.1522686478617579
0.1619287102261167
0.18534910574909932
0.18331315022673025
0.13563156973394547
0.10851462720592038
0.109826176247565
0.09480999303923135
0.06533897217713173
0.047145145116479395
0.03932661998426572
0.03690379882124087
0.03505898833199723
0.041477197558990944
0.037849167750613186
0.03694229040883295
0.02879870217274533
0.029714240826612625
0.02976795867525572
0.040031329044835515
0.05663556677193842
0.082170933767106
0.0984026662560677
0.10877287719857893
0.10900498793421534
0.1342541182033126
0.1765497156546172
0.2681758872916931
0.3880446442146358
0.49957235242515147
0.5808323582558358
0.6338487937458263
0.6815842552625881
0.6978427661242347
0.7064976200660593
0.7185153637084277
0.7280655833233902
0.7389693029309984
0.7363944450380719
0.7642254184407118
0.7584240797304198
0.7725620761982197
0.7565468578965792
0.7758195987064844
0.7629380939558769
0.756560394063956
0.7467289008994118
0.7446297149022473
0.7367571245679309
0.7154290704391113
0.7007651709220171
0.6564744545461424
0.5730350794961436
0.48566230990098236
0.40766956174426766
0.3392270002310968
0.30017236969824374
0.25956958678771935
0.21539607843919964
0.16746738957985796
0.1678285219169327
0.16910962219273412
0.15008328833372117
0.14576572793223197
0.1420262636861267
0.14735910594700516
0.10595267243409626
0.13677748277637392
0.13752197106665953
0.11081108121137806
0.0619246565205158
0.11457639462356498
0.11897173249941434
0.07215318212532155
0.028845218391129586
0.03891760204972405
0.043422992980218456
0.04339614367841221
0.046980172036751255
0.05518241129917452
0.056343930701805
0.05526473169939345
0.03713942822084669
0.03698126715515132
0.03495853883916367
0.03418655740500915
0.025419825226727845
0.02429649133340138
0.03482576540276277
0.04250384645306669
0.04404517564683917
0.04007997128530826
0.049161590310243114
0.054614963568526784
0.054635691617190604
0.0767400059320863
0.0920564611986957
0.09199923958572298
0.0971401921044017
0.12081884787052023
0.12196835348171152
0.11635304118207715
0.11694958593718513
0.12366289943170627
0.13343036772376946
0.15724733018968917
0.1950796152494058
0.20200960597360237
0.2237586661992962
0.21975221921074267
0.2597655645709381
0.3299449418991208
0.41805413219369414
0.4789514885605194
0.5350312797429461
0.5998535458622067
0.6282416403607977
0.6520775424690206
0.6722077875918879
0.688380609850376
0.7124640089932219
0.7265790944991408
0.7299390146012394
0.7226607197055671
0.7309532746869196
0.7310329876330353
0.7238461304844515
0.7082000799711093
0.7152774394677932
0.7138098123077815
0.6740694578662599
0.61589849847544
0.5645906876173707
0.4984185510920262
0.4116715550943071
0.34262814901714234
0.3158125285951718
0.2832486322480789
0.2578600852377226
0.20535075753395654
0.22353874381009944
0.1999230380164148
0.19755952250172595
0.14988498447266624
0.14554478895712902
0.12625012105738945
0.10322374745669899
0.06377499922329669
0.03637733302640463
0.04348861373900896
0.045991901016257865
0.046359459913616494
0.04344567514684726
0.0369173728208132
0.0330033539534814
0.03748488118766312
0.03709011093202656
0.04101312530945248
0.04254776451319775
0.04539071305682153
0.04374015986120734
0.03928537079444812
0.0936959971374563
0.10726760537991922
0.10643838096511238
0.06655879082904355
0.07725524529269087
0.13013630573074042
0.22341992404031702
0.30001267084530553
0.34237900815988853
0.42779706317873256
0.5263206792029396
0.6119672241517047
0.6659549091210061
0.6902457756519694
0.7174461040918296
0.7365608228236988
0.7562254184563024
0.7635689816707321
0.7678531925634335
0.757771041407719
0.7428666101254151
0.7368741554847874
0.729714564472711
0.7378926158860388
0.7357443746074347
0.7360785114071864
0.744707695537572
0.7480163031975586
0.7535830923020284
0.7384675126300076
0.7252818837611791
0.683348897594894
0.641686736698303
0.5626013004120414
0.4874397981271267
0.4270945848172997
0.3819360681142866
0.31687824528545394
0.2628731191072228
0.2210788900214707
0.18619860749606917
0.13383773508889554
0.14906502853160655
0.21602656350082175
0.21238275640303783
0.1666651299951905
0.11531498761407216
0.10324871214724665
0.13037638784721234
0.13874309625582237
0.09364870318860741
0.018154907256281952
0.05954422341194779
0.06941058464401703
0.05502850360153517
0.02139407953423128
0.020889993704438982
0.027945448944065247
0.025021733431742257
0.027914883164349
0.02683428047624471
0.04074655352740396
0.039846519750724334
0.039767521428787214
0.048588262262070685
0.06605559852404713
0.06537126251310459
0.06972020322697126
0.09732384668687888
0.12751806692690754
0.15412976596263187
0.20119041003208166
0.2782382949464908
0.3516070941877957
0.4131398412628102
0.47620948348143516
0.5370942815941718
0.5814229102311352
0.604757867675979
0.626969593910315
0.645587003445886
0.6667939276863927
0.6732493913839819
0.6807848798500329
0.6903367514039578
0.6891251631578276
0.6849697423637748
0.6801058952848487
0.679780429519006
0.6853230197124007
0.6848513186878763
0.6855424107129209
0.6713029176180142
0.6776494581398812
0.6613958976705738
0.6463284348716359
0.6003126799155234
0.5530454080971355
0.502612255116742
0.46337772739326855
0.40304337263976897
0.3583082491073888
0.29834802967587626
0.2811691131383664
0.23496995912309104
0.17890052589920657
0.1183148465765184
0.1297572206558017
0.20358728993086042
0.2082276030172856
0.1523407496066955
0.1162226141915354
0.14165216240201572
0.10675953047594355
0.03769511823510879
0.0457456257014169
0.06205929370028064
0.05010828944221908
0.01030264016727557
0.05096767379975762
0.05524599120422857
0.07900626627653828
0.04368649899494967
0.053608182295952156
0.016292887504433928
0.02281628038072247
0.018317994577564903
0.03894946885096341
0.044184545948449935
0.04794217968221958
0.0673837957701607
0.09157104028899182
0.11223992657111496
0.11670027368071492
0.1533739975610272
0.2084658587798321
0.259507896615348
0.29591894731620555
0.34085647905084326
0.38751136053638013
0.42855560991995895
0.47370502146769916
0.5312637672692572
0.5693320770788549
0.5867547011001548
0.5902243637634466
0.5995670263448777
0.6014531089544956
0.5899816947333754
0.5803214485343058
0.5648513466200746
0.5544040960855904
0.5337856850313778
0.5162230715032163
0.4779420724897201
0.44962615931658345
0.4134141742534001
0.37302870469689764
0.31400073077898555
0.260307158999855
0.2280448895956664
0.22494115109059387
0.22292010546652222
0.21503797320512788
0.21002782244627569
0.18575626233113923
0.17329196784179557
0.1616967486048385
0.17433414881779696
0.14908578068530828
0.13680757024533163
0.10599430271571038
0.10548000318941404
0.08006237931955282
0.06343945690874367
0.04855333695459822
0.060599594986312566
0.06322852740658796
0.05730226943132945
0.04866322971636484
0.04422414310926888
0.03750427599649965
0.02232409562667263
0.03316271775442434
0.036532679037914635
0.05073493528000382
0.0382015613370541
0.03903494324754831
0.028261853933088103
0.04659245989804148
0.03749747774992648
0.0338663508037374
0.037814487192194685
0.0508399789552282
0.05254464759978472
0.052312132292731475
0.06119490195644297
0.0691437403926346
0.0986064154961795
0.11111706432186254
0.1774674990441617
0.23997090712751648
0.3050488808557765
0.3515094090256013
0.4531630166651034
0.54118860833886
0.6110750941838825
0.6510806107798098
0.6746416056848785
0.6814089223821953
0.7009400007741894
0.7109875354998383
0.7185733246776786
0.7355525559868008
0.7448401263163081
0.763524641749094
0.7668919065542235
0.786969671824382
0.7820943520191429
0.7812573123980853
0.7520491399117469
0.7488404572379599
0.7320930869494024
0.7302921725851337
0.7057682968009906
0.6871589476427906
0.657067073134745
0.6478508553095407
0.6278157095754924
0.5714179082868629
0.49422711810933084
0.4335341347314723
0.38875050775807296
0.34503847307765256
0.3010444241975404
0.26617099776441666
0.2636963598935286
0.23084851994709535
0.19222960257233584
0.18668703558422184
0.19662801060323104
0.15575934174746114
0.12312981534782488
0.15541266017501784
0.18052815879945466
0.1476978073734053
0.11344131599929971
0.08905148050890069
0.08005539303681167
0.05610207685510251
0.0462039138925235
0.0327974399098684
0.03029425574397691
0.05622126501086754
0.07947304285433453
0.07840526197679426
0.055595503513410596
0.04322222193718793
0.026135571097559065
0.021760382683547196
0.019086249186086927
0.01990700424767447
0.013683428868403732
0.01062407317604341
0.01692155598993479
0.02777255566275123
0.04612170756625547
0.046050549560594574
0.04196861056527532
0.06341497635807238
0.08244587655426766
0.10878256399277228
0.11276578182449748
0.11768484262092241
0.12849984867594147
0.20167866643787496
0.24684077437001445
0.2584597141645897
0.2780768320572977
0.334117163900728
0.36609062753241584
0.38824901163691883
0.41264120284022343
0.4355745314706884
0.45385668174385013
0.48168419575835236
0.5106495150611603
0.5306556398141682
0.5525301033931334
0.5788778829611629
0.5979969226878568
0.6147996328534925
0.6343935943410801
0.64043722990691
0.6494659514384558
0.6567217439914645
0.6594913906933099
0.6568342332250141
0.6660238763247057
0.6633378840606194
0.6599549682183525
0.662306195324816
0.6771774099657595
0.6725051700228464
0.6631615825409094
0.6347381843409321
0.6068215581058689
0.5559828274124919
0.5086267704064764
0.46918377992200394
0.4348123150642854
0.39594482364593875
0.3577996161056519
0.3109210627561002
0.234564183809014
0.16586106363623715
0.15842626838506557
0.19882901074440684
0.18003277729406497
0.16111437427291517
0.12233043274607526
0.11796926989226952
0.080772177130771
0.08789778892135301
0.06652281715678036
0.05063998413979701
0.03951074483911715
0.07217255120473917
0.10284492162161504
0.10466002033291288
0.07519424608725038
0.06642929743239778
0.051853209714253126
0.050501211465239323
0.043481411231159284
0.04166358486404644
0.0299994590185935
0.03761938119337753
0.045353541861088476
0.058718694986647835
0.055141358485753605
0.051942951754317346
0.05730693393083982
0.06826085904903074
0.15317059660278537
0.22921054130353158
0.2712085778379897
0.2809253390906765
0.34345840606861555
0.421470793749686
0.49155267874916214
0.5782421818222674
0.6253739906395166
0.6583572607650311
0.6749358569360242
0.6938115399013326
0.6945182713173279
0.6937061047505317
0.696469436225255
0.6935335440008498
0.6909008128812294
0.7020723007441836
0.7023725216439513
0.7041009904209179
0.7073907320886449
0.7124984293246875
0.6986688148935751
0.6920235975154984
0.6965936506914197
0.7058043523611728
0.6993233578274296
0.6808340569116951
0.6404240853047575
0.6047889117512381
0.5605723388211041
0.5329076372417676
0.49050295060599064
0.4543781639259741
0.3987495873984229
0.3319040830902068
0.27192894949440755
0.2696155317689236
0.24119893372786952
0.20924844209693305
0.15437807240798193
0.16096773561834526
0.14254455280861117
0.1312258009793268
0.14276459282126647
0.188671206175089
0.1892694890608056
0.11761498429346144
0.08179946314740606
0.06343448024176859
0.048821828328077174
0.024451396836422876
0.022710786416948216
0.020604817144981042
0.027364316983322597
0.03223243993149283
0.03566258571501317
0.038275810787327766
0.03568501367736025
0.026825362994353744
0.02284487737049927
0.023769963819595286
0.025099709584329537
0.029963022975956842
0.039187190471245026
0.04885946172525131
0.05755067513007288
0.07112013741601875
0.09219381139410501
