-7.870370520080264
-2.648062276250151
-0.2531245707167474
0.12241555155977582
0.17526499786547844
0.09681398899045404
-0.4325065545484331
-0.3895225428789707
-0.00708439103384695
0.09693811077275297
-0.2097837094319607
-0.22009444518854565
-0.6758609355204271
-1.242908617344627
-0.5982501070755243
-0.3790887764006091
-1.0037857205600977
-2.4231614953216822
-2.7141260860359
-4.009675451463947
-4.764133492077395
-4.91076130867643
-3.9357353652369573
-3.6059994449788175
-1.9013005648269115
5.228647811111725
4.044543320137
-8.208855115857391
-0.29339402216372107
7.382017819988208
8.395927753479013
-5.006346451479571
-10.130217590927462
-5.4443501926492806
-3.9400965403251855
0.7372625251129965
-6.051502735824561
0.8394285356637677
-1.5659892423698059
0.20893620212703556
1.270767564875824
0.6693924306672195
0.03351616265705582
-0.27428350897341
0.42032067518099075
-0.613148696370378
-0.34954867701824405
0.15679801266872073
0.9260331888931588
0.6570804456931302
-1.0881309900076974
4.901804858869148
2.1487450619541124
-1.6137134658816172
-5.097963386465538
1.378071366431405
1.378957521969986
2.1392374166275876
4.294146682067948
5.105833512674679
5.167707737926251
5.891703293527907
5.141888804150777
2.555333727329745
1.8933912550173508
2.9031430836146734
1.5891000816850498
0.09070385835127347
0.992221837056965
1.2772012791217469
0.42943081261242505
0.023826154930717353
0.4146554789056837
0.6028876459319598
0.20115902060101903
-0.19294493882355856
-0.17565531152025587
-0.04406269333027584
-0.2097818684797311
-0.25866959734281514
0.059743692952967324
-0.0874748793528449
0.15015327805195486
-0.42723158458423144
-0.9083202258450639
-1.986299144285704
-1.42960429340465
-2.495697868759248
-3.0450053719383625
-4.118306442483729
-3.284395723711855
-2.7004702863096903
-2.4162540941286768
-1.4620136920904088
-1.0277941883255404
-2.2995177026677363
0.5553431054831923
-1.045134112401626
-0.1658729327709047
-2.8962430542243482
3.0472603189579712
-0.35573269876651453
-4.514733270090372
2.782777945120989
3.5652155180309446
1.9501667741922921
-10.291885982935407
-0.8854169040733759
-0.5108144237714614
0.2866655504029586
-1.9349421641795541
-0.08194522707583836
-0.01841706710244535
1.3898304506738992
0.5603134723402323
-2.5763517831032092
-3.3698391344347494
0.09214502790215733
1.5062673796024524
-0.816561304099404
0.6848000061234374
-1.9272864249967891
2.5905884197158477
0.08342072879762215
2.7701068272174183
-1.6808831970290887
0.16179203195941574
1.4679428689967484
2.619161659758189
-0.7003609435859017
0.49214795172158016
3.4971580174062917
4.470840189525859
5.051568304924844
6.05070435375455
4.78034123559158
2.4739352715907836
2.266319055612128
1.4353261318609774
1.5435553485574627
0.9323562270764507
1.166281330886003
0.08931198765369551
-0.35087191508911164
0.24545927638222584
0.4925224596143793
0.07871134524405382
0.04864400855413304
0.18468460146353904
0.08934629346767174
-0.2635518966739601
-0.13582056255724775
-0.30050416342105785
-0.24458416055822638
-0.3482395652693383
-0.3265058669486088
-0.3940835104562748
-0.890182028298979
-1.3754808992872651
-3.4395344978442646
-5.022692950549945
-4.92191980589676
-4.165273822427125
-2.879639253459843
-3.3123086563588617
-2.585878525747887
-2.4142893362607363
7.233159357486579
1.7323639024729172
-5.57639980799426
-7.886578130002007
2.2833189886909797
3.9404623588930567
0.9730404213351019
1.2609761372975614
-5.672704197918748
0.6233446478212373
-4.080975744869314
3.6890355349629536
-3.1792425116144374
3.1065305374181396
-5.295407282183952
-1.0585973807568538
-2.899594175774661
0.004004600640125519
0.5504054144557806
0.3061717723949478
1.5808430526156068
1.5367814970302276
2.1248924238569007
-1.4346389409981821
-2.231929504259058
-1.8858249688218
1.2627950248120774
-0.6079046041168256
5.608479858148297
5.497418671437562
-0.8694051245408451
-5.424585456786848
0.1977799776626228
2.757762846827856
0.025222245351671037
2.4010453006844625
2.030730232155517
3.3381709703689495
6.544572049165018
5.615599330318141
3.253187326727583
1.803876034248357
3.0821182773558076
0.9034280715613084
1.1953884318208938
1.1184945706540415
1.7956780164739337
-0.06114805981603432
-0.6261882348952508
-0.1400647634947521
0.9216305401539847
1.4735172102573055
0.30014057619621165
-0.13853739701048653
0.23787704779404478
0.3243012820558356
-0.47866914757246753
-0.3830080739102529
0.48845239274598556
0.35881089292504903
-0.2886336426715874
-0.3712607082428012
-1.0416122718640513
-0.4877032626404371
-1.9652728863003934
-1.486215652262842
-2.8313825989268318
-2.838655417668895
-3.3363862382869223
-2.0218380061466794
-4.974363903784669
-3.9135538575657765
-4.50697326799472
-3.067994791328437
1.5921208841951158
4.8473501261557175
0.6943330592364896
-2.9392965168327008
-1.4845723741145997
-2.678038098046937
-2.4234221669056235
-0.16245704291157295
-1.0847649178984424
-2.9091801490455143
-1.2343132857543928
-0.5814545290709976
-1.1614805641208834
-1.4441743865063483
0.14997214540218612
0.32800962100322745
-0.6621341823660148
-0.8631798063915692
-0.04064185171687635
1.123836412918241
-0.27204302057182017
-1.0535802527279652
-0.9394963121268496
0.16510617105261302
0.34272437977685816
1.0078746306493958
0.8374612551074564
1.8274969879832748
1.6486968232678523
1.3158534336104846
-1.441899004551482
2.089715857958636
1.4432714329356224
1.5098343737852224
0.5206390557270176
4.440292306527672
4.7952195600629395
7.201621923994986
5.815504526640366
2.549596840868942
0.2604750598101822
3.674367379130878
2.091852658210381
1.0218323379861785
-0.07983115395558543
0.5245835387462346
0.26788263785638794
0.4160714387179502
0.7553739586353507
-0.10681918776158687
0.4568436916197944
-0.6936534832548416
-0.2416339775756646
-0.28924802078911566
0.8419386230558964
0.2531554878829021
0.5180627182455818
-0.4686270493950845
-0.0539955081589418
-0.8661693496492782
-2.0980503630253597
-2.873781711114333
-3.0361485505717463
-4.048673374274788
-4.396004309565992
-4.668340079630217
-3.9846383487703148
-4.450674212695145
-2.0146403144028002
2.8990765047719065
0.9221890226471663
-1.5267587926657242
-5.707200360969229
-1.6852989381970482
2.6653556784234462
1.4226409890829135
-0.894724257785851
-1.283090341232826
1.733026954142265
-2.5990625815424577
-2.6216428816952635
-2.3656868466037544
-0.2135597277038425
2.0746282467710873
-0.3516784658475826
-2.0172887331397056
-1.9830505216876526
0.5956676545064804
1.8908031664184282
1.2346645488118888
-0.33975896082858625
-1.0021393464589599
0.7449330490046986
1.3334080438221754
0.35637716611407844
0.904591453608623
1.5596328291412314
5.2502920502711055
4.053971320667825
5.485608304546043
5.558455039433514
5.319149776815749
3.588845737828374
2.2137277396801815
1.684568640578738
1.10248542350271
1.480388831636564
0.37909792838795164
0.404265235921876
0.41167170631712413
0.6088343655245873
0.5110558638757441
0.5101928264005258
0.29076757793445535
0.07468784682290534
0.06071775085267927
0.0006624941157662458
0.27816562963989366
-0.04386773137812676
0.010809116524312972
-0.23278052280404443
0.15761207971568159
0.38102684590029545
0.22828806691443795
0.10770886589720291
-0.1280967005817349
-0.25992684596532906
-1.1858395792594687
-1.1363684591496432
-1.2267324560769732
-0.44520377112566556
-0.652874394537213
-1.14338563089273
-2.3467453225986152
-1.7154218247608515
-1.4338833667685809
-2.4150089255345737
-3.9042459608636064
-2.1845824470933928
-2.315809490580923
-3.373210073997218
-5.318987568323451
-3.681576425986908
-0.8199634483607255
1.6467935418885973
-0.6221093547060708
-1.7511772556119982
-1.557582948513332
2.074261389141024
-0.010237101715838174
-0.09192181731025628
-2.431351837261391
-1.485578569785829
0.502402928928632
2.891754626719539
-1.615242451540519
-3.7064329506188756
-1.487464205744929
1.0254308523763929
-2.067064892922147
-0.35312757605134376
-0.3275156335082247
-0.2044554356387936
-0.6851142327530029
0.7361430685163179
-0.43848117532151887
-0.1793690047238212
1.0327137235176718
1.4064292502041864
1.7637086161426225
-0.3576825054416538
-0.7385090199157563
-1.2571738372903694
2.8101164047030167
2.8866956491296762
1.2383338980511394
1.130429389440793
2.5225287177841618
4.793302979506069
4.27442008622554
5.693293772071762
4.519280500377663
4.510955391603162
2.906463821941138
1.3950909961449236
0.10453160249225636
0.7164414252312715
0.18053477652807468
0.39576880229024086
0.6078110467524199
0.4119170911943618
-0.4907449930474667
0.03555114929292737
0.5838831546639577
0.2975167719725624
-0.12329489074635536
0.3738661217658814
-0.054045585450035655
-0.394048605412233
-1.4279614174786432
-1.5686650222994378
-1.2474381049722738
-1.4547888712320896
-1.653998212850282
-2.643243514779732
-2.105911886635677
-2.103388324372127
-3.7255443976618396
-5.180926097939816
-4.458376843357317
-2.876002645089451
-1.1036132897862578
0.6780016823033144
2.527870360192148
-0.2270667287524594
-2.844814065056849
-4.549151346462552
0.7009322011405752
-0.35538390422634253
2.036066164547923
-0.45374111317396154
1.3129542302196076
-0.6921779748379616
-0.45249425137159344
-0.6641934140272816
-2.478280466782749
0.4400677752736081
0.47518515719467247
1.4614572395915584
-2.48843253389718
1.9314676600782488
-0.1383464460559169
-1.2355043514528297
-4.557858367614697
0.8451724932224497
-0.5334191264414797
2.666052304686793
-0.061734891822466054
1.2312466678416687
-0.5611075484037511
2.036165962527993
-1.0352211211771134
-1.184594198282961
-1.9629754453945998
-0.3161414162683633
-0.6799433426774161
1.1797171997362286
2.1921748461595505
3.209244028185592
3.2242226085050043
4.6245566777263925
5.096058996187433
4.809501750579635
3.462624431023907
1.2186173527320436
1.1189476965191412
0.8157720789424026
1.093667486599318
0.8108782983716084
1.1969554007345278
0.19941018765895513
0.423481691481068
-0.16659786193971296
0.30743660438615567
-0.22422172584511899
1.0033854898777783
-0.082325972719566
-0.06406942907655103
-0.48416556363978047
0.4397213027089514
0.2894989521075176
0.1282405062532794
0.34415581457901756
2.6376879134206e-05
0.34450666836359617
0.13486593750765208
-0.13887351681383972
-0.7787933305416116
-0.8777786037298893
0.25668860465278515
-0.6970467353938834
-0.9745184792427407
-1.8358887912674235
-1.1942835609741436
-3.3588575894583683
-3.352589894844069
-4.6242646858148495
-4.313717757356666
-4.642784455423792
-2.46276117282862
-1.976358248065291
0.6119017089538549
1.2283780647816187
-2.1129255299575327
1.0973658757460298
2.944270816924105
-1.301037291590866
-5.32806169155297
-1.2177261716596792
0.17551485486036242
-0.5075268353168608
-0.35977596501058906
-1.300251137889079
-1.5743874786410714
1.8019494384571308
0.5823052870795518
-1.3660576448089667
-1.6290984929606889
-0.7227692327322761
-1.0489587565316256
-0.7513486419802934
-0.10152199656214238
0.07676811456678118
-0.03379292727028678
0.058996008210135696
0.14700643066048164
0.4964168281692445
4.086322711082185
1.5869962546260061
-0.9479335057742336
-1.6296062880220492
1.9780903921650166
1.7717818388768622
2.4401355123309045
3.869351678943492
3.4207862713300137
5.545042391139902
6.3070127969667835
5.702982173873546
2.657231856854887
1.4611081964660262
1.8276574928189255
1.9719167590205617
1.4646678867140295
-0.6203193716365709
-0.08502066524698909
0.45597376490067404
1.083099081978997
0.4779268226589968
0.12809706004376203
0.28994234109746775
0.4127519187186736
-0.9842940073156891
-1.9118779779313115
-2.471885635014253
-1.7928340497562196
-1.081160122291948
-0.580751576813725
-0.8981100365500772
-1.135760780562646
-1.4385834445837027
-3.4099280752577057
-4.93706069925789
-4.765702251595149
-2.592212470272261
-1.7450965489527601
-1.085118046911608
-1.8740170298294785
0.448682743178233
-1.4494435077102665
-0.07216161746783385
-2.454944572130112
1.2778423537479413
-1.3927647792851348
-1.844548976291189
-0.09178635080656827
-0.11212077343076163
1.1819489953036306
-1.6761420974491958
3.3380988582728883
-2.2847212368652623
0.5157609428947212
2.11893067549248
0.8371396314969176
-0.57419787200146
-2.1876754494321426
-0.9965445730556766
-2.895381073404266
-0.18640175570947554
0.1488529916300597
-1.1564671996099776
0.4975848649818556
2.34977777147226
1.2821010706697218
1.0573086819732027
0.2563058531722945
0.0528206336533218
-3.4291805197567657
0.25692397599409333
-1.0110905773382741
1.7278593430245581
-1.155618363458248
-0.5263833675195838
-0.2251869475309171
3.1827324056825295
1.1933110817491266
1.122628267542143
2.62748939240993
3.5750594593641885
1.9572069229229785
2.9122527491274846
2.6762969707302178
4.948007418458932
3.838718986646912
3.326302519614715
2.713566225995743
1.4608694830324818
0.22720851715066973
0.6459290522806528
0.23388615935192095
-0.2759657707282483
0.020086159181346264
1.1803032775993243
0.4861552203851274
-0.6987105705965189
-0.8818587266187988
-0.32777006520713003
0.7358659847859561
0.9861292396440688
0.43415495455060765
-0.7997182601496025
-1.3211166415720172
-0.3762235889934464
-0.3728309984453694
-1.8396384679591078
-3.166164493132859
-4.330520807156701
-4.964461738778717
-5.483585830796439
-4.178892071858923
-1.5152621350610853
-0.9560393363797391
-1.8576857975057235
-1.5457898078270724
0.9697491546484512
-1.3953092501380209
-2.468513630222722
-1.775818491943943
0.0096072958641255
-0.8385472780781082
-0.1899564525538924
-0.23051120920338444
-0.745462303673221
-1.519112026935282
-1.0534212663361386
-0.6859240969326605
-0.2338513921485946
-0.3031909474297892
0.09256605137425736
-0.2795810720787427
-0.3137784096101729
-0.24588682308804996
0.4120719950224096
0.15192132132962205
0.4256368031852994
0.3592426735787029
0.2678200789328414
0.09195204767792865
0.09323785541073834
1.1800575661151669
1.5722987351265836
0.8980806348591103
0.10274715263966938
0.3576975055211698
4.213828520897425
3.840715351993245
3.6010848307526135
2.8174639783093554
6.1537125909037425
5.429875236471949
3.888555331773053
2.094019195409833
1.3263802236807898
0.7867464671932054
0.4314686548480663
0.8256955366342955
1.0600202680043849
0.5819711474032284
-0.10031310707980745
-0.017720418425387525
0.1994241352457394
0.438969599017765
0.257871068663385
-0.06025614658737753
-0.0480178112253003
0.0986476397850023
0.6202573079426001
-0.38493929310894537
-0.19477348514001322
-0.999925188848473
-1.3587137596316081
-1.6349738566708847
-1.7365737560721486
-2.3161571565048127
-3.1236431232967243
-3.281801375466887
-4.069566975763834
-5.5863671839241125
-4.204769883120198
-3.6700341880021154
-2.8325111164930616
-1.3172547859639177
0.19349534569015048
0.13946494577900675
-0.7927182862101235
-0.4928115317072955
-1.413819579690677
2.690941577022875
1.204405439965105
-1.8695923930483058
-2.0723697351820594
3.434407074163488
-0.7311994581126793
-4.228755395385594
-3.4696379550380954
0.1787338331059826
-0.33312003045524996
0.22579196317869357
0.027177371516173797
-0.035699884746610094
-0.3919143193867696
-0.09971731274851331
-0.005307442106222637
0.1953627469722127
0.5958173266237176
1.636340437131061
0.6046462170903549
-0.2856911675330761
-0.2548385040564179
0.14833786127960932
-0.21371557946940617
0.35380735235711974
2.0353091549928215
1.055665513722457
0.7424612343618658
1.8396300363674478
3.51748642666891
3.73711408408397
3.483494874680937
4.127676905677403
4.214525974436364
3.4721070228084034
2.2499473096685154
1.7918901975506116
1.3456337435827834
0.7179693861410406
0.5880085400501863
1.2681929443162498
0.5488873684233269
0.9530185777062625
0.3736637485476449
0.8015513913138783
-0.9941153240220729
0.2100211490974131
-0.5855416542975433
0.4670582164478877
-0.7630227686454617
0.5006418129061148
-0.6020864912393185
0.3123390256651848
-0.41130044030202156
0.15156345545718786
-0.749636637386069
-0.8663961977076431
-1.6305627427518437
-2.6843777120101393
-2.037776760347894
-1.5717449806325918
-1.1621913147951168
-3.1770056749351756
-3.34183652504798
-3.2781382722216876
-1.7186843875717461
-2.711243424695969
-2.742468920392677
-2.303672706885072
-1.4118484054184113
-0.7231703970309467
0.46800853496808575
-0.5413350489107951
-1.7857602578283702
-0.40067171048780714
0.30032348188914126
-0.04517981952751435
-1.3321237754683894
0.3201402668064253
0.634273609080401
-0.5661898183878749
-2.4047371188690017
-1.4569862138194762
0.34262099685236813
0.10144626755963124
-0.311650772460737
-0.27593707982456267
-0.0025630449233063415
0.4182055010326861
0.35824724315042017
0.21418471677874892
0.9015641029494852
0.5030236363218771
-0.8053391095698383
2.344263270537677
1.9289745976895938
-0.6930266143291636
-3.8942549528889825
2.0531304540214768
1.5146857857886544
1.2025481116408614
-0.777268972019103
1.3564173422362558
0.022344052636906753
1.1112568007279064
1.5824723354653654
1.6745399638432368
1.4890279008688925
1.3399893656070276
2.8208934145506066
2.061855929038113
2.417249608048565
2.27463322013065
2.600189577454819
3.2866829261038286
2.902843001047247
3.4027952688332093
1.2069758537553852
1.1848801729375513
0.6888629759999435
1.3046800749299754
0.1878329047077205
-0.0487105279411476
0.04728894608666976
1.1551353524656007
0.8889973017086208
0.10113795676297463
-0.4186737903987284
-0.4116157768299245
-1.2792813594471826
-2.7221732181218874
-2.630298781758793
-2.8743897330973613
-1.7589765200667142
-2.7368214505329127
-3.386182207557237
-5.003909748674763
-4.04972684321052
-2.632463254311034
-1.1584102045296423
-2.0738215440107837
-1.1434875415498875
0.09625826550597925
1.6819009536741576
1.6466118257124998
0.6069109713945932
2.7074287945688686
-2.5444016463000234
-2.9733616659267477
-1.7530495209830907
-0.2510552673777075
-4.205478564936529
-1.8260231062379648
0.8632216438626387
-0.25741656974596927
-0.8007819029106917
-0.035103989686042836
-0.997794955926361
-0.7986251875228646
4.847270282902892
1.2381767020926386
-1.03142262328238
-3.601021296953666
2.425209427327443
0.2229360074711064
0.7321736063441158
0.9026642511484729
2.924950366767375
2.081375552671017
2.813834210939348
4.467602370183985
4.887093025022438
4.246470810227052
4.214310890440773
4.50452980682577
2.389761624311118
1.4703368364893123
0.8948339503549583
1.2167374216137243
0.715162241090171
0.08440329442720686
-0.23260815420127431
0.4780681825751004
0.72850377894551
0.3766111845533674
0.5506527763479944
-0.22029966125730302
0.061033824995081774
-0.13350434556240612
-0.30420749528220087
-1.0383462512397714
-0.6917117411893081
-0.04128365764533694
-0.4199640453728306
-1.4285791989956422
-2.592892922186676
-3.991905009164544
-4.2950048327907115
-4.537473475391601
-3.03944089184213
-2.253667722094569
-1.032395205463996
-1.7256484643931198
-2.166125926066512
-1.6468934533990762
-1.7161198191366427
-2.0072934350119076
-0.09688125071785399
2.6593234323309254
-0.5459027766326408
-4.208937656864637
-1.2440511665694034
0.5008018222256713
0.5013847271506049
-0.8608885622671176
0.06958592527777842
-1.9586024966165294
1.673111352786449
-0.26363903280777673
-0.40938255520573086
-2.181744972411119
0.4362208514516001
-0.46952836056947533
-0.23779206664270156
-0.510916950285142
-0.3968427681868749
0.3780149112822159
0.3545210797204022
0.39557313023591295
0.24588450958213157
-0.8222831962548982
1.4714832543767715
0.23542843666912205
0.32429481219557366
-0.6425292463140354
1.3906528525702384
3.5490137891761036
3.324197894262939
4.413629200714834
3.2835454240954296
5.570008735595733
4.47459340001919
4.849939450642692
2.943746780530437
2.2063444117337214
1.4402152633770802
1.0015371145797192
0.38908182604663766
0.42862028871635477
0.27790448981515087
0.08790899446061887
0.15444130240841447
0.13358486799088448
0.6554716513431265
0.08876813612373746
0.21649533448369848
0.14499587795164295
0.2327345463680022
-0.26250854079855773
-0.12386312104301782
-0.060048298850036236
-0.04623544206609097
-0.2666672742318417
-0.07149005109024349
-0.4615522288546066
-0.6992498921315476
-0.820476683300635
-0.41122798622497686
-0.3201854216829507
-0.3415021489515556
-0.2350289308760423
-0.7465509963577335
-1.1827785213590174
-2.1106532940104095
-2.6916287482367784
-2.9413874761376317
-2.4898507056655443
-2.6615219961092453
-2.8204625444559634
-3.2509261734062718
-2.480061373352439
-4.3205476770935665
-3.7887640580632564
-2.1776299009570166
-0.10222421467408495
-0.8091324047730533
2.1112841094751342
3.094696415552557
-0.5447988703648209
-4.727200499774048
-1.230018153164784
0.9554489350353085
-0.7270653518478095
-2.6038672931410782
-1.0967006947743443
3.6479280132822245
0.5769166233230625
-1.6645380963624825
-3.04596164799515
0.8923549502408953
1.8104283332823896
0.6026720325660205
-0.5049650329237891
1.1580914240456064
4.270702732428388
-0.8623228251254275
-3.873258975137328
-2.1954894347139344
2.926244445173612
1.8708799753154406
4.668501688250684
5.124567490833926
4.726375308470413
1.9123051249707912
2.9612152763345225
3.811507223207552
3.5207700570416782
2.4475498510436435
1.7786262524472451
1.5301351477598484
1.3655198788420697
0.7052644839196572
0.6024410720188498
0.38234406785531316
0.09169152177400519
-0.19192475366253456
-0.05451307306926755
0.22478505905438595
0.347853675901064
0.014846914515680331
-0.6920670052925042
-0.9852352774217259
-1.3968686617423247
-1.7290621276955693
-1.3137972402633293
-2.5951895797070277
-2.884365495956971
-4.610599333905845
-4.920061754154444
-4.245636907364252
-1.6989022333242052
-1.6567346390781255
-1.4730972636985251
-2.5898400449898578
-2.2965676251885383
-1.7741853152036768
-0.5254557615166596
2.081032105405038
1.8471390546384803
-0.007529242712362866
-2.885467390516016
1.0916319206716705
-0.13092262792178533
-2.3056333203095765
-0.7738907391235066
0.03325813725975548
-1.0527515983555835
1.2278242010145564
0.8545761961271914
-2.095434064636194
-2.706406447796781
1.6089568668827896
-0.15955109393025207
-0.5463011541433025
0.9546010540898031
0.18249566838685585
-0.18658137170926012
-0.48880244774388104
0.18589667296880888
0.3208003779659284
0.5017197314574255
0.6514837347967377
0.5401627814936557
0.45712442839552936
0.4757952724903297
2.5442520073691695
4.612350585609512
5.519067121638958
3.0302405563777524
2.140339247552399
1.8912267213220322
5.165468353197474
4.281330711544082
2.7628034766698035
1.1859512521511526
1.879485968172782
1.0411327698649602
0.293379357415412
0.06015755466565085
0.8364977206615023
0.3963627051927191
0.14138463893411585
-0.16316115480076723
-0.0749672290521806
0.28321857995480093
0.188408664807231
-0.2679558510618632
-0.8821547129369081
-2.026345227550412
-3.4299847577723437
-4.03601662062446
-3.090323562588744
-3.6649611323876625
-3.491228923347209
-3.2073938059198386
-3.066644439461035
-1.4995656811495126
-0.3706991145090419
1.0221426194258114
-4.059028985345078
-2.9877869794474847
1.8022869641012893
2.7157381090847195
-2.9288431324966435
-5.434269866814169
-0.8030880761702779
-0.15297788642132695
-0.7204476834116751
-1.6216308666821153
-0.46432012536411155
-0.11719896346512194
-0.1763156035952922
0.654793086437025
0.2926828030112687
-0.2462704388789037
-0.14060604271904623
-0.08401363667241533
0.822955752786407
-0.2536053288602989
-0.3779139814628958
-0.9532607135759058
2.0695756913227368
0.9257864490193193
0.17854843620211797
-0.9630708318867953
-0.942586870159533
5.287393462215262
2.9250941614780923
-0.8489435201034251
0.05527123857487252
5.769921713613623
5.5212859251612185
5.188234960735814
7.22844087125563
4.592635421380421
2.4498882279167913
1.524721352774192
1.077628308098625
0.5742150396482908
0.04186023594066291
-0.21429840956389443
0.5571663656562947
0.43317214563372564
0.35935036541172405
0.17748955376580286
-0.06057076816243023
0.03537556638874564
-0.33499816362824747
0.22462709789771107
-0.16504533460948428
0.10797231642325356
0.15844416790615334
0.006451554547020433
-1.109294341451553
-1.31483229509861
-1.7434424365901782
-4.16297660397532
-4.331011935070517
-3.466642531115702
-3.825547800504797
-6.12417399271426
-3.6920647300886245
-1.9979386190142425
0.7341709010662596
-1.1819044146075375
-0.7762927159653479
-2.725020411809629
0.579603741861562
1.4052237313790366
-0.12215733134212514
-2.8608948295672496
-1.6270165516815978
0.07869294249866451
-0.9009709925000698
-1.7682612517260774
-1.0916296236392025
-0.4691115079327473
-0.14536926978149922
-0.11068862935462474
0.3850925536196449
-0.21768178850263148
-0.05441264050681728
-0.4886152941652849
0.05493231923204077
0.003223070918585198
0.6158022221748227
0.996254263626231
1.5321220197098155
0.9739039493377567
0.6222126565507098
0.013926644138185187
1.5149478161455983
2.53773584707842
5.497570298224868
7.19212541537697
6.691662492629894
4.875600349841337
3.1809861293996087
2.8641276910058764
0.9755106516986396
0.5192912365095077
0.7210646185421453
0.5730131768976602
0.6542231764565271
-0.15449147357559523
1.6698584041584856
-0.34808032261746447
0.8482797880680419
-0.9609130980984872
1.1563644485943816
-0.7728902850363331
-0.3826619935152715
-0.5898895898726877
-0.12595115982987842
-0.4723554200589114
-1.279683247729246
-0.8798339710257042
-2.657442982552065
-5.006362503000211
-5.242366175709974
-4.679564889403148
-4.106553690789609
-2.3432778319713177
-2.4361669746316013
-2.6504105009113337
-2.875721331560051
0.021667940224485826
0.07686601654808937
-1.141580031540842
-0.2590536240893116
-0.22436785476632914
0.31997053565272593
-2.484386010774146
1.8494886205367647
0.04466929741713953
-1.6026533913169794
-2.933185481451277
3.15910428618313
0.26372027255097685
-2.8091130224457266
-2.598477824051112
0.604343019515702
0.27032345582967987
-0.0016109581083746187
0.2150417015003089
0.4921343557454238
0.06969116415783301
-0.06475194014468307
-1.0875182087128674
-0.009489663941722721
-0.12136369895926573
-0.04631888604926413
-0.5260039306969082
-0.06740003359959176
0.6317564441617193
0.4606848630181634
0.09247975162635395
-0.23791226169186808
0.5448971414961221
0.32720239549696906
0.0012436829198293072
1.326258858893817
0.9189873159964208
-0.0034332967783636545
0.30845715112074046
1.420719345967193
0.06897033667146645
-0.33691873797808136
0.035792685306480866
0.40279880967129156
0.5860480975236992
1.4290177479552642
2.2699371035831275
0.4157994434518173
1.3049436135414263
-0.24038681931322614
2.4008007216118608
4.210762639690307
5.2865514176746995
3.653841382009723
3.364787470945792
3.8893359671550325
1.703285669915552
1.4301541264934583
1.2078147073721077
0.9703693355091307
1.44500394857084
0.8469051303551816
0.20159520612592888
-0.4366976937402717
0.49755329888117866
0.004782776766938662
-0.4312114289149608
-0.9387630308005802
0.4246415698010561
-0.08805762960070686
-2.384421266490922
-3.4902575634493958
-3.078468651484329
-3.970328191520898
-5.204819759862334
-4.14260436463012
-1.6089372253183247
-1.9538337808256845
-1.5233128206211406
-3.1505596622261414
1.0912791765686363
-1.4169423476208565
-0.1418109308813395
-2.8604722817437453
-0.26041173093224773
-1.1576800739841935
-1.381582416041506
-2.366924894004273
-1.6438599718136166
0.42667684275619294
0.1501972366349428
0.022053533841518983
-0.17482708600616398
-0.3916981395619824
-0.23484113203992146
0.2688916340509186
-0.02368621533818967
0.23538086264556854
0.09207835222472131
0.17057691261743665
-0.09903319173683595
-0.26728734400556864
3.2646375805806764
0.8142964945478217
-0.049753464888402925
-2.392775408164266
0.6417872678188759
3.1728636262831533
5.597017098573721
4.595564808299572
2.5419802388751247
5.12508330112984
5.9114169614527565
5.138792696926199
3.239261098158268
1.4574519918575732
1.6320197063917048
1.1468831239122177
1.1798757379562823
0.4406137928657094
0.25705265356210333
-0.6049290693429066
-0.8942658769382847
-0.3595472784376057
-0.4295754607246094
0.490683084799698
-0.12889447671622795
0.02004820798510279
0.5177510478231656
0.1985164595992097
0.3340073462681314
-0.9069347803212939
-0.7911377321297591
-2.515979169977246
-2.499729653795071
-4.745126177175968
-4.509690137095138
-3.620712798589823
-2.7095110021803643
-3.9034693697301814
-3.2403075706940543
-2.5076537451447334
-2.0928169515242097
-3.1416523444305966
0.9136376065627125
4.017692098152284
-0.21862842586704756
-2.7430575844709955
-3.0810085428672758
-0.7239765280094175
1.6276605419980337
0.5020025045166306
-2.7056635840330516
-4.52962775593882
2.4833589693400913
0.5919816739241882
-0.8629248625487769
-2.018065444038348
-0.030245149787539644
0.42332731437759996
-0.17542293073935197
0.1735889839564145
-0.06483616128626123
0.8347363830696024
-0.05400202660076905
-0.004739899316227445
0.5292444499970383
1.0480401757186464
-0.04106016065654635
0.260936442832015
1.6562186075945515
1.8116532144014363
1.5967019421435504
2.823638644167148
4.622873094864813
4.402127954477603
3.691964824501083
3.784178533117711
3.653087886764408
2.659717718217389
1.4000974466907086
1.3327035740602347
1.1170445721343238
1.2724154544301989
0.38732782185537423
0.4521293079630863
0.5731122932354041
-0.07269529476781691
-0.24932524764317818
-0.29183082473558714
-0.019527945950558456
0.33255541160370444
-0.028302061471467355
0.041465521502677266
-0.8543695856942676
0.380792431312042
-0.9752136281584977
-0.9040477679363249
-2.760945297366321
-2.8360363091034326
-3.0259891788237834
-2.35407166340804
-3.62006128521018
-2.6841074119429638
-3.597613165890956
-1.0307349922504303
-2.771949240916679
-3.3641659934332595
-3.635140759361497
0.6865424447568903
4.429804156503775
0.2784187851855266
-3.353211204635597
-2.167088124909267
1.5257728926289063
-2.0935579155644493
-4.143864734449438
0.48303044797851397
0.9788200799318799
-0.7170602554837343
-2.3883389564962374
2.439902017949062
0.2566990442682718
1.4256165043386637
-2.1191860368949857
0.5953009980601831
-2.2389176874912207
0.3914035725773347
-0.26989714818941174
1.237888456403981
0.3141046258492093
0.22545802402614348
1.1664969652765331
1.4512346711299502
1.240133176927459
0.2676208265759556
2.2004234328188623
3.305511673128481
3.0625222701311294
2.1846630420511106
2.6962519040784163
2.799292889132371
2.462654963014869
2.708964692863989
3.453524748093677
2.2840985885759943
1.0453574412778308
0.20817975979751618
0.5605597548858995
0.11316495657707848
-0.6882848532671039
-0.5796147719442076
-0.9282061148539217
-0.6268350320690909
-1.2371046632525615
-1.0537568116897478
-2.296859940809905
-1.698954790388295
-2.1727191037906612
-2.4231281733902854
-3.541678435074927
-3.221614306747328
-1.9357361642514266
-0.18622431030436262
-0.12126273744430617
-0.47292793568358626
-0.30060904553114876
-1.45629360690827
-0.7478576693606623
-0.6957131542173145
0.75824401277755
-1.5149020879494068
-0.7366926263986409
-1.8487960517769864
-0.030857971577781897
-1.5250574321917603
-0.9973753446483931
-0.8931671972487776
0.7227754819029018
0.15773594521653286
-0.35557547851545546
-0.518342382897906
-0.26634519642577265
-0.40319202676617666
-0.9108108221894788
0.6503173276651394
0.2021976770094294
0.8521353745253996
-0.7520024365768656
0.05000291462965538
-0.6463853588676491
1.0998363578970305
-0.5456989288869306
-0.2178676167713574
0.23688818330745057
0.781529505781889
0.10228011867339694
-0.013950918423195584
0.53296617982272
0.4769303061714233
1.7677605062127946
0.7506389295410247
3.9810260833381763
3.7502044850007006
3.9046784236958247
2.7876316901896443
6.099216458369172
5.2815355004256945
4.193189150701591
2.400330995755776
1.4136596943039004
0.4060390018390301
1.1718647035197116
0.6028520835389682
0.4551473506703506
1.0187538785473873
0.5572542197704716
1.121070925967213
0.2020358883077384
1.2046659162095836
-0.2925191883143652
-0.05022237726345017
-1.7524903491803998
-0.1925209604272336
-1.0048422173135034
-0.10805486185610923
-1.471432547048667
-1.1165609494920639
-1.80551247048284
-0.5529730695121727
-1.2021087440429663
-3.383868077317961
-4.631447410652187
-3.641579002670944
-2.6870176184041124
-2.622722080825373
-2.639642932806317
-2.0924055859875437
-0.14847827225329358
-1.9708703967861056
-2.317135042485208
-0.3325540192868593
0.596458501140586
-2.452120131346333
-1.9577715839778695
1.9369706896316876
1.506929917466295
-1.9698210855630742
-2.0553894824460137
-1.4633901294240248
-0.5397652483253719
-1.4371989709023247
-0.5938897777547745
-0.8043884389593516
-0.15019104995349794
1.5556205560131948
1.3951066706080983
-0.06406685265241965
-1.3685855078030977
-0.742396894573244
-1.0251990503777901
-0.26251130484072704
-0.1604480098476253
0.049245303695244914
-0.3734145227562655
-0.18356134154162973
0.37784896883342384
0.6510599803690232
1.1009491142103172
-0.004269480339654068
-0.24491633971911678
1.2867819475678963
1.1418540117717821
1.580201246310367
0.23899306990347463
0.2951436477855125
0.6489003633011805
4.390729065716259
2.7097264759279454
0.6971363876745537
1.177027073562549
3.3624199106052903
1.91840781790138
1.329503046270255
1.4635314721983594
1.3759997178276842
1.0969290163897651
1.6696508408702286
1.737919158168575
1.200367485180286
1.3124678147379845
1.580866774081865
1.1471423836016945
1.008162609937986
1.1756376892553246
0.36261813394981307
0.5417232918926614
0.43534755318055207
0.16617880211072855
-0.15942944809775447
0.5513785859814107
-0.1611595358451859
-0.2029749505360261
0.14107362638781898
0.8922728784564664
-0.28033439657480214
-0.5606152489162505
-1.705403891998735
-1.6749975741035297
-3.050323841602791
-2.8413634203610934
-2.3665794290679782
-2.0622878914632286
-2.332049485100933
-2.28871245241734
-2.812713200972663
-4.581412736825433
-4.122187210366846
-0.44608771507032
2.4241645415600974
-1.1277740070205764
-1.1351041812690528
-2.3270364916105266
-0.26166977122830326
-2.231825565690038
0.4275367074349447
-1.2824983058741584
-0.9529699810190553
-0.6677543580408297
1.9597083819374326
1.8403422250122645
0.10890592267787666
-1.7679464547398507
-0.5258969192911858
-0.8745652630885427
-0.08111989494083277
-0.4211880140448263
-0.1090695820267767
-0.6998475507270671
0.45719533048706773
0.4640496400626831
0.8019091875334362
-0.21464019005366597
-0.1919044038861865
0.3218389305913667
0.6572355070913528
5.094584253225567
4.562396682045032
2.5198821920676298
0.5830056751611189
3.751984018676555
4.680743260864492
4.204913099968808
5.201370184385501
2.8279085290351134
1.9789962075309824
0.994715770259431
1.132540977918568
0.04240388495972099
-0.048729994007772885
0.16579988848337185
-0.17615353346432608
-0.1579638671772311
0.6702892717772894
0.0180132539860572
0.10370812661800434
0.19738450006363106
0.30646183416257655
-0.8297768658666151
-0.39871304268462904
0.27420319055529335
0.5526421001851014
-0.3888596720246128
-1.1093580549441349
-2.4245982964163937
-2.1381104132108306
-2.6529943758081864
-1.6598820947602866
-2.544281198146762
-2.167487200800655
-3.337714591653259
-4.010730258493195
-3.59850801574816
-0.1388050635290144
-1.7049958824633424
-1.917029497856297
-3.2922221813365526
0.3953797926218225
-1.1053909685841086
-0.6791251097571014
0.6923275105162724
2.754396801229509
0.035896973142997377
-4.299270286040894
-2.1489312687629867
-1.1018989743383107
-0.8767591148215349
-1.462225889499341
-0.10443662516846328
-0.1263581563180376
0.4055699903005163
0.2920873768901683
0.20580874701123217
0.15679350433888464
-0.1554478265980596
-0.5315790409803075
-0.238829137431282
0.05550518694576411
0.07978474588405965
0.2917988034975927
0.5534500497173225
0.5803362752404101
0.5214728042893237
0.8141677371566248
1.2644204386852478
