1.6095631690214929
0.8348345027363945
0.6693943687077765
0.7240346091345785
1.9925789350804013
3.694579756386432
3.2545168397635957
1.865699057264763
0.8672500465534341
1.0472358822246577
0.050905492196990844
-0.006256486793703166
-0.23753520539773426
0.10940685353187266
0.31680294905988676
-0.13356473566767504
-0.11570300138378678
0.19385377508053253
0.4767919911291131
-0.008261371139777209
-0.47191049511087446
-0.04984461454056162
0.19435363114868937
0.5342835417703374
0.036465680434263355
-0.17220300663837398
-0.016320982223698714
0.3014975317867031
0.29452463212519714
-0.056732378612602656
-0.33588226452015874
-0.4505942571123475
-0.6081467689238161
-0.044543671108600996
0.0938707271153264
0.45318620146129834
-0.37773442390727574
0.23617334662917083
0.1054792515161677
-0.24700444978340041
-0.47282043109753535
-0.1756655253701872
0.34934845805868375
-0.2135475750553344
0.7746358846375909
-0.11342921802507662
-0.16133549531004826
-0.5183462204609187
0.028105235982025436
-0.2313556122569635
0.8084554651765427
0.5411348544806313
0.2231834593989672
-0.5496989115927085
-0.15324211700236298
-0.25478371373949127
-0.23249194128843892
0.48191929204621514
0.22911431641909824
0.1931746474360925
-0.480433592820457
0.5367549204965846
0.14249773227877732
-0.2954091501691802
-0.6305688249258928
-0.35760288292321935
-0.06632623956496243
0.047616624931510365
-0.3162595845569851
-0.19393049256994102
0.2622995009257188
0.40035284557532835
0.09443465916107915
-0.04493894920300406
-0.47245282281432155
-0.16494382579257455
-1.4232087543815892
-4.342805650965544
-8.405158746469926
-10.17932448810529
-9.426589002724809
-7.549734288646918
-4.454122013137287
-2.503524293968628
-0.614988675005349
-0.37613166076724847
-0.561763397019762
-0.623057570804717
-0.10347975427124381
0.5315891066795883
0.5570067795874529
0.28138277165120007
0.17850885883751286
-0.22385357612994897
0.3685303340622828
0.34736022491750795
0.14773634170736735
-0.426736623903952
-0.5723277753926176
0.44060555253245415
2.364239994340402
6.175158924477751
8.246516763657237
9.78070116518942
8.527055050167656
6.79772540702851
2.8546465221753183
1.5860524685905764
1.2166856018512482
0.8382743667729138
0.4564656351672552
-0.18931821442850727
-0.2977584111666897
-0.8841461346653425
-0.44726649435495586
0.5474451400749689
-0.10879954764394778
0.23845822565090813
-0.29489673615531337
0.25863186016640155
-0.3567325214955965
-0.010130145462312648
0.18093322371201673
0.03151500682418329
0.06881075119188143
-1.43252455013778
-5.201783265904481
-9.64360552344114
-12.025659534192664
-10.765428593617594
-6.481867740529946
-3.6026248547029605
-1.6856542317969907
-0.5541076038492185
1.0343826922966834
1.0826817268357491
0.715170637805063
0.4481068482298358
-0.04079391636609767
-0.07503186797274268
-0.222177396011082
-0.2095230385647586
0.6034211066787664
0.35494356564191715
-0.14722470289722842
-1.3850105421774512
0.39049695171715887
4.615515147278659
9.260798169637008
11.312542971803282
10.468615466724682
7.108774616269057
2.758701716516306
1.2681292057386129
0.08927721845741342
0.5121174086312159
-0.08666075125083136
1.1141922308610304
-0.4704059854443393
0.28473402343019416
0.4166621618105674
1.1443164302665205
-0.44822692062183195
-0.19104312786410627
-0.13518399539813644
0.708332737527895
0.3881517442189289
0.28363052885797446
-0.632821750496142
-0.5166866152243418
-2.4099619708980553
-4.317059663059066
-8.2339859583565
-11.149065579203985
-12.43646705126844
-7.5369114317721
-2.5675031365117267
0.053487705006251184
0.38327387931747753
0.13752058720260635
-0.2216952116317974
-0.6473020973824857
-0.6118843195345325
-0.1053535538509696
0.21801032760368066
0.2857734471769687
-0.11806003185401939
0.06170440401403071
0.006014114978383799
0.11552175480306334
0.4616053411968156
0.4479003145608556
0.2931317119043885
3.0059157264132836
7.20822779572167
8.929576595591737
10.01960242499556
8.229624327195165
5.164718266439002
2.4942010382758473
1.1419775332806865
-0.20231993460669245
-0.9865481386664312
0.011218893009696846
0.16123588075581732
0.1785647155039952
-1.1744626116487764
-1.469624377888462
0.07098029447053758
0.7221235167379073
0.20124780256064306
0.6407157764556249
0.1853749202092338
0.08139137418998106
1.1197011896451143
1.6287667792637563
-0.6575810127013005
-2.117196622210907
-3.2098297398851043
-6.868490584228175
-10.73176367692819
-11.413591082562196
-7.24753461215327
-3.2418230413498192
-0.2726207749624236
-0.2846842458943176
-0.7435337304077576
-1.0202594088869752
-0.20538494490444054
0.19274939735269905
-0.40904202563316816
-0.8930926643316627
-0.33103880097897115
0.1685661727133409
0.3964959960127476
0.4721294932461747
0.5419088993730999
-0.05106109395526433
0.3802234470056345
1.7080840385918732
3.570507040821705
7.076143157266653
9.654087809130111
9.573262168346044
6.8079343097144625
4.223780102812584
2.2558888844997314
1.5839323211342793
1.4968209018376797
0.7261141395584473
0.8668071933568231
0.41674670905183325
0.47063837566279465
-0.051964761065197616
0.4913786889818134
-0.9164731445892303
-1.4213281649300986
-1.2525156405208082
0.1041548381195682
-0.9960337281034506
-1.0178527087546976
-0.40495825885911146
1.5873449182653532
0.2786236760876314
-0.23555581610325088
-2.0045701667693976
-7.767056611908659
-12.948170443111623
-12.920151242746263
-7.10157590691014
-2.7326176805055056
-0.1668441092560519
0.7115486650377504
0.7158544226896505
1.3475253349908716
0.4545450097813269
-0.401965426292652
-1.050920686726534
-0.7483491745183944
-0.29607903314390444
-0.17473760325803672
-0.005635881934705231
0.017659538091795497
-0.3844350884497075
-0.4689434491542338
0.001920840323071389
1.3299230362462113
3.547793889089804
6.556648261405092
8.432125790994082
8.686562117215674
7.504826101020483
4.82832297731256
2.268038417713222
1.140377616185659
1.3072905403097248
-0.08740475915570287
-0.29459848671724015
-0.7446694953300685
-0.7161005868805951
-1.4851459013899246
-1.1739511895718688
-0.6607147814858961
-0.07408798987792924
-0.2063032746719869
-0.5721060486495009
0.6167081168837445
0.9843372983920452
-0.03309081638782641
-0.13536137453033883
1.4149895314767809
0.3090634334992337
0.02561195306902917
-1.8042503564048948
-6.5700071483053
-12.508588234114518
-13.275326532951965
-7.629590213775744
-1.6483823757583824
2.3441706037468597
0.8844409868086204
-0.47831313766334266
-0.886927274761962
0.047240764091461995
0.49512215809991944
0.4342837318417785
-0.09332326967168825
-0.011109205450744493
-0.07959665500737428
0.21088990976161034
-0.4221045451526399
-0.10577187230921752
-0.3339100360545311
1.6045007659122192
5.171717910538772
8.139872456566778
8.827949935149995
8.214987452832752
5.463618353495704
3.0191015751809775
1.8312939365337908
1.833433699943303
1.5779493093911212
-0.1618634331527519
-0.7949352942582572
-0.6594780437570892
0.8658696048497303
0.06822450940202864
0.03090809511318915
-0.09375131466968811
-1.0766895580524098
-1.2592953915864897
-0.5251524379855118
-0.03726970886437821
-1.4631965176600021
-0.39239336655007145
0.4669468595046794
0.03236050816184622
-0.6714802053265113
-1.0107088327929405
-5.898932812700647
-10.525644075303715
-11.346459667583646
-8.429515747749495
-4.922537381505691
-1.285805772612178
0.16830535594796603
0.7391978074840845
0.9550649432766346
0.6675184823737036
0.43159931956654507
0.2987637978054963
0.3279250122592598
-0.17361604376553824
-0.13829647838203168
-0.028551354906452654
0.1391882384618231
0.18225389243727472
-0.0008395237843805722
1.6256966400358177
4.308790531631703
7.063019456414999
7.670108400783374
8.18967328894309
6.563789414927626
4.294770594549799
1.541769988660121
1.2973408413001455
0.44074757589034497
0.485122069813479
0.2450205530796787
-0.07126687224129816
-0.31758215427866276
-0.09141409193665716
0.9196060175392461
0.725757624739141
0.9963009543789252
0.37830695016118154
-0.04486494500793208
-0.7779988492689066
-0.48095962199368353
-0.9765646269466733
-2.072000313676184
-1.241663571861733
-3.4285764619061374
-7.797804402181306
-12.740381701107772
-10.768037116975862
-5.454704652497928
0.16382566865309092
1.216913047292371
-0.2746852026827775
-0.5493684292856597
-0.3672826122219588
-0.10432234390067723
-0.5004454298616902
-0.1451580595443491
-0.2962962156802262
-0.3883817369476475
-0.791800057459095
-0.07356979508813781
0.9636478068029226
3.53366004528422
6.533919570527847
8.764939517305972
8.58742468297573
7.283312317995261
5.148652937327756
2.6878092603265644
0.987250392715803
0.00760620913103252
0.13645709024846345
-0.10387355628752852
-0.6173031880210567
-1.5450200505709655
-1.4735051418665854
-0.27742682778188243
0.22666534118066597
0.018746123620845333
-1.233165854092455
-1.0872775639671544
-0.5575564156549684
0.1533186428699468
0.9091318243340251
1.0333538593519902
1.2032225835308916
0.3868037249703496
-0.6160803099080514
-5.928256236667778
-11.053957753122905
-12.955725400440121
-8.418311380323333
-3.9909618008457595
-0.20756216137684377
0.873756395445525
0.6390712244158636
0.2135556811877564
0.351073628830182
0.5493682692314015
0.271147128921662
-0.0043953645484029625
-0.31729736267860686
-0.6000405273691416
0.002324886208036067
-0.28346902072896796
-0.11331132970193654
0.6533311504781243
3.514069807493153
6.518103922898098
7.853645597314523
6.969879713847441
6.066994836577146
5.408969183602096
3.4514253736882052
1.8494889496225264
1.2332238748037705
0.4709591328432977
0.2558122545624162
0.2191259096906969
0.7198582213748115
-0.03957796116192072
0.2507837595739612
0.15728454580453027
-0.2027374265428105
-0.27464235037702794
-0.06189517880013676
0.508534948019701
0.3716037502502149
0.9527863373558918
0.2543731801986422
-1.0295297680587265
-6.0954976720493494
-12.491883182757494
-14.851126308156331
-9.561824091028727
-2.5052162765088
0.595653190556055
0.5629708695077199
-0.0150391517108959
0.6493906935310858
1.3035456508498968
1.0869226653907973
-0.16763119663457116
-0.49630378897217153
0.19155180837764732
0.5938315407863464
-0.14101791854895537
-0.2968631933820567
-0.8699658315027692
-0.5758614710140755
1.4337087628259215
4.829373653216947
7.7842784295059495
7.289057817863431
6.898493760458379
5.910371263242637
5.300414585233415
2.4962315664516144
0.8880741099284067
0.3286469988008226
0.3409552540222987
0.33766980052734136
0.01815344905309649
-0.24551557905056032
-0.178641106154096
0.4297153537514653
0.33353790627802643
0.885313109264089
-0.4990794705486486
-0.5156617537987311
-0.9847083306019221
-0.39129381917212497
-2.8057856365707705
-6.868957405807228
-10.339476139137762
-12.265538091004167
-9.163379427586076
-4.846466702752448
0.04251211525525888
0.1608214228362912
-0.17654492941621475
-0.8654015634386694
-0.19889527523443992
-0.13264573268165358
0.4701001055911572
-0.014270294841903076
-0.13557681064151
-0.23103539908431353
-0.4942377091564932
-0.5745715861574583
0.25702071389523284
1.7238073882907154
3.6162463366700894
6.839016785004211
7.275384483519598
5.979157003897844
5.748833453018208
7.182114096305061
5.3211302963819795
2.954916052659863
0.5525309724409468
1.2417578746037279
0.6385380656670863
0.4861932340465779
0.149916197110708
0.11896814188841152
0.523449839344417
-0.2893614305461365
0.06043223615300663
-0.8132111095078316
-1.0205204724344232
-1.198264635301514
-1.211110977047447
-2.593988053100928
-6.255151370697696
-9.566732319845167
-10.568550902835
-8.138116029751977
-4.255518806632095
-1.4959353944622078
0.33237023638183316
0.3731359640347146
-0.5607171552954656
-0.478347918707216
0.11276659009389561
0.45430139924286933
-0.6242618434164326
-0.3846918401545115
-0.5675231157663636
-0.09865870360736056
0.2140618698632717
0.23870886461852284
-0.16768688329788672
1.4134433154697699
4.272216018856436
6.394281058096132
6.944638615042839
6.483902976223708
6.20215325966482
6.340243858188561
5.479112145000987
2.5349226275218566
0.3719069860293745
0.9079788935427394
0.673707002073683
0.10054648717530978
-0.3954013953731786
-0.01376986905722897
0.46350431227548866
0.47829500912058903
0.05994292869084491
-1.9635168205336817
-1.2503113549073297
-2.576854384035548
-6.891402194882143
-11.941654010964035
-12.628887106430607
-8.893336069788983
-3.9220275715269772
-0.17831986544220454
0.6590043104685708
0.5687830151239693
0.24802078962874885
0.5305145431182314
0.5781617419196634
0.4466476020348424
0.26116523443584205
0.2764169381180161
-0.1668914717298792
-0.023359613334225596
-0.026777059836190355
-0.274189070015848
0.13473158530772844
0.19469490847801615
2.7798189251500975
4.888281567506195
6.720122850219872
5.763567761169816
6.375774632620895
6.163044635549417
5.566316793022018
3.5985744775463377
1.175971376784806
1.1847615371258502
0.31568424483108465
0.8553881051093979
-0.5870578228078546
1.1730590813065245
-0.05566638508351874
0.3312086502308686
-0.7252706808482928
0.02850432797853737
-0.34408111414559195
-0.1948265769638979
-2.657399579689884
-2.950809436029979
-6.190187451978269
-9.089362841860806
-13.2390986421955
-9.438351877759146
-4.290242028084159
0.05480379351651748
0.3536580483171815
-0.11487541590382216
-0.20298804725685393
-0.12414607485649092
-0.0828024707758132
0.12428835213964089
0.039771202724607255
0.18797734333385172
0.7132367130440181
0.335999992996252
0.24837913174428264
-0.4790321746772625
0.04962734095856988
-0.28110633937880924
1.7208645859475518
2.828167497657338
5.116128056278381
6.094229835957122
6.528248574843051
6.709544191247007
6.673482433845544
5.190216306935187
2.0539879952394857
1.4983753975903733
0.7952233813788006
1.054077755380618
0.08252027652047944
1.3671531162275983
0.7550023282313608
0.09768584655930293
-0.8363456417371138
-0.4510500606369303
-0.13226039549514598
-2.2267885952755577
-7.383640127609466
-11.716755748587342
-12.496499408336293
-7.655678478251267
-3.7476056633644417
0.3452546916176192
-0.19863007086407056
-0.4366872203850019
-1.3063860805621312
-0.5370357668206249
-0.12386614569534155
-0.21832860955003938
-0.21832497929043485
-0.5742930596132211
-0.5146406485056164
-0.7132480488065135
0.32654058846140377
0.44246892208954963
0.9483729706770153
0.3064504931021491
2.005131831688931
3.114529551554089
5.3731881814726234
7.096165514130309
7.310935046386592
6.194902380241499
5.502210894592882
5.806198327194904
2.5218670517873933
0.8846736811560123
1.0367654151116235
1.6927470745324793
0.05310106467176858
0.4693655478927205
-0.6385016159997899
-0.15257885917777345
-0.035805041776906056
1.2736246451666877
-0.01464976411437096
-1.8128636265798468
-2.3105047538859784
-3.6140800894278504
-7.080748230828522
-12.012752631623703
-12.192342109894069
-7.2148221998138995
-1.6625466052242805
0.5147589790696238
-0.8416586115226979
-0.6572470323210774
0.19880950646368978
0.7264353110985724
-0.08103313824795275
-0.44443443650925074
-0.41201621485779616
0.34183649673578753
0.040419253659460606
-0.3624818027147633
-0.3403589672944512
1.759853868102116
3.856253525182565
6.9820939354803135
7.539604391768971
8.28169467042157
6.472726099335959
5.088550136062085
1.954582446505515
1.3907879257720253
0.645547839333568
1.2501033266743566
1.189800232518999
0.4873603273280957
0.24767575385530638
1.3286111387009814
0.7497721131211259
-0.3717642731461835
-0.6570254182868369
0.6363388663491472
-0.537477419152612
-1.2335281673388723
-2.761914487325883
-0.7417324594057351
-2.244670016565071
-6.836253083916756
-12.98371220865707
-12.247278579688041
-7.024116811286312
-0.9480617618285814
0.6320818289750489
-0.8465766926853253
-1.3186076348376725
-0.4603029804064625
0.2570892011324226
0.13677634400037428
-0.12782330843947703
-0.7091732234473677
-0.10074254937655726
-0.09119068916979907
0.11873680841261189
0.09415420943479172
0.7588869557608524
1.0380459291320723
2.112892341647639
3.5733598849200408
4.941583238403616
6.39270922028446
6.009750905722018
5.0493336140522675
4.666320238096601
4.801871332677387
3.234960112258959
2.094944208547297
1.1736465704555215
0.7553153715478091
-0.3038963522619515
0.14720038168474825
0.5207467342825941
0.4846538718929331
0.27483876534742274
0.10671542088435707
-0.3607325190176974
-2.434489557000495
-1.2062574821741376
-1.7138714530973833
-4.2378682531931835
-9.202815450871356
-11.647910012297029
-10.121085580220278
-5.574403697463066
-1.6504636104817616
-0.7786311260562777
0.22550408210431422
1.221868612708081
1.3910202263566387
0.7328942256830375
-0.019666587159216105
0.10177408527083313
0.4573476061256442
0.4372683769308954
0.3454892478747015
0.2451675440221102
-0.009410856831627547
-0.3328543018384512
0.12502913481752187
0.3717888568238837
0.4586697912009207
2.0637790741455477
5.0093111363204965
7.18174205249168
6.809892627664741
5.366334735579861
5.2657917744360665
4.448110841699435
3.9823159804951453
1.3930588782563296
1.2969900093435436
0.06583529411335373
0.6122004119318454
0.5488531379394861
-0.024572768354504126
-0.7191433279732082
-0.5671848177444982
0.01644509399469836
-2.417784871595174
-2.193464288072184
-4.878909512438902
-7.789965647149369
-12.802460633786831
-10.42403172064891
-6.138281638053053
-0.4262476400348568
0.652000938622878
0.26328037138323124
0.04411225036141056
0.14538685555072423
0.7623612122644122
0.6970891269245219
0.432957027062016
-0.3267061025448334
-0.4605951814955099
0.07835618018998793
0.17658243412214514
1.0689214019105029
3.163691495740194
4.832961203770678
5.238994738056744
4.91537579163635
5.979311886380539
6.876479676424774
5.292362178963525
2.8080836922156283
0.7514908334921172
1.6945119317042834
0.7879010657293753
1.2209473222101213
0.7025341367614302
0.3350909704166194
-0.41715073329443725
0.1767963820412045
-0.07734649441050619
-0.9523013797323113
-1.6059503458667426
-0.7233080248670638
-0.4596349049980224
-3.4693548967906036
-8.611457300805638
-11.345855281592913
-10.445288157460565
-6.867808223469621
-3.506039019272289
-0.7399966010605314
-0.8475100716039178
-0.6786885028885481
-0.6203110681663854
0.3635534862486965
0.7507045844130312
1.250119014514979
0.681535596016617
0.6645755212971621
0.5518786912937921
0.872071200090279
0.3596266909181022
0.06038026054951883
0.052068437723518844
-0.04269750090811107
0.526967891952721
1.265019096014957
3.468377779099881
4.771740453495588
5.77187638277427
4.917857715567084
6.493847664492392
6.213540889394726
4.719109717655639
1.3273939840865046
1.4442635573502196
0.4568810259459737
0.7110232656032968
0.15272436831379668
0.1716392885930088
0.3001570707313454
1.0789004579247714
0.8125701834787553
-0.4537791137306187
-0.0036342475077601865
-0.18703564479349358
-2.088065190527165
-1.3458336851387551
-2.720937322841821
-7.106354926832245
-14.108662393763403
-11.853071330797093
-5.80410252502436
-0.7629284109672558
0.6372388926498401
0.9687053589485646
0.7253584248892092
0.1390572020011617
0.23244635985736847
0.14810293605287692
-0.12979148321606812
0.5025604404177072
0.20691036568252355
-0.38979704564697065
-1.0613787081597004
-1.22549903147636
0.10190256557765089
3.023418654442757
5.57224784817429
5.7512578129437735
5.651261428790301
6.949635363307203
6.534293520834395
4.34883752235535
2.1024127295051804
1.2873029139613856
1.3766606886079493
1.1719212556384062
0.49791086073553703
-0.31970165277091955
0.15711379125125996
-0.9525259057642996
-0.868460172484205
-0.14796241633129667
-0.24783471824154713
-2.4426298681234084
-4.340754535263878
-7.566482042124339
-11.820733082246404
-9.501343621005676
-5.525492831015754
-1.403375677036257
-0.6931921582091901
0.5459467222442945
0.42671635883125714
0.47300296181298795
0.5874924374807928
0.0014707922427088242
-0.5111928415087685
-0.6554962021801432
-0.11146021166576171
0.0013993829404624588
-1.177433077013984
-1.0870522548183494
0.4283743752273719
2.7353891209700514
4.610753944527057
7.078591137888625
7.33143889497383
7.007409279351288
6.845116679086394
4.082001668988596
1.8681275719159314
1.5800672176503578
1.652895276077085
0.08853741779578043
-0.13111781945719017
0.842781417275588
0.5986477637730422
0.7753530022433749
0.6463213975213357
0.21989107529158175
0.40675939980059456
0.18153823290534865
0.3553652207263202
-0.5651132494124377
-1.168129757372611
-0.946110434879444
-2.147659947770912
-5.5831688237993555
-10.969261066396722
-13.463442951988478
-9.798290237516921
-3.383336118224291
0.21124704356242066
-0.4437860643072377
-0.5690862585434054
0.1936000538489573
0.4646055128398838
0.05484925852805719
-0.23283221603121065
0.08307716705467177
-0.1773775499563974
-0.9927183916709487
-0.7287281481890313
0.7931338243431814
3.3525209234901734
4.587005438924173
5.19182203949055
6.004972773861999
6.41821437485365
6.645660551220636
6.512393350470715
4.340673971897999
1.601834884475926
0.340479731984033
1.0458381184592187
0.5728783811993924
0.27875668040694496
-0.022031070028801922
0.576553783788169
0.08244688287123683
0.9129112790765087
0.6504585518213793
0.931533226610943
-0.34449771687440306
-0.5251215292011825
-2.1238737955295726
-5.422847091944041
-8.79014847863255
-12.885933302401941
-10.45442702697874
-5.808223884949381
-0.757355655014985
-1.024514380668991
-0.42496748272850854
0.09630320320242267
0.39678601075142084
0.12403737007105103
0.1593211662638518
0.4210760867193159
0.14051901621089516
0.0712487970733246
-0.4233724539737118
-0.5209960317472047
-0.8704676694273612
0.35744234370725914
2.526056354711386
5.339996723969874
6.539075556588397
6.388731894284364
6.102688829614476
7.007892230379677
5.5944453661367115
3.2144551753592725
0.9438207763274867
1.5362394916774598
1.5427342939729638
1.219852740054204
0.032040749994350345
-0.24090205032580228
0.04401878509060737
-0.1719703751869881
0.07526379082701529
-0.08478761446939968
-0.04281200884145097
-0.28917742007794045
0.0202148330034348
-0.10976963889194516
-0.7433374897875901
-0.5433670993568971
-3.4854735534276617
-8.366301169434731
-13.246259793756021
-12.32647643051048
-6.679144390627315
-1.2137031996537353
0.3564538571074907
-0.6142490827876917
-0.2405935818317618
-0.19809334217701052
-0.5951914856409026
-0.35350354866970884
0.370511258229538
0.5411140373490916
0.07575856372291093
-0.5043470094551811
-0.22234429328319052
0.05540818322761108
0.15366274351756457
1.380369677475804
4.088628420376243
6.3202551633487545
6.507856073660278
7.039657084343461
7.604809210874216
6.217485578898412
3.2632486630959905
2.0715470784712275
2.2850844574703753
1.4603386242136915
0.1334526746726441
-0.08874849428805848
0.0420260106869354
0.18804326278790198
0.1959483640369775
-0.32160898976091584
-0.3759358982889541
-0.1566189122657357
-0.14420885758313393
-1.6571750949611284
-5.326938534808699
-8.730531606274779
-12.799247380076721
-11.195328257743139
-6.814350441013478
-1.1049360036304168
0.06537138879367838
0.5970157741190516
0.3097560345312346
0.18958656261157858
0.018820102252673457
0.12573070789803567
-0.10088242537480063
0.010117765567104219
-0.15677422718250014
-0.49151855436016206
-0.4839666936535884
-0.9843304521996564
-0.5492387993198748
0.9604683685885711
3.568025425229787
5.961530751059184
6.256675306344228
5.7674887215551
5.221970360034932
6.800978569619347
6.43256872144313
4.155190395453895
1.2435296584348983
0.8340170014998901
1.2912373656696576
1.5387817479520953
0.49294015820741915
-0.5193771146716426
-0.7138059413627756
-0.2946198979041964
0.09434857895328366
-0.6312122656676825
-0.934693446846389
-3.0449333828342873
-7.097534144274793
-9.20141920163975
-11.116744302619699
-9.162973670756728
-5.651168872936725
-0.24373243839886702
0.4346753298482723
0.2609984093311927
0.3945290690500127
0.02456905605298294
-0.2172173026796708
-0.09535571581498857
0.2636306924611159
-0.17191259246148038
-0.3592424412022115
-0.34878949274959115
-0.40495661585561143
0.6633205462985519
2.998878205178632
4.388649607228851
4.715605922572552
5.425414618867236
6.40802986929797
6.895438123282639
5.219052113270434
2.5246348942426193
1.7755396526568668
2.152333372324644
2.12989531785011
0.7110263233524665
0.6364424038556089
0.014182949733821644
0.2896359756090452
0.3352008616820758
0.5267674673325706
-0.4557760157468775
-0.9072887072727868
-1.6759372340999599
-1.0417025278954088
-0.5700931272883838
-3.2248563300306587
-8.95502187147887
-12.235185199219808
-9.793121969647583
-6.10642322936061
-1.724716068054871
0.02458772758955814
0.26214524229739256
-0.2376192393272227
0.250302262579569
0.8251215517330165
-0.44966025680087807
-0.4118459537975623
-0.5188097682723304
0.4409746237790336
0.5004642891396294
0.9800499199651443
0.30893157249640846
-1.4485935826431517
-1.3229555469228775
0.9744935740152645
3.747218256928071
4.86075565442584
5.1781884817351065
5.605663665152905
5.537923288624133
6.291233006066824
5.347711019348693
3.9706692797055645
1.0457304169569954
1.3956409189049628
0.8354423281150445
1.0814065601998484
-0.12009579524139401
-0.1711618582837002
-1.7419113737288918
-0.11307258727740942
-1.8115481585299975
-5.38470492866185
-9.505710635882313
-8.787470337339407
-8.873725811469333
-6.20203838382816
-1.6078365908451602
1.3013192479620435
-0.32825350572769396
-0.9316140481548038
-0.6450415437857537
-0.6624760733919984
-0.3921119948140418
0.19288057358769692
0.06648802284626931
-0.8071981794803144
-0.15553716424490824
0.12376704249414931
-0.2844341172216536
0.05915925163659871
1.5268007784642603
3.1833926996317228
3.232585147634141
3.4955279041688003
4.6704441148581
5.709063186133321
5.838919981827708
4.564228447510166
4.482225124426155
3.909241045250378
3.165091967461589
1.6321069929074934
1.208852454711402
1.028133597701187
0.5811050418709331
0.1718891109754681
0.21936737277072596
0.07533630337191329
-0.030859592476084226
0.025618095541980815
0.0012659889962885638
-0.5997083032541424
-1.028776314871725
-1.294474501996339
-1.351874117695441
-5.456885999515999
-9.529085288949148
-13.227889332216268
-9.55812258241773
-4.253298787370916
1.192941912142429
1.1531970549480675
-0.015700599563512666
-1.0758701676755633
-0.7220989700030628
0.12588925245677057
0.43503749851577816
0.12324560909290051
-0.0020229412359091853
0.19432216786611273
0.10241716539368848
-0.3064191662932355
-1.52479240189575
-0.5902039899200542
1.7868522389827484
3.505016050426977
4.3366751631153875
5.777202167017991
7.12057757932304
7.0598344082370685
5.832430790756103
3.803814603202738
2.677741042181242
2.1286625735268103
1.5315678828021744
0.38465262953712315
0.3432528066754221
0.5594179505217352
0.3306659280945034
-0.15844326029901679
-0.11829377191923125
-0.17417635703058978
-0.4352221141212057
-1.1803900152977962
-0.9531794807413849
-3.7272347524586333
-8.411474849658145
-12.020469834812241
-11.119403787825922
-7.281429777893127
-3.3523333000037265
0.45070230558958574
1.1790139050384878
0.9531497285895527
-0.0011623761338084696
0.06690208286046653
0.2263000887843681
0.31820695454974546
0.27741707851152037
0.3603448916964663
0.30728008495226805
0.15220275239910105
-0.20819864727439036
-0.06663953117257916
-0.6444143449470152
-1.1324449164752233
-0.9417733307140763
0.8527452629110392
3.8140069349519927
5.139923596796176
6.401748846103598
5.6106223586708195
6.607288861385799
5.875394614905905
5.211860071346891
1.941182215553136
2.1352519617411483
1.6846530522472694
1.353530840142218
-0.15150804547615387
0.10018827307381116
-0.6514221645856815
0.1630196041491953
-0.07367209492415736
-0.7514769074915242
-0.32129392889898295
0.16547691942792095
0.2898472218455504
-1.6338838878464657
-5.479827648982783
-11.247919676566296
-12.194645788835889
-9.22731207224006
-4.963847038454921
-1.6308813037053815
0.4774850600862132
0.8321709054893329
0.5513997892545205
0.3649719422965183
0.24078279225720878
0.10747057073308419
0.14302028354746069
-0.613512998433327
-0.5249724112429578
-0.3541513898050865
0.22849030239623946
-0.5464677027896706
-0.8611623723561188
-0.15647031000674605
1.8679435955748316
3.7841600172297873
4.309193876399653
5.096054314484592
5.985619024040215
5.7611751941910585
4.885694503364091
4.921599493176099
3.5959487066290707
1.750463714628336
0.3497190809301486
1.1215723116262104
-0.18139570930336296
0.36490067433922435
-0.05192642419602784
0.6318139167788143
-0.3822718832710683
0.18500361952596908
0.5946120507523682
0.5191178181732232
-1.004912017623761
-4.497483117684218
-8.28930682582988
-12.558271025516616
-10.96388363392165
-5.226346953835664
0.3647561668106727
0.7771590628754872
-0.05634943236779809
-0.327971591818069
-0.07111991448475478
0.07651870137975439
0.11776885984952748
0.4410653731836096
0.013326974463682343
-0.5778595391503961
-0.9246454367716848
-0.3359453591321534
-0.16715801899140964
0.6711964111354801
0.2008109671761302
-0.4698650452555004
-0.7036781386923245
2.3403361491799166
4.916576235454462
5.126410272885978
5.038618723849392
5.229923458692376
5.5066120827544
4.701804466814699
3.9185446261838868
2.638465573494976
1.3087779668497646
1.2437172429653671
1.0646608575081995
1.2951327102993009
-0.38283660436101385
0.44295893794730384
0.3056106472551719
0.10053516088155762
-4.497514036059731
-8.856538740919941
-13.203741717631996
-11.715697923943324
-6.774760983644837
-0.5562762060540509
1.1007386825627647
1.262743744318345
-0.7465589673944675
-0.7298910640584363
-0.5541395408882681
0.22187805540062483
-0.38155000178751125
-0.47868919400309434
-0.2353187708227656
-0.504275562127084
-0.17111370292054912
-0.13596774745564
-0.3881768472628273
-0.12205095017869122
2.0817034647354213
3.5676534482206246
4.146657142532663
3.962570359279528
5.250046133878071
4.865677183728026
4.454130264213392
3.8625007001047207
3.9865329339176236
2.517030381281603
2.143328680513272
1.824112055256414
1.0762745842469492
0.3942468513473154
-0.6233382579177958
-1.226532926821026
-0.7311650963209086
-0.5194767298091747
-2.973863792782823
-8.098637920324737
-10.590896514584312
-9.386659840470262
-4.786033470853786
-0.7234522212218275
-0.23958361719922525
-0.028485471534188078
-0.7234048789345594
-0.02115561835342737
-1.024930254858052
0.28033264225643156
-0.0020095932607818914
0.09075317021014123
-0.3823849026832239
0.48470257066412037
-0.11279810942612613
-0.9765762501230294
-0.9674639968592422
1.0601952356745379
2.997276059771088
2.986298337713128
3.4358203840476187
5.0701471578627935
6.356417764468463
6.2756002353208755
4.863276510492037
3.9979584062120135
3.3420202153351144
2.818483930117815
1.0697971871837617
0.6705909352670876
0.8650574717937712
1.104130076108479
0.0651051372315035
-0.6042266117238936
-0.7818155130423543
-0.0076031674338121625
-2.650460486108984
-6.0647768186106275
-9.526654823131057
-9.823062169942597
-8.540179592768995
-4.93978676504054
-1.4396989010265258
-0.4544082495851834
-0.44041778417718946
-1.2884930755497581
-1.4920034791384427
-1.5011489227298018
-0.6686207950361194
-0.08896376184518126
-0.583626175629237
-1.1152280435832882
-0.8642963096267802
-0.3731109912443501
0.4958728146321438
1.307578884036078
1.3516948074436566
2.236631885413166
3.3020671971351585
5.587589038961274
6.4250212025044515
6.3834428597633375
4.922337939292091
4.784448063213157
4.265106161563106
3.385547637733827
2.6589214946269486
1.922789891459891
1.0256818185568457
0.051117442207796036
-0.1206266413641799
-0.5233441585993246
-2.7401605287511126
-7.746737241862352
-11.78748184247866
-8.914955069175656
-5.314616403543771
-2.5577217162958243
-1.9435670676593826
-0.3033620763005291
-0.324496728118855
-0.10646661785769453
-0.45784565447818387
-0.19323242014039915
0.16312691310556027
0.7590606752442148
-0.14108327601570572
-0.7906393822517807
-0.9961557899889404
-0.2257350236199304
-0.7143250083318693
-1.1888929417930387
-0.1455805425561124
2.1466181411683904
3.4397617422107305
4.257939486589282
5.862525107375002
5.998768295448334
5.855955570796311
5.136086259771645
5.385752297501518
4.388486502412042
2.811018944224699
2.057317643054989
1.3881397965356175
0.9410698227531957
0.8865883860279926
0.8925117089467641
0.17012115185998844
-0.4972937714327202
0.16019482325177603
-2.835818926380732
-6.739082088812315
-10.722684676424212
-11.175772065246026
-9.963825657387966
-5.2410689911423765
-0.6787426954692586
0.7558372172909025
-0.32226221767879276
-1.0863722570365373
-0.03508022826584472
-0.35608869148217936
-0.7108428773961402
-1.1554992601718546
-0.2719524573908926
0.4073223170935815
0.3173392582797238
-1.117351069413567
-0.6174782186335491
1.5463690576992846
3.4906207848956643
4.831973673824366
5.755839632472326
5.071999093549399
5.612418635006531
6.975880952768212
6.795405711988493
2.851201005831827
0.8417652719632208
0.9690753520758939
2.2752768367398852
1.054261066292641
0.036732091428344084
-0.02765509208564933
0.9382206082862287
1.5813626078642373
-0.11610076470398129
-1.1172528876275591
-4.474487547117724
-9.169360024543135
-14.615162458481509
-12.373486035145273
-5.6143270139706285
-0.486783342157424
0.47573333563009146
0.36576350195610896
0.4558330439059192
-0.15299569716942832
-0.8141818517365692
-0.7611659627233428
-0.5240216492249448
-0.44224914594265907
-0.48296703622789816
-0.5872279379834273
0.16043874095082522
0.6674227477290904
-0.08010853186285802
-0.2258172476213644
1.1867724192882034
3.909195318710536
5.931813668128018
6.681014999515024
5.812131621515527
5.159380356019232
4.794802172118811
4.883819412479349
3.5508629367134104
1.773293904518055
0.26750377067843484
0.5791343907035148
1.1007664697638657
0.2994397349432452
0.04566106501024329
-4.065023669751063
-9.275076156069936
-11.803991613339958
-9.655952075026182
-6.257991958971315
-2.5274483681504276
0.136316786734832
0.16794196935705674
-0.6869415959040389
-0.4827404301220866
-0.5619505560150289
-0.0031976642814808983
-0.5701646925844713
-0.7444378774534587
-0.30009323798888776
0.8178722173203056
0.24492970749076948
0.12547693097117182
-0.3812681637710752
-0.3231338209356039
0.7202539494718769
3.5757704336699065
5.152289699447996
5.827696361275294
6.132888125713255
6.5772996922071805
5.670747494584647
5.098951366270624
3.174188230153271
2.574287204788668
2.14689000178357
1.677330201985465
0.7547346676849528
-0.8664973498582444
-0.27248489508167933
-0.5059603388484434
0.023929457974645886
-0.9905370607435046
-1.259418365105745
-5.563616771888818
-8.170382921923272
-9.324827689625097
-9.31587221509726
-6.5733277192303605
-1.9524784291497765
0.6455457910482422
-1.0088838080275926
-0.7941565386573232
-0.8972194478748606
-0.6329224500110358
0.20321618203625397
-0.13102766339148675
-0.7847307101595549
-0.8546510652833353
-0.20672639350001085
-0.4903988695760512
0.5963190308817603
2.228844264811765
3.356928843033869
5.0188409063395065
6.862660083441192
6.87086234848979
5.575617868293849
5.2285922066804025
4.491831407213855
2.9998587300808373
1.7897641274326714
1.7192859076097955
0.5711190655580092
0.4379153844683419
-0.1591941863681496
-0.1722794971405959
-0.7293690536330814
0.17364044842536014
-1.3793518828142333
-5.581168532047
-7.950378953013092
-11.219049396710483
-9.839485870983458
-6.898620298018223
-1.5639604278302222
-1.0824661829173847
-0.9453348182937457
-0.8576655277537768
1.0733941818227342
0.6488077822404127
-1.0126503774891606
-0.7894720070152256
1.0201259970990637
-0.4993055925423329
-0.3886271079031442
0.26124771553888954
0.6739330875607817
-0.3187670725211602
1.9914690323126856
4.830716010449979
6.867059474754655
6.655549516840662
5.403627561875671
5.137814681595834
4.7951091044924885
3.659857786195745
