0.2055569250335017
0.2704672322823305
0.32089694805373564
0.3565431193279154
0.38995277437396547
0.4328393881364424
0.48685132436550294
0.5367725676980352
0.5759089433741466
0.6179660052745641
0.6503248134788664
0.6724541391513361
0.6833921263253876
0.6955126024599948
0.7093540553942039
0.7191758617600285
0.7218589786653387
0.7031758780882456
0.7124209429919286
0.7432536519990697
0.779925307975678
0.7923608840123986
0.8075466421467542
0.8268055562547044
0.8416111276827404
0.8678074886379252
0.8961862781843422
0.9264659648170784
0.9436955104195417
0.9633153726208561
0.9747444530766467
0.9823717863267187
0.9807443911322169
0.9819814706485672
0.9761858010106851
0.971077619139752
0.9641915917002072
0.9644380697087013
0.9662000162432236
0.9716391486013789
0.9799915044307171
0.983383549776583
0.9698882680910126
0.9253513886789688
0.846834314210036
0.7379131640849443
0.6354255680610679
0.5528590638160028
0.4865540809790282
0.42502862104695993
0.37694755468641866
0.33745036721623967
0.30902647880808876
0.2782096965863813
0.2371379662802564
0.18007214749429984
0.13468006807458288
0.10918394208232214
0.10320219235943642
0.10023091263078503
0.09978026372698102
0.10285805706346782
0.10697878799906992
0.11105399642616152
0.11493706112501255
0.12080785238920012
0.11976303811863206
0.11237372579708355
0.10922917583485266
0.10678498802336767
0.10540399877235482
0.09633373309307422
0.0860025592030641
0.08053631002695787
0.08443638002133022
0.0871794816482216
0.09083740768416658
0.0890723246778033
0.08907401863362543
0.0877308700287961
0.09780937829277933
0.09568993215310476
0.0971756702488848
0.0871841707386457
0.08303105575800607
0.09131884055850592
0.09850501289991609
0.09724309857552453
0.08835285260505882
0.12651307542581341
0.14391949999050124
0.16317836744178982
0.1441204135354058
0.13624388861992437
0.11366387233010339
0.11043644305637541
0.10761166371449668
0.11193337840353904
0.1104464148264007
0.11057377957370541
0.11714434710640562
0.11340166311681638
0.10194312616900993
0.09372819638667063
0.11490732095981843
0.14429846624345688
0.1352371190590161
0.10523582935851442
0.09091677106022926
0.11764895298173055
0.14855289613575887
0.23583303582995718
0.3569520167736794
0.4945778069008564
0.6137349646266792
0.7254688848473314
0.8094570897576561
0.8648296032907822
0.8929021970015407
0.9080303121789637
0.9217401937964493
0.9388010974202634
0.953099904230837
0.9640045231505844
0.969991886653605
0.9759011192110073
0.975904600284239
0.9804765753594947
0.9817867676908767
0.9862243001933699
0.9845193376370921
0.9885342929204366
0.9847523670011867
0.9888955716268738
0.98783845111902
0.9909474895242802
0.9893866232532064
0.9907193882009945
0.9904967101921848
0.9898814464663208
0.9903075716001526
0.9825919550294752
0.973669937479004
0.9627897905299588
0.9600208706388009
0.9461877170577089
0.9261536325467443
0.8989664884976992
0.8753097093552191
0.8546297107144315
0.834688424841612
0.79075382082401
0.7232664181939221
0.6358847150772975
0.5309923671275922
0.43355410308400666
0.37386499136678286
0.351733625507772
0.33625905222817465
0.32613653440019574
0.319894733457715
0.31166666819378197
0.3016791224932065
0.29704041071043646
0.2967111515755314
0.2965905685831325
0.28748460670367354
0.2842543436576856
0.28102779565073843
0.28171372488203983
0.2713064682555307
0.263144195657932
0.25473263558474674
0.2519137720544608
0.24635025058622098
0.24028403600250234
0.22648019111084491
0.2146749412410644
0.20359594278056764
0.19870211617194278
0.19112926579697137
0.1873554132535545
0.18467843579638366
0.18493154558077596
0.18159889329500262
0.17727754514888416
0.17424797091330957
0.1762514460495373
0.1756556324283124
0.17270764494448554
0.16904422390041238
0.16954674871645067
0.16983475549342436
0.16861784026662782
0.16816452640482876
0.16648472871316233
0.16290960377740485
0.16939272220786217
0.1741260321299628
0.1721570775750233
0.16027507611428032
0.15991895752169866
0.1583552442285513
0.15626710762939466
0.16107709736429462
0.1634328009563022
0.16477940381903594
0.16016792551869316
0.160208533320543
0.1576053820017057
0.16048573764659763
0.1632933113153749
0.16182951789374594
0.15515753954894368
0.14463693118021226
0.1439436530189287
0.16987670651131453
0.18323326243456461
0.21973120448705616
0.2999768761951293
0.41614469939618615
0.5057040409862896
0.5741729483908184
0.627132305279414
0.6655974057566385
0.6942561099350537
0.7169015605841598
0.7379183519475595
0.7442102587948785
0.7487585273658536
0.7693651873256148
0.7887850653848302
0.7705076727961119
0.7531680803911723
0.754925659346151
0.7664795464357471
0.7656240427022476
0.7717344667898742
0.7756280921450327
0.8010677441940006
0.8438363722793716
0.8809481536979077
0.8973284094896202
0.9149614380424399
0.9386990335991797
0.9533416337267587
0.9591886000809231
0.9680810797232224
0.9789061911887572
0.9807712777779729
0.9771538370701037
0.9755925905571987
0.9807875281551184
0.9807149110747776
0.9848131195196437
0.9908039452669863
0.9964834510077402
0.9965106293358456
0.9929806772405704
0.9931403523275688
0.9967189884988805
0.997899650202066
0.9945934722781709
0.9930766591185485
0.9942267584373586
0.99116787062343
0.986131957065796
0.9800206263842939
0.9750845122475698
0.9701879855932112
0.9747027806654671
0.9750835178051838
0.9747117065923003
0.9690323019721331
0.9694055215729416
0.9648406678842351
0.9522940661940018
0.9239307315476487
0.8903887845454095
0.8636766028758297
0.8546848290750907
0.8526271610500189
0.8571084099265742
0.8625748271199668
0.8704242571549392
0.8741893738082599
0.8676848780114087
0.8494045154523879
0.8224769251084514
0.7938881106863378
0.7582439096043703
0.7123030307535376
0.6653524537006676
0.6364871972091293
0.6313015867270046
0.6395921487142968
0.6554407929863778
0.6746835049058477
0.6761077306411983
0.6603431654927359
0.6201900248562864
0.5619250603443975
0.4811148333886642
0.4170947265074423
0.3687991635208005
0.3334830118643979
0.29075108063569616
0.2527492500005755
0.22759808624430125
0.1990001639496639
0.18629029849328327
0.19133492214316936
0.20829812635373074
0.2053033835540536
0.220849736121559
0.24818286490492136
0.20448398815638885
0.1535423133699075
0.08974139643520668
0.0807853121956133
0.039863036522354255
0.12041444840568093
0.14722458229314947
0.13870117162597373
0.06402738436292593
0.07144731495594207
0.07593925826660217
0.07650621108356143
0.07847952070990054
0.08113048393729622
0.0716719817678545
0.07241068989031578
0.09715585066002809
0.11135866641642066
0.10401716705218673
0.11946043697089694
0.10726409491259609
0.13398008718253201
0.12443469063672846
0.19410112666139268
0.26074129433153836
0.35825310659222276
0.41148922824589096
0.5119884022292868
0.6205726446801981
0.7065067704325347
0.775143433100275
0.827733151434572
0.8650407565923937
0.896409105165142
0.9180125500475305
0.9249957333047052
0.9269352726517566
0.9271496964678189
0.9251767792177572
0.9270432663202893
0.9330289232284399
0.9386212781419094
0.9412298494189548
0.9464741374154374
0.952615290959594
0.961690843946919
0.9626139274925002
0.9609707954879754
0.9606969685690756
0.9666920186083491
0.9701560915011346
0.9740427631401252
0.9758468857384368
0.9784068928954589
0.9807678836193959
0.9784878378568498
0.965953580219132
0.9457185694144453
0.9214658691464044
0.9005410477530638
0.8814666422594492
0.8542275875779444
0.8119437404004283
0.7592247900696525
0.6981048646327115
0.6287344090343743
0.5539028744592034
0.48918916183923605
0.45046865011170667
0.4352519591830697
0.43506290407841064
0.4373539605854316
0.43490068499753803
0.42397284068274094
0.4161021008983199
0.40313916134973654
0.3749670263274428
0.351653065245157
0.3377177940097087
0.31593294329779764
0.2808682498038114
0.26043299961315236
0.24445423806821542
0.22202362920345908
0.198007813128648
0.17773397928276125
0.16275081143905107
0.155189375812149
0.14876460218363935
0.1386211485783877
0.13185340721561623
0.125037308769502
0.1121485209332446
0.09114679620637176
0.08071419936919619
0.0867628612330962
0.09652172806252551
0.09489487795758723
0.0918401177396034
0.09897220416652626
0.08608475787736639
0.07328681771028439
0.056465210365533675
0.043740111097639145
0.020164161383466453
0.004284030545723127
0.013537400136529326
0.01820098371041857
0.02698933177778374
0.09506577596394794
0.17327404303221705
0.2182801849198251
0.2455898077323807
0.35228480915542143
0.4698790830195827
0.587911041355281
0.6806024623043647
0.7596496241784163
0.8079006482375555
0.8461343130826068
0.8781887454070283
0.9068335897438244
0.9218936111341987
0.9319261585986335
0.9449933657713092
0.9533198118954921
0.958778956552446
0.9569064468555167
0.9577694226322063
0.9576373179744873
0.9612421588434605
0.9583786296818306
0.9563384123592998
0.9560845458481828
0.9607401408157822
0.9630060148307829
0.9618809351834368
0.960602488363052
0.96045190080951
0.9591870133400495
0.9558017449769085
0.9566768916932304
0.9583842474325472
0.9603091339293086
0.9586346297688949
0.9533542839283433
0.9523719178114822
0.9527460852744769
0.9566686361232046
0.9585515297686659
0.9644261415012099
0.968072535098589
0.9682836121315965
0.9679246694970324
0.9632962740090989
0.9493522018775633
0.9290974548619653
0.9071619981907504
0.8918630261766657
0.8832689986434331
0.8832364924948893
0.8817084672827595
0.8832809142315305
0.8822308035359776
0.8816177991577757
0.8746125306577668
0.8587785266721584
0.8294445552101974
0.7914635743529375
0.7516124197864232
0.7121616416864613
0.6810789094062308
0.6631599632889191
0.6549798185037475
0.6400168670415404
0.6267636661827354
0.6023589472318204
0.5589300861571289
0.5043412634321793
0.4651712138957844
0.4330712745288846
0.3976488963002236
0.363104530374117
0.33016143433857303
0.2864334955829392
0.22657478055895783
0.17501093855991273
0.15378556734357063
0.1477291959583388
0.1412581295912801
0.14530205444499827
0.15515388513269668
0.16106349366164152
0.1577163682567218
0.15853695387704547
0.17390608370448654
0.1886435115345939
0.19931955916400634
0.19218051693451418
0.1928146931421558
0.18310260381770319
0.18107505640367072
0.17109281588181285
0.18144770599590115
0.18691882881337313
0.19148932923217404
0.18358176229740905
0.17909060384037323
0.18276552164268017
0.19887087062392111
0.20949271179210666
0.18980817426226737
0.17904486003715536
0.17319276551885004
0.18152833298534551
0.1798870702061185
0.2149561148053677
0.20405501199600817
0.19578617508784824
0.17175456910555925
0.17595270430648846
0.18033410413940468
0.20718114071473734
0.23099861702706204
0.26378862318097934
0.34753748315907423
0.4616046534726158
0.584285420401127
0.6952626244612724
0.7755242708916699
0.8042491749224989
0.7954898314633729
0.8054726861876923
0.843036545256648
0.8810542660876841
0.8918066894919958
0.8969163921834936
0.9038519367937404
0.9094859011088285
0.9135440467168382
0.9136558633587251
0.9158586070166936
0.9161950090124875
0.919357694479856
0.9218681320713841
0.9223376483988897
0.9262836495861784
0.9198506112218772
0.9133811109987381
0.8961859370776188
0.8883447002569071
0.8798869188632439
0.8795596992789361
0.875814805766749
0.8824540103464248
0.8999594865986338
0.9174360813729547
0.9200239184741363
0.9173146025150646
0.9196727695435786
0.9233196375193468
0.9277712074704006
0.9280501233216131
0.915560063448615
0.8792813997437464
0.8264811012218045
0.7349270737659999
0.6067501319767107
0.5022137914996996
0.41776513805537463
0.3492631519597669
0.2999605947768196
0.3044658002751227
0.30278383438758566
0.2906117586556575
0.2711293095467987
0.24058048361776677
0.21242269551996334
0.19199577369906543
0.19610459995741125
0.19227285762625734
0.19520727255488546
0.18803247479545243
0.19381559633949783
0.19645628240531834
0.21070073060455055
0.22626276871889714
0.2469518284108485
0.2604328604705513
0.2656470629068902
0.272711309280518
0.30609839040109094
0.33595517467657726
0.35698809045078894
0.35744034452239254
0.35209374921395176
0.28807394915353035
0.2896579248867364
0.3068033540948513
0.30875592245965316
0.27832606940284554
0.27073868590594297
0.2734506259552245
0.2732520461839987
0.2765003502196871
0.28078588639539015
0.25584486348490443
0.26705400253507144
0.28856727169256585
0.27671865535155016
0.22204764311063885
0.21224275310727128
0.2987077473121203
0.39676137095708597
0.5046930561676061
0.5807905929396167
0.6539339263743538
0.7362268761983377
0.8218094496154551
0.87852550755166
0.9187009951836382
0.9380791863135187
0.9496583464616852
0.9525877015147174
0.953547553928686
0.948792204923526
0.9355176752914129
0.9349853467330008
0.9280184063145269
0.9286893709475785
0.9256515857019163
0.9312460535819397
0.9357510279264726
0.9377392383379823
0.9347966748994924
0.9312981627845471
0.9381566458298867
0.940080531180382
0.9383547090674055
0.9410931464000328
0.9471196369083585
0.9491366160555029
0.9484873295885021
0.9499068444434386
0.9520775976545752
0.9536673055468754
0.9541114139359278
0.9510643102544032
0.9478827015419489
0.9449875147689333
0.9454963085904033
0.9473380253143638
0.9474857078885455
0.946990080320787
0.9527102168474111
0.9565438323873728
0.9340030790565717
0.885919378369832
0.8057103973359485
0.7051314208609158
0.5975341546335007
0.5113499940630684
0.43977766286091174
0.38466732507759593
0.34407046127698726
0.3155837208156458
0.29655708823758803
0.2774570913975911
0.26245507771472715
0.2726671699273452
0.3152441900716466
0.34023501147393925
0.356090342978295
0.38725671276254037
0.4251187131116937
0.4386308740310487
0.43956851581877154
0.43826420558005075
0.4136099093244167
0.390817985496832
0.4015288953223229
0.39329772397005847
0.3545472123214134
0.314574663269159
0.30402842471730374
0.28385030205435896
0.26910453437389925
0.2644006330179373
0.2661551422824306
0.26851220601883474
0.27901840079023127
0.28100370040034184
0.2734752803343604
0.24863506072093028
0.23608711582843772
0.23880884085292872
0.26029319782171273
0.27014528421140566
0.2651416235449794
0.23875728724430015
0.23630853362954204
0.30730529088530945
0.45200322433674195
0.5936394160365491
0.699466761153425
0.7737017994258429
0.8354486826270908
0.8624707013062138
0.8851505067100467
0.9023579212609509
0.9219313979039135
0.9348390679069711
0.9417690827199208
0.9441802224765996
0.9422394499590163
0.9378922475200187
0.9252007881828862
0.9134628352195523
0.9024845346880969
0.8989166591439616
0.886615969467295
0.8863942737967017
0.8922310956907349
0.899091012873611
0.8985360047168054
0.9112623973716355
0.9250621405023538
0.9200669420007787
0.9181200156675277
0.9220165648407868
0.9279513210668667
0.9289774055489441
0.928953562941051
0.9280012613425193
0.9270453736051594
0.9276288608883972
0.9295422888621544
0.9352434425736194
0.9425175203110914
0.9455621140150717
0.9419513883281689
0.9376857629131788
0.935308731213532
0.9390591137609312
0.9380420420503349
0.9381608524764229
0.9327437092588393
0.9372700458637182
0.9347970682485464
0.9366589520701365
0.9366741153650544
0.9392083013776196
0.9341119082220919
0.9306306433262009
0.9288973785290333
0.9255191481852385
0.9258415552701161
0.9265663948493359
0.9286567622186882
0.9253638324395693
0.9257061907595259
0.9248912891375857
0.9266636633844328
0.92822472194433
0.9298572852848108
0.9257496535861691
0.9149604570569281
0.9046007305594994
0.9001304040103767
0.9018003505312754
0.8969188324071751
0.8835109914819345
0.8631100325062391
0.8301947649381827
0.7583619045566492
0.642651685032684
0.5125412580425233
0.4076210966247583
0.3575538502154024
0.33311131081285894
0.35097348983789856
0.36284852802537193
0.3666414448801622
0.3689310608417313
0.3932142799181633
0.4098147096674397
0.374125887283582
0.33658532184839945
0.30947223960734827
0.3137344932046581
0.3325974302706448
0.3468415978775761
0.3490805432839742
0.32995147395810964
0.31897372406126234
0.3047265326951455
0.29343017516419695
0.28058203204906884
0.2733067763057514
0.27393593001610006
0.2669936355733769
0.25918732832218017
0.26847510483501336
0.27709551104618096
0.27320891732035046
0.24500222854001338
0.2582966516870434
0.35160876090153137
0.4922482692977125
0.6126580990506092
0.6975192941355268
0.7865804944690645
0.8448630483487245
0.8860462775441224
0.9079723432662113
0.9310380541117731
0.9484030869554215
0.9589902206898204
0.9677363772192576
0.9753011990232102
0.9823182029247747
0.9793258461188779
0.9768933179708301
0.9754604533397534
0.9696321447767207
0.9606537534517512
0.9573152076691421
0.9293959089161996
0.9250351890923473
0.9319315044996732
0.9536201119353127
0.925350476826778
0.91732427519989
0.9115537273671427
0.9255666421658572
0.925681055223597
0.9330295670200378
0.9284855489141685
0.9375187290489354
0.9416482231280029
0.9272130533410661
0.9100687776442242
0.9161135314995215
0.9228438628804311
0.9197947143204839
0.910147879301199
0.922560047536737
0.9301705152480269
0.9430847252980974
0.9314340289405133
0.9232321503911542
0.9079357916368231
0.9038611070369538
0.8944023128172153
0.8817852087496216
0.8640167221914211
0.8514951875092803
0.8290875503568184
0.7928021459708664
0.7603565470614368
0.7390547842064369
0.7291481519458903
0.7182523201621567
0.7062698513103771
0.6743545793876601
0.6409069240106792
0.6060693029550925
0.5875973655994348
0.567966718387364
0.5592859472627462
0.551919350725819
0.5674591183099932
0.5827263693550279
0.5836859330432219
0.5555028712824321
0.4969167010908877
0.39882769223670184
0.315649981347767
0.2558020933842621
0.22792294794919263
0.21431458547343912
0.22520729450517873
0.24111842068641476
0.2796153277538817
0.3184667546938018
0.3256621642459023
0.3032075672958501
0.2850321590869106
0.2725422165786102
0.2590132295558172
0.2322758270773986
0.22723221685865297
0.2324872220056117
0.24080061598117664
0.20023727016396864
0.1784231772076365
0.19501087860284935
0.19880698701427918
0.18135929833225806
0.16341740616821274
0.18495387100927624
0.22169052812530887
0.30682046491205206
0.3467288176202343
0.29762101027888843
0.29114406625368616
0.3241663510685069
0.35431812967627324
0.28730237947866877
0.3332061261589586
0.36358881230587026
0.38542617654523015
0.27584794872005003
0.19643558119360094
0.19768768111527257
0.3290317555879015
0.4721925464791308
0.5793633082460665
0.6828118272001514
0.7725982781088712
0.8309041286399412
0.8676665170822366
0.8844800970313994
0.8926160516249665
0.8977326181739654
0.9075688857439322
0.9127390385405325
0.9209691549932437
0.920629017641769
0.9190493847377462
0.916497371680998
0.9299376176488099
0.9426633618943185
0.9532140998378709
0.9598591604177151
0.9695504377657582
0.9677445920709489
0.9646872274560976
0.9646126840742486
0.9699602056674301
0.9767176935126338
0.9837732518682708
0.9927401751765303
0.9946253773156067
0.9931610147095887
0.9915475231068221
0.9929419605734365
0.9892100697504065
0.9754369519591382
0.9647418844918231
0.952709045535952
0.9489109063720138
0.9552450644679245
0.9648489036216769
0.9611392779297463
0.9526249447604077
0.9446845274085196
0.938323327288006
0.9365205281701174
0.9371894478130577
0.9298745738978077
0.92042351178268
0.9141324016351946
0.9072165312397538
0.8872761516350329
0.8443193250877825
0.7648197901286214
0.6550326611092714
0.5536069947889706
0.47874932053815744
0.4313163005437226
0.39050054375783505
0.3602004725801753
0.3406250631034896
0.3286719558557217
0.3182121394938483
0.3001058294331528
0.28972235472611024
0.29173716971627095
0.3111410035102745
0.321182408458679
0.31949314824262925
0.3113921985852649
0.30553785970560604
0.30300118796887554
0.3168057434944522
0.3296886938207436
0.35741621459292383
0.3676343950497085
0.37754607750050373
0.36565686554886395
0.3522409205582599
0.33229766466375305
0.32873195321120047
0.3262601659754693
0.3154182798374869
0.30784039950378583
0.29665757539248894
0.2818964579978226
0.267445843581387
0.25846645490251163
0.25877844408577755
0.2651120351473647
0.2686566858343594
0.2644446309756742
0.2584025442386618
0.2506805681017271
0.2522333785468356
0.25693417559045606
0.26244713144496246
0.259576700208048
0.2599726971623354
0.25588219446169763
0.259223504785014
0.25741589932110737
0.2556477114828886
0.25104756014968743
0.2488322025611061
0.2498534620550397
0.2499124956460227
0.25304288263749825
0.2545807319702299
0.25840378846768025
0.252994393367204
0.24639751379274716
0.24088131686088832
0.2395780638367941
0.23955838644691824
0.24299234432662548
0.24535925562628275
0.24590979983649036
0.24927713523313347
0.25202157506778405
0.2440077621232744
0.2369507459059129
0.23769223906047257
0.23712913029475938
0.23010475910776945
0.22233934610090816
0.21823957837401564
0.20861558078675466
0.20218174643613618
0.20480539196428663
0.2166915067345887
0.2512834120906311
0.2585200479604989
0.27883926707369616
0.36604432254688846
0.5055702326922455
0.5994572839053937
0.6540952297804894
0.7265212875250759
0.7964042977730759
0.8482862000145829
0.8727223747658185
0.8930562440050349
0.9157881132422788
0.9332118837859897
0.936561343979108
0.9324710555846495
0.9230067758699532
0.9315259926798616
0.9437359610353605
0.946537132644145
0.9360466138696277
0.9404025888798229
0.9452473522471313
0.9450329250547459
0.9467273490231326
0.95356629315195
0.9569981572745272
0.9570943690338412
0.9525125315094777
0.9521702013743504
0.9568900456588098
0.965171204257344
0.9683513755368756
0.9664340735351385
0.9676816542274799
0.9649634776320588
0.9602572756623788
0.9442290030094488
0.9344469909776558
0.9246924434725738
0.9243042420652491
0.9165862354123773
0.9155396319486959
0.9125427434095597
0.9024147851866688
0.8774502070664373
0.8458717677140271
0.8202333969305668
0.8060257922366975
0.7890829925158528
0.7682150731155373
0.74525403460597
0.727496409994956
0.7025233712347725
0.6693030083918788
0.633854940480664
0.5957751356247094
0.5588251149965546
0.5251902732262501
0.5075278827003487
0.4983558155449965
0.4984561125573105
0.5011449840236866
0.49994661116562444
0.49494158985986947
0.48477634329983815
0.47304309334210703
0.45562296169939487
0.4369383104578092
0.40960062743273684
0.38399257043999346
0.36573070752102543
0.35201004794538293
0.33695997928648524
0.31599945755459724
0.30286296492402925
0.2943399677242866
0.28736319039878144
0.27696761587314916
0.27188695771076943
0.2658211403261185
0.2550841784709794
0.25265127961082817
0.26422764334244925
0.2828552922717914
0.29344682020922835
0.2938231509708414
0.29103848286746303
0.2910841482579909
0.2875797816135751
0.28139371128827334
0.2762215519131333
0.2647444569300852
0.25151672373125494
0.24259311815021456
0.24877028896241776
0.23850041702475588
0.24452893294600983
0.24239721164513062
0.2504526989854886
0.23387784131352654
0.23770165354455405
0.23951639861815796
0.25065794435280575
0.25712096845356786
0.2598240300803089
0.27127668203847993
0.3432511805546328
0.4564715662771767
0.5844493480790864
0.6994426248013141
0.8046466197960148
0.8574690752195214
0.8783847639871825
0.8910672130984764
0.9009427737373567
0.9069134833618449
0.9109722191086195
0.9179736164215009
0.9154155415660434
0.911555424466866
0.9159566567588737
0.9287938542690792
0.9334102334526218
0.9262144685597157
0.9217159003579389
0.9163226796881007
0.9111627996781624
0.9078435122347173
0.9140548736709393
0.9177746762879649
0.9192567527886686
0.9212249251153317
0.9272345727809921
0.9267952001274393
0.9281425872198039
0.9289415598034878
0.9293490388027542
0.9287779356306503
0.9317993354528484
0.9266949101975975
0.9173584381288455
0.9150792869495519
0.9177363945469375
0.9178895973209735
0.9152239827177135
0.9131929822095235
0.9111603491058273
0.9121073417372549
0.9129423163144607
0.9197213146021074
0.9232660616096768
0.9217534670048486
0.9147779300219743
0.9114118553525181
0.9109891427541709
0.9056458233140673
0.9041053977690279
0.9056673873823701
0.9089705735351057
0.8963976589263318
0.8777075957766589
0.8431287017599232
0.7927015867397582
0.7370285937204131
0.6794965235857313
0.6354840398047502
0.6141986594469704
0.6127146681670441
0.6194595363376948
0.6340355976346908
0.6496922032120502
0.6253065762667702
0.5707928503553231
0.5112622515255976
0.45978787885620753
0.40285231235017505
0.3484430808783332
0.31154352447747835
0.294314000052011
0.2812857227937212
0.2676683869591376
0.25133325533304884
0.23899022526824876
0.22907563777895626
0.2282115636232474
0.2542843438266387
0.2927406596464395
0.3194705234739318
0.3213347212002936
0.316152584779153
0.3100677209057312
0.3021134580578591
0.2951686731004012
0.29067633728405085
0.2873978693125666
0.2819190602130308
0.2772448742327349
0.2658664333516044
0.2566051641541094
0.25617437199808724
0.25875911657024897
0.25251108206885925
0.25413908002591235
0.26145857387764027
0.2615451808340603
0.2555318896975059
0.2602474366795061
0.26604525421671305
0.26258986661618827
0.2578837808235762
0.2637078725848567
0.2742939621401511
0.2763658651124353
0.2723099299281758
0.2697876898625447
0.27092142282872567
0.2723085105682911
0.2667524604596091
0.2632996096539249
0.26567859942039596
0.26359850330209933
0.25925526206338556
0.25924714279752736
0.2655854275641769
0.26693484102515286
0.26997539264026027
0.26961197946414994
0.28368647635983113
0.2635258848848357
0.25512792693349345
0.31505435556502287
0.4580401052995356
0.6068615432954191
0.6954803615910561
0.7334805190551807
0.7690474027959542
0.8338505401777002
0.8781071656988315
0.8898980723391281
0.9031922137382614
0.9241868622156747
0.9432399794627716
0.9600511931234672
0.9722492828807566
0.9836384892434236
0.9837080576657541
0.977973482193585
0.9694423209906641
0.97057195568123
0.9708004905098652
0.968039342183922
0.9636321226119777
0.9647631548014963
0.9671652172829793
0.964306939745672
0.961158555518099
0.9540530853591288
0.9475304315599778
0.9384399466781163
0.9316442678881545
0.9316493564985582
0.9367561129725949
0.9434588296110957
0.9512705659827805
0.953641213233566
0.9483118017951185
0.9408255873405622
0.9441825126975123
0.9440320570482381
0.9361290736088153
0.9238637896945296
0.9102666934978955
0.9004602665931507
0.8939593716353882
0.8953263403817363
0.8998511196568959
0.9032731176054074
0.9095204946108777
0.9134591040898704
0.9050043714576769
0.8830309999268099
0.8644392465176702
0.8552479988395154
0.8452995300970054
0.8289475027356272
0.7982225718073886
0.755526797758712
0.7223129565181896
0.6951430848268999
0.6714779978886515
0.6418204896091566
0.6171244189422722
0.587205955438542
0.5536446673756621
0.5074810417433657
0.46453728820610074
0.428278076989414
0.3970835409468254
0.35705256005153946
0.32190870960732404
0.30230275142242435
0.29775255411369267
0.3019084066250624
0.29404734348372885
0.28498066321559856
0.275197084890832
0.2733432295429442
0.26609840720399836
0.2614559446562034
0.257101803899044
0.2516140009395998
0.2461747366863853
0.25149687606005144
0.25416322245452944
0.2562020856798738
0.25194536051770966
0.2548852452056979
0.25518380230548354
0.2526775256946088
0.24869394498870295
0.24323967398486346
0.244562443741707
0.24183161231889866
0.24717850420433873
0.2425841629518544
0.2491157707213555
0.24851253238678972
0.24509539903871014
0.2392730091230669
0.23939748912569422
0.25429820653035873
0.24811939033332725
0.2549050140161021
0.24837805991065431
0.2569593428178337
0.24999681503814958
0.26186057020407383
0.28151054618465743
0.28420866143802315
0.282340276983164
0.3134755023851824
0.3914891354233372
0.46261101918300557
0.534684569481601
0.6417184065123709
0.7680094919134914
0.860477245642274
0.9046525575542138
0.9252018282728584
0.9433043123569537
0.9594619848036607
0.9636950074040153
0.9630435475433898
0.9703396966868149
0.9811073853906984
0.9862510669272961
0.9790567395729196
0.9718974185028891
0.9647436466233402
0.9639288638725229
0.9582438869315758
0.9617749913404784
0.964721041529055
0.9673548082807042
0.9728015938455253
0.9761140291256879
0.9706526470536035
0.9633177875096148
0.95922302888529
0.9537288570663103
0.9520741623388589
0.9556118323606644
0.9559935217625057
0.9523191751528886
0.9405035947877993
0.9180569777107667
0.9011101691185033
0.8923021661119259
0.8823636626797354
0.8624237772088366
0.8417185080807306
0.8218311987624637
0.809206534169807
0.7990376391406104
0.7871293363112417
0.7620187895089605
0.7300956799146003
0.6672145156630194
0.5910664714679397
0.5234063200312672
0.5045490009058716
0.5125530461552804
0.5222684233977614
0.5262109772033776
0.5424739201553004
0.575080154417712
0.6009578574124511
0.5838989021761987
0.5269625242736204
0.4524560658264431
0.37389236513717206
0.30419210600222124
0.251366996014699
0.2186903703171363
0.20006153571670854
0.19965463083615817
0.20410437421052546
0.20327685406460136
0.20648839047266918
0.20799908353204782
0.19562159493749964
0.15858647741742884
0.1298864541845704
0.1206070481281384
0.1083441807593772
0.11006161619141958
0.12074738663399742
0.1221002158268959
0.11287212522143399
0.13801271676747817
0.1640852433356344
0.16698501307753685
0.18358519734147852
0.19765401775172364
0.188985369128154
0.15754911783760214
0.17630780497519716
0.17158786674163387
0.17987285309810683
0.16137302345043103
0.1955702232985082
0.24762806890989802
0.3825836335140215
0.49745266561749646
0.6059421955989601
0.6859131099716117
0.7582826288061244
0.8003591357738901
0.8221569008453989
0.8307703040542326
0.8338055701195031
0.8529064043531649
0.8665743693734054
0.8731853025164302
0.8823777886372695
0.9010953389552224
0.9217358889869695
0.9349041948046368
0.9411784637127476
0.9387861460115547
0.93721918858626
0.9392507950751076
0.9373023626756376
0.9269315925099277
0.9247292574379262
0.9260842530641216
0.9288047444647747
0.9242990768927698
0.9206397697955236
0.9159156122180403
0.9170885846887087
0.9151860685460469
0.9125830312337033
0.9137531045777842
0.9220913319450919
0.9264905724465599
0.9261653925456225
0.9371535077295728
0.9533707471185984
0.9500677355692081
0.9045039134428265
0.8482948076687123
0.8095038975483514
0.7885837478416352
0.7669052567256499
0.7516011288569411
0.7386923111242678
0.7234868860356235
0.690761359096299
0.6539242723329761
0.6150735334160943
0.5895621933862856
0.578436645639545
0.5828989265646461
0.5936482488534419
0.6019919201565028
0.6034647320286544
0.5911846668293588
0.568888838018652
0.5328612964371743
0.48382828096038055
0.4330005586487817
0.39752800317043474
0.3805030387860469
0.36642019076512455
0.3538520069164445
0.3450339671538567
0.3374682491901494
0.33227419560802557
0.3291140094080527
0.3294067131302266
0.32691627207549706
0.3222063784210033
0.3117915900533417
0.2953480848365575
0.26992082339003576
0.23616864555983685
0.2156542582308426
0.2073860428067744
0.22585251862644187
0.22956593794796565
0.223088978418921
0.2195373674760333
0.22097480396526312
0.21414329390130796
0.19623591873264773
0.20192952354540245
0.20706415662193822
0.22172081654158757
0.23030360544005946
0.2303294206822955
0.22233113704112162
0.21180697086006028
0.21584734882558881
0.21554641784755058
0.21501731963996906
0.20980771054510783
0.20814641936964842
0.20565458451836174
0.19985758945509927
0.20398522530983895
0.20307759279864607
0.21495731582346245
0.21511976952082656
0.22050733809188133
0.21097840765745177
0.20464846828752825
0.1897788839051509
0.18876431705382776
0.22422474135281775
0.2816433042228623
0.34569987464939844
0.45932288624930534
0.6182535746487969
0.7710657801645264
0.8249447174743465
0.8299564231471015
0.8350346351907164
0.8729358638838143
0.8927525543953817
0.8852550092605191
0.8788625821779772
0.8756183599101044
0.8699175295154664
0.86540423542412
0.8649906303648881
0.8735865345821298
0.8807526252885445
0.8871758592631843
0.8879014671065794
0.8900779763371734
0.8934443782977681
0.8938435711717467
0.8954956619617374
0.8944113310378276
0.8941767403142189
0.8979944335172588
0.905229700608506
0.9056600173392229
0.9005484960336433
0.8960413214541678
0.895642958984418
0.9052610200347617
0.911171334897071
0.9045466032198661
0.8933923587041298
0.887714724202651
0.8863090651588319
0.8837614076483834
0.8825981561306555
0.8783687625212971
0.8604090852395
0.8213643454509784
0.7634355322248909
0.6959995370075077
0.6491235404146618
0.6375249833123796
0.6525844574196669
0.6641054088772049
0.667345976905942
0.655649224374812
0.6184681727187533
0.5654186770688303
0.5068943365436642
0.4629360179170635
0.430327406829165
0.41166898789145034
0.39588044554063295
0.3903312947849503
0.39703872848124167
0.42880345598840974
0.4700214752423998
0.5165859976491993
0.5521967377009713
0.5872883287739874
0.6047866841246211
0.619249649952277
0.6189577068967673
0.6246347433777303
0.6216404088493127
0.6219278554743362
0.6172830494007
0.6295993811804314
0.6442876354698313
0.6525571839262856
0.6418372924867002
0.6234313149379267
0.604577113043526
0.5866994012625766
0.5720859219204266
0.5659070442220662
0.567007627065979
0.5752112180365987
0.5900180733737264
0.6073358302410599
0.615466536549526
0.6103000099968192
0.5875508203834199
0.5365157093053299
0.4627597030174994
0.4027109644427712
0.38099199099744896
0.3761761132698026
0.35551975010829223
0.3307137763528344
0.30822531228867367
0.29066961376248773
0.27044821518579826
0.2750361438357247
0.28672429808864386
0.29361860474017437
0.29058829667496744
0.2931743610938397
0.29340261549648183
0.2889511404833309
0.2917643147963662
0.29074091719584944
0.30175558189317536
0.32493253699139146
0.33730933265952234
0.3349317983700867
0.3276745865285327
0.3146753501543731
0.3162123840005298
0.3204932447261024
0.33074609738770344
0.3215609276229076
0.3323802758324778
0.3492059038736891
0.3489625454567821
0.3472601029892266
0.33007283439015467
0.3370336326674963
0.2905495800051227
0.2456815099334048
0.2049235076374461
0.2281532914873578
0.27825965962044386
0.36201226079008975
0.4608083715807157
0.5603522653436415
0.6403843664988436
0.7075425097108319
0.759641842059519
0.7832621298379474
0.7998757281825324
0.8273625362137726
0.8643871014356966
0.8861353117672327
0.9041037561057782
0.9151849356108055
0.9243155193473086
0.9295341330272084
0.9262441842000378
0.9201649257820944
0.9175504435698689
0.9183192585717511
0.9166618178716419
0.9221011245310793
0.927094668506832
0.9280914879569031
0.9267955308364296
0.9313772758510062
0.9334937549051817
0.9280086156302161
0.930296300366037
0.9270771415010679
0.9249117313537277
0.90165498124168
0.8796814385233173
0.8623299020759194
0.8563521178627342
0.8397632512979587
0.8071738541551967
0.7625689292322742
0.6885490916229815
0.6176604410442178
0.5674988853227565
0.5443633243821129
0.5281154637934939
0.5297065448083641
0.5419385426465702
0.5599178733030195
0.5682350007585444
0.5703400589960339
0.5576467724947374
0.5334460123135538
0.4859051378350031
0.42335474971916115
0.3554239155585338
0.3020194527642441
0.2637743475471924
0.24217841379635013
0.23142963449700205
0.23076789174419526
0.23087923784076103
0.23406971998330794
0.24104390006142698
0.25994538642149034
0.2931109228442766
0.32901829418877004
0.36474907837153075
0.393662869650213
0.4082397355132188
0.3914922685345635
0.34770553053399467
0.2893360125638015
0.24064333551090153
