0.21615206747870733
0.13490737844448494
0.12058042607917109
0.12708608944560493
0.1464934879186296
0.24708382229251963
0.44151809335629005
0.6580819966766098
0.8063017497387508
0.8672799313226229
0.8807855287095119
0.8976778628947681
0.91415392501353
0.9363172966959349
0.9512431793097178
0.9666296568126048
0.9640203331367614
0.9595939221722134
0.9618530450803691
0.9655602187471446
0.9717070858851161
0.9733250227123482
0.9729938258442132
0.9738281702489786
0.9763333295314698
0.9738677170923536
0.964360482908956
0.9632181404326725
0.9705107486916155
0.978736326971261
0.9769487107512406
0.94613589400726
0.8409317120951573
0.6984056092679299
0.5218864166005133
0.34696077766531574
0.20800316174846895
0.1633440885114726
0.16292387277080342
0.1645508682703753
0.15903624085110787
0.15243310234985719
0.14747637614081074
0.14482972827527457
0.13577769049267563
0.1323296703076225
0.13599367557355393
0.14141543011064298
0.13978193797798483
0.1422266940952217
0.15136465770194285
0.15032121254179448
0.16105572386499703
0.24986046774880588
0.4497853582226674
0.6746038767656783
0.8271037377771917
0.8842724742297216
0.888365758139756
0.8837889686234311
0.8966245489144323
0.9118823093093988
0.8943325527705884
0.876190924152361
0.8759658307966854
0.9024674856413308
0.9246711520297674
0.9431501464663496
0.9464351776696815
0.9455200409734599
0.9405148654436541
0.9143688660212341
0.9065993362165363
0.9129842149898478
0.922278263125061
0.913368447113727
0.9076501808558431
0.898273510705779
0.8436776447986798
0.7471942585869986
0.610876029723264
0.48444240811764033
0.35879284615157225
0.2459612561208884
0.15497794523112557
0.12102784241096631
0.12459842142087173
0.127341641361923
0.12255682598493564
0.1207939870682089
0.12100526535863931
0.12144963249557389
0.12292762798605893
0.12628333299612468
0.1239825508066899
0.1206286372984216
0.12031869842098503
0.12591321329439564
0.12190430087748293
0.11605049359636846
0.18302745368800982
0.4143754957823621
0.6754752811310252
0.8289159341113244
0.8395149452715529
0.8489690848499991
0.8677702443299965
0.890598407567478
0.8885457859716833
0.888644883989089
0.8938019592281803
0.8959770067613988
0.891582589450006
0.8890263353600293
0.8898095337667327
0.893832465871202
0.8997823822387377
0.9048877111285801
0.9075708714475573
0.9026772819522302
0.9020666984537891
0.8986760608908236
0.9045529078451777
0.9166733469852855
0.9322876858473954
0.9004278697684868
0.8410910214837881
0.7579464156114466
0.6772959101849676
0.5621709894799951
0.4365922185899101
0.29652444936899086
0.2009432079031576
0.155275452403641
0.15193411642098237
0.15073585401907663
0.14561720200359257
0.1386290374538612
0.1331651651549935
0.13059016629579917
0.12721172870403843
0.12512644323628688
0.12636909366084959
0.12771546048312096
0.1262221881019186
0.12005157967774165
0.10904460371322958
0.1007226311306499
0.18004069924904004
0.36469425321774157
0.6027623015458139
0.7579576417400067
0.8289842877631592
0.8531137947340885
0.8807129106888223
0.9025277287458384
0.905421676131266
0.9039318428657844
0.8997900091372404
0.9031756044208179
0.9034777313137685
0.9111054650125049
0.9175546931005969
0.9175834152419156
0.9124912679431513
0.9123656451264668
0.9117411591316832
0.9068660764513383
0.8984831006361814
0.8896680183060345
0.8793125586969983
0.8609055823053716
0.8375170772235709
0.7975535464511686
0.7269821033098108
0.6096085468209581
0.4766678615369812
0.3398457624416967
0.22186987410693948
0.1447972482123258
0.12269048440028588
0.12166879392435252
0.11980644250691175
0.11700495834523605
0.11441010059945148
0.11278340981138069
0.11135420799963172
0.1111046752902821
0.11054060314736702
0.10946395167632605
0.09715947461576326
0.09251616475358806
0.21698774210427507
0.47664055684548273
0.7054273216353542
0.7936630262313281
0.828147616142682
0.8682322430324436
0.897042845202109
0.9074434177669443
0.9098653760961017
0.8986942853804469
0.8928355687539263
0.8966458980825875
0.8962581162942694
0.8824449224922719
0.8817451609548553
0.8964055153865209
0.913545625148408
0.8984242556944035
0.8711766768824155
0.8321912617550247
0.7824284048623441
0.7049248244602175
0.6280590328651665
0.5710389355678601
0.5414798080169758
0.5184314381289274
0.4913852724352272
0.4379586190910019
0.37776166112132936
0.3068652182501156
0.2462064534290229
0.1995605101875268
0.1852540985731483
0.17951324092387777
0.17182835999582036
0.15352867058209657
0.13546975704152306
0.12195830656302115
0.11450610907530587
0.11241423040148874
0.11189940908163439
0.11075134969676523
0.10857836509076421
0.10973221601231634
0.11086319359764274
0.10608875404352891
0.1032317425678601
0.23543069850473133
0.48853065888088143
0.7344822383048346
0.8380298821003629
0.864057184393793
0.8386354677972502
0.8188549977579109
0.8124738102045583
0.8158326758294462
0.8333395999137118
0.8341693665043483
0.8403445923771594
0.8328326704842858
0.8575177057430289
0.8716166558838201
0.9040713269374864
0.9135374559246414
0.905907424151503
0.8725633645457568
0.8180927971135041
0.8112749192493233
0.8367264103726079
0.8423556736319233
0.7490600531076148
0.6369191103578545
0.5213900323094224
0.4522822371541606
0.4010883235078545
0.3590558383314613
0.29656217922133543
0.23872723240893212
0.19400216291248884
0.16731403843450202
0.15364354813375108
0.15259341105871277
0.1488170580205174
0.14053418397824097
0.13199182578654456
0.12451553568819909
0.11590796872876484
0.11051654801358247
0.10863405371643095
0.10665401649388376
0.10363216061910015
0.10123962410463976
0.09740398849448403
0.0979443773178563
0.11448750708266772
0.29060122114691067
0.5818053713276596
0.8234607576244208
0.8872810708056635
0.8793471574344609
0.8561020078479243
0.831741184943867
0.8084527448838595
0.7811319839245651
0.7691143747635804
0.7838676750575024
0.8087364163508943
0.8208900333673211
0.8238771664785858
0.8086412319566729
0.7820993353980333
0.745215902027919
0.68423171266603
0.5977499673265617
0.5116992270179753
0.45085870444264237
0.4017406995280146
0.3607918447622031
0.31929171584862054
0.2750676672862912
0.2297228475232947
0.1906077424323286
0.1619051403522157
0.13794465973333964
0.12330346870140718
0.11344340559923659
0.11123829532113534
0.1090705954658177
0.10442238386558562
0.09865224074429117
0.0974745041684117
0.09904974131173241
0.0888705387573636
0.1098662683462597
0.2631737445827906
0.5290929207347034
0.7551192421694677
0.8584915899126708
0.8273290039927196
0.7262040007628401
0.6907853188415882
0.7561906005164798
0.8234306746624903
0.8324498073337195
0.8362879686495592
0.8334252939994057
0.8295525574578574
0.8341367999459404
0.8346960010908444
0.7853887318995169
0.6945571598234115
0.5868932151172694
0.5145990735785015
0.4612200211477378
0.4088147124344252
0.3481979268185874
0.28159705891902514
0.21792607150386
0.1571234204923778
0.125055961554995
0.10418196699442751
0.09209401707869129
0.08308244345186766
0.07788812143488877
0.07674080854467384
0.078113870120815
0.0779212447927619
0.07593547321394253
0.0773337355065594
0.07980178283652162
0.08474860766339963
0.09101615385501356
0.09176663703170149
0.08465306430134188
0.08904548970714743
0.22085548082068063
0.46652092686789
0.6948292192234801
0.7941928853284631
0.8331019327714778
0.856675673655215
0.8584407510920495
0.8397141629399787
0.838169917966541
0.838667133709237
0.8184010225563126
0.7719545091875226
0.7473050806119954
0.7537205878665212
0.7590954786892763
0.7535453170879074
0.7410908900068136
0.737319211097621
0.7336711452580835
0.7326594277965558
0.7615252459658349
0.787741521213308
0.7904377334361997
0.767398825435188
0.7445136223991118
0.7374430978290824
0.6995408243715463
0.6084913869250335
0.46662924730627464
0.35555295224367667
0.264923445967983
0.18458218897289916
0.12771216433689866
0.11233153835134652
0.10936528533356474
0.10088772884528888
0.08962750322327964
0.0791769270545945
0.06851258114867126
0.06041699718632661
0.05577843483855158
0.05397565837415283
0.05385216930683223
0.05371254069172186
0.057604719438048096
0.11575538008493054
0.33256514506912616
0.6123423490984523
0.8113996052182898
0.8726670074374421
0.9018648484743336
0.9094918645443506
0.8997068736173301
0.8852204671172763
0.8842671940204188
0.8916558983917611
0.8910461626386541
0.8873140380653077
0.8689012011431171
0.8338288308308989
0.8142633268000699
0.8320348094415242
0.849227988234017
0.8406389286640256
0.8064520229291903
0.7542263601642982
0.6708338398615503
0.5378717141967551
0.3843050368637438
0.2516157457713981
0.16969041842269433
0.12497235337911412
0.11188462579620911
0.10797659233087029
0.10359515698168709
0.10301719908738785
0.09898281278011309
0.09384801839665917
0.09045584708835022
0.09304788269583487
0.09569709658244382
0.0988938406339738
0.09979414488183956
0.09615741213057724
0.09113375038664148
0.0875557184846532
0.08768471119964297
0.08985475549597662
0.09318880942095618
0.09359709283456052
0.09028803560020773
0.08673651428874804
0.08501224216272878
0.08613434104699544
0.1404784084273148
0.3515600061119257
0.616457226261472
0.8004575622696593
0.8524930127933272
0.8859691930524108
0.8917650182779726
0.8878790551106094
0.8810238737375822
0.8750626902948904
0.8514164979184615
0.8277486917276045
0.8262640550760414
0.8417897979574278
0.8450422001432486
0.8433682665960688
0.8433682395757476
0.8533048380556632
0.8555290403800235
0.8450539479363228
0.8257836987714673
0.8198310720967898
0.8157046493386303
0.7981141227775465
0.7661486234963463
0.7399321934811113
0.7248675839217834
0.7037021892697003
0.6888908487529484
0.6669256830455526
0.6275930338062574
0.5614976726814646
0.5017294438009724
0.4344288203597067
0.3700109564370566
0.31209114829339724
0.2532889616488063
0.18653769856680355
0.1464861543028946
0.12760382466765163
0.11410075153637117
0.10240026124777736
0.09759082070663816
0.0913552510124539
0.08403922312392434
0.07972585919546261
0.07859267494931058
0.08028325030686992
0.08328190106533423
0.0856249492650164
0.08684235481644191
0.0893107018063465
0.09185113820190012
0.09764612176021423
0.09708741932778774
0.12881594308610092
0.26497420219274576
0.5202260835682846
0.7411296012130606
0.8445427727124717
0.8554939675371125
0.8329680884214155
0.8071534040982148
0.8034768363311535
0.8231233039297405
0.8417540504981689
0.8617866679106341
0.8758320184410957
0.8881551087944636
0.9104194441218347
0.91935026884496
0.9189505584511131
0.9067307040491084
0.9038835797532007
0.9064204228604988
0.9124410889877388
0.9141033139602543
0.9178839871061135
0.9252010248891012
0.9258106593909728
0.9327264198001454
0.9239157263778954
0.9070930437480745
0.880862284637708
0.8507655897854886
0.7998176754796531
0.717335017449581
0.6163131820451551
0.5199858535120014
0.4291603165846455
0.33240558289823885
0.24760704298323458
0.19802770473460568
0.17351608501844193
0.1567667255540022
0.14589504891512867
0.13754976719019668
0.13595063776220034
0.1283238301644261
0.12291655104421305
0.11956137571889562
0.11795090289035275
0.11506993918611977
0.11319285354336005
0.11861769662640381
0.12869199079368152
0.12246628425951098
0.1149172819796401
0.2233997018215802
0.477396132085395
0.721646888204962
0.8404295659608829
0.8658298755945099
0.8989955745773801
0.9245224223634525
0.9472908590188549
0.9323352419710218
0.9203431758691811
0.9106797255664587
0.9127214208437185
0.9066834207839466
0.9057598849626548
0.9099199977139627
0.9170136791270046
0.9134866346803296
0.9051829322839482
0.8999415961521602
0.8954090633007329
0.8886840849457236
0.8760438018988834
0.8742807284804859
0.871525011894686
0.8686213800071308
0.8513413327481075
0.8131856363545356
0.7402126331576686
0.6591843010796046
0.5948864586655633
0.5326538186587741
0.4562003001122704
0.38487847883475795
0.3047929647393842
0.22744810971078583
0.16373637038537533
0.1435330656896298
0.13948349493216583
0.1385343241326598
0.12855114257400235
0.11747472430925451
0.11213198597920736
0.10539955077074603
0.09842661464882858
0.09391761478904413
0.09500906823223562
0.09648213407397349
0.0962329402936109
0.09699361230177903
0.09747373917297174
0.1019033527938726
0.10478348634000503
0.10486436950170941
0.15180567477276274
0.32633239676737313
0.5572883237036546
0.7578224943853064
0.8632902446222522
0.9129740394685921
0.8991491139098191
0.888447664996752
0.8954782139673733
0.9045494574363446
0.881456678447717
0.8659919317777929
0.8654154389532409
0.8733409883535522
0.8784800165434826
0.8911048726607124
0.8967195592808047
0.8875189624245492
0.8791957695785428
0.8773972475873557
0.8816587349981574
0.8867727836271979
0.8914919922761277
0.9039725814820515
0.9042470949503703
0.9083241703903548
0.9037200661098799
0.9019948720210826
0.8941889317649342
0.8880320503636701
0.8571204373711643
0.7759768491029431
0.667827418477937
0.5661944309768407
0.48012942061059527
0.4015664505973928
0.33439943663630745
0.2594650014210046
0.19058574164598585
0.14953976990488865
0.13887891168384006
0.12707378313538403
0.12171559557238805
0.11170402570697056
0.1022793350209834
0.09796072744318719
0.09359794162345472
0.08132686045194457
0.067862626375001
0.06046238293618938
0.060136930763602846
0.06535630196226089
0.07240466028035585
0.07557953395483198
0.07946318460273095
0.11567290246076928
0.2743192235425392
0.5223803225785988
0.733215511578202
0.8115446846087959
0.8238868937422826
0.8217651274662032
0.8276517001944771
0.813625169058023
0.8151008603580193
0.8129258480291428
0.828681672186633
0.8242699688294342
0.8346524526940597
0.8420135540614053
0.8508190648847846
0.8425543009341784
0.8284490160372735
0.8220289142279434
0.816797790532747
0.8289198500415633
0.8427737442820342
0.8436143482906154
0.8261807473686446
0.820477657663442
0.8235726663330993
0.8212188012066406
0.8134965910206341
0.8184470989146362
0.8385041532714784
0.839078020947647
0.8050300403092556
0.7176521211037032
0.5792983073114649
0.4733034059065614
0.42596304387084744
0.3822204264700621
0.28171625415892065
0.1969568607941408
0.1432799646072208
0.11803350471192074
0.09965662718993411
0.09340444449097446
0.09022799242767748
0.08774283444899227
0.08327756441491564
0.08051397567909169
0.0790296291820888
0.07670161453158933
0.0772125517471689
0.07947354313996341
0.08063814744962303
0.08260967516357261
0.08366225817457947
0.0866178296188791
0.0857164739639747
0.13347573514016114
0.24527628135513707
0.3925406539951764
0.503348339212844
0.5927231909621413
0.6705767214488122
0.7401826643358904
0.7744906242934512
0.7950588965180376
0.7979023362235743
0.8084585914047943
0.8130067597555379
0.8083285682589397
0.7942484042925335
0.7976182570553328
0.8168531360396878
0.8120686064585781
0.7997965671628302
0.8001545293458611
0.802608448410564
0.7990946276871617
0.7952038985323592
0.7938398818738406
0.7752043663340323
0.752465066991264
0.7222012015653195
0.6806798957801837
0.6208787544144881
0.559994869467738
0.5112239057692107
0.4821649539742152
0.4320693098817684
0.3872453714408069
0.3489844943007351
0.3249209118312193
0.29574274880142537
0.26907069300512987
0.2333402557887122
0.19127477369587084
0.1658616264130488
0.14941776482389102
0.1351227645399199
0.12374024226541323
0.11710942160103058
0.11052149243723043
0.10375144732524433
0.10073057245733241
0.09921884652603784
0.09966367603464221
0.09849190654162496
0.10119474738732628
0.13356402435687373
0.27860872390561714
0.5137971223735038
0.7355407820415574
0.8326982259020665
0.8649375834161488
0.8587092869159715
0.8561023969430681
0.8531673004090934
0.8627507488487247
0.8547007806366864
0.8494154019799741
0.8543591671267168
0.867302376589694
0.8576781538957909
0.8477898311182884
0.8403084201522668
0.8250661500960262
0.768678231983845
0.6834070779818452
0.604388924026712
0.5532972765618862
0.5068146513580967
0.44401644292513437
0.38546124432428563
0.34108274918792447
0.2907841978322896
0.22041793349042815
0.16198317198103346
0.12768085106862945
0.11203370026233596
0.09931898719297513
0.08980119011626482
0.08460461616392043
0.07836510860514978
0.07463062735813447
0.071248247935251
0.06974278881231714
0.06958801718316536
0.06861662077738846
0.06519663923589952
0.06550601668168463
0.06696421837486878
0.07050784010964453
0.07330076895985546
0.07638932099030968
0.07902600960786868
0.0857307581009534
0.09349989975300091
0.10032414893165584
0.10207450693078471
0.09793193081842999
0.1792482428401014
0.3781292272092943
0.6182325978043917
0.7672726157664176
0.8378921371343538
0.8664028477589856
0.8828408290409508
0.8801258575352737
0.8649240282647248
0.8557595806195742
0.8665712478258027
0.8818597054553334
0.8901837824412884
0.8955944386908116
0.8990269402281297
0.901852032148221
0.9070258327687961
0.9020243766763831
0.8975582337322443
0.9003681621982658
0.9097867935040783
0.9044784815031985
0.901837965542591
0.8991997573871509
0.9010108850703047
0.8938033238055043
0.8783786430698385
0.8321570708229131
0.7527506354385369
0.6632390439340874
0.5673957669249852
0.48720512757668116
0.43168592180009946
0.38398506705984486
0.3102224582111386
0.2311358277488914
0.17083301784369884
0.12964662605292793
0.1121652613527997
0.1118000833699842
0.11080553031539585
0.10914408786054122
0.10888851456937612
0.11019863916880732
0.11217864601650843
0.11385424741861407
0.10989958002747444
0.10597312833991493
0.13632950288536178
0.30498809478907113
0.5745004648877321
0.8039810502353031
0.8855869893051267
0.8973161219320249
0.8890170672993232
0.8790326001755431
0.8707843629775633
0.8724027309934392
0.8763561496793342
0.8737245579858366
0.8685913992705037
0.871362351862321
0.8805854531447024
0.8890352694572573
0.8950414685355528
0.8963807486411244
0.892218756903904
0.886946917016739
0.8881935835142347
0.892993313615441
0.8885239476036586
0.8724769274879287
0.8510263883240539
0.8316268565999303
0.8036029275997758
0.7432548071381111
0.65761040978397
0.542456651130698
0.42225314998262803
0.30315152122677025
0.21403206583262277
0.15464024295462764
0.12318088935294375
0.10669492086667698
0.09518050148665581
0.0906773577622465
0.09148397132692196
0.09054704153865561
0.08501244893644175
0.07925588544143003
0.08096312985613291
0.0880165553017447
0.09489867544495159
0.09864139181488046
0.09647598133680681
0.10929077182406359
0.18062828789252083
0.32400318055086164
0.49282146109010244
0.6466215596811781
0.7648319521310398
0.8299032295663086
0.8553644646266103
0.8645570021615746
0.8785055118361514
0.8891773802764211
0.903944721072632
0.9049042166516255
0.9084350659003579
0.9015745362135518
0.9017772073336495
0.9058128026512554
0.9181354310023806
0.9189844650521695
0.9176875549604735
0.914261294037239
0.8919346743256333
0.857134602157746
0.8251300081072173
0.8055915256136161
0.7854971463934733
0.7568620759963602
0.6949552225091173
0.5990822437961737
0.4960369740487852
0.4135641581724472
0.3417153307869307
0.26493682744861585
0.19005636520282365
0.13630100073232065
0.11472095850643951
0.11079594251961371
0.11071282429477977
0.1107205093593587
0.10855120506293059
0.10418127877438446
0.10121007648504815
0.1019170287418843
0.10360437218782961
0.10636321133146388
0.10896655524166499
0.11341095230429882
0.11600082868740738
0.1146419928070536
0.11351059195855795
0.11167138931310289
0.10839804856253085
0.12378294080748703
0.23221904006105298
0.43638857532987574
0.6724030930997837
0.8358032937667
0.9087979391327903
0.9258510415266208
0.9438534740902645
0.9740497024332446
0.9901638798227422
0.987111810327306
0.9801115365233095
0.9818891446552609
0.9867113073201532
0.9916567595764185
0.9955096434146742
0.9888797931702493
0.9752410420498735
0.9627879858817897
0.962494687893038
0.966806227907881
0.9581008172892154
0.9209289898509289
0.86702399511808
0.8135823594009518
0.7528215305730206
0.6754398145283792
0.5658278524587866
0.43873373414211364
0.2999340691049993
0.19350606878058946
0.1235572418119966
0.09806567724828873
0.08740594249459538
0.08543278486266803
0.08020047655640636
0.07472906967436219
0.06915383937855599
0.0617226203091412
0.054705599838444086
0.05239720357949459
0.054927965308740986
0.059733731054351064
0.06573160383125146
0.07410605899585045
0.08232705233241411
0.08810774949279937
0.09111424609758123
0.093420173323334
0.09617243181699889
0.10087813735561274
0.10845920492666597
0.11965952791338076
0.11699127174360471
0.1980300876388947
0.4290682860509271
0.730595217744662
0.8993397250505493
0.9377366721970536
0.9406258132844434
0.967842675996437
0.9842643894755188
0.9915177679188591
0.9938726345503862
0.9988296421737219
0.9987258006849877
0.9933812563467663
0.9882847951827539
0.9873959401282671
0.9900544062770799
0.9923314646641643
0.9852268756323164
0.9763794809695859
0.9626734835592665
0.9410332744984075
0.8990490037606955
0.8443349239864734
0.7656297818629519
0.6707465106173836
0.5437858727749492
0.38237240636862924
0.23171013397331106
0.15692498604046135
0.1509780157423872
0.1559883733195236
0.15044975727751794
0.14006406563598062
0.1294760247583992
0.12269563139809295
0.11883560064933837
0.116685169555478
0.10983330085487948
0.1063820375247178
0.105417023455054
0.10611760345978308
0.10558098581493221
0.1092968054120261
0.11812149040393273
0.13388958486258828
0.13903562815999315
0.15006519447131628
0.20740755397592797
0.3678630612871711
0.5794387612992307
0.7562321408133339
0.8507940077225237
0.908680031664929
0.9492592486888622
0.9735202030683697
0.9816560511307546
0.9734562988807566
0.9597450312353218
0.9531018139575262
0.9565318018302277
0.9577819267141743
0.9656391219176143
0.9743718497040408
0.975064117380399
0.9718942613609066
0.9681320893501021
0.9654645689327224
0.9501654146267137
0.9128805474828322
0.8502630779520116
0.769016501940823
0.6628510617638552
0.5383888840121287
0.38337275291606865
0.24131622111987955
0.14695234726551962
0.12206164126796992
0.11020588274771576
0.10248817135785139
0.09647556033034572
0.09302374097812031
0.08807353447878973
0.08621152256963271
0.0868214532276876
0.08701893766376187
0.08536656884163862
0.08343428802093393
0.08318829291685549
0.0844788084576378
0.08554529065378377
0.08677883222113839
0.08933598675339824
0.09323598954666014
0.09871697869963734
0.10517181160007714
0.11375978825746699
0.12240126504435034
0.1371240504490085
0.21335107345912782
0.3595053497480094
0.568899738855572
0.7426413274660659
0.839705485649077
0.8743674154582574
0.9101502200457197
0.9440833150173793
0.9542718485567466
0.9543369426761231
0.9508755871333556
0.9422441266956308
0.9391005122365064
0.9364015585783476
0.9428881617923357
0.9498215484310395
0.9570584292438544
0.9616654908422253
0.964629784578568
0.9625259934792529
0.9518103000732459
0.9162860934268096
0.8806235278290686
0.836582212028252
0.7834880171569091
0.6885307852038292
0.5742869245979225
0.428053502689105
0.2983145606544866
0.22108415888149766
0.1941841997320869
0.17707142818284638
0.16256134425525523
0.15288757507847806
0.1450626539166941
0.13839350361019132
0.1318803283445526
0.12452363659467691
0.1208263496899106
0.11833847602118738
0.12060681006461589
0.12015045717409926
0.11917452907851987
0.11753411101156767
0.1179954149698115
0.1192676790821249
0.12020970613212013
0.11859192658927956
0.1342477406977419
0.20207731635446524
0.32868721334314477
0.4842442809698081
0.6305902303008435
0.7327864464996985
0.7901879722561476
0.8245817024636278
0.8592826506256646
0.8838937103466709
0.8979613635624083
0.8967704542139054
0.895614462527843
0.8972408135578802
0.899800256508437
0.8990202143419064
0.900998224908682
0.9043404176837812
0.902176825086815
0.8921829067735961
0.8877452854233445
0.8863535114931911
0.8822721699171979
0.8732634876481756
0.8576160018756233
0.8502833942611518
0.8483266558874721
0.8442547365274519
0.8331011592986164
0.8195776155316894
0.7644704645834941
0.6785680215674358
0.572103165777669
0.47535106197728516
0.3871800884717426
0.3294946470583959
0.28146921837276023
0.2328144344669672
0.18309098123483786
0.15356653239104823
0.14849312497613196
0.15052443539010524
0.1363307941042089
0.12039555548182332
0.1083837555248866
0.10369367540587321
0.10130860390917068
0.0993085415899052
0.09671761589145757
0.0959359975664684
0.09624762994044497
0.10029931450152269
0.10923384878333112
0.12056033185839704
0.12273626974128017
0.1294239748851008
0.17863406831384626
0.3006626176719312
0.4711224884845419
0.6322798816313524
0.7384105786302103
0.7998393513961476
0.8491348971662096
0.8754845225000919
0.8697304840548318
0.8581998898291737
0.8599251254899792
0.8746915878513891
0.886582874956534
0.8939844076262028
0.8893131194731069
0.8832235559447722
0.8831873771686952
0.8870214672276681
0.8942630652254338
0.8974848560356832
0.9016566112353035
0.8976575812863047
0.8789779116327477
0.84783810483479
0.8076328176759331
0.7615660693516627
0.7194319544006205
0.7081376372283886
0.7128489891808656
0.6919525382187732
0.6380524963842675
0.5849290767387016
0.5454725286025935
0.47896661639620675
0.4013931891794339
0.3455224056328992
0.29586067085203027
0.22611906179813746
0.15690109929546237
0.12834423110038393
0.12291283743285498
0.13006518879930473
0.12880405145898421
0.12436507373792918
0.11957977598421216
0.12087084537082499
0.12124233267610224
0.12197674469394809
0.1244934794384949
0.1306342862954038
0.1358699406869625
0.13450818786270108
0.12781000690516753
0.14739303240339202
0.18292412627229365
0.25037616328641094
0.35566578847333846
0.49158653854387024
0.6042568055844504
0.6761727718560548
0.7265776081616659
0.7591408579416908
0.7886698710002078
0.8053731168934218
0.8101716919715052
0.8011203963762746
0.7917877729288058
0.7912749630895287
0.8045539514293145
0.8174260572081073
0.8214672506193421
0.8133160319791419
0.811481497043436
0.8079513066778156
0.8026747403248085
0.8034515167425106
0.8131733576412193
0.812676770299323
0.7533937199452214
0.6652217776790689
0.5890609152623023
0.5473616978346818
0.4945623134378352
0.4079553798206233
0.292832910908273
0.18815131881392166
0.13394489881764626
0.11999286693382157
0.11399078839184011
0.10078950479096323
0.09280945815616688
0.09085564377620779
0.09644863367353486
0.1008618852252507
0.10173915691107702
0.10046993250681546
0.10883246125938355
0.15814182769669763
0.3154334691965815
0.5607484873238856
0.7357097301825957
0.8097029194847125
0.8069201964205014
0.8392055733029984
0.8510339833278331
0.8770976113043958
0.8743202146591154
0.8944261782866273
0.8976268971525405
0.8911012887624135
0.8806888946900202
0.8871033680896754
0.8945961571101819
0.8990790139678031
0.9005579797224834
0.9029743674669918
0.9008479491437167
0.8998364595132683
0.9056158034053599
0.9065305506971133
0.9081716676906967
0.9085754387829791
0.9152984712710321
0.9153403911761304
0.9019216841136113
0.8729910758289536
0.8558382227521193
0.8572161016617061
0.8469672435773868
0.7969736985998087
0.6808087303833094
0.5111141155963486
0.3474521774175792
0.23711093239796155
0.1648964781134784
0.11401777744845067
0.08631163003247663
0.0790220315696169
0.07496646481491591
0.06649904100951472
0.05315122509270769
0.03956111424132158
0.03197500590813788
0.03269670792650983
0.03773680782507712
0.04423475366814199
0.054434581349348685
0.05253097901883545
0.07434445265021533
0.2319447049006761
0.5071297195161337
0.7312349922671786
0.7912600997700054
0.8030598224575092
0.8211697464872543
0.8459119713067478
0.8473375607261614
0.8534671384882212
0.8548430075056749
0.8621164486653036
0.8724990645663597
0.883130520468803
0.889202732687753
0.8950286688930874
0.8954633944957862
0.8924902333052002
0.8818572861033809
0.864516241588686
0.8411990281206017
0.7995775994591493
0.7248003563731875
0.6239537863955845
0.5244505312369225
0.41728268266082713
0.3180824904716929
0.23079565923864384
0.17183981744798912
0.1302501265695021
0.12105764488839228
0.12119693481453442
0.1187609620663208
0.11176489132232192
0.1052391754648444
0.09969483109628016
0.0906896821855912
0.08506479867828652
0.08103904759335231
0.0793734755381036
0.07611917364579991
0.07310026130403532
0.07414159647061971
0.08177128972918303
0.08957008462131734
0.09442912694053854
0.09395803521230534
0.09519062830802215
0.10448885572518815
0.16106395723941075
0.31584628070430104
0.5358088498858948
0.7124457375568696
0.7962483737806977
0.8282156948419646
0.8454564986891551
0.8485055623691383
0.854997835272261
0.8660852439620981
0.8761365885997553
0.8746197105671718
0.8713242473757044
0.8644186818554094
0.8603581812891774
0.8558579240043955
0.857332330738688
0.8573081693936262
0.8616040175614077
0.8661032132084109
0.8725665973925487
0.8770059367485027
0.872912408552448
0.8655414916533789
0.8478210753401383
0.8224339623416226
0.7781970553292117
0.7325623001098361
0.6793945455262416
0.6402051867121934
0.5842144808295425
0.5164582462951379
0.414319342351579
0.3054616270812346
0.2168822281335937
0.17074646112311692
0.1428551939932751
0.12372316615184249
0.12376137086959861
0.1277981829129535
0.12101822621894112
0.111311417657079
0.10350170834769247
0.09396054141933999
0.0896008591035596
0.08647149676887814
0.08433078397541023
0.07887225225603983
0.07979231026898795
0.08126978113250133
0.08227368011714585
0.08280116785532468
0.08441536733395448
0.09352574093326879
0.10452419945288856
0.10056899132559444
0.1442897476733694
0.3303069894480188
0.5960292234291515
0.7853377344598489
0.852050196942559
0.8721553722774998
0.8788745386669277
0.8834833213774815
0.8796052253066138
0.8819831254994823
0.8834000176061834
0.8390094056740816
0.7980348028960474
0.7819440188646649
0.7921759889918376
0.8020155015416816
0.8282299355820845
0.836122192613524
0.8118730263905664
0.7821115521381794
0.7751147365401335
0.7959211222658944
0.8206704455818805
0.8157843291258025
0.7935320963135415
0.7657239978591541
0.7068113288245281
0.6244460329578634
0.543904206557767
0.5014827145951741
0.4762915188629783
0.44613611931547875
0.39368923570348247
0.3335211909024016
0.28043182463405125
0.24179586038587336
0.21238460657605177
0.18807712489269357
0.1763459046182091
0.17474339246426002
0.17157440506310237
0.15807133946791607
0.13942280123385759
0.1237704334399658
0.11281542747230523
0.11002763443574741
0.1037975711379251
0.09769727095564394
0.09277999383787802
0.09519942690959754
0.09718221952414421
0.09824503201521048
0.09427300017449852
0.09846581154716319
0.12161789840131043
0.15989677664718216
0.23856929036139063
0.353501075796295
0.4929711210771497
0.6208338309377489
0.7283445970498099
0.8013381125582714
0.8418065328114194
0.8617459645480738
0.8713825548239644
0.8759650251177702
0.8778325381041445
0.8750519789353498
0.8756391664343618
0.8788654595117706
0.8856592776414054
0.8849855035114906
0.8730618782709095
0.8530293129693756
0.8472665649799525
0.8472385992154683
0.8300898266453163
0.7876971794477193
0.7358219413802325
0.65413619538002
0.5604231001230464
0.4613062820829319
0.38159485538042837
0.28442267486268896
0.19582001103256094
0.12899361571076298
0.10754018328010295
0.09885697351150163
0.09130529347606994
0.08777728785920609
0.08960013227515758
0.09041215121979912
0.09120730452118354
0.0942758311729093
0.09700440308722826
0.09803580396413121
0.1225300599601669
0.1788097480423075
0.25597789307429986
0.33836378405043305
0.4231947757092431
0.49221052401767085
0.539417150121098
0.5771830509584425
0.6024586999437107
0.6100408013876377
0.6109212626537781
0.6174559540390949
0.6487520333419945
0.7015431161434252
0.760919518260697
0.7859089805448892
0.7901012484402938
0.7763843002929189
0.7694879467944268
0.7663734553846221
0.7665012589438664
0.750665322298315
0.738569637631697
0.7325184502286224
0.7332871196466291
0.7046796096299508
0.6517907878550773
0.5833111959853072
0.5353405250925776
0.4715803217914263
0.3953798606535359
0.29722384907404187
0.21225853048548562
0.1427970811948172
0.11500202965456283
0.1064384822678202
0.10693680785986318
0.10154038203609483
0.09661545825348675
0.09213492128039709
0.0866466093617736
0.07952634984897763
0.07709026279476258
0.07928138687946015
0.0790981756566008
0.07543626795974043
0.07207462073144216
0.07246653634069686
0.07568100887547502
0.0789843781763945
0.0759024097852125
0.0718464299925696
0.06956564077797364
0.07223424922354316
0.0757686118497898
0.08031952833565846
0.08672317274157253
0.08853242316367305
0.0949182404503406
0.17880826660856913
0.35334583555309623
0.5734525696211806
0.7104639259904355
0.7784194028082592
0.8004988541283592
0.8353354618509452
0.8517698803883049
0.8566003359726724
0.8488385366027579
0.8397403105673344
0.8380189788677888
0.8309326584121904
0.8359618392276016
0.827740744053793
0.8273672382637103
0.8058678525392856
0.7969960930274815
0.7641196059638543
0.7248298906736694
0.6713451890363911
0.5995895484052909
0.5171862143781754
0.42795733110824064
0.3490387403939009
0.2657212156743636
0.18639091843823513
0.12345516326083703
0.08871914976512593
0.07577311106112589
0.05924290662885076
0.04633305033210429
0.03982954581238708
0.039430316440040636
0.03802036912388661
0.033878231340287154
0.02922222065983738
0.026916486984441684
0.02413389431613936
0.020720066230571498
0.0193873224043205
0.01957641477096242
0.019083813130600757
0.018508118307881755
0.015047186462909605
0.014441787195480922
0.015403513922987758
0.021335723212275632
0.027010340132452383
0.03556992837726997
0.0418705889527745
0.04641730692607912
0.0480086687728432
0.05069102484695182
0.04908093691130358
0.08179932815757035
0.224068705304086
0.48595222120521697
0.694159702398284
0.7800454982699024
0.7819853416913253
0.8056694003797151
0.827395936401283
0.8485254908031604
0.8490728768732325
0.8465561697231004
0.8526570343165946
0.859059956979
0.8553845206754604
0.8439482361083996
0.8294686395445336
0.8192594923574809
0.8146317393299554
0.8002338525036575
0.7717724679126321
0.6769265956919495
0.5394694779360608
0.40611969760086797
0.3206238539011773
0.23397938159959042
0.15183359444060246
0.10110701769063896
0.07961740605031926
0.06759171042780773
0.05464315904782853
0.04332941179299589
0.0375676559130394
0.03493829943313338
0.03399734493298703
0.03415610535535799
0.035068244508895674
0.03271443705135657
0.030717689209910713
0.030751449744942826
0.034110072889013625
0.035662595998246185
0.0385896705317046
0.04306907210786484
0.05001236161460686
0.05612955720067167
0.06019512894079871
0.06403383483647207
0.06542279669250366
0.06832988195574241
0.07399191594116183
0.08334841067086887
0.1262537697349957
0.20707367119933123
0.33397297883956806
0.47996373877019705
0.6323858669472657
0.7416987646820472
0.8042864967563914
0.838463530895948
0.8599644457083775
0.8754838011632258
0.8815411424328897
0.8891685164786893
0.888510754580121
0.8925623783188882
0.8955258747417181
0.8997717904460876
0.8949613973575476
0.8891975531178127
0.8892379957894203
0.8932734584902755
0.8926194921840946
0.8866133407830562
0.8771078670700727
0.873721229733543
0.8764956843508254
0.8778968722985366
0.8700339654816459
0.8524045346162143
0.8213145477011301
0.7836702704233464
0.7586263532352995
0.7075752602174524
0.6237992762812092
0.5389977792721434
0.47333802377676976
0.39196530464852153
0.29086845974929704
0.20564437289303938
0.13910517917853252
0.09423892650683567
0.06572150720255007
0.05846158616936573
0.05186964810347763
0.03589523981280397
0.016783112757117958
0.0036801185591006855
0.000422088646061608
