0.9999999999999991
0.8637806637806634
1.0
0.7498012191889744
0.8955135773317587
0.8043658469190385
0.8334274421230926
0.6310726310726318
0.7765151515151502
0.6530262190639554
0.8334274421230957
0.6995161701044031
0.5508284818629644
0.5508284818629644
0.5698336750968338
0.5147186147186147
0.6310726310726306
0.49755162869917063
0.0
0.5324675324675352
0.41951987406532754
0.48093841642228935
0.27306027306027286
0.5324675324675315
0.2628637185599215
0.5508284818629626
0.34018759018759087
0.27306027306027286
