2.1844020506855233
0.5850903876737344
0.15282215187917284
0.27251745438582337
-0.22402094467351738
-0.2135323378415111
0.14357147825712738
-0.10382745382531369
-0.5424859713339681
-0.4489049671350466
-0.05076078092153483
-0.0782923196299601
0.038681773554720696
0.17221872307926936
0.3624294328747735
0.20375687035354867
0.050367205661738815
0.15287469564200687
0.02599295111009204
-0.310797640292595
-0.05817166934477315
0.20920953333218797
-0.015253660199217037
-0.3983712821156883
-0.16432516952720636
-0.07679628045933475
0.1578165534770304
0.11012629995736714
0.10013415389109828
-0.09447239766207731
0.1264688345560776
-0.03905964415503715
-0.25756102501755507
-0.2062983942659862
0.09393315397391555
-0.26642515949897666
-0.26115751112021895
0.20049290909868117
0.2058249109129558
-0.04103244618037781
0.10850746284983653
0.3178604534990893
0.05017583221471629
-0.06807677172882644
-0.20004241195336664
-0.2116547338195048
-0.17825333275425403
-0.07571993838637851
0.0009103101770180338
0.016295066150604557
-0.08140676423233437
-0.07960721836760581
0.24283340190561256
0.40003199647037724
0.03127383750069147
-0.04208795608771536
-0.07816132764047776
-0.07433609133558088
-0.26071237033275324
0.03878732843981339
0.21019343830801968
-0.02296273324613471
-0.18117941211082852
0.01776926138483021
-0.08537177390363221
-0.08157008927210747
-0.09241481015564135
0.04249137694161813
-0.2572598903767351
-0.08406253534330807
0.042010939514196696
0.1858090120810736
0.2741591771086811
0.11286959928830594
-0.0940697892240897
-0.03918526508484194
-0.04087698923302977
0.050042040175495475
-0.42738713145926405
-0.28546735191455397
-0.2970584029372813
-0.2125135717480194
-0.3150689988189248
-0.45265208654490685
-1.0011579632196912
-0.6941011666941546
-1.318908301674693
-1.8842132073523936
-2.506996117724418
-1.696884711461683
-2.77993828333241
-3.416037530830399
-3.2076384263521556
-3.062686450308403
-2.364618157813733
-1.5198797386235139
-1.0162273614234099
-4.073698577267045
-5.96439840141478
-5.013662204504417
-0.6021225266542117
0.04061233652456989
-0.9555158813716131
-1.928940142330648
-0.6235118059776656
-0.5220386925442809
-0.31536571573644423
-0.25083401132487004
-0.04820811787226393
0.20707909552073153
0.11877469694061824
0.16185162435082226
0.9878155888963971
1.42398666867304
2.0105804373848883
4.5127023630060945
7.044353457695421
7.226148947790022
5.704877743826593
5.048539161337411
3.9205390023099866
1.9129005146926772
-3.517215662718261e-05
0.6867610278312999
2.4701730710499947
2.2768557139838954
0.47958182757282314
-0.0585579238502134
0.24546812484257027
-0.6924334007624047
-2.839062230733701
-3.523296269638773
-1.68735102171277
-1.3196162243552692
-1.4334151048303363
-1.6012334973524691
-3.5724526105496386
-4.501693801863946
-6.133656113054889
-4.665661833240554
-5.733204990496502
-3.17541199222155
-2.6520902983753922
-0.7251649709552008
0.1448235542082754
-0.2100003313169542
-1.0940605664121257
-1.2222206149682402
0.3231121005051241
0.21117399733582695
0.3280319868099691
-0.9131690490376458
1.1480118142936138
0.04004213876707977
0.286994109097367
-1.1059162082246488
-0.19497251888339187
3.50922177301897
4.797417551186653
7.100248133089481
6.254668641372276
6.256631813270261
1.8435644511857283
3.001782727240376
5.142010570453411
4.549231806674697
1.7605529248270164
0.951453349093432
0.7220480414660816
0.47339349941364295
-0.13303341162124885
-0.8033675406680747
-1.1643960088369385
-0.9859563463231549
-1.4988459520715267
-1.4176154788966329
-1.7620612307448331
-1.1407890595430632
-3.9553941346761676
-6.49785510067694
-8.357677766246494
-5.207054147308662
-1.3092785240617564
-0.6124564122293752
-3.6932633595746944
-2.9547827455439863
-1.974130277668346
0.5742030678781682
-1.4079249479865559
-0.8854888198659503
-0.7796484310756433
0.460010091830732
-0.31821487160736794
0.07677513957954823
0.026835840492020018
0.6182175982600979
2.128766620858709
1.8958786011124296
-1.5302723182392868
-1.4566092171038154
1.9067875160984362
4.43239676301942
3.9647764915946935
5.353238690936036
6.3488311103289075
5.3890101819418375
1.8273182938751151
1.9797784922872435
2.3386405742642897
0.9957679721714365
0.2221539385097956
0.44734927014328624
1.3312789427674536
0.7539169929361571
0.7422811772085307
-0.10771192769347943
-0.8665458357944975
-2.630407858093225
-3.9810927335705246
-5.158969705957302
-5.027888327734335
-4.593312793590123
-3.06339173242261
-4.01382974386367
-3.5832906361864185
-3.7632516330804844
-1.7271148631977258
-1.3818203054315223
0.08533800651414378
0.062288961692510636
-0.343467946132583
-0.3909912290841164
0.24430664963444068
1.0378291036689162
0.1911048320975407
-1.4217123587621971
-1.6370139915083506
0.4500371178322598
1.4181690921930745
-0.30644411473878697
-0.7170839667194576
1.2103120363749647
2.015758301545536
1.2924222721746144
2.986868871135603
2.170207420458121
3.6997709374753898
3.21470863150019
6.940348797959149
3.4672864953392226
3.0529575359111623
3.4980520992842603
3.068471597187614
2.487829386874467
0.5350937413322528
2.0838099391485607
-0.5187727521882565
0.15956108698314486
-0.8378410751351358
-0.8773091486456495
-1.4608524685960773
-3.01775022190058
-1.7210527989922548
-1.2643798384251181
-4.617165334338141
-6.233184793641084
-4.417842379627155
-3.498531060034521
-4.996106444954318
-4.148711882681351
-0.25138145325200845
-1.0507225892206267
-1.0322451336671432
-2.4575942461323312
0.24369945055595507
0.22477614473942278
0.2360434532115512
-0.9214844956637551
-0.9219364524761144
-0.11817516280553844
-0.009002924683604339
0.030276173907172573
0.9597894352601442
0.3640442889592545
0.44490881934279125
-0.6350009449708921
0.1204540692362298
-0.6909957644612366
0.29264908231781955
0.21282421522553072
2.706754132449857
2.8955163740140515
4.077091960144743
3.4865360820272975
4.676686885754506
2.338967270788896
2.1804728588878364
-0.671935645513412
0.1716947407467701
1.4909425788518513
3.575165104406219
1.42614822882784
0.3235556987167943
-0.07486622214157439
0.08638807613535779
-0.5484599918436837
-0.9715402873956541
-2.555750624583071
-2.15529653730223
-3.317469721108762
-2.4486024539627924
-4.081595080142208
-3.457641507872644
-3.144529922744567
-1.3129231448019243
-1.2635764787094972
-1.6608428779798283
-0.019551465144464
0.23846336633475992
-0.4101779531233033
-1.2034758062291249
-0.8368330946450151
-0.16255408189749634
-0.2511916373211801
-0.01745094761881289
0.4817189642473849
0.7136906301823235
-0.6579232145124648
-1.205167781259166
0.4712121913690179
2.016453912564719
0.633345434203777
-0.007474173765591479
-0.5225106761480482
0.22551410159388688
0.0630618587021422
1.7274792207373482
2.2888698438030057
3.9099121139896136
3.149926894099444
3.9354605702894734
1.8998757823167245
2.0042427476501405
1.661973066238022
3.8275644215137654
3.9403779226550304
4.865047376082338
2.124654197060037
0.12330311586802578
-0.7868334328771148
-0.20689810523499236
-0.4144089618135543
-1.3792172294517862
-1.517234313985326
-2.864468530634118
-2.8592510629583248
-6.4600130950196695
-8.918467254087691
-5.728973849640816
-0.9753873496715655
-0.305598474725956
-2.3303682823432696
-0.9277594985551818
0.8713784281481666
0.7959860166112465
0.4188744931906084
-1.7763567252906876
-0.6983624605716506
-1.3985726520542185
0.016219762002340824
-0.5366092516715756
1.0697103520429334
-0.128341471468416
-0.26475760611134336
0.9677424432602936
1.4254904244948075
0.7271540925417339
0.6062817826388344
1.725316636900099
0.2668258182228232
0.12979128989663127
2.6876111385225467
3.3643266957814553
3.8902381266160373
3.230924517262002
4.980469078195808
5.559928848508009
7.5970198484343054
4.764676255688786
2.0280204036354514
0.7295514724244282
0.5141056158658048
-0.3388896639549367
0.03549555813133333
0.5386030212017886
0.5624396795587414
-0.4923459965195031
-0.5813897332446215
-1.2419882601838417
-3.3786878057293044
-7.46828897054365
-9.347846621605903
-6.511573015791882
-3.4231722863620315
-1.2951025726792655
-1.6029968695579468
-2.9793324866397657
-2.9625632339325043
-1.6566351083841673
-0.45543516915558185
-1.2562486817631964
1.366398229536643
-0.709688941223661
-1.9484027948566884
-1.914604256234678
0.8480949478341545
0.06634132516017711
-0.004951419966364463
0.2468680853988895
0.06753060506048704
-0.4573804937525083
-0.19645057081631792
0.11425088930190659
0.8320608275425225
2.2006165741563235
0.20089725824849874
-0.42536654271295377
0.2359684884283994
2.517763733542175
-0.3264509970795754
2.1635288127429573
2.3094329147822092
5.301998367530595
2.577758105659194
4.006512948590912
2.4570128120637214
5.090838459225593
5.209720282530498
4.434132248040825
3.4253428610067735
1.4530181215153266
1.1172799775187703
-0.17038818468779587
0.03850334414895032
-0.9967115383883964
-0.7485759711630973
-0.7264367132458286
-0.948894870796223
-3.4596793671448314
-5.019804845768556
-3.866780048708767
-4.327023250596833
-5.262316114046538
-3.5123656708829856
-2.0709174469592457
-3.943866738900594
-0.1478788963219839
-0.7325012127009681
-2.1779476519003125
-4.059794793281726
1.4362640286020651
-0.21321902991147187
0.5023899134228339
-1.0433831075951465
-0.4410506312226291
-1.7316174847895556
-0.637251805653124
-1.2414956794506993
0.06957954183277296
0.07228060349515701
0.5717665479227594
-0.1993615122097759
0.1656371918279154
-0.43618118073760886
2.232388481464608
2.5967714198620886
2.553849051749568
0.5734058637234349
1.1171979205730882
1.5946385111826684
1.4775016028438988
1.3422283738827065
2.2987637168559534
4.764593016346606
5.228846945268666
5.655585499903835
4.492537362407625
3.045905042618435
1.7817241494585891
1.3686337762157958
0.6831778796121568
0.1945138707826147
0.2432882162420063
0.00834840486518343
0.460226667322851
0.4204885207606152
-0.37458509562000053
-0.5585225353114838
-2.054006338826748
-4.723414685726232
-5.519513792812319
-5.512276637379276
-5.075547231851948
-3.613975649508671
-1.2099240068849957
-2.262571595029844
-1.1123072794152713
-0.21633091411555458
-0.2445912524394523
-2.163060925595103
-2.8604602069381686
-2.9869532574860824
-1.7966054628517458
0.286109137131503
-0.2712635347237806
-0.22887465604196217
0.021810713517752118
0.9326860284536989
1.4822955425062272
0.9807518796609683
0.04177628845366503
-0.401692732218204
-0.32891992725978075
-0.0574775434525642
-0.023834061553858955
-1.776061862396947
-0.7965525743264532
2.5582460286044078
3.419208234161777
0.48467955826457443
0.6896567380263159
1.4870912431058365
1.9815816206643768
1.896567368910799
3.5005808342116675
1.7748735133912683
1.5245465305489
1.1104446043335967
2.733355559750928
1.1790605295877135
2.896693618805584
3.120603506331263
2.9167504901680354
0.6588944819528947
-0.042280581266858255
-0.9719139434100837
-1.855074373967046
-1.862281142789471
-2.471784192081166
-4.178874674469871
-4.784135582279205
-2.253202426668297
-0.5842814283082863
-1.7254653801273319
-4.356883098870473
-2.1208262823711084
-0.963075849065496
0.4806797063335434
-2.122140636538732
-1.9124590288382715
0.591887922386527
0.4342856396633074
-1.801168329267515
-2.7433333350241966
0.21915452748826605
0.7893139533116177
0.5115540169876951
0.8872017540572534
-0.5940851490424286
1.0167372290884624
1.4903247928748207
0.6803022974360412
-2.823534265384371
-1.0441928313740565
2.0051563450935146
2.11208334335845
0.10184051833805298
-2.062252857584021
1.3314390783453214
0.3169644762019944
2.7805400319223303
2.9428820734140713
1.5162677564738487
-1.5560889845743966
0.22115382128572347
5.592012517007519
3.057017261574534
1.808486925842467
1.0352610374311917
2.684937937004441
3.0615561144638623
2.1259204362788484
1.2431584590570437
-0.1998188477243892
0.8134696402451498
1.1589644188377017
0.40673902443099297
-2.2389932527117327
-2.768673986075847
-4.06186954360467
-4.183517402863077
-4.568461843024327
-1.3544417235641741
-2.514869867947304
-2.221220955952063
-2.7392549265711525
-0.3785022568620088
-0.3155961901085978
1.2262112236201126
-0.10015396547855383
-1.3368838341096316
-2.4935858797961123
-0.9898298620661075
0.45575621728668425
-0.1534142850113386
-1.4765030895049347
-1.5321759915043522
0.08690027492692842
0.3207666372577502
0.38479757708038154
-0.3420134269247465
0.3429533188034193
0.7775840997779989
0.3817705500322272
0.5244950459715753
0.26491051617978384
0.4403066207337178
0.44684106775388743
1.8172640386178391
4.243041185851016
4.004822040588393
2.5289366445538928
0.8026492252873175
1.4611435877934615
1.1938572977107045
-0.6087224823516243
-0.6921838257050843
0.14245407808265179
2.221014394509446
1.89506165246936
1.605551427551655
1.354204569540504
0.08967202496305292
-1.176906382940687
-1.357930245881971
-0.2639179109227169
-0.751877569275781
-1.7159781988424125
-2.7604960702110675
-2.492387315648484
-1.9207202528426504
-1.2797286464214648
-0.7699898662557597
-1.602238761188458
-0.2849651760827479
-0.8559148916993623
-1.3495655670418816
-3.2961253010875318
-1.6189784553301911
0.2221385110278135
0.7858857188250081
-0.9421045986652952
-0.06698267083378942
0.4984889275093159
0.6516868917313011
-0.26334936630595795
0.17015535739559906
0.16447613823279486
-1.4915498476517068
-1.4469553855869022
-1.02081028602328
0.11632259353904471
0.02691084268775554
0.4076236708879835
0.20116719804163463
-0.27445682089679907
1.5170110465574551
2.3532090066682527
1.633309784864506
1.1778144516630522
0.46911924369459845
2.390871327233719
1.305745338740781
2.6455602018377107
0.45354261193509793
0.8455048008373159
1.0276523639641277
4.8194074385054275
5.4374491786434405
3.8826572934236814
2.8477226948014978
3.0200930976942706
2.9969214276828344
2.0102483470359145
-0.4167885074471204
-3.3707608930971897
-3.9215370515062906
-2.117404251349796
0.4197552657814202
0.127343171315644
-1.3557834723187894
-2.2750018781846637
-3.5385705256133373
-4.9158555483483894
-3.7367036746262365
-4.153200961073251
-3.6506688094926085
-3.291332359710726
2.051745687496844
0.8580400531221298
-1.364550964501076
-3.762085001355847
-0.47557640179364724
1.644472537004408
0.9749651237981508
-0.14973899348467953
-0.5981038775058863
-0.16830908166240346
0.003729007431913881
0.14703288734699052
-0.26633791685005753
-0.6242586143545065
0.26319022821224836
0.22636939054702415
-1.1364094815538808
-2.51359877077893
0.47958938895527803
2.4725570729322452
2.173996624221689
-0.41567423849934715
-0.466769413891716
-0.3881639662530729
-0.48740844028369695
-0.5021549788314777
-0.09753825015113252
-0.45899228694561367
3.452972356223175
4.873840439168349
3.452918450890502
0.7195726170574788
1.818660353601726
1.3254155107402474
0.9803080749011729
0.5933479702804982
0.5965953327004251
1.6883633018151516
3.4857807500619673
3.4089501784248792
2.0975634255952103
1.953050226138789
0.8433121319227235
0.6994545571666685
-1.3994530974607629
-2.660686333580523
-4.119738915797869
-4.2562040086294886
-4.127094018674965
-3.290005022710641
-1.5390894247155305
-0.3288285489423162
-0.6665131036781903
-1.0107983010884756
-1.508802156346423
0.4816908779229838
-0.7174897260913697
-0.19809679271914754
-1.951785082964801
-0.4202303305443783
-2.0577410501369435
-1.7055037734649345
-2.289430767380537
-0.3010350587200718
0.3154391289307452
0.3736622524832058
0.28339049804352234
1.4023057231265224
0.3030278149254194
-0.4978794313106527
-1.6168200229471386
-1.2704624688431043
-0.7559595993706844
0.4041172207352896
0.6523720335236074
-0.10018082746701908
0.5125454530620435
-0.19236554805101655
0.41956533521337713
-0.31292913508788656
-0.18315589464709
-0.5953056541766719
0.4211217337532703
1.4378154641158714
1.2538837476800975
1.0157785514173379
1.0752067359544801
1.9251820948157883
1.3560304912744234
2.194017364265502
0.8108095571622672
2.509932715906473
3.091970497101964
3.418356304798377
0.8790928822439488
0.6686591406850175
0.6403412871727568
1.0238221410508501
1.770614630714011
2.4739953050216754
1.8989919225720497
0.9869784089677733
-0.8382646295132444
-2.004442140871541
-3.781488619798464
-2.814733432537333
-2.894774778092332
-2.191772443592732
-1.202387485274889
-0.349171994486324
-0.18778925135498795
-0.9495730130454544
-0.4376609073820652
-1.2470432743396422
-0.44706150224636854
0.29593350185609796
-0.16666183458927955
-1.8416646535457661
-1.7802648504628928
-0.6823206543440756
-0.37011625492568523
-0.8455287354270627
-0.538378834288663
-0.41242627090711537
-0.18183480200612318
-0.41958225349739586
-0.6781763695842037
-0.6988248263480421
-1.2932711047619811
-0.20894869540225036
-0.35594328878318876
0.11776432679841212
-1.2408876291439537
-0.45781939655735404
0.20157725057909368
0.27615384407468124
0.0935423951029216
-0.7068503749675804
0.7497956819717262
1.1810048302987504
0.975833654743174
-0.09777444008539818
-1.1281418720377425
0.012668473465602051
1.2174621386498525
1.7886020877128936
1.8747551592117995
2.7164013965428175
3.7876669213643797
2.2339460464453533
-0.03911861293474789
-0.05266109839415522
2.440549786353786
2.8818752065663027
1.3761180100176011
0.1808581183621885
1.177070792027092
2.080477306945234
1.3022639058295278
-0.08890382186848295
-0.8593487459641963
-0.085583119388515
-0.7489526274090567
-1.5610306784099193
-0.9120244008133079
-1.7245056399072654
-1.1924354284660932
-3.5798081578103567
-0.8593722690318417
-1.8237422667919458
-0.8308471296158576
-1.630257772522583
-1.101218453224581
-0.9710486900552057
-0.44246117603904694
0.40353315619490504
-1.8037114980676974
-1.9819294027617906
0.05930243010956609
1.9594747867067106
1.0240431029458588
-0.9246777215683958
-1.1246071672539029
-0.3509519109724895
0.25610888444399355
-1.3617998877018735
-2.830369488977058
-1.8658227107808942
1.4819172338935944
0.9137508885963819
-0.723649439231128
-1.0826742952600048
0.15391893220020367
0.6859000804014626
0.37637720753307374
0.4830482716063215
0.04306948497675762
0.8256595712333124
0.16814178639187338
0.6319165515432076
2.4709534477672763
4.765203204838072
3.984995991818008
0.7302281401928604
1.0392225287398196
2.450204458042298
2.7458398275642257
2.2511121436723784
4.718663522279855
4.390375717557885
3.1689615531579496
1.8975134016518438
3.0408780162346845
1.1899808957996882
1.1786774073070863
-0.09161654790818284
1.510901639689029
0.29641762617240186
0.33708250606030987
-1.0754453263270503
-0.9706163219943914
-3.035246869815351
-3.018671801726987
-3.2744796963185965
-3.8715958710922487
-2.8478335942036686
-3.0536887815154303
-3.634621886235593
-4.513474159027621
-4.364628196105646
-3.6177235845390503
-0.23445426308443262
1.1587900750494022
-2.739087857651922
-2.0461441520403105
0.3818563125434825
1.4748259766268923
-1.064564895740906
-1.2124616172459026
-0.024779957787702554
-0.3627161820312749
-0.07240299818473263
-1.4203166507707052
-0.9888983778541023
-1.339591993220044
-0.06691830971642795
0.8833876722398861
0.3229158498452634
0.3375153143090269
-0.5637417496988527
0.5267691481775643
0.1996264146759041
0.15703400268023376
0.9201652156168959
0.5997505292044408
1.4599226998475565
0.9439454439896157
1.7012523988930401
2.2564017651532677
3.3589928658720125
3.245490720077634
2.195188840174537
4.273704152404374
3.0227846070202866
2.3461219742512203
1.0275426451867171
1.4566389870752479
2.3401333217488434
3.1555398657901907
3.144720151723627
1.8040126646130221
1.5356383791823067
0.6204420958676147
-0.9854289561966639
-0.49991777051206787
-0.8457007758602219
-1.250626385596898
-1.6888193498796005
-1.1051217923332197
-1.9526387871007478
-2.977383114985677
-2.546920148068437
-1.4107887454639594
-2.4196693942504344
-4.513319253235174
-4.621115152839484
-3.4397979169407664
-1.3400086401717899
0.14531166916358967
-1.6594952639975813
-3.284310531602423
-2.1290319260827175
-0.0959416092726283
-1.2272236681270974
-0.824402760254168
1.296613402890922
-0.08640897794509209
0.12734865539471127
-1.5068846164507395
-1.128939455566076
-1.9654821817421244
0.0026147054105592283
0.11656912956453737
-0.09695444832537671
0.050356071058612985
0.21564987935893717
0.3587352926737698
0.7766288031801603
0.2711509474987527
-0.13591819678940256
0.730610424675229
1.6342237576881875
2.8211412369431583
1.661830805264476
-0.9943789472186897
-0.6948530837893375
3.315977960844655
3.6387604826588453
0.31621770272652583
1.5210995922915924
2.8224508827971655
1.2354782551089862
-0.44013198238457457
2.1887736862691245
3.1936938316556143
3.4275970505404914
2.9848177494439407
2.3321427190660433
1.539909018151909
0.9416552429460181
-0.4623247931811188
0.4761205044814331
0.32088333172347655
0.14582573360086112
-2.425989576044805
-0.5608524307675034
-0.6608729678385881
-0.8759446186244078
-2.137768110554567
-3.2857305379308324
-4.0081376480358095
-2.65498261221474
-2.306117096680577
-2.2900339699544006
-1.5486284119485851
0.036012785773528004
-0.9140810964407989
-1.6905095100580159
-1.2761825216788463
-1.7493748155177713
-0.8689021620106598
-0.7222412425192359
-0.9878096848975982
-0.5855057385910345
1.002344036275997
0.7268370940248783
-0.40273083534970844
-0.6162512874015943
-1.2460743510993009
-1.0958922575183334
-0.20542626931160604
1.01042054230959
1.3464468976845483
1.3169158867040631
0.26073878008473256
-0.03448703460457852
-0.08342811036043593
0.06879279058424062
-1.1872872806030745
0.38728063290071607
1.3487981975856789
-0.5172771027719192
-1.2948961356784412
-0.8260755584330746
2.3812980256598
1.434987898443355
2.4891167613775527
0.047351463230018626
1.4452505665507425
1.4092703386080543
2.0593541842765886
0.2464117127749295
0.10658767709315338
-0.5419016936415008
0.4061622743298219
-0.5226071015646792
0.43431265585242823
-0.7820382126557012
0.7262604223038396
-1.0455758483057904
1.4096549748664347
-1.1299467512946737
0.7442270995078127
-0.5127924100899909
1.979840351979521
-0.478309121826845
-0.75188403542579
-1.830034078573925
-1.0538736750068578
-1.408753598140375
-0.36848803289718496
-0.04653216446740369
0.49531160990363504
-0.21138036109434635
-0.4290806662499302
-2.1887233094516367
-2.225059595643249
-0.841271842909458
-0.0583282025013465
0.059298244210280224
-0.030044825532735984
0.5086205065493338
0.37421480020363235
-0.09463470874074048
-0.3325208530996201
-0.7377893723439475
-1.6330863297880378
-0.5439505876654925
-0.27393447298409207
1.0141760004403078
0.12198008848266023
1.070444901018389
0.36053012177526816
0.9240817619786466
0.886067294493587
1.2700733273910871
-0.38624991565634237
-0.4404312520443749
-0.29063502779526285
0.5235561102243506
1.7005129454957546
2.6796870486787596
2.321472492682164
0.33623010461567704
1.3341828135364713
1.962905921846921
2.4619451985848078
0.9909331333520318
1.080615488475855
1.011517367849991
0.8838086055033496
1.2000665199389664
1.821729047754609
1.3383980833557614
1.2073628779745604
1.0063464459737688
1.0444341992452892
1.0255968277624579
2.2459855645658786
1.7868364285891551
1.767479620358348
0.32312463585972007
-0.2769763007900907
-0.4240288018290458
0.25561779233555526
-0.10425371127342911
-1.5942787686597444
-1.6032903263839282
-1.16876765528084
0.18436276852447092
-1.5805448089490104
-3.9552091671009153
-5.32696957010827
-4.301412118206785
-1.7466001753290288
-4.697526042499759
-3.4451831491941203
-2.7723006160036454
1.8507643889192773
-1.040487697307195
-0.2231286057134025
-1.9415742880808466
-1.2301699447102104
0.07841163895835725
-0.8022265397778278
-1.0702756250148822
-2.014747851659829
0.4132652558903533
-1.4703766263671867
0.6319585718464161
1.2093066458062078
0.3635367064050935
-1.129039533540824
-0.7225777571545774
0.8034834663158437
-0.18724615647563045
0.012652865913113818
-0.26100015809834465
0.7565446941275028
1.4780212796778374
1.5390123995768281
2.6631405797135814
1.5287207273087031
2.4018836995982578
1.609152303158216
1.8694110685065977
0.8384165831873192
1.1559397165820275
0.48052526675512586
0.19166630421208455
3.2089726621566816
7.034322329164801
7.066542788684369
3.997011789417143
1.0815186512172923
0.8030425179305202
1.852275222787548
1.8583859575192756
1.2645804148831417
0.7414749211837601
0.7008440794697689
-0.5334374357509463
-0.4310767141938943
0.11120852152305594
0.8050179217682065
-0.057047681722581754
-0.10859476376438644
-0.37356144313568945
-0.7893668368264866
-2.619761082707465
-4.998573408887325
-6.7290984479928255
-7.569531977103677
-5.8380156334880695
-2.5790797116653508
0.10823903536603845
-0.27681108801714926
-1.7637382000885165
-1.4898746506652985
-1.948608574360222
-2.3574422885191706
-3.529340840135276
-1.9943852994212004
-1.18253218950315
-0.40005329282033253
0.03544037107616367
1.311412799583753
1.071342715454519
-1.0413478867661323
-1.1431921345838336
-0.08622363155785813
1.4367896708043126
-0.40705373062236133
-1.2829534780885017
-1.090224551254379
0.3386747569121406
-0.10680292528400716
0.2324417599319985
0.2997400268545762
0.35309376286616545
0.924471691949502
1.4573935565960912
3.422060063313109
1.8002276171588218
1.5507230115618895
0.906053795117837
1.7198581175163379
-0.8100455438760673
-0.7276684828803018
1.391644545083838
2.592084722802529
2.8334047323800027
2.3523837134160526
2.414366162830298
1.785920066857822
1.7616783757842993
2.0780179402854664
3.0337792920433535
1.837764643833839
0.4772702298755443
0.6505618628913915
2.282066271969497
1.9418401717364124
0.9107397486237019
0.3240383382878538
0.08272121778598412
0.3892691058394048
-0.014218108522695259
-1.8462242723418327
-2.9905738925317924
-3.2100869700836636
-6.527397630753512
-6.101971942305308
-3.4227969390240367
-0.6641431725348024
-2.06860397932861
0.6570927200415627
0.9912570866330559
-1.7584767877210639
-2.1268562282972536
-0.5522720830396762
-0.1317791621057765
-2.486997255357091
-1.4686262519887718
-0.009822881409078518
-1.9729011772746652
-2.998584870229599
-0.1172291079075452
1.2881878571209087
-0.4370984151881881
-1.384324179604023
-0.1449124099321168
-0.8433428638399053
-0.5640744554197812
0.5616454164733995
-0.027271349713805414
-0.747460341248576
-0.563333006662432
1.0901489170746488
0.9391531201120163
0.5474303887573199
0.7443252475474476
0.75804195260122
0.24079790292697725
0.03649154883493696
0.44083528746384276
1.44706855679814
1.5187035066374157
2.339252483711763
1.662163865910334
0.529056291192283
0.5449477841092947
1.6516273369209578
2.122101058958595
0.2766193845847276
0.5720394375406027
0.03602790623539059
0.5767328346506226
-0.3451811720571348
-0.2795172643547009
0.30483106759066914
1.6625048227544326
1.9324075206832425
1.1100716940369413
0.997235221899322
0.973103624497017
1.568637156444908
0.7500121736344239
0.365125511011288
-0.8996595211131223
-0.4049455699302171
-0.6336484260526047
-0.4788304698679531
-0.7812865722106499
1.13212423234606
1.3107721719739154
0.22333529552072856
-2.265399535319488
-2.7073409416105596
-2.3891079197843847
-1.2831795159609742
-0.5945360591032582
-1.5002528592584683
-1.3790624206146402
0.26290601519234347
1.3580159281932054
-1.1267272325695572
-1.1323859347338057
1.0116169293029595
0.8216017859061265
-3.437579249013878
-2.84364636146435
-2.777272758465219
-3.377455604519627
-3.4954259893075705
0.26450590772627597
1.568527071636285
2.1186518397162
1.5438708628125366
-0.8640733515319106
-1.5381762566247643
-1.0359942657530792
-0.6514144321219698
-1.1801947032999127
-0.179546112998197
-0.007747696671089693
0.6149403526569248
0.5659623312878012
0.5014451652449237
1.0048673014372433
0.5716893726063264
0.2858350141738754
-0.1366945003356318
0.6359342203412595
0.16486080884501242
0.030676883216043473
2.3835545582754345
1.8040958318270244
0.3793560279012186
0.8499577306029837
2.6289667054880472
0.7524073157367968
1.0420070100783638
1.7628519648738519
-0.790129195388995
0.2855435987812358
2.9771849892450604
1.1572482450879709
-2.4371066712966423
-1.1420201686463318
0.21651728978287052
-0.3318293572968112
0.48300221901656504
1.2902430148229693
2.603584965493482
2.285842028020677
1.6765289135276351
-0.08203348417564449
-1.4444091490313482
-1.9599648125561702
-2.7653851749816525
-1.1898672361151774
1.6716417510689903
3.568211586027818
2.5022598098355715
1.4666897801201306
0.6111562670094665
-0.552311039132243
-1.0644829171572696
-0.7761793614141096
-1.5301105361684668
-2.9413725650901346
-1.9916719077874623
0.4503772395905748
0.49414000719823525
-1.0107757475233388
-0.8494256437033681
-0.31888390269946315
-0.8623415293520333
0.3164678466862741
0.6853613751046973
-1.9225707835894539
-2.13159884308926
-0.6958266945942
-1.746599799931361
-4.088089857400965
-2.0782250576585493
-0.13057293475236478
-0.2005199537317612
1.082282559329375
0.05500058715040113
-2.027426844350078
-2.481028471422067
-0.6307112010274599
0.7208087725857971
0.5215486177586451
0.4913169236870488
-0.19873520437347472
0.6742729863562104
0.5376163499969225
0.47839941856797713
0.8944895059042108
0.7773354026822147
1.491037388841465
0.6318553232489353
0.9978153268684103
0.7314009520632385
2.839908370520861
1.971570748423368
0.9637998133328299
-0.4498929489728332
1.0986586145789559
1.584501906240463
0.9887683308237345
0.42389098872942366
2.2004280748473324
3.7659353390905355
5.797835753627249
5.070529815767448
4.009861842341812
1.3723691419257542
0.5090137135882712
0.25294519896356443
1.8936788444970076
1.7864743659075781
0.7638986465837129
-0.28298096433005127
-0.6934198851186495
-0.864983258606529
-0.4279494102498814
0.008371918904593243
0.20316763545972605
0.5139638004228367
0.39665240339099606
0.057859720989928934
-0.4764092808632602
-0.1641070470737498
-1.92606649540033
-2.8257291978681307
-6.0729252238932805
-6.652318999786398
-7.2155790430638
-2.8087415567068446
-1.7189538377962288
-0.5274862905118338
-1.5435155829721188
0.8178733634002936
-0.42204511801408895
-1.9920359331284565
-4.447611422595366
-3.3653202914961944
-0.6238069223018613
0.8020188327943929
1.3145784953704376
0.2083222722715252
-0.9023670822355353
-1.5404381741807736
-0.14743896836564852
-0.4205301665242416
-1.2405278431871753
-0.6233588581763938
1.334579848784606
0.39531829365223814
-0.3319636812597829
-0.4461256156573846
0.011455768378029765
0.6677426241712217
1.5820603177259183
1.5350794802025176
1.3422372909241145
2.4136291148374895
2.7878230189210225
1.160762444585744
0.8619885047536325
0.0686159506082712
0.6006881269953865
1.0095095482194325
1.9476908855579698
0.47390175203890134
2.0722251854724383
3.7295733452616995
3.5565493993599495
1.7326398962576326
0.1267277029891306
0.6619706604771256
-0.17829682141865436
0.2858985175316893
3.085918243281009
5.958375598896067
4.097259664424524
1.1955230962017507
0.7152141200620902
0.3696260585355803
-0.20437692645559666
0.11944122161485117
0.4365232489146004
0.3629485480268453
0.30844804144779947
0.16264344700792002
0.4409107771911479
0.8042216470130539
1.0186211662653968
0.7132228491260757
0.491491087834325
0.23064401088678
-0.21248123384367643
-1.6249740994805708
-2.3294135709042187
-2.080168268489178
-1.071712880314569
-3.2549863477566494
-4.155196647937538
-3.9648138237449158
-1.9910375510820577
-1.6255491482084063
-2.258485154002405
-3.096963738138671
-4.746784857374309
-2.6109625619226557
-2.154205410646279
-2.2390688075375
-2.9555945418802296
-2.0319060754381577
-1.2686688209466328
-0.7294885403291463
0.5234500290801534
-0.33755665515533084
0.38849969995857675
0.3783905089445434
-1.7309842788015632
-2.3956043894359205
-0.8703630939699689
0.41907545154653425
0.0728098400437827
0.8123093703675114
0.9100259785356987
0.6701026415620643
0.27217027837451274
1.7969331067889662
3.0837153299138444
1.3458179731842541
-0.41881548649385697
0.6316449760226698
1.6994585996019362
2.138103057942553
1.8990779034891982
0.4918114133998377
-1.0452019186861126
2.8433547295929613
5.517572512968033
4.9885143998459265
2.2430710615494065
1.7031917758083561
0.6031724572495955
0.886843887672714
0.3307539277805443
-0.7697963688039271
0.7133727936407525
2.7964568647272805
3.218664740938769
1.3091775836368325
0.809366834027591
0.5231789092669618
-0.008914754602218862
-0.32983657673166455
-1.710723977086623
-0.7121865179282657
-0.7476132581685938
-0.30614461888004835
-0.5208970607696192
1.0566958862959188
0.1645071279454218
0.39730518588039926
-0.9587103829929257
-1.1535786188926918
-1.830558221484386
-2.2045237051074826
-4.335431997227261
-5.273875230512684
-3.8936852853221073
-2.154720024490649
-0.4971691969025094
0.08598515837970266
0.2582201267336939
-1.1550811173099442
-0.9516436030137199
-1.4032947310198034
-0.1709058774537489
-2.3116891065189824
-4.196126159926052
-4.855753634125981
-1.180858935607514
0.6924475835982156
0.26988663455848055
-0.5696641836152754
0.7387222363560317
3.126844496190747
1.0923900762156427
-1.665158179095837
-2.533093700218328
-0.07012569904251892
-0.41988761033759925
0.16481910134100047
0.4589710002603184
0.5675918020047479
0.2972863037248234
1.8058408490337363
0.7628963861945594
0.8337941606270557
1.741223298415049
2.8479411286993903
1.3486716804771883
-1.458459488957127
0.6291377545936385
1.3789293964300977
2.262911113099378
-1.4332883976770832
0.8647944421131551
0.9028880098445826
2.8748576151608676
2.6992290735068263
3.26606595837604
1.94984425675008
1.5012838848455876
1.3293194772183359
-0.2189114922633253
-0.7274769397259424
-0.6908517376058481
0.005197966614587675
-0.4309411684915055
0.7508521527370874
2.452106365719475
2.264409159691787
1.3268553791240545
0.0875090126160801
-0.31331743993174405
-1.1246361107847598
-1.0893218246079657
-1.1648475981553537
-1.3483242383943217
-1.5073712092462446
-1.9219525419752375
-0.9885457962671291
0.1678977479651218
0.5893771928200999
0.290900210993651
-0.874232413409388
-1.9449361216455736
-2.1932342554504274
-2.1135031961498014
-1.9439330752166613
-2.293023166359172
-1.69423833114203
-1.2917006915638953
0.34199029940055137
0.8755203737657461
-0.8961498996829224
-0.5211756887889676
0.5231346760324066
-0.4580203507464436
-3.87935732596376
-3.990641711235436
-2.1982503496520627
-0.30431926692412625
0.6940100053838224
0.3981290913973572
0.03514762047144743
0.2630903358746297
0.7063760109450309
1.3458499009318385
1.234583368097254
-0.38360517132422806
-0.3385427455566263
0.12670877119823062
0.8856453750131694
0.08053025660861209
0.20508105035717566
-0.2837439791723293
1.8934690082970076
3.738528325650543
2.659618407545545
-1.0316501826428153
-1.4031506262819882
-0.38720807195056867
1.180398154184436
1.0088120056361818
1.7368098995780878
1.1692548995189898
0.26323141562996144
-0.7340789255314613
-0.602789701429668
-0.018916501485456393
0.842236419128949
0.8519938708326176
1.1848669604707642
0.6601893989670746
-0.5347641635806415
-1.3564519664821517
-0.07731250081192349
1.1558416061489665
1.1405323583544384
1.251411508767851
0.7265043620275604
-0.2184282923668703
0.29946503875331637
0.472358022902562
0.10204380498721213
-0.5493724377847765
0.29056880853183353
0.23219026947581634
0.9016285224021494
0.8557029912777079
0.4780115567037265
-1.0301968875489096
-0.5151473116248011
-0.25905566144338393
0.013389289540236675
-0.5219033770927936
-1.2417292112444984
-2.9507160175023186
-2.472005970862768
0.24993843669698124
-1.868200955109808
-1.928322553559819
-0.6035857315503096
1.9897052224381737
-0.756882290096447
-1.6274117024271444
-2.576628133825106
-2.7117651349453573
-1.6065469241212547
-1.03140252732054
-0.17723862845361477
-0.7332089100538466
1.039179732646578
-0.30456102201325036
0.3936688728498217
-0.2875902581322366
0.7958748749315507
-0.1927555007361868
1.730842712129343
