0.955940530426391
0.9633092543007415
0.9652549431826741
0.963035155372549
0.9624673142803013
0.9628628680753009
0.964676348215388
0.9634117214625171
0.965362573193545
0.9640588512699884
0.9654394775842253
0.9622466626534885
0.9636427226681108
0.9637811205129777
0.9669051014674601
0.9650965332211826
0.9647559799581874
0.9638210419052282
0.9648318316523037
0.9646063303628647
0.9654618639113242
0.9657954156086377
0.9668313028897116
0.9672837614041221
0.9673846510394973
0.9660646660492334
0.9652319312573792
0.9635804228812864
0.9606949080517888
0.9593088480553674
0.960617709425671
0.9624477856029513
0.9639960175084945
0.964604833040635
0.9638754084480701
0.9627821430719025
0.9622998264906966
0.9625256023698299
0.9627665710691427
0.9629891133823
0.9616612143965988
0.9612710560840318
0.9616248228260783
0.9626142065321966
0.9633667474038086
0.9620115371305968
0.9624022167819115
0.9626985931236423
0.9632298532802733
0.9608008246425948
0.9609704450760456
0.9624711102550433
0.9646405095810491
0.9650241798415483
0.9658135528211217
0.9670013178400574
0.9673365950517187
0.9656434001266494
0.966571801819526
0.969009588616215
0.9737592652106707
0.9792547939643037
0.9867662756513282
0.9896614295439076
0.9915111178919649
0.9902578259309065
0.9887992685353322
0.9865894081791209
0.9878234693981567
0.9926785626754213
0.9949839849138133
0.9947578220939214
0.9921882836509047
0.9913262099313385
0.9964094924303915
1.00379792068488
0.9526398940482104
0.7840869646773885
0.5297153913761111
0.3311881184949897
0.21038565239976945
0.1580588056146372
0.09968717429075095
0.055853484315451195
0.014436262318450882
0.006343357916952468
0.010428822795531149
0.013594507448585692
0.0164818980749419
0.02082383092163228
0.03873386591292488
0.043983649204828695
0.07656877205489518
0.23520700451704932
0.5215471297165469
0.7690071912142453
0.8708094477514406
0.8882973521761827
0.9019813029053324
0.9152967657811371
0.9245250377414161
0.9256651578454481
0.9328497224385972
0.8817473108454269
0.7478697188107202
0.4831572663461807
0.24042752753194713
0.09485039874275575
0.06325713994321834
0.03547659244987916
0.019207246878951898
0.01531050239615215
0.030964653460852372
0.047128432865040454
0.09647442866597547
0.2762110843045502
0.546047516133412
0.7572969234259751
0.8540867603813693
0.8962193395501691
0.9194477183637091
0.9262362404043986
0.9101594526261363
0.7771721866974737
0.5381681460920116
0.29548943058796967
0.1120871740117379
0.028756322935242107
0.016024698593434143
0.03171990112828222
0.023986105797630587
0.045925299424893026
0.05780760761235321
0.14805721607424677
0.37665693330381883
0.6606139524207819
0.8142940787522228
0.8623682630170308
0.8857406861288957
0.8989068684600743
0.9023432450276759
0.8645509617175198
0.7020167988579362
0.45543266501368895
0.22530545033909183
0.1192953158523671
0.09644189075581223
0.10858580857244253
0.10185268637052783
0.09956036274398224
0.08763275288927214
0.18297655612324465
0.42569132904044
0.6942593657417921
0.8194627473550975
0.8524487244487198
0.8663016669132977
0.8744264984864323
0.8721247691097151
0.7951245065415072
0.6706698237734511
0.38664420192047655
0.17194471955619045
0.07479698675767174
0.13069373922654706
0.10049595232665048
0.08686714734856663
0.09015492815152422
0.08370860393525548
0.160779344646925
0.392447441454088
0.6699956938091055
0.8071066286864248
0.8414665072618321
0.8569790262612933
0.871526621878395
0.871413980598379
0.8537941484167506
0.7433971755989276
0.5897636172969436
0.3613300625453083
0.1876214038959442
0.08217816282676178
0.08176497108553779
0.06942399510028832
0.07870293063527342
0.07602988925208135
0.0821845231757298
0.25639240240920796
0.5442153590718717
0.7539879001140208
0.8073191198252322
0.8338602679444873
0.8545966331366228
0.8671391606283413
0.8733646560051084
0.8674468638592597
0.7451903293450814
0.5961157800091987
0.35900974379069855
0.18644220180548898
0.06767671246030563
0.08854691041617085
0.09036837411670387
0.09185690670924082
0.09666061563500855
0.07177245523316553
0.19205743382620868
0.44711150316868
0.7010654188141403
0.8368352562926304
0.8836142244931706
0.8816419428724069
0.8505295891073221
0.8620197401039779
0.7600914147649284
0.5804474127714725
0.3196612882534124
0.1269736778734059
0.03784091643277342
0.06794417356224952
0.0834944765319321
0.08689598290412028
0.06665070024812991
0.11373235871112282
0.33117842088446936
0.6107440235963071
0.7729240136308382
0.8163651229343227
0.8337142272700463
0.8401479729909425
0.844835590751351
0.8435146366152666
0.7982506798376248
0.6733623237972626
0.4715047029418387
0.26536246815573766
0.15201105248168725
0.12385872358822968
0.12654268888809211
0.12791934020850584
0.14308126673928953
0.11856015215284763
0.22983381372058373
0.4839056066445881
0.7436661303558163
0.828883119593395
0.846273423316014
0.8623496275731012
0.8455747488315376
0.7901595841179152
0.596668306045788
0.37299248251968503
0.1868704261644632
0.1174819583602937
0.0810199111089876
0.0850655594912702
0.09650209361377056
0.10895161718131535
0.09970050895093452
0.20964704989872818
0.45515956596083035
0.7265517609250798
0.8451987338282243
0.872923442128892
0.8689197918964459
0.845425648171894
0.7763382293434478
0.6117160744020183
0.423830048738092
0.2567917279797468
0.15610620838309952
0.08997339262343712
0.08101121368397779
0.09045433469147139
0.11128728629962614
0.11835441464487584
0.09626887507552467
0.19128376612662112
0.4498425261061633
0.7281989887144095
0.8554786485823395
0.8712317598273229
0.863737933729403
0.8525609422575705
0.8535306918858852
0.8463089362147312
0.8280579108754562
0.6727328372210712
0.44707054779729827
0.23756542923161889
0.16725600254761275
0.12342400146841989
0.1202262885593324
0.1219648060411759
0.1171629069880682
0.11491681155306228
0.2761803855281044
0.5518570474892943
0.7609221318617663
0.8281648181671625
0.853521295667839
0.8534938486286134
0.8145167221109265
0.7022377984310276
0.5210999571604109
0.2924987810935762
0.15543409427920676
0.10464728299859469
0.11528359104172267
0.1068082173138968
0.09574409701345325
0.0885164477783506
0.21588324969418893
0.49176459987104576
0.7471048129687409
0.8425784772970616
0.855004692600269
0.8465281830583788
0.7839336042788151
0.6755528372978551
0.5299586111418015
0.4143198126090515
0.40219697969227625
0.3653122300355901
0.26412359960602394
0.1376632094144018
0.10273392214199037
0.07878897742356093
0.07544071460073228
0.09466265257968806
0.08726907517539331
0.10097883041644254
0.2904039804342375
0.5911474165317645
0.7994198340030141
0.8588236474119746
0.8875647108281717
0.9024067991808192
0.8968359090876091
0.8228998025684591
0.6278037466023824
0.36163111681036525
0.1734877752472358
0.10322161263531338
0.09733883459980194
0.09188525173307872
0.09681208026758455
0.07483038412291637
0.11563349278180843
0.3275942609788965
0.6186103688509097
0.7821526892094761
0.8152438600410352
0.8350125880893232
0.8577153913420491
0.8451518856039424
0.7116671435614138
0.4884255574107582
0.26298301398311197
0.13325676003451725
0.07512483608956158
0.07854991915917531
0.09367746490118586
0.10369249906576632
0.08054296084686657
0.16690060363369133
0.41635701772057504
0.7086206637097605
0.8387296193366933
0.8754030061429818
0.8740647892729314
0.7384322035153199
0.46440986451486577
0.2181075325504866
0.1173560049384791
0.10644878750750324
0.1009583019189807
0.09194731188243457
0.0827997086510556
0.06415918335212809
0.07643599905525317
0.24881611356069336
0.5350185557765902
0.7514029057508489
0.8232732718988576
0.8514491445206119
0.830643859619262
0.6937057053634953
0.4109317830813667
0.1954428647391257
0.10672026376223555
0.10264071595152485
0.07238695904797547
0.07160335417657226
0.07581850084667571
0.0791826939042568
0.055807082563792354
0.05990621306795073
0.2395944442619393
0.5269999948872257
0.7385087588194763
0.8074037009254129
0.8514762756721667
0.7801803100361315
0.5698451354840486
0.31589785928703373
0.1651329174426878
0.09992501556949805
0.07917991426793905
0.06487263746200336
0.05886855393040043
0.05476546322440633
0.03554099009779606
0.0707087685481646
0.2442916214760665
0.5210285881449302
0.7451828198887821
0.8391801300977955
0.858182290058482
0.7593456769961413
0.5424575190597871
0.2844341243719773
0.13100124568327853
0.0733045669811733
0.060215981144726184
0.06353204116665367
0.06905267385592781
0.05922544854222216
0.16863992121795113
0.42355899962022875
0.6864555170117967
0.7848189790123649
0.8050706418239822
0.762786160753103
0.5546595207960888
0.2914081103772949
0.1249657920871459
0.08474807330126409
0.06287953052750703
0.060038846404201006
0.06920942829504556
0.06190975419861239
0.04922809622311097
0.09264699918831602
0.2683844292890496
0.5170668474085739
0.7123228610410115
0.7857616876786656
0.7979072043391569
0.7799282417804528
0.6753462533327932
0.49868371032977266
0.3611863091736478
0.24148366979172595
0.14051359702223282
0.08091386998268361
0.0908850796356591
0.08373653956453339
0.08373816413723423
0.08477919825573774
0.05873170423860925
0.1225249280621114
0.3549056130492601
0.6411340562555001
0.8163831823328032
0.8791414802413693
0.8948411628102175
0.8484658865180017
0.71231694073067
0.4825307936205887
0.23897255101622414
0.10285406447500942
0.06566643511167207
0.07538509258125364
0.08291207296954078
0.0870537989430375
0.07885308244805067
0.10093078357599294
0.2843448999844691
0.53752232311575
0.7269374316589648
0.7466646842019963
0.6899034180836973
0.5502299892289422
0.36360541603703767
0.18686035554728506
0.09164330680758952
0.07271832765210363
0.0677040625890273
0.06259583580753256
0.06929362457858759
0.08376709448922467
0.07736735449534811
0.04849615344342687
0.14036321128116358
0.35827024263605617
0.6195794257725072
0.7540108511388868
0.7850067902019079
0.7315996290796366
0.6079713711724504
0.44899076626214385
0.26822831275654124
0.14197438967188417
0.08025316005465266
0.07953370258864931
0.08398617722149769
0.08497724786416855
0.06842057640841614
0.12877659873021594
0.2963881779079243
0.5215892026527553
0.6685164636614734
0.7271906884211843
0.6413388530735948
0.4909430335971174
0.3348851146314164
0.211215446039568
0.10236122413439025
0.06340489081171495
0.0774230856473816
0.09689970638304868
0.10021962338094528
0.10242547989480623
0.07241157914238147
0.06101202835001803
0.21184190639229197
0.48922997500155074
0.7119776174911361
0.7882972642555834
0.7838073324316995
0.6737975885948141
0.5308188052235998
0.3606814480624652
0.2245759347172212
0.13027123579581806
0.123374517228889
0.12296938683828912
0.1255381244352734
0.13057641390199876
0.10880105082614777
0.14331580649478243
0.332665427315721
0.6029485220830895
0.7758559503458021
0.8196848447892919
0.8009471581841334
0.7312708878090107
0.6171147703184663
0.5159438080633053
0.39073707692528004
0.24575159873946034
0.12496860045956301
0.09237623211727325
0.09847663103676339
0.10491885770423244
0.09863062837994126
0.07610436937268023
0.11502934170499818
0.3104535049310865
0.5955190178717458
0.8218633581204239
0.8934359623194923
0.8571072121179524
0.7080680366860459
0.4861705784755844
0.25644171122187875
0.12193479361146406
0.07975677006061696
0.08152804721803125
0.0877528275594377
0.09064444887171508
0.09040685200911557
0.09348555185934032
0.07989055517878033
0.15904919057040667
0.3811725654921043
0.6493564414197834
0.7856877331344044
0.798475932721231
0.7415042290008829
0.6019585716881355
0.41621090205124195
0.2364347791738403
0.13264630502983318
0.09038331055254484
0.09330075189002182
0.09958563849438429
0.1035364273691381
0.10904570083399917
0.11570854128557675
0.11888157843273119
0.2163848701860616
0.4335673538750847
0.6718759624167706
0.8022285846844659
0.8312922257490882
0.7362823968242931
0.5655822126653411
0.3334154438768012
0.16671581482637435
0.07002728997206209
0.07931962160917988
0.08654997129420205
0.1001994554769598
0.11431166790239797
0.12462146145960779
0.15195838910439424
0.2909383026737256
0.5276462698553628
0.7410413833993577
0.8212416366333624
0.8275662873287809
0.753509301530993
0.5967864114166899
0.46147561877354754
0.3410683286699716
0.25713392811590147
0.17412383588510308
0.16747791493170322
0.15119102137351909
0.1437070497931826
0.14299564797687253
0.1351981239789815
0.12865462726133442
0.12551254757387098
0.13526634284417732
0.13747415751232475
0.1637909553568183
0.2149633022982108
0.320704539906272
0.4751899441148804
0.6723467704760853
0.8178029400780178
0.888125814527289
0.8934174758401539
0.8666002472215293
0.7293103887227188
0.4966671755883849
0.21676516078786098
0.07955421482548439
0.06636280730931905
0.10086921591783393
0.08214400441911077
0.0785489416409345
0.11615949508591922
0.2680754572271723
0.4728300361311159
0.6808644258210406
0.8102887884998216
0.8772134797288085
0.8449003344143987
0.7128772378289885
0.47943374052904414
0.2599113204891058
0.13364019035666902
0.10225702529374876
0.09104580358463116
0.09950971027184545
0.1001941865684762
0.1009284601470007
0.10086680459512215
0.07329325041700772
0.09235847686736265
0.2678746846145586
0.5616416485466229
0.7860368721954727
0.860000691920738
0.8657036599271516
0.8294381272982971
0.6918531026604438
0.5002670375653667
0.2927600933429243
0.17656728159880192
0.12442735630479915
0.13939855772969081
0.141506272457663
0.15143481938779246
0.24479762306286512
0.46605619538969073
0.6992055082033859
0.7995934857731906
0.8073308607642513
0.7955297602826736
0.7067867503814504
0.5191864109377005
0.3535226231606569
0.2527809366495366
0.191855252101765
0.14011813018761243
0.12243419409212561
0.11659193553218086
0.11487760008715145
0.11991026655374
0.10323962037781034
0.08410456529803287
0.17803734344680566
0.4268303477440924
0.6692774389500316
0.7778660083058774
0.8023441912094182
0.7989648575308048
0.702107160574805
0.5195063600397541
0.3094854122137035
0.17994446982379436
0.13034126174980917
0.1343098118844617
0.13834874150254592
0.1424088174251913
0.15349434383992305
0.2904895358788967
0.5294163017006548
0.7393115668476876
0.8175774316551756
0.8249665748114287
0.7224403370669341
0.5528028898933608
0.39506605533179967
0.29131997537773474
0.22849907799102212
0.2208678994802298
0.23038853870705156
0.22797321274289514
0.210603645900733
0.199759895055487
0.1883402532991365
0.1852153662713797
0.1834095399412074
0.18326181556129417
0.25845479454558185
0.364310695478501
0.5153611138997309
0.6555829964397333
0.7869136480392681
0.8375455534548739
0.8556818654539419
0.8465405279808844
0.7914090596625081
0.6355623271940996
0.4021686660621508
0.2029587696937988
0.1116194010205839
0.09528319169256269
0.09347105115005375
0.12190934541255453
0.18302807670109159
0.3209589008110746
0.49353394479603974
0.6092056847741811
0.5825544199128894
0.5087349121736642
0.3752440383663741
0.23106608304745793
0.12177545718080912
0.10225085459030633
0.1027940936648116
0.10886596381144557
0.11925279782324663
0.11664578052193889
0.11962338798836218
0.10313704296522434
0.1759149260880757
0.35407086998734616
0.5759839903654549
0.6943138672361762
0.7569107726367299
0.7591003246103718
0.7023980795140222
0.5581662854450725
0.3917347942429945
0.24303351882561725
0.16771376890682216
0.1245170839810687
0.10620821420459747
0.09672151138339728
0.10693369231523535
0.09281746818985576
0.17652227388408182
0.32173304115610735
0.5322574359366026
0.6677237307699755
0.7486897462146214
0.7063584206806477
0.5989828219248882
0.4813446706422073
0.3480205782581318
0.2282057680937218
0.13364123530499458
0.1064988285431942
0.10753509187653748
0.11258013268568172
0.1136497713704275
0.10781671829324295
0.11099692962453879
0.0918394647417325
0.1519874805668639
0.35927254385721785
0.6232120117799175
0.7885510925549089
0.838868946283722
0.8442847009450746
0.7778581881910787
0.6271226126168075
0.4140251448193983
0.23249546934806148
0.13123212333904338
0.10227756266604254
0.10414886165211237
0.10796821550000249
0.106132783121444
0.09784339474638565
0.1483758534927464
0.3377724189981229
0.5645593655769495
0.6552506077124902
0.5367548782469964
0.42457580150270813
0.2970274302588346
0.19250662093585194
0.1057131011690157
0.12352251633601653
0.14629121022165914
0.16560853296977057
0.22778572150560794
0.3499914090511865
0.5107412035282125
0.6562939723269006
0.7187982185222084
0.64204486050697
0.42826511710996434
0.20116535606119296
0.09449610735950001
0.08618036933989562
0.09290151902760053
0.08660924052207457
0.08523958530349587
0.09877445026820628
0.22208491813621983
0.4439761304286453
0.6523498114589816
0.7534532834281179
0.7861077476864171
0.7344796233007383
0.5796784789029454
0.4214418874646102
0.27504169825471325
0.1887699065940593
0.12861521426278633
0.1383323194829003
0.13799322085934562
0.14305121836088192
0.14421029284691228
0.1874808586292645
0.28671846718700833
0.4639816722175216
0.6129784106461931
0.7016839934425751
0.6787219433813088
0.5684852437116232
0.4114679927798104
0.266384450452451
0.17095688880082885
0.11884921631180552
0.10479345339227279
0.09228290103054211
0.0801192135859167
0.08446704060968391
0.08406930196478873
0.09303946506991237
0.06359537760644082
0.1346817520907344
0.33531956863014156
0.6051660708651907
0.7644366942404046
0.8262462952256526
0.8132101975488963
0.7068770655451863
0.5707540505989107
0.4353421380399557
0.33739754543049416
0.23377742210594615
0.17649778079776915
0.15686881924905655
0.15515623720474322
0.1500315344040697
0.1524187318101356
0.15220076228298934
0.1603061975404893
0.3197775179139506
0.4885083387004262
0.634736231906796
0.7023690343708697
0.7806975471281228
0.7549786296441449
0.6883988413950384
0.6002982061231644
0.5001085007458943
0.40016240858348956
0.33416046007829936
0.3162305042884459
0.30025968246803897
0.2666798950458716
0.23601394950597665
0.22292796508222412
0.21171601180456132
0.1876591645181153
0.18938681061480592
0.2564352591473622
0.4282260766288968
0.6304738468359332
0.7745679757010209
0.8110696357265057
0.7588981688240324
0.6401635812185466
0.47658422320804616
0.31801508676771745
0.21306137796361854
0.1669660940231625
0.15061489145999724
0.14782613808175482
0.14902599452018817
0.14991266734727693
0.13526330222900587
0.21055972620365082
0.38071848502915695
0.5897152406013111
0.7146510697409134
0.7774443863878646
0.769013129970627
0.7255961448330795
0.6141718081179475
0.46630012154614
0.2677960835917386
0.15365344471140463
0.09315102454619403
0.09483298279604145
0.08026521246812725
0.10057401740876332
0.11241679409910445
0.1116760961947334
0.12571976329811219
0.2613237296957822
0.5130362989474482
0.7426187229239948
0.8269637198446248
0.7360092066511832
0.5631345102894093
0.3428102479236901
0.18381426899524703
0.10376138883959123
0.11108947120214456
0.12094216053466621
0.1305531081749256
0.15975953888586025
0.21625029934897516
0.30657124742943664
0.4279696176056272
0.5437327495507203
0.6019631755621606
0.5737822473922739
0.488630872351321
0.42065808097344626
0.33987532360026074
0.22583843488677097
0.12168745672529767
0.08617535443368615
0.08850900733911406
0.09884160116604868
0.1137410891457396
0.09452897471076119
0.170140106189481
0.3665008213525994
0.5736515026544264
0.6369008220029622
0.590189828602633
0.5100177277308751
0.4230650225258479
0.34109104456513095
0.24693282192514918
0.1874297303770401
0.16636518500491118
0.17283979852400166
0.17554541995248601
0.18289629690749126
0.1781482128524286
0.17743491051788815
0.1812723273256377
0.18739616973017328
0.1844228035369117
0.18165248438609619
0.18878024517329695
0.2204250895986063
0.2842757217254243
0.38849887676007594
0.5204729192304041
0.6440802235955159
0.7153082221982897
0.7318609804245686
0.7219707962037488
0.7150310164410779
0.7109800262945869
0.6298848398378256
0.5222520186709927
0.4190598433214457
0.337588359393233
0.23210122339125197
0.1529218725211955
0.10862020706742498
0.0885944039481163
0.08424975265293126
0.08838161185435953
0.09445729351376353
0.09728834569292932
0.11487057764808815
0.27559233620195034
0.5213838777926707
0.7278493328731749
0.800254657428429
0.7904709903005841
0.6580421226907449
0.4850821627356452
0.2847548657621147
0.14233889444881836
0.06495744725734587
0.08289805541412024
0.09594421362416994
0.11278433306172114
0.14498964769589787
0.19840228190019604
0.30898065809901354
0.46213985394396184
0.574873281627696
0.5782837457552025
0.5152695553656115
0.41638188574554846
0.29224080057745633
0.17560624110304301
0.11960304100619976
0.1101929643574254
0.11265916010380368
0.11730868998527
0.11620959668441351
0.10989560908584992
0.10223167610231038
0.09989190907932263
0.09724664017217241
0.18302094291782475
0.3853874651681599
0.6038134086500525
0.7183192991398069
0.7312915016145061
0.6560744180045592
0.48379459286539117
0.2778030455997233
0.13669919233695713
0.08727736773539352
0.08780025128979209
0.08623187540631655
0.07955060323097521
0.08074742782004563
0.09757801295248456
0.11790261882634599
0.12266823171651813
0.12474117299233586
0.26165316390010424
0.5004122146949942
0.6991575054471797
0.7606789404902263
0.7425175055167824
0.6389807031716144
0.5116077311346626
0.3444308957013397
0.19521171910353668
0.10214131748638108
0.11312187590718947
0.12830994587341493
0.13750486161939718
0.15099556937431236
0.1974406588016134
0.3087574014063308
0.4423325459014081
0.46704714804106434
0.37816664075090395
0.23541091888840138
0.13910645729890947
0.09046589865524211
0.08162171855066265
0.08657038810110558
0.11232054793889604
0.151125285761516
0.20717107952644115
0.23685792312685533
0.21531677335693516
0.16145084537323964
0.12960230694484548
0.116861602940636
0.10732707450864103
0.09761147068953491
0.08068491645645562
0.0758957373280052
0.1420955659791401
0.27569425774847917
0.4542567307697959
0.6052915185529182
0.697369600686786
0.7222062932052143
0.7083914535144952
0.6451226780284413
0.5013882492253239
0.3188558828632134
0.15955724333895493
0.08680396559418563
0.06901311347517225
0.07827873685316322
0.08719091028268622
0.10033508649415278
0.13077303672429974
0.13888155687557216
0.13128178536619428
0.10984064130311214
0.10129573339296248
0.09078894869232189
0.0815487525551733
0.07691435353339947
0.05482738923792426
0.03696482539337873
0.06889523766283888
0.2439089270894845
0.48516798710449616
0.6698367141936824
0.6927923088113438
0.6015286386846492
0.3932645556550447
0.20382822766894498
0.09436568674393123
0.0884438369865217
0.09298828390011046
0.11837161756308931
0.1417629171196545
0.17214780142757874
0.1724931815712001
0.13811036045876812
0.11067460586825514
0.10283280467950753
0.1032300204209666
0.07811342243879651
0.057671634578387136
0.05875168217292072
0.16956890266003752
0.3433421280230288
0.5334528706647897
0.6626903195650675
0.7478614596874589
0.7730018846683987
0.7689249384411918
0.7388468144117679
0.6874137698128786
0.5688675920904523
0.3856805358392925
0.20168722084762275
0.10733200324215059
0.07590598867506136
0.06082011983453413
0.05558135328007842
0.0639675765161945
0.07479081106388563
0.0826512038872273
0.08847278637616544
0.08431841126750553
0.09828592357825838
0.21514087338445315
0.4252588652511432
0.6191451568625167
0.7224594251128402
0.7743868889194495
0.7755524716832431
0.6748004240216482
0.4992704154301342
0.2992915847717369
0.16264387079643175
0.09057821334696031
0.08121476962162524
0.08467009137857699
0.10081329565704884
0.11284050760789607
0.17107434277816017
0.3332094208934686
0.5268210691578099
0.6178297453582853
0.5801220172448144
0.4221336389768967
0.23851749928599808
0.09946600586629673
0.06871394231245943
0.06890673829492544
0.08870329176536104
0.11581742910458274
0.16817431700297655
0.19867840517529942
0.1737246836661193
0.11665275372651118
0.09418501760264901
0.09255631491884636
0.08451827759645539
0.0691875508118277
0.0587977988926411
0.048260145276684624
0.04325011305045938
0.11015755970767711
0.30104420814559657
0.5477457603374535
0.7124385228255712
0.7691516028322235
0.7399131588328356
0.604681878175801
0.38439754268366094
0.19436135842041183
0.10398185505743136
0.0752403348184243
0.065957143039403
0.07201107014905866
0.09398281820747517
0.10764355531843711
0.12556083688655925
0.22122573455372177
0.37980587246620945
0.476095526473176
0.43514096940545577
0.33713387390649097
0.24943619080627977
0.17284926334895626
0.11913000664768875
0.1128392961391127
0.14936486849629146
0.20055084145455623
0.27732359860220646
0.37748241715073017
0.46694147065256797
0.5166202383592053
0.5153050484575901
0.4841757867625898
0.44599499231917555
0.44570388923154103
0.4720626013531787
0.5131812184194425
0.4889008317523663
0.3621282142251325
0.1993120913023041
0.10040006814061897
0.07636492981002244
0.07774503864433085
0.08748772056095258
0.09048342930471895
0.09694881252303822
0.09483959494855747
0.13350041949907876
0.2874758575385796
0.5090433412266193
0.681372335446444
0.7355960094048828
0.7192759099549688
0.6575098145593402
0.5558600363227026
0.3941151758435701
0.2853457392219773
0.19988171611615954
0.15532356426803923
0.09555813159160856
0.09363696440506751
0.08125653052513791
0.08910828332654566
0.09106975802067155
0.1052004522545761
0.08029040450734282
0.13624778434410711
0.2747287381014498
0.49890968540000696
0.6396907741064004
0.6701755476467649
0.5772110967734138
0.40945231896356615
0.2741464544355213
0.17739248163832227
0.15836191460419746
0.14424288952310682
0.1588424088428982
0.15591020318165577
0.16180252780274315
0.16374718795766774
0.1702857262740466
0.16885174067166359
0.16678055793265842
0.17530231599287455
0.1945419623348281
0.3114156032300991
0.49933602174378355
0.6243643208940497
0.5482608529824058
0.36425700524665383
0.1814113706127681
0.09772007016548478
0.08987685591898652
0.1112917429319426
0.10521331260554645
0.11008952430095315
0.12678031196066236
0.17562901969071237
0.25068909530964806
0.37913596431414553
0.5215279440488947
0.6536173221784743
0.7090875666958063
0.6818310557852538
0.552213224213453
0.3825132743017106
0.25474650224310014
0.17998607559184865
0.1437480140024466
0.12181492276570548
0.12212598507894801
0.12239101735111885
0.12618905222801563
0.1254578840141729
0.1131556842273907
0.10014206018767463
0.0789350855412631
0.07305382028246413
0.12147804031980651
0.25557051531846736
0.40799803830093184
0.5413383667380874
0.6022663458902469
0.584783102416546
0.46671940550397784
0.3162510704024782
0.1906978266064867
0.12487364986335148
0.10213773459413278
0.09529239294159085
0.10235005234019433
0.10042553340350531
0.14033209056499812
0.2521708749658895
0.417518354038524
0.487618021191372
0.429577139285089
0.3550161102900674
0.27073433978915934
0.17135031285609048
0.07065624025796884
0.0518472193101429
0.059365505765529056
0.0714866395418357
0.08051799559778602
0.09765665205257149
0.0958247827600814
0.07817989505859614
0.06534312326131896
0.07954103716815061
0.08567219609701018
0.08267765280919144
0.07858877486384991
0.0734183528242462
0.10685893242143708
0.2176801093268711
0.3273139355374296
0.42935784095222457
0.5214698190436945
0.6635986043142206
0.7541147613444721
0.7658221596668398
0.6387201417034472
0.4144408769410782
0.21499926863294105
0.11516899184997284
0.09411352695523355
0.09287510441894017
0.11034970057688501
0.1277242220795604
0.14811854109702605
0.20251152735047398
0.25065422624608036
0.2163605444202591
0.13068055593415834
0.06802934090351945
0.057961605193480106
0.05557434792232166
0.04408352718220882
0.03472862800203273
0.03327027867171863
0.04130725772746709
0.045321473314275454
0.13797593414620068
0.3508464355961069
0.5838847643378818
0.703134064419221
0.738915652696223
0.7532992608718884
0.7308897925652165
0.6515192101760369
0.5057515576630544
0.3235302926252843
0.1689417422008535
0.08669645590243683
0.0665036726930262
0.058963945733719964
0.058829467762728786
0.05379508707640061
0.05240727952276064
0.04280405521674128
0.046925743697126474
0.21652988512069957
0.4635083745696727
0.6745021900309247
0.7626197322367746
0.796828409536358
0.7261730216699906
0.6211809722348262
0.558059787313215
0.5332114227273668
0.5106324031637586
0.4675739024654114
0.35949933997850014
0.21472306117087403
0.10524704811597732
0.0734677030324303
0.07819171776388022
0.08455678949980266
0.08208835244478446
0.07352516601443944
0.0720293490606839
0.06431051592999716
0.12838480386979675
0.3176496201848501
0.5778523252218115
0.7453418994392096
0.7940883660562635
0.8005487163278854
0.810617339699093
0.8110131924236783
0.8001725155313111
0.7769892685076373
0.7191656360453018
0.5518242829802935
0.32775101258165873
0.15456395300950576
0.08275751567723832
0.05430030272033206
0.03491711920774454
0.022519742580371267
0.013988156469238915
0.016213612732928283
0.02275143202517845
0.018960032108639186
0.08538464390442083
0.2879671412029427
0.5541786161645251
0.7435551510796514
0.801206590653545
0.7512095478151894
0.611820917136952
0.44583543100928497
0.3319748274646367
0.29017454692857125
0.3042322145015107
0.3353092892398436
0.38094519784325165
0.4333268018756132
0.47502553816306453
0.48500282943312695
0.39874435620265003
0.24916066845804583
0.12634089257143194
0.08959399988188746
0.09157600888310671
0.08278556163645229
0.07681777905026019
0.07226147627165236
0.06848442404469737
0.11530925309179219
0.2795622894069013
0.5208061539388043
0.7037499279593252
0.7763597069284303
0.7481193557656138
0.644443713697086
0.47765417332187665
0.32745685309641653
0.23120100639405908
0.19480124202760807
0.16189524525236648
0.15124737009765632
0.1776837282572121
0.2126760255411957
0.2197379770217342
0.19680808313558668
0.1459004043854184
0.1252449268490327
0.20009419263798853
0.30646887198273687
0.32721468459626174
0.2897691438132753
0.22930289249736294
0.16075450666966462
0.08947663655286398
0.07010181148669394
0.07348524449070162
0.08806730782952403
0.09089852144385943
0.08089877705785078
0.06952303410127408
0.07546673897095263
0.12543667997529123
0.19648535976897205
0.27009021983858417
0.3157524508309356
0.3164542366738183
0.29294632097285167
0.2525010986729497
0.19620203194043986
0.12797278587553304
0.08574242166575714
0.06246117291454242
0.04232357730977378
0.04176972902335091
0.07824685530708558
0.13085566699131648
0.2146496609346426
0.34175625791729314
0.4473269423169175
0.40833619252498105
0.2626876029729368
0.1426377790637932
0.08341596256674119
0.0650714209739006
0.0666786299979302
0.0788370225103783
0.08633391397677541
0.12206236496989126
0.16618648801745656
0.22158212317039028
0.30171430316369074
0.4165201219308679
0.5114157022363945
0.5923448601500593
0.6329573318493127
0.5845667866448424
0.4310478221617097
0.26912546293429623
0.15326128066761524
0.09953386931542227
0.0817931377645634
0.08437496030520977
0.08654530747722916
0.1014629705198857
0.12669641428013606
0.17050939267278534
0.22898073377979533
0.2805740036397365
0.31150026612592585
0.33987522217657173
0.32861751995910593
0.265780655802498
0.18253893797100498
0.1220344411594604
0.08719142886658418
0.07049039907000972
0.08646857024346392
0.1278157774802925
0.20439011169839433
0.3135602652285273
0.4077665993530854
0.3979903127819981
0.3109510662566913
0.22337690236175295
0.16165244581200552
0.10286110223794945
0.07986452913186995
0.07995590259501405
0.07786751060596458
0.06777988743672654
0.07495843727708117
0.09463331924065432
0.12268699658153041
0.14980788389379068
0.18024893781294665
0.20475964504825744
0.21472759502374789
0.18369739274323144
0.11614434529026844
0.05144830431172317
0.03459649347928206
0.05130785021732959
0.06644946332009515
0.06833618141900709
0.06175586212215804
0.09004787290101707
0.21468349985308405
0.4043733360355413
0.5564562792145447
0.6078461597811443
0.5670578287990832
0.4544520369436703
0.3268372433836104
0.217137192871096
0.14591048145791854
0.10799138738544774
0.09977930951676421
0.10282170316932253
0.11956241172862375
0.13945807873446614
0.17387208991839198
0.22147771839292035
0.24904949987340588
0.22081038817228055
0.14144713569906595
0.07229427457633157
0.045366950304757014
0.05194908148227524
0.05487518821777328
0.04737145633406653
0.04783651742723166
0.06299734871625515
0.11733331154328741
0.19564541618525483
0.2943692732797195
0.3654723276219385
0.3790822757562875
0.35318138924870307
0.32570857693863714
0.2953611715473256
0.24884017956055487
0.17417335840580678
0.10406161207807875
0.07715047893006265
0.09818462075515433
0.142099705892647
0.18485851436066625
0.2617847074152899
0.3484909653434727
0.3938940775522543
0.3460137440004615
0.2509948681578226
0.16107567510918253
0.09792171676759796
0.07351413823914671
0.07191473209893223
0.07225481675351403
0.06784580697180383
0.09298276631240247
0.1406396217978612
0.16344218204890923
0.13221624598653714
0.0911913022639286
0.07293933862028322
0.06685142600334032
0.06354414923966545
0.06246139268962012
0.06048409500698751
0.06131458169358178
0.05257402128530567
0.07389411608090779
0.1857952674216612
0.3982014966944071
0.5686440335772549
0.5605488465278625
0.3786337008205986
0.1843217114416052
0.0871691261769341
0.07492346217798088
0.09302398295537442
0.10078395435353915
0.10073910161562145
0.11312244982856137
0.18474368167320318
0.3203251466211308
0.47959912540489935
0.6119427421080138
0.6334995191314863
0.511410254288271
0.2961667953761165
0.13595255131045803
0.06363550911440259
0.054781933967018914
0.05864933418765808
0.0715929577298637
0.08429789970784912
0.1097076784808053
0.170765155987386
0.2589511466632485
0.38810184600529046
0.5073129099809384
0.5749358217440377
0.5357863387427602
0.4228966447652605
0.2563048789577058
0.12110161044586049
0.06722143462322251
0.07691017663951563
0.08389623111102444
0.07727526647488751
0.07135166427324899
0.10375298213061605
0.17227259977120016
0.2976122651455761
0.4369748022486787
0.5451598945409118
0.5053719873108797
0.37188819910237597
0.20904220185492758
0.11772235508298995
0.066990984374456
0.0671887608503709
0.06980106642108311
0.08273537328104881
0.0886509169230503
0.18664328296301552
0.3816127088647771
0.5996191280673446
0.7433896293287638
0.803940905665727
0.7617182281515882
0.5935792322884933
0.37013660954444505
0.19651822670861469
0.1255681830930902
0.09501905169245223
0.08123812275741585
0.08834486978459713
0.11679128879762783
0.15903845308935607
0.25617716522302203
0.4157243910184505
0.5571276343562861
0.5934276977162414
0.4858473604981327
0.31940297871435885
0.18615733593103595
0.12140311587997304
0.09280982003898088
0.0831546142442322
0.09003849125175256
0.10233000282274213
0.1387190368560075
0.27079019404545207
0.4771200928851333
0.6717412322798111
0.783473165306951
0.8222182005388917
0.7636016375625472
0.6034038662160986
0.4131855848415147
0.2648871000347863
0.178471563029241
0.13248637162094118
0.088421852430914
0.06612602341016793
0.06772390849284049
0.09219167829269044
0.0824535918310555
0.07623632394247822
0.09407774024334004
0.17742085919241518
0.2752907843214446
0.37604541193659075
0.4515622083238641
0.5184545024723406
0.5784771248585316
0.6534204412570874
0.7397230374986539
0.8038142042578753
0.826583461371617
0.7907797213624119
0.6452172785596872
0.4657305547121069
0.24476575861358807
0.12328710903735517
0.06674195877443531
0.09858230529255005
0.10329034817145555
0.12522472983985072
0.13982825274729008
0.160726872332098
0.1862259800008229
0.2236149140077146
0.3068676260899813
0.45322936524902874
0.6109127855138728
0.7312701948206022
0.8081166802963624
0.8175491315798026
0.6995962526793708
0.48875041366913674
0.26989047344039324
0.13415618711707328
0.07674141098526108
0.0817672097162615
0.10228180382061502
