7.146598115941003
7.627092669182482
7.1027898871833335
5.646097659023729
3.9238799585880844
2.259202954319082
1.7065904226627797
1.617707416269079
1.0904902411520137
0.1423408233680388
-0.6175042977998181
-0.714589625809139
-0.2222331562669822
-0.38302234138397406
-1.0325379934760617
-0.740890530554117
-0.9554150780640149
-0.7729598814088525
-0.5138022794188092
-0.6184584532580418
-2.023659917102461
-2.165167289284407
-1.1277641881782865
-0.14482926603838878
0.1995777688426404
-0.31452593885912267
-0.51779237605468
-0.0394388485048447
-0.552859999305107
-0.589314769043867
-0.2085136922671398
0.7001112275944734
-0.38375657262453283
-0.20308161763323024
-0.4198794562968864
1.061846031277202
0.987178006730637
-2.738659754168545
-4.8946326337564265
-4.263629429857004
-8.89859410329957
-0.47243444097468873
-4.041969166111202
2.2626823740725457
0.7840923304362158
2.367584648527821
4.52126340519219
9.062503571960834
9.132287620896811
5.925329380802641
3.193574531092807
4.598565933103643
3.458035374923129
1.4895870342764104
0.8788114618855523
0.5049396544521341
0.5235655383179002
-0.011306444587764237
-0.49406480426515476
-0.18054938533620213
0.890569304100953
0.9582290313294329
0.3851752434082903
-0.41548746925028895
-0.3694864645831233
-0.4684699015860655
-0.5699419849270535
-0.3636208260505578
0.1363085242558886
0.4365987210373816
-0.04908806111009142
-0.09111866064828421
-0.40281067859047426
-0.42979329066934846
-0.3228489530918867
-0.2825522330794882
0.17741709871471453
0.18775436708701032
0.05329517695985501
-0.27688540714737686
-0.5703340956443224
-1.1808111040527967
-0.7442069790601752
0.4598299544841227
0.4077031439049176
-1.209407313523531
-2.7404982347184568
-2.385944441874212
-4.707595300685391
-8.99058303109998
-9.725330658863559
-7.463457884716133
-3.5080267414466513
-1.9601313506544529
-0.41567442154930784
-1.265021950329271
-1.013463802327942
-0.5492662325083733
-0.47290864733990634
-0.39312260811384975
-1.3903971597669231
-0.4250082616112556
0.08043077281591407
-0.4006776072032051
-1.358236165890862
0.8334634954968121
0.09949237115101102
-1.1586794479091722
-0.3791058338080127
1.2180337024257462
2.000840933903648
1.709132280994176
1.4393137220898453
-0.45175259037301124
3.080444786365545
8.468119118471314
10.297933787888045
7.606593528087091
4.414918344701906
2.9689617721488455
1.777501245756465
1.5915335402258368
0.4228683522339131
0.49714690679701423
-0.20953244363142906
0.6729683781452289
0.2521571870189274
1.140671407787472
-0.4149576886916388
0.13127475057725538
-1.593136357069146
-1.9287411551315483
-2.4982482591841237
-0.7170852912835793
-0.9651521340272996
-1.1178960143556855
-2.4244319000710886
-1.451832576931123
-1.2666627795801966
-0.5639992932264069
-0.701966498357786
0.6069538784511684
-1.5240381410240698
-4.212945623071224
-5.093318607869577
-6.931843275895466
-6.624256360193505
-0.04914576204048896
7.9156826413498464
10.773584171162897
7.9674054589612595
4.7139302026580845
2.2093041370767743
1.5460828819775017
0.08253263327920675
0.9436787031549698
1.2354498815869852
1.8332218977548618
1.2074081834794212
0.8547704928997643
-0.3621973704372818
0.19619570288966762
0.11632817800316705
1.068889919626969
0.3606983155148415
0.4605383110713362
-0.6293946067984901
-0.3458298050089027
-0.11553000888872855
0.10267786627363532
-0.14645117823393114
-1.0717891611336265
-1.8393172128441957
-3.437381500683857
-5.118273067483326
-6.41858851191006
-7.509022473710548
-7.706199683856318
-5.541113992491938
-3.239455379460821
-2.2100435513085905
-2.48462429879096
-1.1881809896737114
-0.559063004160147
-0.08012010137589427
-1.6085798021895987
0.15918457474409342
1.8948214906870968
2.7120660795669824
-0.6586546821751642
-2.058145934640003
0.6737662847248588
0.7400522063837505
-0.2656067394864529
-1.6395152250448417
0.8542931679871479
-1.0450516898254585
-0.4175802473914598
1.7607700745595751
3.098458170814033
4.499902523635846
5.402767324383843
5.894062296319857
4.727373498968113
5.875929040552742
5.305421765016033
3.391487638152236
1.888517493114732
2.4638519411529147
2.187542450321608
1.3579019681188025
0.8464391666871925
0.8357121535376252
0.1551302473016608
-0.5780558128097255
0.0809815580901921
1.066633650623025
1.0060256330474704
0.20393525014854436
-0.2471108921375662
-0.1415630231751535
-0.2302747234461874
0.32877181582624876
0.27848300026935713
0.14959364727781307
-0.6628052105990602
-0.5588419841847212
-0.7613718428787402
-1.0126523241935406
-2.3848415974614796
-2.5983630031996356
-2.784295713080912
-3.341465801052242
-4.044691850370269
-2.2822215001684567
-2.476050787417381
-3.122528393546571
-4.085471773402794
-3.531711421918972
-4.261241831978035
-3.1820582548930867
-1.736447584429774
-1.4244118804862322
-1.3053334654669586
-0.7463269814944095
-0.19690713396689222
-0.4619986458312686
-0.3982135215554446
-0.4338235257979388
-0.1347014487071362
0.17713671728443967
0.22006585792793765
0.181882405624774
0.7226278077205524
0.3974432390940072
0.8731380655024393
0.55378801291918
0.10165781858705794
-0.050623960048801944
1.5547883388980122
2.525655370146366
3.005768717363327
3.258637937437008
4.79135267891574
4.69384082041875
6.329430594825574
4.377237471882205
3.762636014645002
2.0375933338753343
2.9916456833559564
1.6247275628576143
1.104107290983893
3.175379532512006
2.671973656382927
1.3241396588441547
-0.37994905077673913
-0.08743746322889243
-0.7098981652783245
-0.8949442005034479
-0.6367606514614499
-0.7012163252477068
-0.4926397415238166
0.2590093769570832
-0.5821424364122828
0.23558369774013682
-0.17262056602198433
1.2381207823551121
-0.30552880042484243
-0.15071760334388448
-0.675958051525394
0.5617091263326477
-0.17190088892544092
0.2762056088576755
-0.24626032594047143
-0.4518853711594922
-0.5365315922828492
0.25338185928119517
0.9447928220690549
0.6929174010494201
-0.8875496830263816
-1.41076570914859
-0.04506907520619013
0.8256139475428166
-1.1416368180667043
-3.1322948978178444
-3.5281725812419142
-6.202119212454833
-8.976944039105865
-9.4234055092244
-5.899249761377544
-3.4338347593645575
-2.836894420100724
0.6546051527958009
-0.28228610997448045
-0.6211514976383514
-1.7668480143679068
-0.7930708094749073
0.05067273589156836
0.8304070833340268
1.894209248865551
-0.2679870124623677
0.6659954597781921
-1.8679471804503187
-2.0109073962136224
-1.0447676543915838
1.9338289247308005
2.5673606585796174
2.3617376954852576
2.9905572278292283
3.7954694108638143
4.384368174128767
3.5661556032644333
4.036080119093732
4.633779455094515
3.471591115844469
3.2182114168744906
3.4357154333821835
3.306468475817683
0.5795317768308016
0.3597953724635929
1.682327466660815
1.8684166426825954
0.7022598330838872
0.0017789447769800467
0.7717343748483835
4.572235596959187
-14.99662613769835
-2.169268825314824
-0.14734239210215064
7.127736014237517
-1.5467881750917745
-0.46049784896114715
-0.36926026397935874
0.21052051170900762
0.3509489328356653
0.6818960996315218
0.18033562920554866
-0.5897900069925409
-1.4607474877456645
-3.2553172954322647
-0.5341014972684096
0.06035060084660421
5.076550402184475
1.8810677442701793
-0.12434228361107787
-1.2933188434725706
-0.06709901964028701
-0.19950399625307985
-0.5097111395905441
-1.1263016715719028
0.5424051858529596
-7.664287098971258
-0.38683021424127584
-0.03039285269453815
1.103194342285256
2.215756036745248
4.735925196909808
5.740926724039072
2.8939736753952094
2.9525819317799247
1.13983238637887
1.1530929297358754
0.7354708660885957
1.1939570265292478
2.323630740484124
3.6270970930663333
3.88136519480331
1.9014371405723522
0.17617403301275936
-0.6266746224683218
-0.17110018999995572
0.1685343633812282
0.36541429951389054
0.26500001017084335
-0.7764868246232961
-2.4124988396044484
-2.6453527185798404
-2.961744729630297
-3.509066803423599
-3.405479249085172
-3.8774491735007537
-4.803996140070948
-6.423926855664303
-6.34136610378944
-5.866193573349823
-3.2583266420997186
-1.2507968608903197
-0.69463758884643
-0.8863662548436945
-0.6793057557278868
0.04875544496284467
0.16846961377901198
0.10330857534202445
-0.6123983658283262
-0.04943708813532931
-0.3259838050953178
0.3954294643210208
0.1257364261975088
1.0672917665892439
0.41060090719651
0.6989955509628478
0.2995020112351741
0.13270613790034141
0.15070447572181314
1.5388497370594967
1.8892925738198572
3.327781393488248
5.476172938752499
7.0603560329177215
5.923738005839456
4.643609005337526
3.4006151294577065
2.451235829156839
1.847355455654455
1.4135158743166958
1.1300796118489391
0.9525658984906769
1.0217628370157052
1.1565956597908902
1.1681739933912345
0.6246508739603018
0.6936576328286624
0.7633675031478913
0.845178325540609
0.13722386277716697
0.21353399850205892
0.18709257117479575
0.3164456312128474
0.1196564173631061
0.29768118699245033
0.13737454526538057
-0.0829596025051263
-0.34737304023845056
-0.9376346056222151
-0.5209699629699202
-0.016005378671280844
0.06329084017649218
-1.3828134783744872
-2.222020921201999
-2.2286991847531445
-1.502714156954893
-0.7567957393822123
-1.5348104678079706
-2.2709027588692026
-2.8781422179090423
-1.6513757967524456
-5.479835052003393
-6.370745301181395
-5.266776865032133
-3.9830322776247225
-5.103024411733825
-3.771868801675742
-0.47423459446334776
-0.4449986898879391
-0.523000391192135
-1.0143418243006141
-0.22783845883453008
0.14628024580888216
0.07152330902324011
-0.05828990220081541
0.23026346269052386
0.5731422192720301
0.7466461471976578
0.6884196928555888
1.692951216676705
2.192995711234417
2.535033622175773
3.737795267305321
5.903452647428791
6.107421569356539
5.972449945691067
4.308249145103366
3.9652784355118755
2.1292263586188285
2.199984639150031
0.8296170124793298
1.2374551616573253
1.0512715037434262
0.8460825003700437
0.3069989106137763
0.7646611001562977
0.9044197433821205
0.5346488294427276
0.7990258110649561
-0.33500692245602814
0.5077190787223063
0.4135327466398569
0.751698894622615
-0.9681669890376694
-0.15550495292633743
-0.009885717321357965
-0.1360616645398671
-0.32078018060254415
-0.1978670539572748
0.0855727608878711
0.3494750953549651
-0.08482310037329932
-0.3542674375023937
-0.03541970944000751
0.20844368821759957
-0.2770092976574159
-1.3096941132351463
-1.976305579229495
-2.7110619795841444
-3.231579912988651
-3.015032131717531
-4.551571349442062
-4.914049803621148
-5.813086241725491
-5.472382190726411
-6.493951164773711
-4.808898069626572
-3.5384076364242962
-0.4117353317790602
-0.26527263443857596
-1.1865713267272828
-2.630225869651793
-0.8417224522765994
0.17620389049910268
0.606383290210176
0.9369164856224758
0.7169237615935089
0.5287189392866207
0.3353670224780532
1.469515422747822
2.4262223681894293
1.5525202446972952
1.9267549919749434
3.184550188312498
4.368199909664003
2.9582286674081177
2.95662552477626
3.4498659445327027
2.3510151372073382
1.8049531952689462
1.8323549654698512
2.096895794550672
1.7298003828094795
1.5473189215537633
1.4884959326393303
1.531892685359118
2.3579271888195246
1.7226269461105845
1.0914622390259574
0.6771395066765492
0.9525459408352619
0.5545190826740689
0.28377004549402124
-0.4536560165290534
-0.44017909964096774
-0.4161311014364936
-0.023037695398328204
0.7739715698926278
0.3677130428808671
-0.5021037138540313
-0.5734947062069555
0.07637827193866695
0.6068022169254581
0.7563159326075349
0.602850583644855
-0.1147779635162148
0.14758989663732724
-0.021715543648438543
-0.4392011007511213
-0.690237704633753
-0.5640007572504321
-1.3377490306501532
-2.6588220365498847
-4.6523911602274275
-5.0778221257678045
-6.059234375686988
-6.603279839396965
-6.783587180387201
-5.1326118820572
-3.1037612289115306
-1.3690022620488835
-0.591410375234751
-0.1383146134930436
-0.774779876062918
-1.0458043622361253
-1.144068983327543
0.25591442678999415
0.7147978623269241
0.8901705563049201
0.9469433939585776
1.4379115685305162
1.6402680681982436
1.370941767007366
1.0617589337908255
1.6556337820552256
1.9618789119080153
3.7792483788088624
4.665539908538542
5.605576575875574
4.896386485790523
4.19613342421326
2.3771256326953467
0.9189876016254992
0.7639617752643558
1.1777674111973004
2.0624217115442685
1.8932787514753793
1.7474295616740252
0.9226607955761015
0.6172130430752091
0.24458798135760298
0.6459735375724075
0.1397450193106899
0.06255023725047959
-0.24040325360847914
0.3348418500973527
0.0025041123141324208
0.1493144220716084
-0.0651105624358032
0.13876283210476822
0.06074925816752631
0.016494275609725564
-0.9659177984402997
-2.2577455540484244
-3.5484357363838073
-4.2860515780616995
-4.913363275006217
-5.482169204995835
-6.09536702397468
-6.26502280589349
-5.699035614755546
-4.077417451016602
-2.297186891549882
-1.2772888008865522
0.8918604548627718
1.1563173666468742
-0.3557431756916996
-1.5615663776249
-0.1019408786389511
1.2762602024261547
0.5475361996156758
-0.7212229836051484
-1.1479606035219923
0.16435284218788107
0.31942429398674294
-1.8803781224599623
-1.1447524696243356
1.8072792516537384
3.914075681814618
3.401264706240553
3.6149833407699385
4.524672636121201
5.241308152898879
5.593269896891088
5.054796270486505
3.704928324486631
3.0182064892577563
2.45140706182102
2.2670494227398645
1.6924528063306405
1.2762017233834198
0.5665344355360491
0.42980091419347083
0.5673964162865665
0.6378440345874397
0.640674218337479
0.3675851716152318
0.38116562092665285
0.31652434420284586
0.10087348189354324
-0.040084375777262926
-0.1152253489292242
-0.22393374877028469
0.019910999328912625
-0.17398002937862078
-0.6442004150470038
-1.0491647732797473
-1.4830983438971934
-2.6893840522450425
-3.3886879332265503
-4.08626853263356
-4.26537655385391
-5.4674841899510485
-6.4846669447518535
-7.099289729670893
-5.34394746031917
-2.9730379083516993
-1.835321097057655
-1.6953534403716262
-1.122640777359619
-0.1115112827475503
0.43290934828178007
0.08553743160862812
0.5721812778279165
-0.8480932118361036
0.5348511833425744
0.9410801325950543
0.6098672418592035
-0.734171898253599
-0.3226253672364665
-0.09386177917190353
-0.23455681661869732
0.27844404889973284
0.3433910770019739
0.8696720941838137
1.0039949822175702
1.2533720146074319
2.0191832611712424
2.4369601093607667
2.4408724985768337
3.459021223630254
4.470486261912917
4.668580319550691
3.934403442865133
3.4418084841237055
2.91898501291681
2.3450991655574938
1.443049056653841
1.1196082351504593
1.1894189625589555
0.7561034429592447
0.40638690225342033
0.4276375953555033
0.3774165025675217
0.5679154315624236
0.6746675988329354
0.5732601265803654
0.37612748953479574
0.7687392158907278
0.6415191565803111
0.2999047325164554
0.18387589179226607
0.26034865875902796
0.004676882170040741
-0.2336644948635613
-0.7733275433341475
-2.1977513612189563
-3.802169187452845
-5.345668522788842
-6.9864447656201145
-7.0356688863654195
-6.697877405063574
-5.590499882587772
-4.071782922611896
-1.79179451905325
-1.0870708657013624
-0.8695464116181731
-0.3837589745256336
0.057685206475031565
0.24438333095933434
0.11793298058826344
0.010380487013678984
0.19999356719229033
2.2371173802505218
3.4282014146212236
1.967621911654565
-1.3611326379118578
-1.0759923488198082
-1.6384657997400125
-0.17833749774153598
1.7548923866248287
4.454287475380963
4.475938534681611
3.525780001476157
2.4658094428922186
2.913819701004944
4.691088457606416
4.250272043288756
2.970347246642868
2.3877517708769496
1.5420085064626163
1.096774167792667
1.10943104814302
0.6603721167560728
0.5535105887155715
1.0273295639200593
2.2735849102551757
1.6792888822479553
1.0331020335613714
0.24411988882839852
0.5413415560291776
0.553069324271709
0.4884006733033164
0.27327838189210363
-0.7623372335335843
0.019722722971783593
-0.12680762987489713
0.44134713853522034
-0.3785657575276721
0.03238993702340893
-0.3055844893461664
0.049854030424204054
-0.19126279273986477
-0.25242033785914597
-0.17602076670422684
-0.27531426678938387
-0.1732176142562487
0.053490184561831564
0.45610597123380375
-0.44971603906868723
-0.04180012378178567
-0.42434700588857427
-0.7121186470756863
-2.7865857994583316
-3.6166491146811333
-4.027511705447133
-5.045852917620355
-5.405249815301491
-6.104840862538849
-5.993556249418243
-5.836652330874196
-3.642422678949125
-2.2137275699166596
-0.8562354727099267
-1.5114353333366768
-1.2725769922623638
-1.1874112228932199
0.6862310918971591
0.3126067532068402
0.0029067769714923295
0.5828270938318848
1.0027156753429882
0.866360075980821
0.18900329204613228
2.6956268969476094
3.42498534520477
5.61308609866608
6.594184839899508
6.520020761749765
4.621523419988832
3.7265291264524194
3.0526133488881895
0.9922166921999174
1.4920912056240154
1.560873325319705
1.885037140963511
1.4397088145316725
1.5216593141191679
1.3093825104978662
1.1249441792541877
0.9254179976243042
0.3833372240649103
0.3948369892463701
0.5733309463269325
0.22374152940092423
0.16165394703112984
0.09628873914000571
0.49561591727857945
0.10902017742119147
-0.06669769930282167
-0.6304425488865432
-0.3112299167372056
0.038434529983298424
0.21475719233258972
-0.10524277859787311
-0.43509533695333535
-0.548876327108366
-0.8027109088609231
-0.550761832676794
-1.499411604013806
-2.3966750052899903
-2.68334618461615
-2.1020996066339888
-2.407692911316056
-2.345544373408399
-2.5657688416796645
-2.5814811703677587
-0.5744526950789032
-0.09096323278342384
-2.061796146487233
-4.785460132555496
-3.9254419168376766
-1.0818919759433792
-1.8481622863083031
-3.2425254860175836
-5.043012140531112
-2.8165672376136666
-2.3195826766554997
-1.6071747010825435
-1.3393657198948183
-0.7961112456020719
-0.235762296288713
0.038336582732333535
0.5528618291791499
0.12886277327652862
0.053659123615369675
1.3874945570692272
3.130780982446854
3.772615350052099
4.670640489485892
5.304673662660225
5.322020443019847
5.746538975852822
5.303702414410169
3.6599595636211992
1.3372498576720742
1.1124709245346687
0.6289656857697417
0.13202431375485574
-0.029824983366312816
0.3592180322598941
0.6196120439915296
0.24962586189188538
0.21215735010891118
0.49601719993115956
0.38785111452390875
0.19354242866649984
0.013405982522312827
0.4884768914983608
0.5905355992217156
0.5555782845621331
-0.4712540726990146
-0.3675539816536391
-0.3907497171377039
0.2715408495229531
-0.33653658848142337
-0.4212339734433609
-0.9000906736345261
-0.08117652446824514
-0.024592043108870042
-0.8644025797348179
-1.1570306052960757
-1.4946873653838917
-1.3118924267109668
-2.3522005413960505
-3.0873916216350294
-4.429127004944059
-5.550113881721839
-7.206081999472451
-6.491550579561666
-3.8945341666748865
-2.2147918394502537
-0.782255415293865
0.3590014498954296
-0.04225406274524297
-1.235304016119263
-0.11035676910473985
0.3053796451151271
0.3369211340754042
-0.16550886912890414
-0.2665306418539983
-0.4511731788996083
-0.3234281267807842
1.1925974177251748
1.5059882728093312
2.946509552011921
2.479107580107348
2.858262255143649
2.473865099101686
2.8312297186141566
2.9108625289627765
3.4970227444469795
3.9446010294720546
4.23090182924536
3.0068167982591287
1.8737249661410194
0.864869986462025
1.179482506970091
0.9837398871650631
0.8922817395045254
0.9072468184871468
0.7027462380683981
0.6146260089695893
1.0828286627838672
1.0096554477177007
0.7266798546966321
0.25921687544141175
0.34050230644433405
0.14614369840074629
-0.012672212012559579
-0.19974405033226253
-0.2028409283023684
0.12665640163934253
0.29520080940515514
-0.46238230325066537
-0.8042728014323144
-1.4462580709204813
-0.9678123804012713
-2.263507801030078
-3.7536215410249207
-5.560018730662072
-5.9419077364203865
-5.700687243812541
-5.430200103557216
-4.343325607501596
-3.1702094624070636
-1.3489122970717582
-0.7932449766489567
-0.6512718900024892
-0.767744892552589
0.09270050590868467
0.28202365985432054
-1.9503490561974306
-0.8689107963755157
0.7317645787503454
0.39416518149627267
-1.3700163423741876
1.5951458212608796
3.632984815143479
3.056038939153029
2.4938245895835385
3.556713575738998
3.6729925359883784
2.490427241392921
1.704208372920091
1.431461467538502
3.42541862716464
2.324095005857457
3.3124115215264123
1.1436684277082627
1.1905494133510501
-0.26142327708031865
0.8845081154007876
0.7178861336142816
-0.12940808439963883
0.3711408743178046
0.845967156153146
1.3961046276144333
0.4238226907697126
0.039964745839580255
0.1883202506557043
0.18133746250034885
0.813961876016733
0.6459472247118593
0.06518503339586183
-0.46952884441101117
-0.1361895533744961
-0.24231124293096196
-0.7066648978741635
-1.0913039801318345
-1.1656833486888591
-2.3936856718731185
-4.074648306483344
-4.437257765665575
-3.912532053501148
-3.957751004776626
-3.667962541799907
-2.913739041028809
-2.9346392721472783
-3.4906984234783986
-0.5157494208522427
-1.0322240633084006
-0.31509162562253573
-0.5926423675335541
-0.3750881918676121
-3.2340907868027515
-1.9702500979143298
2.8588733633024295
1.273110703635882
0.9574873122476235
1.102506413096525
3.897251507178954
-0.48285064401503286
-0.8054401910679767
1.0761088690761451
3.1281192045591695
2.973175805601881
2.918631484270196
2.6177752022471727
1.4220737279401539
1.7768119267576687
1.6217876588466695
1.5719567297211807
0.771880297782454
1.2234499345310608
0.8446725469138019
0.9174079280674072
0.19099576671184312
0.34421082030340955
0.8428706031783708
1.3036269503599867
1.4980127703232455
1.2379087587883146
1.0336327671448857
0.4770411402276258
0.1542394598046236
0.47417857553622633
0.48552600728960243
0.12379747722488992
0.5267727089798868
0.9181708160709723
0.4448802479130946
-0.3156592592609921
-0.32762224344188157
-1.4499479191334566
-2.8566764671943985
-4.850774384229435
-3.7764641280905655
-2.7424189928133136
-2.227573625240892
-6.014625281808507
-6.507893558329399
-3.5911841468077346
-0.06843060881989105
-0.2586300173179881
-1.033028313496294
-0.5526388570219684
0.24225194706883657
1.0211479592088837
1.6072828925904323
-1.2646980216908144
-1.631867426121984
-0.19737814856430458
1.4105840700204506
0.4499386154501845
-0.2993787444756045
-0.5366031019893858
-0.1194885453166463
2.346545658918086
3.06184618914401
0.40694952110719923
-1.8090322631325182
1.564184252501631
4.428710072871356
2.7908127631607846
0.9795103007207718
1.9824567770632013
3.554979777056344
3.571226959840982
3.0474466759119756
1.8033454469357206
1.2986718585708283
1.2620398989624109
0.7586283147395831
0.25629221335981567
0.13079160947574964
0.13164362759850942
0.6387804431176843
0.009565406349932292
-0.15198909070680974
-0.1446732556325321
0.058559372218395245
-0.21835275837254106
0.024464468481242903
0.3256731360366734
0.4445320872597888
-0.27066053704367415
-0.5151832185463573
-0.5996676791481511
-0.9541858904114463
-1.9951925367864345
-2.7917139390604526
-2.829218864772488
-3.4897360633423045
-6.877257775300965
-6.981966058099718
-3.8318268712410597
1.1288538734456564
0.3995401647305416
-0.14296706980528798
-0.4779880782655465
-0.44707442573798706
1.3345968150205445
1.8794795520269283
-0.5531033801414812
-1.884183641773436
-0.3160894103362205
2.994031238205691
1.3814609611151016
1.594966639847118
0.8490068410676926
2.7387660715185618
3.183233199050084
3.1211231773975663
2.723953801157743
2.559003163596635
3.3089056879914875
2.6252754604326305
2.202480954347431
1.396294707685141
1.4721269619577353
0.938512162714562
0.9136806723796518
0.517347180858681
0.6779631462323995
0.7350594815085493
0.526484531482968
0.5215378885719021
0.1851323912961699
0.45289870184196745
0.5523913810720019
0.7807770117814616
0.4690413899598677
0.41397652631705384
0.1946999813802752
-0.0015494238206326997
-0.4817342094884182
-0.9347083581156944
-1.280489934070565
-0.5424330446489576
-0.9725000927397799
-1.0309865669160598
-1.1569880278358982
-1.1577893125051275
-2.43984031882137
-2.9183935524296762
-3.4135033497357434
-3.220874201420068
-3.6088209874379302
-2.543421511259051
-3.3347565632418372
-3.265067005781133
-1.5209097737074482
1.0721046997572667
0.037951027017688536
-3.934733886341235
-2.956904553371425
-0.5573103342822489
0.3134369276192715
-0.42384807316238027
-1.209781834127861
-0.4328332151338539
-0.902765056660088
2.0295172445441945
0.3130768463445061
-0.13995458396307467
-0.7823896098458486
1.629477900035055
1.175569129953076
1.0654093223082746
0.907365958100175
2.357596057788984
1.6755547036666572
1.1237892145134951
0.1713435498083524
1.7358165217887764
1.7568353936251557
1.9263893516857487
0.8654380220915817
1.4138766688079123
1.5720781592386106
1.9223908860452792
0.5678983519306148
1.0671004276761582
0.8429852558916475
0.9585358935219823
0.25620442731174486
0.8149961637109434
0.19385700659768268
-0.08226309618830442
-0.25914033596202396
-0.19397021080853608
-0.30751127025410463
-0.3847588695183243
-0.6030602077948842
-1.1584556942330997
-0.7656876641242663
-1.9894876146320526
-2.774808919334878
-3.2428348967337453
-2.7670017018896513
-4.225111467486848
-4.075254596023906
-2.9934679481144078
-1.5519081621711173
-0.6406257915820899
-0.2208712699916785
-0.5111572110514856
-0.5635362830901257
-0.020516056880274303
1.1022425855491014
1.576455153689148
2.614126000235649
0.38973727546714515
0.90718391949117
-1.7266848682226963
0.7210256089939803
3.145845280777705
5.090389080027942
1.831133899855266
1.3161043590710946
2.104048160384545
2.525524684122646
2.6443228753752615
2.1256368742070184
1.2307246888634127
1.459232993781819
2.1798550351416464
1.1796251957099928
1.1696359728689718
0.522302667929993
1.2016632268505085
0.7894496664601851
1.1410710815752483
0.382696946932199
0.6805829013739593
0.3284892411751281
0.3933050101405462
0.05603391247487196
0.0011356438140942096
-0.4378097804745722
-0.3748594664655305
-0.10660821552530504
-0.41756558728445126
-1.0469091744392651
-1.1357535042580924
-1.2638775197870675
-3.2550710280597204
-4.909189115505986
-4.743490037853919
-3.9143706687607964
-4.034307922147262
-3.8978833267311144
-2.7944369234985906
-1.8413883034230192
-1.1598905225259786
-0.4237335146335168
-0.28466602154280657
-0.2616903335288805
-0.05799776045805335
0.020610458346936974
0.1304071776795714
0.0794529126622135
1.1515759363114735
-0.7265932392666354
-0.5338871357742145
0.3873410806646664
2.0586382913543124
1.377916832929203
0.4998248317568328
-0.4977767221634155
-4.299787022709135
-4.4490664972367755
-2.001916772424273
0.671896221072829
0.046946215397196
-0.0028385415152344887
0.3365535398872374
0.775204176512881
3.456689767199969
3.788426182996007
2.991236379706449
-1.8680308969993942
-2.0687984132985613
-0.6555420347778619
3.2248586904340044
3.7577929388725706
3.625860885033437
4.625632617811436
4.04279992029979
2.046920974482784
-0.3756661746007564
-0.7322468960489131
-1.0069299312438076
-1.2299869299516608
-1.5678533056794155
-1.8867650942557264
-2.346347374616253
-1.0316153757736333
0.38307146410544624
0.6528688507345841
-3.4920123642464955
-6.290754941878183
-3.82894941423399
-0.6380889722041418
-0.41420470695736644
-0.9446241629649026
-0.7104879194220499
-0.49695345847176114
-0.5221181289668114
-0.15282667220429655
-0.3048395049002243
0.19151317875042487
2.342885969081179
1.297364883828999
1.3191803885144122
0.556596293470837
0.48199642222911976
-3.731886652095049
-2.96791752549687
-0.580054980504173
0.5207813760410609
-0.9415470115211407
1.2561556547935253
0.7606720732906033
-0.5641898497588778
-0.484332550940978
3.0888484979043143
2.3767977282531327
1.3791936199232926
1.9034578393566952
3.156901349928147
3.7364210427800684
3.573970872317077
2.957076341767357
1.6433907491015038
1.6803926872372577
0.2890415506070396
-0.10148892066798444
-0.35957021830135094
-0.06955287301280096
-0.9450411285036691
-1.7640832998220597
-2.1369947554360564
0.059449248120241376
0.7311977822131048
-0.12976752056630483
-1.6799546355632367
-1.4549943497964906
-3.539569725064663
-3.482703185517046
-3.876838374889688
-2.4110282374120935
-2.0042017216473367
-0.9076626466112026
-1.1360015025913357
-0.5762886956335059
-0.20140696138143777
-0.30744349496409334
-0.37617746874507946
1.4261203954352353
0.7378385117390713
0.8295475401877339
0.7056278771366338
2.42222615078069
1.4084648294101922
0.3086946771582608
1.872573220055234
2.1538848081673483
3.061117297897272
1.9886530468057892
3.1768447923752947
1.9019758827462654
2.3444761683043183
1.5865331115130135
2.5011494994141015
2.0859750590423647
3.37459400644292
3.245153546719992
3.2529580261491247
1.2829210430334463
1.1608313745619918
0.6019857295845052
0.7449048948702098
0.40590674152241135
0.7219448343527646
0.7798613452270152
0.7985347073735922
0.1375905855736515
-0.013936973596523032
0.13108023541101488
0.24399564897406206
-0.023787827028126894
-0.11316456011471554
-0.3878910567112824
-0.0010784118636751308
0.2722779683985043
0.14407223219494433
-0.19710460505811628
0.3462414041500514
0.5574138595189787
0.5568116511212967
0.39894950863176054
0.3105477682358603
-0.059308624762816106
-0.08649860590220151
-0.1883427802384102
-0.03141209863234363
0.056902327510767084
0.31660052625773116
0.20664789218732482
0.2445062182158059
-0.09912519005598983
-0.5615785640359171
-1.6141461650300533
-1.8012884539350418
-2.422973889284601
-2.547891176168281
-2.7519193549374252
-2.294325589820036
-4.6492229584684
-6.629938475772736
-7.368746329412321
-5.211689437079465
-3.6266824747586632
-1.803325579855718
-1.3478396535307458
0.09549386800611391
-0.5240011636964544
1.5411639202880312
0.775069835221879
0.627805274346916
-0.5687033152555464
0.6485086156147803
-1.2132437274293242
-1.4891808360643968
0.5917761843491012
1.2628783422675496
0.2942499137415872
-0.276299904493383
0.15924682778093677
0.5264151436037773
1.354770071008463
3.3932394370233383
3.5207296456841077
4.403396039652361
3.3263597821651127
3.5958458402530664
2.971061274560607
3.066326443263437
2.4378789888493833
1.9427728363280021
1.699303387789487
0.878277831001818
0.7863139125516042
0.9488752948716233
1.5374008886402222
