0.9413529091833805
0.9603714679224232
0.9680535892053223
0.9689814250325665
0.9630865825647508
0.9741478748811504
0.9774709455908821
0.9771730654836013
0.9722270393771881
0.9712052799630277
0.9686005039466369
0.9706042675642068
0.9270108921488464
0.8022188156376509
0.7140082386126615
0.7701832951766883
0.8895560818935626
0.9445515231717931
0.9691754483375954
0.9184485068839465
0.8412038888090357
0.7677430252296567
0.7485034700516565
0.6558605581494192
0.5117987954868746
0.3357441867630719
0.2137062893752167
0.13173291936094955
0.13147374422351082
0.33866959819455456
0.6225361312270462
0.8642262348593864
0.9198009860565644
0.9521193675253482
0.9225514647661932
0.9252302586081442
0.9165280691448208
0.9180867042249418
0.9060953899715778
0.89513003024739
0.893984168199485
0.8917190213585634
0.8867227627788989
0.8918212857725838
0.8928721762858087
0.8913511975867925
0.8942056490291259
0.8579433713329152
0.7366410714555349
0.5660394952413839
0.41058523745666226
0.3377870486247234
0.32519540975844174
0.3378347460795701
0.3279565811438332
0.3141869168637539
0.30289384447767737
0.29923651381714966
0.2965976735735654
0.2984087803864859
0.3059823209218744
0.32065226572182537
0.3356189766272638
0.35668143459444096
0.3751399132751389
0.4547337215408749
0.5840298146201153
0.6942430258363382
0.8266661354653819
0.9413617637316325
1.0092547602103372
0.9797607326862183
0.9677734037154033
0.9648289713658424
0.9709548512237807
0.9644000655475559
0.9437929868026297
0.9051668392287731
0.8502568147543048
0.7237281725910296
0.5228459682368636
0.2820810179111608
0.12175462272951704
0.08379653463364387
0.14037625556887162
0.14925935651987884
0.17240795886315255
0.2128797396941699
0.2686800584923177
0.26347115042310565
0.277266567179112
0.2939549215021869
0.30206269788756357
0.31490682408079423
0.31698796062884205
0.3258211432138215
0.3825601797945279
0.4986297978116226
0.5986864066638425
0.6547590096613968
0.7045160120580831
0.7429477466657677
0.810435985738077
0.6338341603203084
0.39984170647792416
0.232574500764833
0.28280904169361243
0.2723028646752635
0.26646572501806
0.26671157449416877
0.2690583046616858
0.2707267583208005
0.28114063786188825
0.2957681265577
0.32431950149972877
0.3448195761586179
0.3784318410202744
0.4255856766753093
0.5246008391979872
0.6505560821331435
0.7382776133901083
0.7805888149596893
0.7993787789622667
0.7853194359075628
0.7559358126616711
0.7471490439197099
0.7566060487153436
0.7440886378963888
0.7472822691234545
0.7459833756133879
0.7496766145863016
0.7495618296360385
0.7512274862174173
0.7543276942012553
0.7609768747400427
0.7650522799696905
0.7590434987707201
0.7664894577917771
0.765902004390812
0.6887712801641863
0.5138688267867695
0.27936890679584886
0.1486105734467348
0.0972992641352744
0.1395190453811847
0.17207397680545006
0.21836069264361788
0.23387932682811433
0.25465094959242063
0.2710438476712195
0.27694602655428546
0.28444311166830594
0.28992552138549166
0.3014071441449447
0.31717449156868965
0.3407659916675615
0.36472847962387644
0.3976906311402846
0.5120559600734896
0.6557446345409258
0.7714043217138395
0.8387305369169928
0.8963859220794759
0.9180777090194043
0.9042813481816123
0.8669471610779264
0.8306933944997451
0.808098406744768
0.7946742468863734
0.7887214626857801
0.7851385241363675
0.7971409454038794
0.8095910391201534
0.8137726321370251
0.8341902571103562
0.8710062042372912
0.8874908668403189
0.8431003341832011
0.7529653272320467
0.6287234217284692
0.4886012431793134
0.39544358587172956
0.3452088449637519
0.32932252779301396
0.3157686782146415
0.30001271535033514
0.28538884958351984
0.26993662042567923
0.2577241805870393
0.25516050639471066
0.26278444626653374
0.2755867865836049
0.28746788155868935
0.3041579207764169
0.322878880770079
0.3381985998974917
0.3529646149573656
0.43924570890013515
0.5788116803152056
0.6884232381002318
0.7854230051173448
0.8261415167329146
0.7676174106083145
0.5204217912899778
0.3383696826219483
0.2599052836765743
0.2887787709215601
0.2825563787284373
0.2779949190370161
0.27187185857864443
0.2684441919599726
0.2702752632956209
0.27773459102489856
0.28289424064471125
0.2887860219492636
0.29580321310344515
0.3102196597306518
0.3518137027351324
0.4051841078224684
0.4849515021183217
0.5466879837866523
0.646701955233879
0.7928034326576585
0.9480515009107129
1.000807875131314
0.9785192573635058
0.9567433826440436
0.9335194775898941
0.9128192523299797
0.8908774708718855
0.8486831760225018
0.800329285762292
0.7355653234196744
0.6478020764747486
0.4957052396851543
0.29220931981486903
0.11367208359412984
0.06866524209610265
0.07680495002246668
0.06858715077854426
0.041075784662913846
0.05210584743501788
0.046525004884564326
0.05243614635220789
0.054542765189970824
0.06006850224809989
0.05989530653290204
0.0577123691606648
0.06212614433162047
0.05679962351106868
0.11932090778122029
0.24587860300599204
0.38875937916842296
0.42005020033780116
0.5261887444583551
0.6666657392876743
0.769633287538806
0.7515149469778377
0.750939744077944
0.7494679002065892
0.6734422113567087
0.4825305244749204
0.30806768327009093
0.25497731490432896
0.28634913141249585
0.29324838967956046
0.2898125777839897
0.29148313441767604
0.31348579700838675
0.3483444862639361
0.428973849892428
0.570264228195745
0.7335015276539221
0.8410218244812181
0.8680968663889105
0.8369903770785379
0.8059732750410399
0.7947326979012157
0.8002576035223203
0.7959012661214719
0.8052491661798786
0.8118488955857824
0.8305562185947439
0.8579712204147307
0.8490605701527693
0.7729289261212295
0.640423553130819
0.49364966562458434
0.3825865489980564
0.3340113635547768
0.33703430365764653
0.33866181418989993
0.335766999616339
0.3275982493583571
0.3177240615877748
0.314040474150063
0.3106296391529179
0.31079502523546265
0.30789815621574274
0.30968702148333516
0.3123691588267811
0.311017349147916
0.30675352805934814
0.30330983008519774
0.31017382146536554
0.32701930938973933
0.3388598286875435
0.3587330210988876
0.4340349185711478
0.5449485597012891
0.6688551308965938
0.7532055631950674
0.7941235382995653
0.7794353475560923
0.7668884979085986
0.7785527772937682
0.7858261238043329
0.7958114886745099
0.7888165409964991
0.7961850825768572
0.7904730160547886
0.7928231627174454
0.7944092548012822
0.8255880501481824
0.8339615162812803
0.7594417989409905
0.5410324603793414
0.3534310636574388
0.28993253168332483
0.3236157999280145
0.31478664395673184
0.30226088671538653
0.2918319580470953
0.2851576262618815
0.27348246449873337
0.2731668276634067
0.26879853921918356
0.26959903871892205
0.273889945800044
0.28438461553389077
0.3145050115875897
0.3545742160460822
0.40272982793482737
0.48139979814899947
0.6012371231764146
0.7062681099310368
0.7420716010102808
0.7417816824859177
0.7305858982918334
0.7369220026873265
0.7385243536867376
0.7297583735674705
0.7272575941077241
0.7318945914190456
0.7391489324685772
0.729766427117011
0.7390333765375627
0.7387025127754183
0.7437372293143452
0.7486016251988348
0.7587227795043547
0.7452121513818274
0.7402998851981828
0.7480658648491013
0.7392019864799795
0.7034953341383001
0.6035823768891184
0.462756837057136
0.29053118472035533
0.16083434131782834
0.09923503394974054
0.1005230158702487
0.09424412632488346
0.06415551218857893
0.04342157554254318
0.04490774320130693
0.04634819964923352
0.046373076792694104
0.042859655627044795
0.04353741449255119
0.04440485693441919
0.03300341470919407
0.03242839531665303
0.051520889810913975
0.0645288061457531
0.05776661543096856
0.06588406168728765
0.1536221891773759
0.2894724261019769
0.3599733441396643
0.5353248793201915
0.7191290427064543
0.8480187676295348
0.8305692788820335
0.8258330854319441
0.7050706742454226
0.48734019032192344
0.33900938218575716
0.29097921012867445
0.291252196804876
0.28086970891240703
0.28175063860766414
0.28246027092299086
0.2835039362018704
0.2959128026615402
0.32583527495381204
0.3646073194018934
0.40281342665235786
0.5108363976580093
0.6230843603966161
0.6946394405540887
0.7048968717371773
0.7409121360711365
0.7738636893673403
0.784095120520753
0.7705648980955664
0.7569839978919236
0.7598364134422534
0.7564123158441973
0.7585850265933085
0.7683762133907452
0.7654674245441065
0.7535541441668232
0.7546528917670833
0.7612141312458773
0.7566251362248853
0.751261338740219
0.7447047351157805
0.7557034543177388
0.7676338979108033
0.7938897535803328
0.7737865650141549
0.7275790815632381
0.5722639428550327
0.33981773772045754
0.14112907563128196
0.05950680775667655
0.06825254032447577
0.05321595738128612
0.04927452559256563
0.03439896012713653
0.05560665695935267
0.06954052344209706
0.06096165072197906
0.06164372571156625
0.05587966161733009
0.053278233279306544
0.046337037948127185
0.05157009135708809
0.21909808481889664
0.46979256914963774
0.6779969568631767
0.720902156202566
0.7459993982857676
0.7483991944400976
0.7322445593207915
0.7432556227568597
0.7506391603186998
0.7575535697713213
0.7414992448332347
0.744341291650591
0.7364091555450518
0.7468009829954887
0.7373019186136802
0.7381647377643887
0.7329491492393837
0.749622342478573
0.748277613397669
0.7554402611206948
0.7248259207990972
0.645311891677647
0.5108478330292436
0.315405605550222
0.18908259511948938
0.09249669467817533
0.09574103701077837
0.053910322188479354
0.08113292711146629
0.06194583238361755
0.07605179298084448
0.06477267179783075
0.08576008363511264
0.10242283766065755
0.07256914186783231
0.20839200471103034
0.41378476053114377
0.5967303061895295
0.6237479682864933
0.6880987412574755
0.7142031106001991
0.7267115556986471
0.7224876378901876
0.7324580494407029
0.7336788161591821
0.7372897597456614
0.7186444309763952
0.7139697055854506
0.7035299067451608
0.7084638096361503
0.7055684310192469
0.7124639610432768
0.7106247695596489
0.7031617451685477
0.6958020754597994
0.7120519319995093
0.7279559190707451
0.6936499555657237
0.5155880434399855
0.27494101773125107
0.14366853610244196
0.16037758555346554
0.18832793528037728
0.16555893855091156
0.12961808387040014
0.087637911997723
0.0497215074532365
0.05174684294956991
0.06430765588145465
0.07750267615631168
0.0620371862438855
0.03345572195405164
0.011062820788823575
0.021151810533524565
0.06077719522650549
0.10533479666262674
0.21166006543653407
0.33831411638228287
0.37458525671506004
0.5650155842779675
0.8242438504930776
1.0051420819625774
0.9479225439140025
0.9434799966528677
0.9433280927296546
0.9483122361879703
0.9523331573137561
0.9534853979973524
0.9562487546132921
0.949427645222738
0.9299835874944506
0.8588804579309042
0.7894023055686012
0.7397838562408625
0.7317892876974269
0.7166755152229414
0.6805428586469142
0.5839353455670733
0.4198588094777277
0.2925454087027216
0.2549896440141236
0.2737808525970568
0.28041599254374583
0.28692443849035093
0.2913067279923923
0.29508567860223145
0.29992062035782896
0.3092931160971918
0.32370978534135697
0.3486864604527628
0.37256268233363354
0.4061663872687274
0.4709546711697019
0.5685575201615674
0.6281010535306635
0.6610299994995348
0.7099903342241174
0.7841281537281068
0.7936661159559459
0.7706071452752874
0.7665612512536029
0.7789177615335955
0.7714778420912096
0.7629766901720945
0.7781403008018879
0.7808360113777423
0.779808606735684
0.7708707020389248
0.7774358767795805
0.7811825399120431
0.7892996036485894
0.7831405231790032
0.7836902014888506
0.8118627089270023
0.8331153027892071
0.8441893919598782
0.8559226264910349
0.8480003072398736
0.7614807376499462
0.536276554759505
0.3450018669760826
0.2740709008116597
0.308914114889822
0.3102646620836721
0.311634352979851
0.3154154462216832
0.32050382468553074
0.3209928002187813
0.32461635385606225
0.32314757828333557
0.3245038114755381
0.32253163593090983
0.328290346728154
0.338598954605059
0.3610974009345074
0.394334290485494
0.4188692090841981
0.4693605946936294
0.5678116728166513
0.6661243937805431
0.7031677340842561
0.7195453488705232
0.7531841535374346
0.7693878993742442
0.7695624428815104
0.7659153205900704
0.7679563263390765
0.7549473585639377
0.7530750835088017
0.7663926409445501
0.7691563911296253
0.7518474795949006
0.7518054134745037
0.7651570139904673
0.7707917507831857
0.7742145281387458
0.7942871339474278
0.7740150644936075
0.6981537865629966
0.6001368724455358
0.3801490734294679
0.2297089547875065
0.19683549217718854
0.2866619328787972
0.2888834530169262
0.2959827889907306
0.30078182269204745
0.2995760696718588
0.30199280626398733
0.2965539531054195
0.3011249472452364
0.30326155701971047
0.3102477577867444
0.3114387859756848
0.3157596971502216
0.32692057408475916
0.3458140936527647
0.3833684068060675
0.46867937177088
0.6098566140710205
0.7509412105331201
0.8364154564489392
0.8732915548887175
0.8878580089611937
0.8934192285048776
0.8903385481909751
0.8787516984697163
0.8645252572173426
0.860517736890999
0.8574450607168851
0.8288002982891577
0.7953343957030994
0.7778161878978616
0.7654993426468477
0.7773360298549643
0.7353667355930575
0.606947810076687
0.3732243697709749
0.2512636168025705
0.22681644537381143
0.25880684320335934
0.24514464704893504
0.2493118975008348
0.2565355012041075
0.26666772114132503
0.273024360017881
0.2731829553054549
0.26797502200785356
0.26895299087207813
0.2729827626226421
0.278187029905388
0.28480273535392414
0.29092053909489823
0.3026317624001835
0.3232689116297159
0.34145478919341377
0.36177717888034877
0.42453689969335723
0.5714636922556857
0.7319576361874912
0.844823656201863
0.8926856228350155
0.9179470308364597
0.9229886031359035
0.9169713699557391
0.9098292344240886
0.8985738802491794
0.8932535564556913
0.8880570048477959
0.8909745399859874
0.8922217968532319
0.8969192257578226
0.8916748637852782
0.9035999832704814
0.9046432412139378
0.9043882996642734
0.905461287795002
0.9233115314312196
0.9366994862065539
0.9438669628986527
0.9302950441088134
0.8808244716425838
0.7632707352959882
0.6102153155239384
0.4739208538067316
0.4073038408958353
0.3696212099500984
0.34414920005428706
0.3302170510004441
0.3199722103115704
0.31258494347819693
0.30583679489796967
0.30911679814501036
0.3080316190304271
0.3100406408319602
0.3047216290106334
0.3071914434809168
0.3065093243115419
0.29895986057666024
0.2914405095547846
0.2836434648110089
0.2717362189089405
0.2605250208922177
0.2739286556964712
0.30857777198115355
0.34871254770010823
0.3854990303478758
0.4612457601840122
0.5976465082614477
0.7319519734571529
0.8183864213848188
0.8808055643867854
0.9329670125432737
0.9485186812497604
0.9437973808489755
0.930276354279528
0.9299455780656872
0.9380160774381276
0.9546718144426378
0.9523150597003702
0.9448134850835344
0.9396228708891232
0.941072948484325
0.9502529077143265
0.9599235583301747
0.9593128959191926
0.9274058072121103
0.9100455880438243
0.9140769365733169
0.9356325954837112
0.929993412343328
0.899572327178469
0.8311057044450582
0.6872962169732204
0.5172780737311438
0.3878866846648657
0.34421842343700015
0.3244075379831532
0.3177400207468754
0.3086459593286024
0.30232317294878674
0.30282699937783736
0.3040095545261656
0.30440380219708607
0.3038519620438625
0.3019141331174354
0.28846378689242014
0.268376398215463
0.25890780444041134
0.26558530364484584
0.27454019893716775
0.27451397362963303
0.2787535253551875
0.3105785566844268
0.35311397203138767
0.39971101093149025
0.49844825530535636
0.6479410793742265
0.7859185740444572
0.8601982344834116
0.8831925463474297
0.8816511465973064
0.8800570072022653
0.8886338724327143
0.8825332120787288
0.8455804481444978
0.784484068104534
0.733945214325834
0.7121983464652749
0.7227982660135684
0.740566245758421
0.7526254392237189
0.7535062763056641
0.7489488348691217
0.7901214806588532
0.5989853812359933
0.3234563634801976
0.10657269027368621
0.12316525981028822
0.08700533854552414
0.05427210829966317
0.03878555567634096
0.04764839923937589
0.04675978993668441
0.048629924154205376
0.05857671713436176
0.06229471199630034
0.0592870798265211
0.050422295051105806
0.041084710027739085
0.03219754055831064
0.04875913807780057
0.06606508470805576
0.05171360820822327
0.03724790141920099
0.23458504105919004
0.5335784429629407
0.7397413835478015
0.754909651828032
0.7683095901156201
0.7759305973080168
0.7795904478809774
0.7759329178030027
0.7750637781283121
0.7586055102529591
0.7594257123225958
0.7723477208425865
0.7845057310994294
0.7756803219758035
0.7764079573306436
0.7849197222120663
0.7912764175745134
0.7817117369898077
0.7672141774680097
0.7694519030073865
0.772874287165303
0.7774607184932292
0.8007622639399661
0.8031064560843306
0.7001389144648728
0.4463521428371357
0.22304585075244188
0.1203293127798006
0.12536086079765968
0.1195852884204328
0.1130703827746846
0.09183431008886168
0.0653086058988118
0.05246490609892669
0.05563947131956791
0.05007877511484672
0.03997151291918831
0.041729986768909294
0.04270311242151672
0.0312941843661922
0.051656397275983125
0.16975096096854986
0.3066481534306556
0.39733737168189776
0.4512499168897264
0.3863074346003694
0.25382084521226256
0.1449612701174609
0.14831873967206188
0.1277114485678273
0.09740323536541387
0.0676750151254004
0.05428880446626487
0.05473487319893156
0.05739643316027085
0.05559458660278946
0.04958268810480544
0.04912828887949122
0.04594017033882569
0.043385257050780876
0.0383656613727766
0.04547622836852878
0.04785648304468522
0.06749561904269422
0.08599250348326944
0.12721075862354003
0.2078231237033615
0.3188043116503512
0.40861746856656933
0.4539195515859748
0.4557316373484318
0.5916321980995942
0.7093408576558108
0.6776755718712874
0.41298627896882223
0.22906930116614793
0.1263262544237499
0.09671186134449214
0.10247152169390586
0.13316617635248196
0.1489783564924334
0.13985141075937627
0.12482610828552314
0.1007821649339364
0.07524420200808912
0.060302534271483875
0.05170827028531501
0.04771484852715415
0.05836406942454186
0.07187771012553354
0.09341964055968731
0.08204345380990627
0.09046322064200954
0.13080249083229456
0.14344358635036134
0.3948461047189633
0.7291651127588776
0.9909000935262455
0.9672242836599403
0.9812440155168944
0.9690243849992644
0.9681144825937557
0.9634294727998374
0.9689526775313984
0.9624918824242776
0.9695772178344093
0.97901872970297
0.9804083262603431
0.9751652308101262
0.9734369563789362
0.9645509096813268
0.9523128634277354
0.9265575512754557
0.8370138757959246
0.7084373989363468
0.502485783082463
0.33069797506246634
0.2396623442503568
0.2698114523958918
0.2836519994349006
0.2756443749588414
0.25867627876827926
0.25254075343334736
0.2639755798852157
0.26687760639413954
0.26357292838766827
0.2604852770177204
0.26341150625875986
0.2675142832915095
0.2716986105322982
0.27215539386671794
0.26717131297358787
0.25620869747494934
0.25898977046384786
0.29099359631371063
0.32515958285467167
0.35509266514305926
0.39072368555590686
0.4771828984297613
0.6100812049451637
0.7490274333298477
0.8222051916574658
0.852386172363492
0.8675430253899707
0.8791902462784942
0.8768850667343917
0.8776472320310633
0.8674196541252905
0.8605898253923953
0.8551995572537923
0.8506504318033764
0.8683452783886333
0.8685491212767175
0.82645474671473
0.717232757993217
0.5969107588086633
0.461823660468177
0.37444261636290205
0.33283958342335385
0.3204977367646482
0.3179037598409611
0.3232189450022275
0.32160027492506704
0.3083558608215655
0.30474797233982187
0.3063163043864708
0.3049506288461733
0.30207648572813295
0.30176113612310546
0.2945352273800582
0.2905923182250918
0.2915596865481154
0.2934516559738718
0.2926075190306469
0.29147610871897367
0.29019257914444424
0.29061930670059527
0.293893866741896
0.30488222261958015
0.31341598809285776
0.33337489235094775
0.40240106666783143
0.5333893979841757
0.6899139699777339
0.7960567934364804
0.8584288604717922
0.8801392190612749
0.9017164487046875
0.9076740287452238
0.9112239954596191
0.9219663644581536
0.9338796187324981
0.9324170379861301
0.9110298675649855
0.9024023718582497
0.898432741199574
0.8988566138560373
0.9049285046280973
0.8805105493401836
0.7817229903066479
0.6564720171238807
0.523579686223998
0.42176751303840965
0.3503400861178534
0.34258141978950163
0.3244703621594992
0.309043457786487
0.2943975582188273
0.2994110507234752
0.3029132945655501
0.30560071611290285
0.30031067146262314
0.2976194724623995
0.29599486711909506
0.2945749315108399
0.29664062211641756
0.3004338860857583
0.31013412190275674
0.3203353520522585
0.3425203790375956
0.3670154544760919
0.38734908719656963
0.4471013244809206
0.6019598459082265
0.770800231106588
0.8703136048092076
0.906352569576343
0.9073315268473422
0.8988379341301319
0.8745917050941437
0.8532368898716487
0.83057603909354
0.8310287760999405
0.8201214262154872
0.8178213930751248
0.8187239322434745
0.8285628615772981
0.8361881392347954
0.843100434666964
0.8375328278841248
0.8385238334781152
0.8509850688736744
0.8579046586873516
0.8600971219568363
0.8596329370320488
0.8714148720810078
0.868245575752749
0.8233586793125458
0.7067156879644688
0.5738064322465428
0.4609166208305895
0.3941437644961281
0.35770441123839813
0.3359772546041645
0.3216420964804911
0.30336502480927674
0.29783702106024373
0.2950115778909529
0.2949123388663969
0.2890214234949775
0.28471168372335676
0.2862855027946848
0.2938369727976493
0.29783424309576123
0.30341083409000996
0.3198550933136547
0.3367891658625496
0.3553519903884783
0.3666399200802867
0.4165554571574918
0.5268772200343597
0.6799291310934615
0.7955208136837911
0.8683461106638435
0.9059121482815828
0.9222549567035172
0.9135445088861229
0.9140654634275613
0.9119724878917025
0.9157255187371931
0.9101546935223438
0.9203231191233385
0.9261578202178866
0.9214980398136422
0.9081142283713768
0.9090815424653151
0.9117596377871608
0.9142470590989303
0.9142345387113429
0.9131625440987156
0.8957577940010579
0.8711815631133528
0.8284595338781193
0.7252587201353841
0.5935923127960208
0.48799572359610127
0.42388136232313733
0.37207257035772
0.3415706480974613
0.3264386801340765
0.3058835387625548
0.2914151830343762
0.2932452359884463
0.2976834676130724
0.30002071816720877
0.2977915507214081
0.298852045323673
0.3018646467685615
0.3051809731172058
0.3094328970665171
0.31207267448983217
0.3174403520317339
0.3253390635294693
0.3367869205703714
0.35240567839377
0.37316752011521426
0.40191429254997935
0.49553289045203963
0.6474059316822564
0.7908043595562965
0.8779615924225945
0.9347669786863275
0.9673672920988245
0.9548531190224068
0.9265543957170429
0.9186843959194853
0.9364698989277875
0.9500966176525037
0.9332831451417343
0.9138336660697706
0.9053851563781092
0.9015295975705624
0.9065160780612388
0.9091322929125564
0.9153520808368129
0.9075755221072829
0.905593781094995
0.9031811382604336
0.915796610730376
0.9076815030659977
0.8522530036843139
0.716628096982571
0.5766651186933813
0.471125577958773
0.41648776759405337
0.368211952455197
0.3384717644476396
0.32730527853459357
0.3188966842753461
0.30623610754714253
0.29661672070651524
0.2964060657538615
0.2980420802691843
0.29975043682357383
0.2961727886915284
0.29472448018907405
0.29382241828632627
0.2987263629255388
0.2993120305570556
0.2996799135564172
0.30154173050972294
0.30864594218294794
0.32188319549340305
0.3428187024111575
0.3761373209059048
0.45032449636617455
0.5901248116256426
0.738064975741581
0.8520144508338054
0.9117683521615784
0.959819233910079
0.9733713072801835
0.9699010079135643
0.9457234082013467
0.9434679305934806
0.9485556724817764
0.9505106846458844
0.9338445231675614
0.9268964331731366
0.933459460799726
0.9255525629023683
0.9244956861602305
0.9091618359998576
0.9070748808675522
0.8914028898935453
0.898358152228981
0.8906539963800293
0.899111598551585
0.8969056182029993
0.885035299944714
0.8581993945040427
0.7743898467161107
0.6135995623568893
0.4521088194142839
0.37127051219187596
0.3446704852618233
0.3275903608910776
0.31612184013849826
0.3081479197427524
0.30631138358175325
0.30270037228798874
0.3001837883994446
0.2980221572801083
0.29507560602320865
0.2931162115047815
0.2962886368080911
0.29970346251247243
0.3085360924307954
0.32419389807812127
0.33561977778621044
0.3716059522116993
0.40682544169213064
0.4708359160705243
0.5648088370646714
0.7038690581021706
0.8092187650885058
0.8729383150467718
0.9125243192175259
0.9320552955234265
0.9446593040744351
0.9356466604802456
0.9278897619940508
0.9205115277126561
0.9334169589077125
0.9294197889707552
0.9193825797687019
0.9016466062014967
0.9046565890899668
0.8998281014392586
0.8953054680051761
0.8921556800164434
0.889124889677422
0.8864902617215201
0.8921227917456327
0.9359140920608641
0.8716295598071979
0.728442123921111
0.5463466320720394
0.43011394306034456
0.35443337370829686
0.34437568105120975
0.3467840754453251
0.33278785564035684
0.32093395658684437
0.31659151526595075
0.3136759128423242
0.31391023559109077
0.3120844263960161
0.309309848932129
0.30572133243170374
0.3037302478823609
0.3066555915688178
0.3104121789815395
0.31918981020828074
0.3296211459695477
0.34341520103730244
0.37401722880968113
0.400759542957998
0.4701129300843223
0.5884939116734995
0.7251444779696815
0.8185367481629332
0.8829426361888006
0.9047928340599911
0.9035148974575444
0.915782659421189
0.9445054481136617
0.9511160554150799
0.9519918282951825
0.9423205036843105
0.9332500547986495
0.917801361434025
0.9153737536750811
0.9084676346998538
0.9171271925556158
0.9207201079631568
0.9299541348590682
0.9251933488102408
0.9308869243065869
0.926251410864081
0.923875763307318
0.9178251806555898
0.8991960721663514
0.8231685081695674
0.6884857286544479
0.5313010225505916
0.416812757386574
0.3567376393245463
0.3289490979589825
0.3140373009687856
0.3091376528843963
0.30060308087685217
0.29002473780431925
0.2859957654679741
0.2839912573503268
0.2801322578279075
0.2791031935622814
0.2828879924397588
0.2918375864837903
0.30665876348254734
0.32390735055790076
0.35301309305356204
0.39280243394434344
0.46230113606945916
0.5687691249732908
0.683869193255879
0.7770877855196217
0.8452298718094315
0.9099178680971914
0.9476470511847905
0.9785343110807526
0.9659867675176096
0.9553356183865426
0.9329971808670264
0.9181333086922404
0.9035553921218435
0.8928772524187127
0.8873168466938838
0.8693113281176681
0.8645084638436737
0.8516276747368772
0.8530809590379622
0.8606873949754732
0.8657340156918637
0.8644479339379147
0.8610272476900259
0.859586060836316
0.860610368408627
0.8630475086536851
0.8637808600490433
0.8763244044028257
0.8910721133373176
0.8434427799490667
0.6831623232818321
0.4881370298730593
0.37435593222917823
0.3339549823607755
0.31193097789310253
0.2956721578783238
0.2930669743746547
0.2860329177251819
0.2762839475564104
0.2720440495379012
0.266642550626807
0.2608790526066595
0.26035941588174194
0.2644049450116381
0.2785021025972844
0.29283994012565645
0.30771889033822875
0.3284863333969968
0.36009228705789204
0.41495666619110055
0.5149442260982562
0.639334519489833
0.7258689884642753
0.7813677222619949
0.8318145042951509
0.872434753748563
0.8719976327334593
0.8672076843977503
0.8791622094091259
0.8740912047101491
0.8629066263223593
0.8543274097247188
0.8479657741414469
0.8199284982607715
0.8137706584535123
0.8228202024251334
0.8292929727976546
0.827321592734434
0.8405645295978598
0.8461750220835045
0.8451087618955991
0.8417495698614367
0.8530817983222769
0.8560565362842272
0.8617336271886459
0.860237855969655
0.8114534741617485
0.6690733994233193
0.5056020902098827
0.39335637629204995
0.3579155558516411
0.3403945437603809
0.331530399332773
0.3186106954605774
0.3118220494711425
0.3070678792108055
0.31027831093893216
0.3145033047070953
0.31588641895299296
0.3201713950098961
0.32383997327997016
0.3246792112641217
0.32030455567437
0.3199832287352692
0.3223056213583976
0.3272416837034705
0.341913877492814
0.36833559097433977
0.3911737726788007
0.40367761402328173
0.4189249379184899
0.5130257945868567
0.6430019880488672
0.7500289232125168
0.8166830925950667
0.8807495544564847
0.9228868923162019
0.9380654524937494
0.9485758398927169
0.928118444654224
0.91758687542431
0.9070361471371947
0.8937835274778657
0.8525159157540936
0.8308480491331418
0.8029954188977654
0.7712810847515137
0.7611496689917417
0.7820580326843819
0.7898964610850996
0.7734963433040052
0.7766882749310938
0.7929948387236554
0.7935790520490065
0.7767645562804089
0.7573405406668351
0.752975580329896
0.7362866198546303
0.6690989766816633
0.5543618346654463
0.3919843442931251
0.21021066733995897
0.09218137051503142
0.07607000582213559
0.10438257308353144
0.11612824901715672
0.11897958167922494
0.11998294284437684
0.11865190482109358
0.11736923099777254
0.10819687422082228
0.10973701400726209
0.11704985999495156
0.12333146008832374
0.12422557796336653
0.12322199606045567
0.1388112517295333
0.1493324281677342
0.13686840538119943
0.11671676020956284
0.09269687064054125
0.0736237248055471
0.029832622785900098
0.21604170391361077
0.5058215679832125
0.7635265665907705
0.8017658594232033
0.827148095950098
0.8382970785477682
0.8590341649586783
0.8801881104230477
0.9072546270406785
0.9261499872748361
0.9260892195209117
0.917902525954666
0.9174260919908697
0.900554882799604
0.8885121008616215
0.8930052403498503
0.9171578699979481
0.9353340639996881
0.9418194865939589
0.9327542544365022
0.9390268149237553
0.9379462797012259
0.9360373718673974
0.9330803756916662
0.941172570852792
0.9384694192070031
0.9439673332225524
0.9355439550305858
0.8783030795200045
0.7662532159649897
0.6191258357433513
0.47972120045734234
0.38823852892266575
0.35229954035535005
0.3386906772127134
0.32989918676859026
0.3288216622995125
0.3236858436343305
0.32655908050491766
0.32873590319146995
0.33135167302623153
0.32812784058216127
0.3284338890135775
0.3311908303168625
0.3374896384209208
0.3411280597097408
0.3450315547447206
0.3491289634842589
0.36457121312775376
0.3876649635905343
0.41174832171508446
0.4431816444445806
0.5203682608530842
0.6460415727365116
0.7642613112141825
0.8480027498958582
0.9072391620957648
0.9436670114712582
0.9434800397756274
0.9321340029854361
0.9274062218703889
0.9387222286886019
0.9318250442987986
0.8954804751041573
0.8465048212992154
0.8257514147132523
0.8250836788126618
0.8211651733475972
0.8278626548048346
0.8174459201425359
0.7826382305829729
0.7455301051904154
0.7479269146583192
0.756782674236599
0.7695559111824344
0.789970630954609
0.7959338253636881
0.7801803558900862
0.7868722769668968
