0.33847513997387796
0.5706183073464692
0.7408456177434077
0.8070144697374195
0.82730883786178
0.8345318130831673
0.8670427487468356
0.8930588931450454
0.9301641428712983
0.9431049312707168
0.9397653943621829
0.9300405087757464
0.9059099309945047
0.8464839776763622
0.7092539790127255
0.5062935402889746
0.30354537276651916
0.1727253243936258
0.11788450476324008
0.10104294014070511
0.10810138675641631
0.11279792643275087
0.11559207640517873
0.11799888061702113
0.12122111333391825
0.12292512392059288
0.129871915801935
0.15790641590304372
0.23856666775646973
0.38450320659955295
0.5892673634337472
0.760934920614444
0.8514269326697257
0.8712946105115569
0.8870285638835271
0.9137994643491996
0.9336244629597137
0.9515766561545573
0.963332931797724
0.968635357547097
0.9644496216287958
0.9678319006754705
0.9780578126159448
0.9644660096743116
0.8752405414196794
0.6816396549086977
0.4457137115399853
0.24650849747674677
0.14378858290131905
0.11343766968245218
0.12109265278887676
0.13269940423858095
0.1304781314809339
0.1355930655377245
0.12189175340867683
0.1246675905274118
0.14191486916827933
0.22066722426853083
0.29896118703330277
0.4504348325017612
0.6357447345374057
0.8003406271018851
0.8647192767877485
0.8997524652233744
0.9243452995195407
0.9382085616908349
0.9492052550813177
0.9567554116358774
0.9635804388215615
0.9642500120630346
0.9706856618071152
0.9459930757710424
0.9000881999733241
0.7701786684271145
0.5612422423593141
0.30461623369885305
0.14536154442135396
0.09502827383383991
0.10435896635877547
0.10807685483681251
0.11378744346237908
0.11508490032341187
0.11300234065656434
0.10611804852583562
0.11262582187185192
0.12974175303436628
0.21815928365386814
0.3803400965709541
0.5887329429577404
0.7556089292914334
0.8518778110135647
0.8983223603885906
0.9346273277111368
0.9670813246422236
0.9739769076324601
0.9712036928419522
0.9700964885054615
0.9737832975401928
0.9824174437971105
0.955074077184038
0.8923572851041579
0.7328065697508063
0.49945733613789844
0.25687243084575107
0.1416569088730202
0.11580933772970964
0.11414842390161284
0.12391618675028064
0.13827109225770018
0.1395262206935478
0.1313486988313242
0.12150174617498527
0.11893646013504852
0.13212328299219822
0.21084167270370202
0.3294422902377937
0.5084501199673652
0.6830822450812486
0.8160367686570843
0.8859952141105022
0.9301942502673639
0.964178545888775
0.9857188600826399
0.9965481315604876
0.9971926970579847
1.0006308492732008
1.0002920558481871
0.9656075247585311
0.906620161241751
0.7824300117656372
0.5925322840836668
0.37425729197387714
0.21074926933802401
0.12752025142456
0.10874392624616877
0.12445703134537361
0.12999900609832088
0.13334229445933357
0.13355581044010906
0.13336927800705728
0.12505468985523308
0.12496682730385789
0.16437968764248168
0.2937282369375295
0.4784664808706562
0.6534725716020211
0.7681279623380493
0.8372163705621334
0.8700154043652291
0.8594496909299625
0.8383274341493255
0.8247506325375132
0.8474461155554629
0.8771346128779811
0.9025933765015949
0.9095356236505054
0.8865627986162323
0.7795595687885255
0.6116635898753121
0.434508487949616
0.27300379770596933
0.15506344407923017
0.11081776116820308
0.12023752249916343
0.12705478061921413
0.13309669563068133
0.13110548909754313
0.12431666697815255
0.11478206270098634
0.1159006893237843
0.16110402321926653
0.24109079772117706
0.3319095790715354
0.4819539120025506
0.670463461771966
0.8166193010193525
0.8687366504404479
0.8948439264286441
0.9244175624007513
0.9452210840493794
0.9414453660618501
0.9165608745896103
0.8913731323839235
0.8601079503968339
0.8090105705166004
0.735727397670515
0.5883800591722544
0.3828888620732165
0.19892872398607425
0.1266619515989232
0.12835750997053286
0.1393911308895595
0.14088969094629256
0.14256004343289064
0.13717423578784144
0.11632593653680662
0.11297134165268842
0.13795780643187633
0.18894080014139383
0.26660417205336806
0.3884070228319455
0.5683756331406404
0.7461320025539705
0.866331206921536
0.9073798127856391
0.930829838118576
0.9434783399216573
0.9465711507727408
0.9436424446557021
0.9287001350580315
0.9150865806612744
0.8861403767145938
0.8314027904090663
0.7501549938871491
0.6193308824033348
0.4236510798570075
0.21878661481159428
0.11700588893799024
0.11057679475585414
0.12736790010617094
0.1312487361950644
0.1225672516135998
0.11719996086040559
0.11051857935279151
0.1218591221599189
0.16837442470529748
0.28683265542105646
0.4406922262220304
0.603254935984027
0.7430378333836978
0.8415077712234973
0.8822897591971509
0.8962595302745546
0.9090019141107073
0.9124251373050414
0.9081203963857014
0.8966328858983393
0.8769972369150737
0.847233053883016
0.8160240664875341
0.7698918733643803
0.7254736421408012
0.6336924582343854
0.4900001680397327
0.29339868874382985
0.1630299552929777
0.12127008449588587
0.13670314772071457
0.14494744045962216
0.1399887889407907
0.13690712933364227
0.13072635010904554
0.12275834930927952
0.11225373446452683
0.11182153207589715
0.1770886481926098
0.2939412036022411
0.4797189201963035
0.6617250357505745
0.7929924747485613
0.8460865567233964
0.8796550375030916
0.873878306084009
0.8555106225422965
0.8488823683542492
0.85881356675158
0.8489513175327613
0.8448292694735604
0.823240068820917
0.7555011068766424
0.6128536481308009
0.4232228642262732
0.23712685127516456
0.1387456506646917
0.11447435332860169
0.12324666424486116
0.12585054499664924
0.12949516682650833
0.1297642147835904
0.12395025672180027
0.11968511730167213
0.10545854832692622
0.10534583632196032
0.12775978542878452
0.19632656712361568
0.28267626792182243
0.4093769723522163
0.5777545544646256
0.7356527858753329
0.8278786885920253
0.8600814143734705
0.8646890283934057
0.8598328481270614
0.8752038530228228
0.8962228393147255
0.8772585892806908
0.8508917525843875
0.8170831915650018
0.773727548261848
0.6595593073004099
0.48270216142537276
0.2688145373625309
0.14872634675916604
0.12015965646657423
0.1363011024237067
0.13326980365503732
0.1258256644824244
0.11629109367798578
0.10913811157706232
0.11179117241841485
0.13135763983442617
0.19405490000718872
0.3043452485670194
0.45185042835215716
0.6138632675976269
0.7575254959516396
0.8582973314337083
0.9070565914189458
0.9309380709225583
0.9450679771486458
0.9588861307961384
0.9588275823072083
0.9346044438643507
0.89499584013339
0.8667598163343943
0.8423760678032485
0.8113564484069302
0.7484677327058997
0.6662961010849635
0.5051983506301447
0.3036570610962886
0.15105857962741587
0.11589122766199728
0.12527819622358105
0.12415849090114911
0.12291859988308274
0.11856160864801599
0.11671594557348323
0.11535159224037377
0.11376627394475547
0.12132304105945593
0.1638842325669044
0.2181904578879664
0.3443450292859378
0.5221955788268595
0.7057265922641718
0.7963615623011848
0.8226872404147076
0.8371016538369045
0.8528335759021637
0.8621177272517264
0.8544480438932466
0.8604340942010252
0.8696716947638242
0.8760241543839717
0.8771441625819679
0.8610878531281424
0.8228715032821161
0.7623010849157191
0.6557195576841798
0.5126725496532543
0.3265176878995742
0.1789289935467805
0.11421668418567854
0.12194633963973082
0.12739649111940665
0.12406402782251655
0.122659252972639
0.12076387128740716
0.12209452712074964
0.15250938070383396
0.2300059365224182
0.3041151898022705
0.4398544781187597
0.6073551277620617
0.7605249465136938
0.827051420127199
0.8769223647730537
0.919878545320034
0.940893860768227
0.9466183610301364
0.9379555959650718
0.924736824161978
0.9142450508868051
0.8944496364790351
0.8659248519325075
0.8017655865080398
0.6624701216592659
0.4347932004543043
0.23137927930427724
0.13956901034131936
0.13483470805566394
0.1352919754736326
0.13625993285439872
0.13784213030633366
0.1346823073194811
0.12752022209839062
0.12100677959327868
0.12297295983302912
0.11518245989538187
0.10590089258813644
0.12719734793161186
0.23473627997351423
0.4233470224568872
0.622004803666061
0.7420925965050544
0.8036509362521715
0.843274710802891
0.8774557529011708
0.8870226035454023
0.89756621518872
0.9109070220110831
0.9143897573678242
0.9188667512622144
0.880315805820009
0.8234056836544383
0.7665856097519566
0.7154802821504355
0.5692936254916938
0.37609327933064884
0.2054101807560361
0.1262664133321757
0.09898136834020242
0.10681227609872314
0.11298196221600873
0.12012839096261833
0.11668718845028087
0.11153482635484438
0.10931443353106637
0.10639169038141795
0.11919780300172039
0.21004580336411038
0.34970917630568465
0.526924844137349
0.6741793847050115
0.7859114750229262
0.8208702992204493
0.8321856433601212
0.84079899159745
0.8343237986440675
0.8587290094655889
0.8952516922646854
0.9349528667775658
0.9167744229998702
0.8878608941607133
0.8653119336963119
0.8299996194567212
0.7338357505692576
0.5768006976079171
0.4209293854960239
0.29135825577051466
0.18189747919029695
0.13210263958243484
0.12752566290876605
0.1395258419002937
0.1270753656978175
0.1256394268404159
0.1273102173517434
0.13152882324661688
0.12397794431193876
0.12497948786896625
0.1656137958158237
0.2647603935745353
0.39904167045309036
0.5518952556279052
0.689113394438915
0.7788339861672624
0.8127915617797455
0.8437366485330987
0.8679052021815308
0.8938600312485394
0.9108007722128793
0.9358630577310294
0.9412797823427148
0.9155062437821658
0.8775585759379971
0.8181773992469907
0.7692448983845366
0.6411034346351597
0.44046790581938444
0.23025512832296782
0.1451470875929031
0.1408158488050822
0.14875201283829034
0.14190223348716924
0.13742354506257592
0.13432901595794788
0.1284722521741792
0.12258147841366865
0.132167256159298
0.17341602155265773
0.24362509372053467
0.36166884507438524
0.5093410942395304
0.6712222285855702
0.775347502027057
0.838218012317864
0.8850661339459421
0.9286340343205476
0.9540672568704442
0.9649640369244685
0.9794640776118223
0.9807800166208023
0.9768466199279977
0.9561949422246414
0.911815428103324
0.8541519133250789
0.7980139038546404
0.689179942282476
0.5187995516412554
0.3101475767388896
0.17075605711046013
0.11665277882454901
0.13324906984960488
0.1497596439262251
0.1490813505378515
0.14023931699867426
0.13119522502866915
0.12207787972776969
0.12503949938508335
0.16997872489147325
0.26237671448947497
0.40189419568262574
0.5579897357435555
0.7078580754684645
0.7965001498223523
0.8291373586093596
0.8480094026833703
0.8669080731790324
0.8932913782459743
0.910319659151182
0.9321594478971501
0.9351736067319127
0.917123174974235
0.8950024408136201
0.8635868984857908
0.8048880919875934
0.6488276457837494
0.47229389119751086
0.31117729270168987
0.1949238271808606
0.11897483055444463
0.10856366409219917
0.12104664603785002
0.12072788753187808
0.12501485852725247
0.1260702861232271
0.1236971479391008
0.12132231964143189
0.11977903097179174
0.11717473635140194
0.15896815869111014
0.28488126131062663
0.45073511306629466
0.6134472689947974
0.7341546460280846
0.81130794778269
0.8413861166081084
0.8658807595634224
0.8747596864453191
0.8756558768963362
0.8860248159256215
0.911320375336149
0.9226565987131071
0.9000752080053653
0.8540238119398356
0.7906801506581178
0.6573504330971152
0.4931248315019946
0.32417844647665944
0.19531381251545415
0.11116500801128149
0.10598662148578436
0.12470158615759731
0.12851686979093985
0.12800302120198187
0.1261537375027988
0.1225737241942293
0.11526643315796055
0.11509156297843591
0.1447622034861888
0.24770279213237084
0.4081190985325238
0.5946023926163422
0.7263511120358576
0.8018276328003493
0.847255518035207
0.8998184646056056
0.9287142672118787
0.9332151407789344
0.9378362469771904
0.9451609796968171
0.9418863034883667
0.9089361871442934
0.8715543911313125
0.8428320525167743
0.7590923631653321
0.5816100200632364
0.3547151504386834
0.19477301117478504
0.12763232242102368
0.1257590965332573
0.12749223042949326
0.12653063882205118
0.12734870930923567
0.12405508083870563
0.11758745739156945
0.11553540219742822
0.12780295396869973
0.15862002536128794
0.23024192639069285
0.2837941048756588
0.3693876783243004
0.5147233986058426
0.6945541456332733
0.811357490449542
0.8766562481652473
0.9159334813383773
0.9319112563810471
0.9304333111302863
0.93256579111252
0.9350335422887801
0.9392816422326518
0.9132106720759124
0.8931855637958079
0.8728491074467994
0.8268339400610848
0.7134748345417212
0.5133128370469708
0.27785156977452324
0.13133123537380553
0.11607405753247155
0.13680563763405523
0.13505648169484435
0.1324307562798753
0.12482744543912165
0.11237569035763303
0.11201517967063387
0.129462009007071
0.18571645920842245
0.2590012403518648
0.3847050775131581
0.5000030745129842
0.622342244921858
0.7005997268619444
0.7584043498487336
0.7915132355111324
0.8343788775860717
0.8533885357704891
0.8315682940520384
0.8164659285811547
0.835610258020015
0.8464965297350392
0.8318750539276101
0.7503122466163532
0.6541918986418989
0.5653393147066161
0.4717119526771192
0.31513582047473493
0.19081947268765392
0.1476827143070837
0.1495232213844165
0.14696978961262963
0.14721972374090342
0.14875035056544067
0.1472950484416822
0.1372287405321626
0.1334127300174761
0.17141295587064176
0.2744019823535172
0.4200849183384475
0.5604582586300862
0.6702815447113724
0.7210847538825775
0.7668790730091883
0.8310232797551759
0.8856460607559012
0.9021392168635759
0.883569296541471
0.8822658415841421
0.8801235824279938
0.8641800699770614
0.8433286987660992
0.8333169218920318
0.7978352875298675
0.6638927314997982
0.48436852076270515
0.32544333900007544
0.2115436082363234
0.14987563729003156
0.13661309455110043
0.15226072000799612
0.15431333399535097
0.15667684597316003
0.15168865700753148
0.14324012479762066
0.12888649445692413
0.1336206420659552
0.19323534446276291
0.3175498914710004
0.46344039526302383
0.6052573569958566
0.6810639750777829
0.7274464024317419
0.7778848738632835
0.8500141055109651
0.8738340791947392
0.8787130672629799
0.8877013683335877
0.8942246316133904
0.893570800031704
0.8970576861639263
0.8740315341700614
0.8454072084003807
0.8067030589841211
0.7471503519227748
0.5916764169263361
0.3929785881264356
0.21464930963590628
0.13518467407492815
0.1251489086768895
0.14278914893948869
0.1462124591269206
0.1446134877977272
0.14099144331552232
0.1377636197611959
0.12975870646541077
0.1191507985222664
0.12696991670159738
0.20818797283607193
0.302781651026753
0.47061291340382
0.6462252866235019
0.7979253560726746
0.8219256389853073
0.8361957589632625
0.8398826592732315
0.8583279507845923
0.8805782626804661
0.9018696229538175
0.8929950136701919
0.8626473112855776
0.8493625754320344
0.8172409533444978
0.757409994534318
0.5943192066749547
0.4132830959821566
0.2234100757505354
0.14251048414442802
0.11625444739687223
0.13953952716842927
0.1350999956081067
0.1348858006741419
0.13171820441591278
0.13090750847843793
0.13303876794533503
0.12763219803946813
0.12386921538360393
0.1419392541230794
0.22977979815259775
0.3502551090243895
0.4657516698533689
0.576904525473056
0.7075256387129023
0.8009665408185938
0.8498536536696982
0.8747037453237929
0.9063851005784528
0.9213320872605901
0.9393436594323819
0.9413125619034213
0.9445929414813489
0.9459568073710068
0.9440595286262028
0.9056431415047479
0.8644810302527277
0.7869784841992744
0.6263350972412145
0.42683180284615646
0.2802664264584882
0.19771468884086718
0.1419259122260726
0.133866400196018
0.1408791704567547
0.1409536287749965
0.1347062254399884
0.12859036846832378
0.1273524725289269
0.12817338588409757
0.12203664812748485
0.12357503768733777
0.1761448744428687
0.2647202605747167
0.3869322307323114
0.5445673115216623
0.6945399422252647
0.7759056464591374
0.809282818224689
0.8471631657615615
0.8846498804512162
0.9099080610949899
0.9286600348171109
0.9052463024133066
0.8538386123347704
0.7884821666938765
0.7214300182588093
0.6552085407412865
0.5834749056122484
0.47524913086433934
0.2992979558298724
0.16845557572274317
0.1213827831646299
0.13281405558394413
0.13500288123259874
0.131479786124616
0.1286997898487942
0.1286947130521171
0.1248869376956302
0.12235382974016108
0.13341568688793504
0.16486067943905683
0.22509318421823146
0.2988145678420091
0.4056971978529953
0.5533461469516858
0.7114616424773748
0.8064637669281038
0.8421009812175315
0.8509484607510941
0.8608867864303806
0.8822974039838009
0.9038855534142389
0.9209246282385297
0.9097006983532414
0.8749953669371676
0.8377457702712667
0.7584310049061409
0.7086977046263648
0.6628250245933158
0.583517790918333
0.38289779963281956
0.2127758615228358
0.13507877778801866
0.12888080550148015
0.13576060078527796
0.13694887375940656
0.13716739214508933
0.13586840219465932
0.13036175325889296
0.1324458403631018
0.15642338881472323
0.2169860680376518
0.3028571403983217
0.42967339589946835
0.5742320754453425
0.6884687434092188
0.7387499892155406
0.7684359417368198
0.8086790946268827
0.8243676826380291
0.8322309629365257
0.8576123240108042
0.89567804076585
0.9063657048097047
0.9012275518184867
0.8892369812743647
0.8490914571041809
0.78964312957466
0.6981718732928277
0.5827206709614902
0.41831177999227676
0.2729603320731254
0.16463417435576574
0.1261908843191923
0.11852063227892855
0.1291445121371539
0.1338477883062786
0.13255909690666606
0.13201870344130767
0.11818767532505577
0.11609483791562401
0.1419688906627378
0.21126945089750998
0.3218475822546797
0.46374052307096886
0.6065182590896233
0.7182407388962764
0.7675986841307623
0.7932029510414493
0.8197614534699038
0.8225268437181992
0.7933860327145255
0.7948740389020561
0.8372065991717488
0.862183385220971
0.8376144883204403
0.8090239353078219
0.727770651172633
0.6532799399962628
0.5207643179661376
0.4294285121417115
0.31271977914558374
0.21609264371003584
0.13843345036700747
0.12965359103537671
0.1434946477167688
0.1293924875106125
0.11994957028737982
0.1105101962980661
0.10817716268701778
0.10352939748095524
0.10487081125685452
0.1285296902542733
0.212091901843659
0.32913185550855273
0.470326294578448
0.5923000890502763
0.6848515405226845
0.7015611912238904
0.7317033796718413
0.7832621559908433
0.8423919374222633
0.8534072363547747
0.8570109926943731
0.8506956302809765
0.8446351770335139
0.8531713925343721
0.8742619630542083
0.8657838465487808
0.8389804411266887
0.7593118653917765
0.6154431841210264
0.4487863483037562
0.3327886308528782
0.2795188870792098
0.20576256644304924
0.15186516285173862
0.11818213287334754
0.1321146998681555
0.1256144811409291
0.1213678768299708
0.11912612045411335
0.11283917086018896
0.12303176776456021
0.16881596869489118
0.25144774983062557
0.3385621717204685
0.43147216509278813
0.5271674807318655
0.6172774629038127
0.6600057320616899
0.6858297595991178
0.7071610045657448
0.7427419050702039
0.7592473769713222
0.7740905627836023
0.7839531541980888
0.7927756823622024
0.793539789537004
0.7879294409630169
0.7254678380678085
0.6446692901504747
0.5678103785810173
0.4750019475422387
0.36837132223643254
0.291575240640093
0.24688987518439248
0.1763136991242351
0.1348297852385796
0.12078883275811671
0.12321482662250188
0.11518792417047319
0.10970348581833793
0.10560277756590955
0.10776699144099164
0.11844901082123462
0.1483287292290832
0.22063659703473132
0.3379413132549004
0.4850683623475397
0.5939390230042887
0.6529212949330443
0.682345624265061
0.7159552067795153
0.7268449618359747
0.7271588140886728
0.7240194229794114
0.7279781451368198
0.731738898987847
0.7411602811363404
0.7355703092213048
0.7026950931941125
0.64357763764277
0.5497023671370396
0.43172564836499683
0.3274872013892935
0.2503180783276912
0.18155795975585584
0.13842676541407783
0.12743572182943572
0.1294729126668177
0.12485485669677451
0.12419475410914554
0.12307659969764198
0.11500324877994517
0.11071897112010906
0.12363061167593706
0.17479315438932405
0.25956198082833276
0.3831011823808909
0.5132534536842651
0.601205954586572
0.6245260662436162
0.6449329749698178
0.6839542990077405
0.7268201561760774
0.7668424044960912
0.8085891733928359
0.8317360829893938
0.8272327002653791
0.806321232968339
0.7663130304180314
0.7221596254687652
0.6679682056487142
0.5779431625720202
0.4488511460524265
0.3044087310780702
0.18582354444956212
0.12591951135169482
0.13001748817987074
0.15037253018013663
0.15812191530502756
0.15470802032604308
0.14329513099636437
0.12663364369388633
0.11760281823733562
0.12617309932614318
0.14887116300810624
0.19125655788325888
0.26638000541292395
0.3674541359130532
0.5088816038432262
0.6434403520962713
0.7251415438275507
0.7641883352648677
0.813248358434958
0.8630423148479467
0.8893101408767521
0.8846571212225535
0.8358042674938582
0.7886704702909062
0.7190897842349716
0.664742525970681
0.6236654045708101
0.6131840649918645
0.4936939176756594
0.30581035644264987
0.14442122316907838
0.09745662679551717
0.10132477118719116
0.10713778222042665
0.1069402160458432
0.10564617009815411
0.10390316473769208
0.10294875898359035
0.11040087903520587
0.12537809616988965
0.1595716138526097
0.2196835161364572
0.27589766816578043
0.3245754963908489
0.41902982525049476
0.5234958267393016
0.6089792016638697
0.6513455896482894
0.71239964167058
0.7524816484112624
0.7878815589794674
0.7938497277351266
0.7911849508446627
0.8030082682835136
0.831157619823371
0.827278195094657
0.79856313898346
0.7565392782283322
0.7151438095988272
0.6532143808049036
0.5432487487180196
0.39634282845829605
0.24010898488299193
0.14303584840546266
0.09771482355301338
0.10186982799905335
0.10790539021832306
0.10750893416891709
0.10390887450968087
0.10457365003306553
0.11136805213562043
0.12972107120894028
0.19426305591298015
0.2779386456236879
0.4023938839448804
0.5039588053842846
0.6071598229799782
0.6637780039008623
0.7174807138794284
0.7300568438472275
0.7191726674421868
0.741025211139009
0.7914577850134445
0.8436810436688962
0.840311342982783
0.8134341207067917
0.7563165059105879
0.7023835790884729
0.6369886151840156
0.5310984923645052
0.4112403006916864
0.30416782127905645
0.1976007941980122
0.1169806944986563
0.1006690773132971
0.11997271757474312
0.12052967721260895
0.11733332387946892
0.10971658545279073
0.1025136160634762
0.09596810436838725
0.09015872578633366
0.08585199893227562
0.09188759794588461
0.13660869529041567
0.21837445416794238
0.35427391464276903
0.5138798533495555
0.5979484555859464
0.6463269751895042
0.7100533794847295
0.7954971202022726
0.811870906847002
0.8130839989601009
0.8041487962933583
0.7849187976199206
0.7712133884495536
0.7807179339006008
0.7857836567327661
0.7844627225419276
0.7347605522714267
0.6399035270276718
0.4805638824960211
0.3178783916880218
0.1904254015748524
0.14746995506818045
0.14818981407333462
0.14419051760591514
0.12365759187939203
0.10587784932448746
0.09623502031298586
0.09153364067738537
0.08884603580988987
0.09795125555816303
0.1265742027280628
0.18416281066062576
0.26039179413889296
0.34065552417893186
0.42995530611650595
0.5139920616131073
0.5890892714950885
0.6357260824410489
0.6667980217235984
0.6871245910496961
0.7063238260048699
0.7246918990383008
0.7402554592663984
0.7546406530472021
0.7456958920577628
0.724122859532436
0.6981627548443565
0.6836712108378673
0.6586126228248446
0.6275820625759527
0.5704090198136504
0.453682116913273
0.2836287761001828
0.14414944431771132
0.0896903829724602
0.0853729111917925
0.0922462770973626
0.1002656877320733
0.10715172805164068
0.10866279141348326
0.10787790748001706
0.11132527599431036
0.1376252838860775
0.19221731733245995
0.2845645706373756
0.38603529614787946
0.47594015148352115
0.5622751126595749
0.6050147095022416
0.6323588682408295
0.673514821532811
0.746229774480196
0.7637325759099056
0.7654143509905018
0.7633244256903384
0.7723521057215703
0.7654326962473168
0.7488684355546521
0.7045013495406706
0.6613856013015937
0.5969802702725721
0.4950075078618107
0.37965658068774255
0.27425730284024236
0.1882114225446569
0.1291342945931941
0.11048359090547438
0.10239423235748814
0.10014300968724643
0.09790387973894203
0.09862665015059631
0.10110723905489266
0.11199522749241367
0.12853516367878282
0.15432444680657392
0.1880946108101202
0.24784605431201404
0.31489406738272363
0.42172163627239817
0.4994371286664668
0.5243965742516614
0.49268473590271483
0.5478801064729516
0.6483083243639652
0.7238533026425942
0.7432230756636129
0.7595907714843139
0.6991228814337069
0.6399240340112408
0.5889637897320429
0.538448345299162
0.41660629177948183
0.3000574756931419
0.1892536120515059
0.1381786116415023
0.1253171425663293
0.12684986336328163
0.10856930684279047
0.11179542214404228
0.10545126901248575
0.09983262327094551
0.10654438949953363
0.14190870649685597
0.18461623651826733
0.23399950287319712
0.2967738482814921
0.3891280117439263
0.5050236528394014
0.5575942671572448
0.6078191846868929
0.6734469105918022
0.757750428310417
0.7611594995110254
0.7677295335028421
0.7774199711835974
0.7815971141228064
0.7679286796405909
0.772320803085577
0.701537683486434
0.6400502758639675
0.5617813830889027
0.4814835188375937
0.3484338677387907
0.2531770856040719
0.1792627131676433
0.12053900550195784
0.10451897976548397
0.1001300772094153
0.09667322357126615
0.08477102972472601
0.0823192242224857
0.0876311316326023
0.09711563774995537
0.11320379508765598
0.13766403004078956
0.19473106027593517
0.27232927362592363
0.37188408315371174
0.4740330293234598
0.5695637756389185
0.6290178941642679
0.63972126483355
0.6192361965729525
0.6115831761817986
0.6431226372437384
0.6798781978820457
0.6934252113591781
0.6943501181834739
0.6815719492276334
0.6632037888537513
0.6375819684586475
0.5990532982295054
0.5335289522676301
0.455462973306854
0.36234297149579164
0.25379969033056493
0.1618994431225641
0.11282788901628268
0.1024941915000217
0.1008191886430483
0.09748897388614186
0.0913381447725385
0.09406440979059545
0.09289505469227118
0.09149994413717631
0.09912183074054329
0.12555330155068561
0.16050864559708033
0.2157514296150268
0.29036184800381565
0.3887620998928796
0.4787551862799011
0.5335290828504464
0.5495626587246236
0.5691820994884386
0.5840001603609268
0.5874195866804383
0.5902217421945732
0.6414162450851465
0.6753675086472752
0.6652694435343077
0.6086280422024637
0.5206551819660503
0.3751427584498669
0.23462407567002175
0.15975313112798034
0.13960836296456647
0.13758549673425996
0.13615596521578144
0.12522619368361954
0.1077367233264798
0.09809296931625322
0.09219767668094236
0.09125127400044555
0.09002514816205484
0.09687339780681999
0.1128571653583837
0.136613275395814
0.16008832730791772
0.19269094671462333
0.2449250059452848
0.3070048007129836
0.39523951251914424
0.4942574975159797
0.5746168820885489
0.5989029235389907
0.6163889740955383
0.6441236934295101
0.6669354487100838
0.6843012856393171
0.7047753107533545
0.7229533491533501
0.7340901999124361
0.6967007725444727
0.6457350651827221
0.5799335625076626
0.49543122889039015
0.370222786762364
0.27733107934380974
0.21881320128767173
0.1736494975098068
0.13478358938485918
0.11309664261096702
0.10050349318966698
0.09178742439322013
0.08329144211099387
0.08063250495633953
0.08780236493544866
0.09729429563265495
0.13369694521422443
0.20333937159515314
0.29006949703150986
0.34307239534600176
0.39649566278590465
0.46391884316998466
0.5457902640266445
0.5777041489121522
0.5731963149473923
0.5547604957952003
0.5533614623254577
0.5404867448647832
0.5197325114703799
0.5248160830766477
0.5483364000102229
0.5561491736900005
0.5567879858828982
0.5473454387764645
0.4866264435354522
0.38422650898868327
0.29053907336832663
0.229406761056247
0.17151277395592976
0.12815797493494888
0.1030090569514111
0.1058886921580576
0.09988317694892293
0.08523212574282261
0.053090068537379104
0.017526964929969885
0.007343727697371641
0.0541410513251866
0.13153259307083087
0.20253400575895053
0.27081898402787363
0.3509354283398808
0.4203716220986689
0.4715367677757676
0.5207165483105719
0.5938355125119874
0.6289979914312468
0.6210583779314348
0.6072239427720953
0.6179760012321744
0.6158085302659515
0.6103332366397791
0.5956454920234735
0.5567985718186195
0.4677649640746756
0.3474072121283588
0.22892355366902964
0.16357795843147305
0.1456873212196877
0.13330928551471688
0.11877057874438308
0.1011858644104369
0.09789432983945807
0.0948141949688021
0.09934392157854335
0.10136409850794927
0.10414204613103259
0.11118141826108106
0.1315465528522795
0.15694679188162114
0.20002053539540104
0.2738879709976235
0.37404637662414464
0.4797091267177934
0.537790756044317
0.6036746212582489
0.6715315723000683
0.7407635443265276
0.7493147940932008
0.7402814826370582
0.7070594257707444
0.6925695441511146
0.659683834861653
0.6371905705942054
0.6017477613675413
0.5411482906571611
0.4243410302414664
0.3209820342594295
0.25869558309847374
0.20967288001031845
0.17776797214962287
0.1485584952348367
0.12546477169006495
0.1119003026786366
0.11463800577982644
0.11632682738697762
0.12507474849870268
0.14767132379680367
0.20903382789414945
0.29379375722872875
0.3935453267094814
0.4756401890732501
0.5489418950601019
0.5929884057705006
0.6274952024022493
0.6487000201255522
0.6521756615021417
0.627895313778362
0.619077212977988
0.6258275164942186
0.6367505045724964
0.6336452684662954
0.6367400400358078
0.626620233766239
0.6062202029543161
0.5558384588330894
0.48414711109004827
0.394567789085351
0.29728903555232644
0.20968948824323294
0.15359914733901084
0.1380297628628208
0.13629285909651565
0.1387979252747375
0.13820722159037388
0.13628897929013906
0.13790297574420207
0.1446692117401342
0.14802742557471438
0.16961660584112653
0.24083662526532937
0.33032376585582907
0.43960905042345944
0.48408941756022394
0.4921672270527487
0.5290796542862041
0.6349449130883941
0.7162730424983164
0.7382344023366666
0.7491974316437794
0.7449951826689865
0.7384100743377082
0.712439529878337
0.6282528976235493
0.5426114840855281
0.42661714153055386
0.30346251954275216
0.16799135741468413
0.11224759426635722
0.09045517127386977
0.09448744373252226
0.09661764152053423
0.09220653915521332
0.08364295444400635
0.08360264535839493
0.09427412763086812
0.1014538091682361
0.10929565616188687
0.12485320178239734
0.18930547377366788
0.2623352218242784
0.3709571741243736
0.48934010478361745
0.5813420023992135
0.6075367434110109
0.6374026364058087
0.6889002806622913
0.7228538603824792
0.7375836950682022
0.7514003298975857
0.7627512569290537
0.7663364988632562
0.7583603930792419
0.7206005806991815
0.684615001309984
0.6478145925551853
0.5793490412991111
0.44950928854138705
0.321386607575239
0.22383544876596773
0.15107335601341848
0.11242252962794762
0.11007637462732116
0.11685483374107875
0.10997574021648679
0.1064520413797232
0.10926447365765013
0.11140650147958017
0.11291534183418916
0.12343789519530432
0.13709212625394804
0.15856693390816326
0.21542312860453675
0.3054776160144731
0.4176350428581346
0.5103958136565026
0.581571201877696
0.5771582082534241
0.5992384453746511
0.64964753024144
0.7196239192337153
0.7315514500656777
0.7455094172354075
0.7505651583864852
0.750210012479566
0.7203016288146237
0.6266067518552252
0.47893117533111834
0.34052500623530585
0.23444854733766737
0.17211158275630645
0.14079887133776173
0.1417189595397893
0.12465607560782412
0.11357297259468416
0.10592582559254944
0.10678662563395658
0.10146164546360253
0.09915418559086622
0.10897617796161573
0.1271317122825893
0.15770739194969188
0.2083171945290398
0.28277049934263093
0.36111960255396697
0.4468876580827405
0.5251140495747793
0.5853330786623488
0.6178866358837258
0.6527727768217678
0.6814311968746377
0.7041875620137861
0.7163633706863122
0.7222650637088412
0.6934704756173732
0.6339275252921335
0.5285266675560472
0.4033176945899787
0.2757122672308633
0.19022796382679227
0.1473738487127058
0.13663144207102484
0.13382395035341763
0.12664805948260371
0.12235416847889398
0.11959203141509121
0.11906049232859027
0.11880610164528597
0.1211980233872725
0.1268468250817426
0.13243270009098868
0.14180692575024745
0.16348919636664117
0.2090393266020604
0.2815178276431488
0.3760824604240567
0.4795978201851226
0.5433104502021169
0.5580664491881915
0.5949331669259359
0.6503458878854407
0.6875238518839861
0.661770464073663
0.6282424347630253
0.5773269099520524
0.5546235668083255
0.5395024807897749
0.5606463813111919
0.5584135421864798
0.5300501807990197
0.4283653282140247
0.3059082388550924
0.2027752167738009
0.15939514736596494
0.14493994597390786
0.12886861164558583
0.11975839562810146
0.11981828892172353
0.1238037603189234
0.11662909347285455
0.11232974973126507
0.11217999361272984
0.12381145444748888
0.1394140981216171
0.16199653830514119
0.2064383224711765
0.2755316511808773
0.38192913987519844
0.4792182870422111
0.5609822967533964
0.5736547051869546
0.5574567221074276
0.5434946096549027
0.6127593889736542
0.6942267036404193
0.7405172128138724
0.7350647506609682
0.7308872608236046
0.6637934002213798
0.5954134545545996
0.5010131777007185
0.39972270760627526
0.25605095801190225
0.17655096553419466
0.13941235932124996
0.13023044924754384
0.12555081614381267
0.12468710402771929
0.11915973049386563
0.10601888173415679
0.0884698439778853
0.05813947335050826
0.049612147586648836
0.07270037797320422
0.1279849668490492
0.1848016088335934
0.2558773701429148
0.31930665450477047
0.39106475798202534
0.4592996037333334
0.5127899821677219
0.5180831688242229
0.5645702921595748
0.647540434149469
0.7263733887437468
0.7278373426991613
0.7217523568848595
0.7170697347414661
0.7272746347378387
0.704110393183782
0.6125549030143136
0.5339139593226473
0.49720195738201434
0.4420939477081411
0.3288066462540632
0.22414675713019083
0.1553861210675705
0.11888743276894631
0.11315390085884666
0.11167067525401174
0.09910265978805545
0.09346405685957443
0.0924332520861865
0.1075055580168898
0.12268156924472962
0.1329343951117123
0.14121508927474408
0.18363197491794583
0.25572809930127066
0.3686542607913294
0.46163022503027107
0.5397752971755987
0.5659199107402697
0.5802225060269719
0.5583562180851804
0.5480903721267019
0.5419399930698132
0.5592964914216036
0.5635297805148016
0.5587580652249323
0.5254851109593666
0.531053835193435
0.5498606178828204
0.5389330092650069
0.4346466213046279
0.34147635090793993
0.2582930576477655
0.1948054733374279
0.13792114284986862
0.12193939674082517
0.10952652164012885
0.10635255059281642
0.09504904998838262
0.0635550069188311
0.026602898701651386
0.03214014511255022
0.07498262260586985
0.13704353591109011
0.1979738769152669
0.2713385499004505
0.33301179749147614
0.3706746272604152
0.42032358408901827
0.49111892719812117
0.513963578332983
0.5411493041852232
0.6239081714922865
0.7239227565278186
0.7639246135268891
0.7798026621801573
0.7788146929663435
0.7540137236568107
0.6577168180977149
0.5918583269309463
0.551726379922943
0.5303614971498007
0.45958072856942483
0.38927220209091973
0.2980257087041778
0.20175194361963197
0.14231291269436058
0.11349121722314354
0.10483750265627328
0.108562619403371
0.11830924140546793
0.1330453116863324
0.14400435102133294
0.15336574736107397
0.16291710571049883
0.18441556488322913
0.2322977555910234
0.30184868131806164
0.3827946627385602
0.46747060411507246
0.492530508407886
0.48066383690888526
0.4765176998613604
0.5254980650881612
0.5534169799367014
0.5609088654607888
0.5753767583577698
0.6252772064337153
0.6791297316465924
0.6681524347563133
