13.928590042355479
10.213638623816312
3.970131119640705
1.2176620874616286
0.43337851328323584
1.950656139820102
1.5609686638925862
2.2263149835751777
0.7764473039651076
-0.20037221451203685
-0.5834931351861884
-1.4478346668745037
-3.56555719908855
-8.233799919818205
-12.177626323425057
-12.164890051347326
-7.8492029023736025
-3.2904491778231444
-1.0104938773520986
0.4235067969426707
0.2817923805800735
0.1676489983456714
0.14440825271054422
0.19333396301382705
0.10224063520047791
0.4168075128805272
1.6820700060665237
4.839615111205545
8.756192330585025
12.285849410051616
10.300053430841846
5.429520723316884
1.1920606705098755
0.9440372023182124
1.6062540279403517
1.1894999166308435
1.0771315916906226
0.7053765385899946
0.31814554496238157
-0.2511441550980701
0.2029367428004865
0.6135547164284553
-0.8155081764979896
-5.35352809527795
-11.616053190658867
-14.155556602122795
-11.952312843794274
-6.1631948745256855
-1.821054793132006
0.4592989863854765
0.6964050869822492
-0.13327636545882363
0.3068960434074343
-0.8220787277428622
0.16655022712409764
1.0348367184520555
4.725141306015075
4.697637765886332
9.088418728107417
11.118594122138706
9.875753553868805
3.8627189811518163
2.1019913061375313
1.4755700577699846
0.8317957302776543
0.6598016034289712
0.4530093932735779
0.40950163114104854
0.040174394488386035
0.3861389846448385
-1.4815551621643552
-2.7542925478631073
-7.794571892772607
-12.536185564067901
-15.397560519627717
-9.55528135664998
-3.019996235250854
0.5598415514961278
0.2230733086822234
0.3426353175339956
0.07784741166196762
-0.12495358001085077
-0.4130575278437246
0.3904664007609798
1.0269558697508647
5.30505183717006
9.73084877502519
12.503570783207222
10.012559180021485
5.7761329033279
2.7866729625015605
2.178298039352778
1.9472398158651925
0.41373497941419235
-0.16639288743047823
-0.06643226018944205
0.22120854208387503
0.518048775415065
-1.6406019967843535
-3.7630075247928207
-9.573042921201004
-14.00095401677452
-14.555094317528894
-6.912931318363784
-1.5508542685986397
-0.09965482968580833
0.5860657709200702
0.8612943304451639
0.07530770615085806
-0.49065131173341886
-0.5908171593803373
-0.1539171623962034
0.7912093714289847
4.723103382690245
7.116037052045526
10.740469783774186
10.477927506833039
7.97727141455017
4.197506727205089
2.6519421694117122
2.0390577372846215
1.2924188516318937
0.6497562886708664
0.038673929849828564
0.20628913291296308
-0.02032760550081843
-2.0810718653793723
-3.539241811006814
-7.451408968566659
-11.393863660918267
-13.096499526587424
-9.810481358151222
-4.993741074807859
-1.1265795107034777
0.942786305952294
0.33251848517682825
0.20059730166076223
0.012810958846529209
-0.011191945983106728
-0.498875289109454
-0.005271753082511396
2.364771620317436
7.760912957702896
11.084294635987346
10.500365443881932
6.879323444161714
4.145304493445063
1.9679420281857476
-0.6339428061159968
-1.2673354068382214
-0.8146080967087189
1.3617289810769844
1.7813098393510993
1.5275258174168314
0.4165348289346353
-1.3783695020563917
-6.420193789662433
-10.07375873479284
-10.629306115541521
-9.690281414618834
-7.076421217604374
-2.6547409746616353
0.5651856798576234
0.40903548720304334
0.3625149006880331
-0.11947239198828898
-0.4073293271634363
-0.5720762566299745
0.06711759736787805
2.7122000337289434
4.799206470114648
5.449126881021519
9.002659975860945
11.310572986164663
8.769350354843223
3.1270409652657327
1.5664365592917762
1.7744181583264425
1.2482112989176897
-0.22654307925175834
-1.4930694883343543
-1.5112645323412175
-1.8759109192253831
-3.0658427928140175
-4.396990370765142
-8.840840309895663
-12.32947182594232
-11.037608285228574
-4.336006343228962
0.1017335022965791
0.6620172551416016
0.08991360340398301
0.10022114919588523
-0.3231484587029532
-1.2508979550620936
-0.20127569304708723
1.4991878867512798
3.0589796225710613
4.65980231471847
7.308171046714673
10.798116618521734
10.665382164799842
7.211952262053955
2.462916351846128
1.4070015199762216
0.7589101081848808
0.18556865106500964
-0.1757223670223202
-0.8965385758602405
-0.8168132638054322
-1.736772236800794
-3.2842551783316614
-4.874867791315046
-7.8494466890288885
-11.740788152779679
-12.291867902724837
-6.106843552416264
-0.38574565092816787
1.007466321018985
0.2328501653336093
-0.5208890748878788
-0.3220374451916539
-0.400882890456846
0.6804325684276457
2.790918152722725
7.107493842945375
9.23157424805847
9.753762585719832
8.386973843980275
5.908196270387992
2.446919278419226
0.8381862646442259
0.7645430301691629
0.20539339166004003
-0.25828445516039894
-0.6892506292417269
-1.1781389389959427
-1.7858509819234711
-1.8725392437289168
-2.7679315873892416
-2.6650938734147505
-5.5068710343849725
-8.621537411679192
-11.79608875775421
-7.82212400705074
-2.5055922478255184
0.9259837934897249
0.49465756433445707
-0.29751909112988856
-0.18489957642890642
-0.370846753475805
-0.47808004798596293
-0.6302768906851639
-0.025932143317780692
3.916026967002773
7.011153324577901
11.146662995643787
10.920366933256298
7.876046339879234
3.1856449184899485
2.0141088467817196
-0.34660388514495943
-1.1020610125027526
-0.39769525128283606
0.5958719038398507
-0.5917349531291259
-0.24732288355205556
-1.2953520391586062
-4.064337716656493
-8.55884752475052
-11.377847034271703
-11.165760777066557
-5.902872036628393
-1.4562778401654053
0.5263386549755424
0.1562328451072853
0.21867730979154587
0.016142877424924543
-0.3488374837074094
-0.2559083652076894
-0.8535941384847573
-0.006762720297954241
1.3448369464094572
4.114006901689884
5.180982047892424
7.60204226582366
10.102654926744595
9.473893884642468
5.533554163001564
1.9321635468866176
0.2764568411961098
-0.2913708159806571
0.9222602937456859
1.2611391775141656
-1.1378550020420848
-1.5820102017782
-2.0285136611631542
-2.601338598189236
-6.850094457686309
-10.611428752502267
-12.833257443770556
-7.205291436201918
-1.7140014175555152
0.9684867574279511
-0.1818779261201529
-0.44664835035677636
-0.57207424826632
-0.42917892605540864
0.15918365048115224
1.173988044960683
3.761835610365767
6.617420913589863
8.850310787108297
9.720770354728218
8.619733701240797
6.046310128924143
2.925555599114257
1.4328887702167565
0.8477943735652501
0.8290892188495157
-0.003512909335803295
-1.4533883065714621
-2.376516223857654
-1.694161427939748
-1.4630249118687517
-1.861177163779102
-3.773322942061843
-4.930297897256191
-9.665865027289161
-12.09247737203141
-9.155908888132396
-2.110041117925123
0.5632181136950285
-0.06718231934591669
-0.07439346108397878
-0.26141947410400584
-0.11073978447196553
-0.08186119998656845
-0.09511909773709809
0.4534060268820294
2.5536714904469173
3.2583735192637313
7.569274283878311
10.671032972455341
11.011860806238776
5.438098202220802
1.5795406868113748
0.864864805331814
0.9439153239155551
0.5570490809737361
-0.460181001508792
0.35916301846672066
0.5542560337679412
0.3811475772088526
0.06720049187977108
-0.9633785672295349
-2.2929809907615852
-3.634225101983832
-6.394891633892384
-8.582820481855562
-11.169291705220843
-8.855321661167654
-3.8827385616661307
0.4637793272431387
0.32700908878053336
-0.19994779781340694
-0.08428649099265359
-0.11372290111391027
0.07983935000054898
1.8248912149850658
4.64979334911507
4.446555196791153
8.144357298989384
10.050038978598154
9.190189125097962
3.991588416810324
2.9922566787512945
2.5773708328188243
1.2609189268915855
0.34347001571454716
-0.5197659039038768
-0.7931263081856327
-0.6295063965103775
-1.187724864466204
-1.7114870727916636
-3.849555925468076
-8.357727890926462
-13.660615272297743
-12.204835269001668
-5.5086161377774925
-0.2840581371393257
0.027436045078118684
0.05807744284596815
0.09493184711609681
-0.1895893792111436
-0.42972511326543106
-0.39080655030671735
0.1179708143850268
-0.46742999625883713
-0.5568940384347276
1.2777873206085297
6.452335922514165
11.316644549002419
11.91946687255047
7.20526757033963
3.69350038482704
2.3774264730431733
2.0508625258968
0.5740110386538897
0.632616698599033
0.8004484093417858
0.20896412140446982
0.2686196336634104
-2.3130567265323316
-3.4146073299342525
-3.409204434148919
-3.0663196560912764
-8.77119939952453
-11.59202076966274
-10.240985914476802
-4.7486260454316405
-1.6371026995184024
0.46985446551124466
0.3701811670371368
0.4287857247965549
-0.20647215074024883
-0.30914172572619025
-0.13322356942668082
-0.17536458897890606
0.7683667572181493
5.450880021743419
8.379802376494487
10.632940069899897
8.835272434059782
6.703925419074909
2.0975294518513907
0.6789206483803192
0.5168008942397259
-0.38851157720295154
1.4643126492912155
2.1913609679457937
2.3820704707728364
-1.090706626661741
-1.7348117303494188
-1.352937627864093
-2.118738854375449
-5.769832133247832
-9.422103177680468
-9.352278726713624
-7.774267783530581
-6.567646594813087
-2.9876903764717366
-0.27461860042012887
0.7200107394916625
-0.7470285721485359
-0.08615633144409582
0.1002474306796495
0.2531163536924106
-0.453052736080689
0.06009261342164945
2.4380584768114555
5.948795865522717
8.056876612713333
9.171215110488923
8.233088328660614
5.383235503700867
2.0374545367489953
1.8567052052011968
1.4501132189059291
1.5572897440204405
1.016444457860394
1.5037371310890144
0.32500347670112567
-1.5464123136329444
-2.27686007065013
-3.562870601460397
-2.9359500517472594
-7.688487824962229
-12.038131728947201
-12.61276664978437
-5.106482443804174
-0.2598743272692415
0.47616984199251633
-0.41098676106724585
-0.26872130547561407
-0.18567174627767322
-0.35140582702614054
-0.35344642563061596
0.5751466647377939
2.4749259236014605
4.2125443300728564
7.082625081230681
8.860334949908271
9.71286806076294
6.247516406488898
3.77223061744863
2.81088729768455
2.614074022476476
1.5259933529937237
0.653806803241494
0.8700024412411833
0.07895634053880278
-0.23600380156826242
-1.2391006622014482
-2.662770847278909
-3.4598108866949064
-3.36828056822614
-6.53003769432954
-10.222823438473823
-12.519118494141322
-8.363491177706244
-3.2461966971545055
0.995777461503409
0.9906344445971633
-0.04069760330241876
-0.5305220123506074
-0.5426455182003374
-0.5470407180539402
0.17769717943882973
2.69635353038326
5.543879375880418
8.37104887158863
9.365732403655318
8.99210038349505
5.318524461233005
1.9582325272205472
1.13232264444059
1.1339202297397888
1.582998304016433
1.0216968543125198
1.3103873247580236
0.18084953008576848
-1.08302590546061
-1.3272440496369686
-1.8849325396696632
-3.521928389892049
-9.363626772230171
-10.592025275173786
-9.66699590974981
-6.975207931249409
-4.556939797585217
-0.6246699877346967
0.7489789167390938
-0.019125510358315882
0.2572182597224783
0.06332565575847456
-0.14238829104758577
-0.1424896978601277
-0.09259732017841442
-0.15625767722338035
2.507605340382635
7.554786157170613
9.951231105339586
9.76272935571072
7.242442621996869
4.62919810527659
1.804690129525012
1.4696785773189238
0.5327356129137774
0.05377142706102761
0.6221363417570914
1.5177335646317311
0.6801734026174561
-1.3548834424645844
-2.763083763931649
-3.800619676903281
-7.999783053659761
-9.853536095706744
-10.136783101520686
-7.731878037671933
-5.048928270250647
-0.3107031915298121
1.122897880308841
0.22891701800054065
-0.030830915337480367
-0.11095702195097926
-0.214800798514182
-0.4384374621761029
-0.010492210771478924
1.7802384304650842
6.176435318771274
9.624978384008699
11.188997645028545
7.904923165171372
4.528591245869279
2.7256731140916197
3.1537767942237536
1.7337481563764854
0.2700524140233317
0.27726637189537295
0.439483963177583
-0.1964805725070385
-1.9770069806442996
-2.242907760778979
-1.723340316872207
-5.0243813610868155
-10.648940586125216
-13.613692177472501
-9.596528355834447
-4.028441325225481
-0.11239355326599004
0.10398803377415315
-0.05769549644652811
0.049084229231067034
-0.19761770823181354
-0.38805740682815154
-0.12312331164848067
0.7360531062762538
1.8490242835553978
4.297314061764081
3.2131307090981402
5.135614406918241
8.720143216892097
10.789844821646458
7.00820068897577
3.9179254629425446
2.356633990387678
0.9586665025602449
-0.08867671504564581
0.12794879893403283
0.14806507057559745
0.25488599663231365
-1.5642582094042812
-1.201506496806339
-1.2201873809404489
-2.760910043143036
-6.801546331161476
-12.009719849684426
-14.127676036347658
-8.791220064042625
-0.9154306704800912
1.2438948060949593
-0.10494935635265865
-0.15754352489813545
-0.4561986504452449
-0.7471053048892798
-0.021630641219950848
1.0468097601861754
3.3752670120812787
4.397086868606322
7.542230229678027
6.917879819989223
7.34035022453206
4.695448916405452
3.4682773792071817
1.9865331397440398
2.5719385244962276
1.1405794910651128
-1.3092145031069806
-0.9061419282530685
1.1486597663315574
0.6531763029014896
-0.8772885484457035
-4.89376843867569
-5.767220878466974
-5.331155036117266
-5.617641721769537
-9.394567932142587
-7.458980867225284
-2.588205502834084
0.11043042463997416
-0.15320590630720513
0.014996047696428113
0.0918376094722305
-0.08731812742551301
-0.6039784745711456
-0.2289606308812028
2.2800135511898256
6.1793415889728776
8.740976159095384
8.422400417498803
6.589397164876838
3.048192550272159
2.7476591475968046
3.8486524047590605
3.277366860043709
0.9895893664604302
-1.1141952193263582
-0.07820729743972799
-0.12853554936890507
-0.9566107470558961
-1.2510822726578064
-0.6007066124440142
-2.1288980617299744
-8.03655336180376
-10.771452644226196
-9.535510905757308
-6.833983845824783
-3.700078256777721
-0.7957525643358281
0.9388575274137946
0.12315683924128461
0.14181071866855216
-0.29929133793769835
-0.506911932594678
-0.8612178204417491
0.28404885654188033
3.576882143808285
7.458872820494672
8.753430227520973
8.50901770397045
4.548397084915354
2.7829456412373967
3.0263082858926724
4.3277538988606805
1.4291984210265265
0.2927392840944286
0.5392980642364971
0.39139579678814146
-0.03922989490118712
0.20921316793333158
-1.3815691196319744
-1.717459546180754
-2.3222489649757114
-3.5731624236806003
-9.328436099786853
-11.921869727993437
-10.699756709431227
-4.767878133658959
-0.6021459238822896
1.0584144157560118
0.20539861124590475
-0.09593827975160941
-0.2173226689322819
-0.19366941325959722
-0.4802947977470834
-0.6364744765886983
0.4691470907598355
4.87308336806875
5.67562069144058
10.069875742624594
10.536742393180388
9.102004166949909
1.4400169747580491
0.8562071986772652
0.22121401859815185
1.1067174906815973
1.3350187137525031
1.2774816164010159
-0.5324765570175664
-1.820862143076765
-0.7970841512126356
-1.9272973252521037
-3.589857528610989
-9.78544727156131
-10.862166641568505
-11.392381213896707
-4.853975496366202
-1.575362204853437
1.397104786293353
-0.2663718936193689
-0.012851696037887078
-0.19005577549375843
-0.04864175624848845
0.12787556801383332
-0.3243941943519984
-0.22577895935186448
1.084202324368474
5.270432641771401
7.228518652307145
6.929793649739159
6.669171337180896
7.837266794390386
5.606454126341806
2.9332267710661224
1.491005499245766
1.9008813152794977
0.8968192009282915
1.0806943303074497
0.11813414826237217
0.19682277467564588
0.08183195337948333
-0.11383672468823758
-2.304983227287425
-2.469726675121088
-4.650152763207463
-9.638603217483116
-11.970197663702887
-8.793922583260596
-4.953104257057015
-3.3473265968878656
-0.4835707218032513
0.42076621564422495
0.004467499094509053
-0.37484420010050834
-0.3669514182998585
-0.07427375636381717
0.049254801310238176
-0.36820426539678414
0.09230337359117032
3.1541902053320348
5.314523167910616
7.332718209455319
9.458104847361588
8.9983578422157
4.881942254032638
2.0026303059329935
2.272820852212481
2.24920288137917
1.5154908386265094
1.1251184233272045
-1.4048239442283372
-3.084461404712018
-3.921386738453859
-4.0231289061038344
-3.9732886510515892
-4.304018107742077
-6.4935464848742175
-10.557070502068617
-7.850542806427363
-2.8243675534869563
0.6858763451588196
0.13132953891928392
-0.21138570647895374
-0.16679977654931682
-0.00030460780062634016
-0.22846652138922752
-0.15198647732813925
0.6637114288664749
1.8866995530672137
3.6139502867506836
4.423283017426439
6.412957800658853
8.858936945921934
9.486929731540863
5.700127467044069
2.1382328573655545
0.5308487720137847
0.5962995407571628
1.2846370532052862
1.29528896582622
1.0223444894575056
-0.673435793117265
-2.082319884964546
-2.234975799953942
-4.758885921907821
-2.983998016786416
-2.7523608019828036
-4.75843402049924
-12.037199477130208
-10.207316286599605
-4.661825024088797
-0.3718783371923318
0.4127877170278482
0.07129637844772013
0.01311110314096521
-0.0779393970258052
-0.33039893614596494
0.125045226252538
1.4386529070972138
3.633760753375921
5.1522643416399365
7.6089753300684215
8.673520772752942
6.854200077832239
3.016874748379477
1.7811571512766669
2.414589173403909
0.941315280668735
0.47179681790982214
1.5228816644566388
2.283943005302876
0.6412598426312491
-0.30828917947309775
-0.7194342326472845
-2.4087314502111647
-3.5668996517710765
-5.488275376909664
-6.9270721398806465
-9.864533458152314
-8.721086875149576
-6.499569463041257
-2.3065974021945386
-0.4602151224158015
0.6374327914935567
0.2821965701474692
-0.07732148397675716
-0.03242360792150184
-0.8298616869751615
-0.1255702445658989
1.5524431648269152
4.158033614086125
6.634687881429852
8.513576448977835
8.566664161118842
6.703348788399565
2.961476714069006
1.5362560146413113
1.5935101457071894
0.16592341489773121
-1.748448660220336
0.08928037125184371
2.5399536161814344
1.4986071629534212
-1.4741338140317728
-1.7154331807571996
-4.875197048111095
-4.469442670581989
-7.9509373218079595
-5.480148349465296
-7.002523979768064
-5.797628126132586
-4.659551600581967
-0.5267915598978189
0.8304634008835715
-0.8461296123693353
-0.5665750333939928
-0.5663624393587947
-0.13998201666290724
-0.27886591236373853
0.08048482655396108
1.4195327398450563
5.013732695362893
7.022397219894023
8.471666344193295
7.3184276683101155
5.553087088344214
1.0025790420724106
1.8085313068769648
3.0935265791402937
3.547786885885024
0.660917935950722
0.21622538037589437
-0.3789217448038167
-0.36362719484773953
0.5121729300515245
1.2654342311901094
-0.5086869903256255
-1.60820432532562
-4.780114544094491
-8.6321208762455
-9.999410149035715
-6.959863047053076
-3.1961846264199445
-4.425379238169885
-3.2338442154784763
-2.0209817987035796
0.8359540196884355
-0.3900131236336057
-0.25479625865748545
-0.13450538255145486
-0.37721697563544415
0.6115558142622441
2.747052055820015
4.957906868143817
5.2268653133908725
5.5745996023389015
5.741718938344968
5.406598930316564
2.5636961494727775
1.5494416522456007
1.2798746979976912
2.1348540302674373
0.9903283140671534
0.8905911487367658
0.5917554848692189
0.5293516898467935
0.04584643048809717
-0.33662091443917475
-3.747696173712718
-4.8479128750403016
-4.611534694167703
-5.56850586232585
-6.397837518348732
-4.607764895780635
-2.681121927342183
-4.23457056360878
-2.489034833139472
-0.842457148827822
0.14555963186311882
-0.4816141471216464
-0.3290663011281343
-0.2460424951457167
0.129852832504905
0.6409211628146151
1.7927831044710163
4.338472068339135
7.038282973209045
8.82762294555886
6.5322396394053115
3.5389363157255374
1.7654597599207238
2.016574950867375
0.6533853033876008
0.018831135161886354
-0.18836346655565603
0.2375233294445202
0.22564523106164808
0.56528292890951
-0.33539831490215016
-1.9725129616316528
-3.5470473330807524
-5.632516230342945
-7.078603126322967
-6.254306818542556
-4.6301473836964
-4.125607114309477
-2.5878716605068273
-0.6594626150785646
0.12223145024292643
-0.27708335820254837
-0.03960615525774039
-0.06708926469021763
-0.48440105506173314
-0.2570566595901809
0.7746984333497239
3.069752562803394
5.086129586339728
7.412352093153911
7.809136278202896
5.277150054138713
1.3992066994224317
1.2244145235721688
2.3412794422754946
2.5719514301003605
2.4013348992004513
2.5048061338048226
1.3888145757935568
-0.270202963440842
-1.2546880378224758
-2.4004921530185905
-2.6492042969561242
-3.2514851892025542
-5.401502584601948
-7.745520991176061
-8.66654489846187
-7.115111197709373
-3.594241985872242
0.24587860969056918
1.2213025200160228
0.46496310749338304
-0.20483369873908028
-0.6847733597807616
-0.9996892381485264
-0.5418495273930731
0.5142168653284827
1.361883820917861
2.5431236925087606
4.507406851780161
6.0644478300081
8.485648075810865
8.073524895181441
4.902071503877044
2.3428074862391557
2.9436013902055844
2.987637384778853
1.5760695617284133
-0.2791811792519331
-2.9311712237212597
-2.8280278321772787
-4.174841163356313
-3.2608354958576244
-2.4646272839918657
-0.6288803747367713
-7.169408838972714
-11.273013673981213
-9.683347996412776
-2.8178757824138327
0.2320886635004525
0.34878066199414925
-0.01185397047500545
-0.07764275686134967
-0.10458032162772757
-0.0572643452460949
0.44712720309695686
0.8986330280810778
2.05161106096332
3.606714137030286
3.3728491217595855
2.920669693504276
5.667259731579072
6.267960089327432
5.129002495474373
2.5419832790653274
3.6632431213376466
2.4049204044405683
2.123994634092422
0.35809012533957224
-0.15988661342781263
0.7093990463310943
1.6889610923915415
-0.2327654837228498
-1.7229033666715547
-2.521431645307809
-2.483728117770444
-3.7157657276356275
-6.597937925212004
-8.814355215583918
-9.37403061451878
-5.824388188652088
-2.719261491146532
0.24930026676241254
0.36213373315620306
-0.023787362964354408
-0.2160035795541857
0.03988653140308195
0.40766412615331715
1.1011811443990187
3.8725190822426128
5.020535382642751
7.467314299271973
6.0938952863633
6.1920610557419655
3.3970908552532397
3.2221625987141476
0.7545677980678287
-0.6530505843024785
1.3111526218094074
3.0259544324656606
3.133395519327276
-0.20218204116680333
-1.6126333365595709
-3.427056887771693
-3.2359756093270793
-3.923697834267662
-6.353407369170984
-7.1914915003680076
-6.424348764758161
-6.3940216248630195
-4.8372059819616275
-0.978697031121399
1.1582184156868267
0.03341757827195142
-0.19178119998837173
-0.4570043056007174
-0.4321781633588963
-0.39273070170535923
-0.3485627149231609
-0.2584036112434973
0.3621359408165601
2.683265840672016
4.905945532650835
8.153967628490063
9.576356322407735
5.04411613418374
2.9027111762130122
3.823584257713732
5.126624443052879
0.9824271986836127
0.07278552678593422
-0.536112160004582
-1.153799920406332
-0.8223245502218914
0.5702727270628696
0.3039433699299305
-0.07925605145031163
-2.9821302162295904
-5.691421514625613
-9.560378671899587
-9.761129448480514
-7.647179406788967
-2.5773267904004644
0.04319154030925278
-0.23995778804513115
-1.2319755435914568
-1.0667845532943347
-0.5785697406901287
-0.2820827781359856
-0.1612562920497393
0.5463131848964209
1.717376830194084
3.455316475953237
4.573739008696292
4.815823802402607
5.357986916254751
5.042205329795292
4.505832592919129
2.7982086567577826
1.8643163569526773
1.2195941595659359
1.1519540973104891
1.1020843820059172
0.9338136136857084
0.8631116268482721
-0.5366856593663888
-1.2943819515196766
-1.5576062812845277
-0.8694926403894027
-1.50351528078145
-1.861833614933616
-3.430382565737601
-7.0036141740230455
-10.203200448785992
-8.368759906946979
-3.267543680715253
-0.25904830684007674
0.4124019543342301
0.48116463808256626
0.41316241917406643
0.09066380171055975
-0.04709303600797428
0.20684211085756535
1.5780004735061184
3.2755220067831328
5.540835198295255
6.088243530629279
5.394291320138808
5.1800976705635176
2.5643758105596013
1.6406495243153718
2.4693571975190247
4.362897176843352
1.0501680857824127
0.1009065048357773
-0.12539551800981033
0.541660801873944
-0.4151645684551459
-0.9938556415599386
-2.6620251608390437
-2.5869448943447564
-3.864319861740697
-6.11836574464603
-6.9210556304444815
-6.323956670849023
-5.162752817735421
-3.54462767708797
-1.1190422212632458
-0.4853615128790988
-0.13507336021451008
-0.13434779689827162
0.043366224699259125
0.14883533425775786
0.6532793062512975
0.9923961711822052
1.5473569876675544
2.0262098402124593
3.5850866101138346
4.022880784242805
6.409654133379471
4.662929543644381
1.4975667351117634
-1.9027103009369033
3.3117222342136885
6.025693073461161
4.532698696717994
1.1621863812611894
0.9820617492419045
-3.628073403036622
-3.5519308453481724
-3.057614656752046
-3.0309266659723813
-7.3105232111812235
-6.992928965180794
-6.648231818497121
-3.06450002460039
-0.7716881445104234
0.09196324781714472
-1.0968333912292987
0.19356691807512
-0.38064918789341373
-0.3371187444924334
0.40270597371522393
2.1218590198394613
2.5624518012848276
2.962995981295956
3.7664607244971107
5.541249807746366
6.953738465728903
3.1542368590701098
3.0134950517790564
3.937663554294781
5.058211063117174
0.2045442720364723
0.39420203950902866
0.58142626084535
0.2506285763525549
-0.8201060689328049
0.26352740669918606
-4.246987175948826
-3.6892444573482006
-4.696133566503152
-4.817871855078812
-7.982979065928634
-5.715406928082233
-4.4348623461859695
-3.523422459941328
-0.9612015441884871
-0.2633341533640786
-0.20741121828896106
-0.7141316307924487
-0.14710833013442673
0.3187144446069461
0.569070367041216
0.9652894402620914
1.4676140971880984
3.4240218141082015
4.655892800999572
5.973288571667626
6.128936770183926
5.7318447789278455
3.567247111521169
0.6422022401569604
-1.229104095635657
-0.45918122346925994
1.8923676637164975
2.205333638298564
0.8128208086278161
0.05549440945775124
-0.7666901373504734
-1.1020896224329895
-1.537309223705991
-2.3117202137486563
-3.9314607577127405
-4.683958737645834
-5.5872001086640575
-6.512596869913973
-5.514014832480363
-2.9442932463764246
-0.6200218509756941
-0.10050017141840994
-0.19981288541439765
-0.3690497468161439
0.16357590108342632
-0.07016130589946055
-0.0837066333056966
0.45731319620194705
1.5858882486086296
2.0973206427838025
3.3145670410762698
4.476625103327585
5.904015113344172
5.399585183221599
3.2864337942322055
0.9620145524506866
1.1771664458289635
0.8890836523493467
0.20516557917065317
0.16812933084810866
3.07167017343457
2.0370758137278404
-0.6058839067779561
-3.398484079910835
-5.278371614185103
-8.730745410969641
-8.431120966791187
-4.49225667252274
-1.208686089804901
-0.12137197381837152
-0.08577189110871618
-0.6557862919297515
-1.049368221428444
-0.578625240613504
-0.35371755811867145
-0.056784160829811865
-0.07356755030344693
0.41089497868584446
0.959026053093877
1.4253666022458993
1.4085031147260032
1.956157164402448
3.1340435538398657
3.724787686062139
5.294082708368812
5.941079099810465
4.821563074354426
1.4571624870265893
1.049163033392693
1.6640831600384067
1.3687053168344976
1.0419502157540588
1.2284415068420518
1.0906823039997946
0.6682110455451975
-2.2433656420774506
-3.057942441705213
-3.948090160503792
-5.070140017036635
-7.512506527680396
-5.573502445113571
-3.51107268336848
-2.7098222266720504
-2.331954487496492
-1.3012168064336034
-0.7555889652780459
-0.5229641277868405
-0.5097589369334956
-0.15953622927926978
0.43019159874657215
0.5695158418322883
2.184158974894293
4.178545582855961
5.203807526181699
3.180173898869017
3.2053960463943554
4.045390823045031
4.912285251399872
1.9148330931301576
-0.27047003788560603
-1.1061491491315862
-0.0839420081845591
-0.7724830476403479
-1.2452540036642687
0.3050142963760867
1.4112190160142883
0.46876642078668374
0.038328731573866695
-0.5665528263860586
-3.6431397144601663
-6.143996072806485
-5.621246137221718
-3.6679387387249864
-3.473639226018491
-2.6012879412590006
-1.5089350790123521
0.17277811239879964
-0.3603309125480239
-0.879063072366069
-1.9285234323267202
-2.1337862164442196
-0.6109942339559293
2.807839417669057
4.64349250473892
4.260084761286514
4.097098696135619
4.806986658720702
4.166171625527524
3.069908740625441
2.950786832088427
4.387137852085179
2.109748735155683
-0.47637680998864446
-0.830066109560415
0.6451235076047823
-0.13004825797335606
-0.3285176175703617
-0.8812646769783873
-2.330815212291374
-5.342016464635797
-7.221465116779419
-7.109019507560153
-3.9207357142536186
-1.0734382327069534
-0.742682142298291
-0.8723224062200773
-1.0550828600368314
-0.19749207425869825
-0.18480809223936906
0.27178359658449075
0.12121061576433577
0.1666768573850089
0.4223623278029324
1.2219080754719762
1.5240143417602596
2.5844246108269413
4.4320461361336
6.009504337591609
6.339765005617936
3.4848977595916146
3.953031912836136
4.071417062509398
4.1539183215869055
0.5130749860004217
-0.5419986873685876
-1.993323411978513
-0.8693928971778392
-1.9731425573678052
-1.3495958560469379
-2.126568553599513
-3.6359682426230178
-7.008435624942079
-6.201539758922567
-3.737187069656762
-2.9413621852894845
-1.9142944716418437
-1.7525686148872701
-1.3856234126860878
-0.8138681406857475
0.16426218607139986
0.10132929642905518
0.5248752667035329
1.3557945178861368
3.681750245840956
5.0855957600739625
5.985094168845499
4.9256917418264035
4.398102359211359
2.642790642623507
2.0704077979050406
1.2722890633982433
0.20853848259538252
-1.4568208634265498
-0.5290860480224725
0.40501821097386065
0.6553792846965619
-0.1863141663720675
0.1856862941707499
-0.6071883761741604
-1.2240018487151811
-3.0229046472737773
-4.30148086458271
-5.374759320282141
-5.8367252119805615
-5.255972838545909
-3.3654204542535173
-0.9341630685714561
-0.10421422597829225
0.1503039706933198
-0.03544222106181917
-0.11509453801407143
0.09683978724378646
0.4059741597559505
0.20149283007482235
1.2953508159845268
4.273201165452413
5.369228435430287
6.557117074058195
2.6688220282054536
0.4846685695515116
2.2147456340074494
6.351915528131761
4.879687764594575
1.317681590301089
0.657781758426805
-0.25213493848753654
-0.3951064998767165
-1.5582326675623601
-5.051197935287551
-5.138484812280471
-6.959660553298848
-7.389277319268522
-8.128269727684543
-3.3446257888990916
-1.307545379549321
0.24193634751916257
0.1278118672807258
-0.2646661419192134
-0.5138150826724472
-0.002418545136685517
0.6402889363482914
0.4307808922421031
0.4705108196190731
0.9334527372306811
3.867136319475628
4.381784883036879
6.517317138006085
7.102975839555033
5.520113856934901
1.5716844607079343
1.7919535796879702
3.0898586553891265
2.03721478321096
0.8837900811434288
0.8289980897630538
0.6810556218879739
0.21511451605216284
-0.47856634704088574
-2.265588742803748
-2.1591347633515157
-2.2080245252880495
-4.107933075364681
-7.790385165463888
-7.687360857967681
-5.85306952855661
-4.365725565153203
-2.3190495831283835
-0.14076930003756558
0.4067075468254783
-0.41274561147554084
-0.21142193020578262
0.1687459366756257
0.12852166931580986
0.09053042127654469
0.6313532016668106
0.8192538635186696
1.2884884592529866
3.411371681782603
5.403269244595337
6.729445610620071
5.565646247902395
4.270523293271847
-0.26477961745626855
1.3248142272736938
3.024545092007503
4.198583339535863
0.7156518499177851
0.837478030183839
0.30334446906467644
-0.021308754415149123
-1.7945030198966403
-5.6216926175642286
-8.860534591446914
-8.304370145747452
-6.36458753385867
-3.740217874881868
-1.8787626851127899
0.05520529212164585
-1.0237730359179693
-0.6649861807884353
-0.45882882012801124
0.051648002484431126
-0.31949881022126075
-0.13844759236418658
0.589319542244878
1.089332059258476
1.8345407800262596
3.036588154761047
4.46719828881477
4.700946192680429
5.146083331726705
4.693583489522592
3.613141745253611
1.95321343328273
2.0931684562826383
1.7195052031719247
1.3653819083489793
0.7305485203516076
0.35410158135176467
-1.727675285487814
-3.5725770195145854
-6.324051464165539
-7.512538377964535
-7.656325641545727
-5.1290582042445525
-2.571246906845334
-0.6445443985008947
-0.1684495030564068
-0.43055345224885916
-0.25763346022259875
-0.1657282238281401
-0.03189234519005838
-0.015263440998258583
0.1435153045191993
0.33892810166815396
0.335152500554783
0.5624535395555583
1.300936236983697
2.733007814124727
4.3487100624655515
5.673877966854795
6.210921585664307
3.8227578010190597
0.8853599391645265
2.2120030642647905
3.324763257569767
2.230677839912854
-1.545203268619474
-2.011681758638376
-3.0549314886578993
-1.3622005886236919
-0.907265161113085
1.268634031285093
-0.13397034748270933
-1.7018016832477025
-6.101091155100046
-7.347425361536355
-6.187981324876522
-2.6028041644703053
-0.8673120835234742
-0.964280059699171
-0.546612961049093
0.003593597617323956
0.23912828383200607
-0.4304800107640637
-0.25796062449538354
-0.008985367112113962
0.6978876500855818
0.9361586204475463
1.3549464110115226
2.66650704996227
4.1455997225822845
6.38384932165827
5.8373488300210905
4.905840582671397
0.7603445060133739
-0.9718789847716767
-0.8377267471515403
4.155886759125328
4.888038880005139
2.7774305504073453
-0.32714772917426943
-0.2506493902418337
-4.025631636132857
-4.102796740007045
-5.664016611233187
-6.077428205666941
-8.620304975661034
-4.769999548662726
-2.228316372776809
-0.5509146044222806
-0.2807779862238867
-0.051822726965605366
-0.33164241203123834
-0.7884509255824076
-1.0529422653763487
-1.8198222376427264
-0.5116395458315944
1.3852938231931067
3.3170753325508873
3.4089985190728456
4.264545678559526
3.805757061710746
4.3054862086355365
4.0940907450787165
3.209422706062807
0.31759119939007957
2.789227400121271
4.97820851939394
4.7299772756559255
0.08783723732487758
-0.3650991488581309
-0.280957328603622
0.6122939997822627
-1.3898544932434822
-5.493329410168417
-4.718456621500246
-2.202720116437633
-3.306480580432583
-6.79723808724506
-6.27959334743136
-4.125638163757455
-2.1899212979175755
-0.34401191460599845
-0.08899353629008147
-0.7540809279574202
-0.33831617570888045
-0.061848286403279516
0.9043383558420567
0.9105606736704409
0.6151695520189954
0.4968416497819355
2.5450131385917074
4.325767462999735
6.77556968940391
5.578557854335628
4.688704328719924
1.5686768138803502
0.8581557172021802
-1.3119772765072826
-0.6159507575087492
-0.3690227434133396
1.041389901107485
0.253997345591839
-0.28630291739217456
-1.996377255934059
0.334123454044123
1.128406961362948
-0.6556565170688473
-6.257183277623095
-5.590216223800404
-4.990997595610749
-3.8092550586204728
-3.413059829253751
-0.9589047665424568
-0.7447725060418213
-0.1904382628387566
-0.6782100362660667
-1.8896425841727955
-2.217126493030909
0.33223478465394896
2.570548649599324
3.7236547983126336
3.6558204602508155
4.401880379111264
3.700394855460961
2.2597697861364736
2.9789374097163517
4.247720586546416
1.370679068091496
1.6311435511345058
4.965532038424079
6.000875102132265
2.400111419943858
0.9526829191961426
-0.05927815282882669
-1.4880581585720523
-5.777814333544849
-3.9515094700063385
-2.4079168204803327
-1.2818929663883378
-4.246846114822796
-4.218511588710546
-5.474789603204825
-5.776425905071848
-3.566341855516486
-1.7293017282731211
-0.5192228740122447
0.2235070048258281
0.5847973201258491
0.8841642168519187
0.6575423601000693
0.5616837803843743
0.5730815009655241
1.2899075503638913
2.8729314424672063
4.1730555436225325
4.856758885230191
5.080556482591024
1.503594257568576
-0.712000289940084
-0.24876822285150615
2.9388219136082165
1.6751348909121468
0.4495131314452705
0.8680735738189109
2.994026884556901
3.2311515127721204
-0.6586378134167866
