0.2951388888888868
0.33156028368794127
0.3315602836879416
0.2951388888888862
0.2951388888888862
0.4092592592592572
0.3695652173913024
0.3695652173913024
0.4092592592592572
0.4941860465116258
0.33156028368794344
0.36956521739130055
0.45075757575757586
0.4092592592592572
0.3315602836879416
0.1634615384615354
0.8657407407407407
0.3315602836879416
0.4092592592592572
0.6374999999999947
0.4941860465116304
0.4092592592592572
0.3695652173912963
0.26020408163265124
0.4092592592592572
0.4507575757575804
0.4507575757575716
0.10493827160493231
1.0
0.0
0.4092592592592572
0.4092592592592572
0.804054054054051
0.5396825396825398
0.1944444444444395
0.33156028368794555
0.5396825396825398
0.6901709401709317
0.22666666666666682
