0.9945996602814299
0.9602959037759936
0.9427547160337119
0.939898338863665
0.9433048994198021
0.9428011005635312
0.936924076140319
0.9359387271799544
0.9322123114283516
0.9323970260975893
0.9267720078406804
0.9259789761579221
0.92124137951755
0.92300797722724
0.9175528335543843
0.9072810835340666
0.8970879964354797
0.8937417776703893
0.8939245888992151
0.8920517551116689
0.8926630769072331
0.8926154510626522
0.8923428867209171
0.8917586069377035
0.8924048387439136
0.8876486022815353
0.8826446052157843
0.8832601705254284
0.8880857307650993
0.8913203864274055
0.8932170962954507
0.8917634768847487
0.8858251933743246
0.8455725094822448
0.7596245311521628
0.6624862908187079
0.5860585016680804
0.49478058384688933
0.3785100129416379
0.25233521085657207
0.15293682690636215
0.11904327724870561
0.13075450511520825
0.13548497034326168
0.11397363676528972
0.09967938464835704
0.08702762761666824
0.08065268199056178
0.08846740367175186
0.09855952328392537
0.0983663769912372
0.10110699270240527
0.1264365664959229
0.1756306459167484
0.24217802118872517
0.3189574584504602
0.4006051576003691
0.4897821401079083
0.582282978602575
0.7068870149293913
0.8272936860314665
0.9120851202346723
0.9379409769096037
0.958968945549705
0.9688871603336127
0.9678012247403447
0.9603267449413773
0.9617701947553409
0.9656428412155376
0.9634457786972223
0.9544804601827169
0.9414206800729956
0.9308139263436601
0.9232536661710598
0.9178164967181122
0.9129134345331185
0.927304757818664
0.9338421334243564
0.8798567954945893
0.7622030630869254
0.6275781085410912
0.42905518685624383
0.22861619806582112
0.12177222193552455
0.12277454438471418
0.1252452610502784
0.11576315001014838
0.09984677513789632
0.08480841439986937
0.08181714159885187
0.0971156098755577
0.09863675967633972
0.08210648589991118
0.09811274400553559
0.1570182624439039
0.21724824350041255
0.29388057769817044
0.4191824955965896
0.5922189349808014
0.7460910401209184
0.8685651861538524
0.9215237220106808
0.9420746639084804
0.9619427749372222
0.9846656841195431
0.9947210708566727
0.9942495862405762
0.9978909197810014
0.9980034749710672
0.9942731273401297
0.9858275762774017
0.9716214069260629
0.9530609544017643
0.8931451778374078
0.7505046938560664
0.46604544652002855
0.21343016475633703
0.0905798922448954
0.09535550384066072
0.09233096738226496
0.08767836586580616
0.08971402290088715
0.11080639065577201
0.12618801857844905
0.11632063464077613
0.09585153793908617
0.1266162044968278
0.20739219800197706
0.3165831086317114
0.42122506177396835
0.5023270376131754
0.5958197872799207
0.71544945408722
0.8229778333283291
0.8954621289517215
0.9140626433441481
0.9165540467773147
0.9090892604294583
0.9258967219162276
0.9241290553225537
0.9367453050483938
0.9664998220979825
0.992355980923842
0.9894181681637974
0.9748928450144752
0.9697269825259908
0.971913107303501
0.9503382565228937
0.9136366162168873
0.8854587331099997
0.8775121356869802
0.8629328948237551
0.8262256254869328
0.7688502389179727
0.6904886414335687
0.6015247779668976
0.5083792933684144
0.4206207845103623
0.33399212599075234
0.22024536165349018
0.15177763178560144
0.10899574930830239
0.09971894348667382
0.07792540386744266
0.09266759021317804
0.09632856327447051
0.09693064907690195
0.10907946903383335
0.15566134977234847
0.245476684461567
0.3805739722933674
0.5497699554710721
0.7068258423313585
0.8139994401796316
0.8613738603384014
0.8679917984463571
0.8727183438148343
0.8778499103429316
0.8823736310469863
0.8633643238824714
0.7990486951403059
0.6467534967818034
0.3751523598222246
0.14329428803654012
0.0425151841500222
0.047375010235256865
0.028058821535126253
0.01856052874399272
0.02673178941202941
0.03755443126294679
0.04429846593346138
0.04661694421095405
0.05038116613969872
0.055461445020470575
0.09963540201230128
0.19761671984050766
0.33944271173787754
0.5367091412261619
0.7245761961884569
0.8171503364942413
0.8318715323944502
0.8858082487548222
0.9639342731814464
0.9696626646711031
0.9331344971653717
0.8903198887757575
0.8004567216326439
0.5317895159321055
0.21544316096699523
0.044777962141139806
0.046245967554671606
0.05607795662760909
0.040941843222825194
0.04041086454999715
0.044418572879775124
0.03292503060282519
0.02989542676431313
0.05044349231882711
0.07324067096980154
0.10642850000776763
0.18896972775750034
0.33125836135050146
0.5465747910315996
0.7463520579033732
0.8585877927802729
0.8705658025243238
0.8664635570275234
0.8546631942858218
0.7710294629996708
0.577543113836951
0.3040961118814806
0.1241929133896116
0.0539051716290002
0.04015582558931297
0.022470614061471803
0.023296653348833275
0.03196381079546272
0.044448120096068855
0.05039025197700432
0.06189066059052366
0.08891825088603354
0.15268573189049361
0.22433654869255637
0.33261483892069754
0.4586488133267646
0.5938163024413886
0.7052964017546267
0.7813604196176762
0.8217770874893962
0.8359642255530465
0.8583024495019321
0.8599062083431732
0.8077023943994068
0.6614737918493354
0.4117335180293866
0.17372240122198607
0.07286477747486225
0.08106053905521327
0.09281905077740167
0.09179814160086934
0.10984242321388815
0.11235294107333578
0.1598243582216473
0.2745860088322969
0.49689252779370596
0.6845905051820595
0.8048807571307746
0.8581779136164511
0.9174873117041715
0.948218662889349
0.9552381820495778
0.9198109369613399
0.812831577339065
0.6371122290958637
0.34980930631588675
0.12679708000249676
0.03574722821621182
0.0655593727272296
0.04139806269068713
0.02290189422116574
0.013970327444963642
0.02175839349156076
0.042967467094724626
0.06511106380997227
0.06180778851398082
0.07073153730260714
0.13772970846500338
0.2873709643001744
0.46135772265671615
0.6262736891997416
0.7432516329649981
0.7956952658362562
0.814311829684029
0.8045510006829195
0.7435634977123392
0.5553483301352501
0.2929459655712706
0.10795131326568214
0.05620429614596484
0.06700361385825616
0.045435986654171256
0.01883189881972168
0.0027105368345996528
0.014956619404339467
0.03203962359491654
0.04136539213909754
0.07480801261186418
0.14929746398176297
0.27306178277563387
0.4296983536492515
0.5678889661726351
0.6577401308826558
0.7085466171144659
0.7454573018340463
0.7180252104676362
0.5894503230675496
0.35041201881977635
0.1414683244164724
0.05739534964278757
0.06707687003825791
0.06440261029340014
0.05230996537097401
0.04002351899830499
0.03645011501844524
0.03964925412765969
0.04870486188551539
0.0816552795733604
0.15712031633719611
0.2823298602308877
0.43350281044213135
0.5838991689673851
0.7004749138076097
0.7517600954745738
0.6973127991252654
0.5029329676292369
0.25381293669869576
0.09369307132680116
0.05293591553935059
0.060732279377549374
0.06334262994789955
0.06624178053740037
0.07094717144338869
0.0666482184610684
0.09595146606254468
0.1824773154918504
0.3327764588673862
0.49409577562639834
0.6442013344692762
0.7448655107847426
0.7803564735087773
0.7703700936585609
0.7052165313445928
0.5444201316589848
0.29077543963170877
0.10891480426032008
0.055352847213007934
0.07190106012759076
0.0617888202723927
0.055128053534177726
0.061973348138095075
0.06545673665970535
0.09586222210623509
0.19794015016561878
0.37386632515423057
0.5619103446659954
0.7004917068645585
0.7880966792352351
0.8364215832892571
0.8521826254050405
0.7946161975492188
0.6886813840638072
0.464170887119572
0.20544640658828567
0.06133502552879935
0.07595366997566516
0.10373942083419181
0.08710171937343764
0.0678245661791658
0.05264369842739887
0.042505941983331755
0.05692587009372986
0.12299853416122347
0.2619306588130667
0.4331819327327426
0.6116747777668474
0.7507411489312227
0.8149386337676121
0.7837024076378953
0.6555217929155601
0.39470797694059856
0.15287092791043083
0.044550683435856483
0.05650417092076198
0.06253859724372718
0.06400546607988775
0.05563060746168862
0.07265621789323812
0.1467626726848248
0.29228905371899927
0.46638726660406316
0.6277429268274214
0.7270859451497365
0.7208586821114693
0.601142213511398
0.3384360123804721
0.12883285556848406
0.04936697409418281
0.08234223722800264
0.08388124872512878
0.08840702680783195
0.09173275820967075
0.1366845607888714
0.25179107238925114
0.4280412886256999
0.6000325419096524
0.7255969464987952
0.7971833737439371
0.8122762502166618
0.7804623744106285
0.6655934075943442
0.4302563912558825
0.1768853913699464
0.05958000207426188
0.06480274124216774
0.07375561562606728
0.06281695445355637
0.06446787115646331
0.06959368745871074
0.0816283944829485
0.08788104916707842
0.12160848842915356
0.2527163619728578
0.47264725496689514
0.6863203953376369
0.7941780714469274
0.8274552549357332
0.8534007572297231
0.8769715073749454
0.849512260323431
0.7227976769615335
0.45514581939243653
0.18435566023882616
0.04781767383233603
0.03865857430701038
0.031444970101122405
0.03139430129846592
0.04178694673521931
0.04840623357314139
0.07683929564547032
0.1480665155151062
0.29449360740891395
0.48642806762762003
0.6621393643784902
0.7817336659886089
0.8158336128944065
0.756426153145849
0.5530762384733007
0.2727847310301047
0.07670233890718996
0.03562155572035254
0.05656856156779237
0.04670827327174146
0.04054773495129282
0.03524872501310479
0.04809683266299743
0.0659184547545831
0.07925974369899727
0.13035204635175415
0.29480399076221997
0.5362906883713285
0.7341758319184978
0.8069950165366848
0.829671498224948
0.8649889287226568
0.9093529562829934
0.9213556090416133
0.9337259389639958
0.9032992026188942
0.7973881326708633
0.589869718837138
0.30647697518651673
0.12185112753661921
0.08504201573781393
0.1185472062917158
0.09896773736920289
0.08959367238266613
0.09596189362630557
0.09877544692914483
0.1339000472486225
0.18350562216329294
0.29093610790082153
0.45435848004457313
0.6836870673528685
0.8132003050775496
0.8608127457999517
0.878050062621553
0.9066994249694837
0.8726576381928519
0.7521040694656181
0.5235854928567012
0.24075748427359642
0.06616404493971847
0.01733992730659214
0.02112878174765473
0.007967839283906767
0.011882752550591846
0.030243319698078933
0.07147752985068316
0.14983498535705064
0.30542068470038575
0.5244698753851994
0.7150382389968635
0.7959818818905466
0.8223441417368771
0.8831313219947832
0.9164194809002064
0.8822447213756863
0.785811489074342
0.6313842069773019
0.3479804381601447
0.12104212322562002
0.04173622008008505
0.0772430933465243
0.08001875423644135
0.09103025945660484
0.09562808672887371
0.139351008346372
0.274752553375839
0.48478460045145777
0.6646629060610331
0.7474830612032208
0.8058417221854434
0.8325718358879526
0.8033537484675197
0.6658282210254212
0.45951026243133003
0.21663252214209794
0.08135097286375492
0.053253141104814404
0.06610760644196054
0.054709052055402704
0.05966381316525796
0.08640514426785849
0.08655639145593558
0.12358122751302861
0.23463073564395975
0.4432569329428677
0.6333226747918853
0.7457333216736739
0.7884952301474212
0.8194208831454449
0.8803322198264448
0.8878004340865459
0.8406788751597121
0.7013650384917443
0.544979225100179
0.2981207058434334
0.14755999180760943
0.09107382878094455
0.12719585621315924
0.12239217370539689
0.12431934147150871
0.13900450458947614
0.21505898305876112
0.3975733444133774
0.6104445952983515
0.7468902956486188
0.7532695973236327
0.6866655295340442
0.4741826976510812
0.21841337062916716
0.05903725107836033
0.06328425106575848
0.07824274401985082
0.07419343519862047
0.07591922487969248
0.0824455103428689
0.10061032052422127
0.09885428493616849
0.11194923145617275
0.19114788806984281
0.3540203240931082
0.5317169112063074
0.6784565555275097
0.7700294200770383
0.7931940579750598
0.8003462065317657
0.8224367388570775
0.8555834431533449
0.8623600601798326
0.8215395515688811
0.7004525609897179
0.4802357771454444
0.22814288017732112
0.09491439206192775
0.0817008120055435
0.11101454172218594
0.11515711952121407
0.12549149205497062
0.12094011724160365
0.14345255761740897
0.24209055465130558
0.42743491554451696
0.6279821849417275
0.7562043138034007
0.8062820708808278
0.8298463409383997
0.8354311307752916
0.7895945096732713
0.6502677093293937
0.37955647163769446
0.13579327440490233
0.04440113722588207
0.06803484664093909
0.06555006493912686
0.05146346985483239
0.057666422529927444
0.05778564369903533
0.06876667246994739
0.17841993539598794
0.36502455455700655
0.5727532854669044
0.7039761044602936
0.7823682811078632
0.7992153256752667
0.8080523952916322
0.8166170892461709
0.7928803414482889
0.694641432266356
0.4681619271899856
0.21573377446858938
0.08349105657251937
0.07438216712813686
0.0927979810330959
0.08341797330476285
0.09803242965240168
0.12065450620351933
0.19074756148468433
0.2988738691053998
0.4773938061479061
0.6543516672375573
0.7710893276396187
0.8084442873708013
0.7862807492481747
0.6875488967672703
0.4650084547371038
0.23312677295874373
0.09604029993072694
0.09014464345728171
0.10485915812994923
0.1202209117633937
0.11867999364048631
0.11024984289915032
0.1114518250924874
0.19956822468730911
0.35035276686497663
0.5391328498700654
0.687242111661461
0.774611895537118
0.7947748433382714
0.795690474717422
0.7640509548626377
0.6780150917282344
0.4646790134888748
0.21322474067227676
0.06596565035426283
0.06310294423090967
0.06759318442846143
0.05273981576187843
0.05786039515144842
0.07461328277529672
0.0957334988018583
0.1486859427698206
0.271087669688169
0.45073439385815056
0.6230249604714646
0.7344122950276835
0.7937749676521558
0.85120193498463
0.8828353562401806
0.8584430369142396
0.7495265642791582
0.60069479391846
0.3543627278216036
0.15142215630528852
0.05939326435966176
0.0869899843422132
0.0926376635799126
0.09417362211827397
0.11768652786469821
0.13996629668240967
0.21866255571071896
0.4006187538321658
0.6026349969919599
0.6727244623010553
0.5836924678986756
0.3699374123785737
0.15357517924776343
0.03867393328272251
0.04788648530208135
0.06797414658901435
0.08032734333636832
0.06849078261420372
0.08378041589952227
0.19041597092039425
0.3594908322905528
0.5189348360371646
0.6134907914105526
0.6713077100067899
0.6491402123863941
0.5609370830906442
0.4227259993404861
0.2676645949143853
0.12966204644300533
0.07726072494338154
0.08216078178219682
0.089159788369878
0.07901257517227321
0.083229809976362
0.08738594862042334
0.10244814902938412
0.1570936801541811
0.30447976449286335
0.4993838641251114
0.6548172516491121
0.7297450026193496
0.7996959241898567
0.8353450991462569
0.8291082804936678
0.7697410380426131
0.6487130236081742
0.40667806575947046
0.16074812319539739
0.052966868200381295
0.06052294621489322
0.07375890705294592
0.06873035419843963
0.07798736529738776
0.085507772406706
0.08062723921768544
0.08573884684672334
0.16214224857501464
0.3383149295639229
0.5306158099303685
0.6798048539965624
0.7578132791232441
0.8023666352472952
0.8053658727997577
0.7423199476476743
0.5683057063369208
0.30624881593090736
0.11896934486091897
0.0557335829411921
0.060301523586046485
0.04144090738291299
0.03660591749378774
0.05079635832397521
0.0741039180216403
0.0798318093004951
0.1109080803511445
0.18998109339683
0.3352399002886556
0.5019340146670014
0.6544059907689624
0.7508355381254017
0.8083341826200829
0.7928965500414549
0.7112977876546797
0.5314782817432442
0.33817492998661103
0.16048642533815327
0.09189403019267331
0.08095141983748844
0.10488042384146146
0.11778449067295163
0.11846382997391536
0.11815059227734054
0.18889837898761813
0.31926402990689473
0.4915939983472886
0.6289414184888565
0.6709937024039068
0.5723457267825518
0.3472795785639819
0.148927689160642
0.0564423641669149
0.06552072576822891
0.05944653438482608
0.05435671294278398
0.055692704215678374
0.06058200569080577
0.08073493958071881
0.08717731153305389
0.1291582171123668
0.21717071524937315
0.35771251866297976
0.49475899654500993
0.6411787123270296
0.7420133342771569
0.8421291946616705
0.8830084109375351
0.8653923374002916
0.7456793378810305
0.5691067811833816
0.30873572450215464
0.11677758435439808
0.062171898665686405
0.0839953287349173
0.08050456821536395
0.07504339528244455
0.08895829624728405
0.09465654260647884
0.136597066028874
0.24452692570273968
0.43853993383725953
0.5644231854656859
0.5759626519464464
0.42550434136716164
0.2177495954410567
0.08254820665570752
0.06230772347334669
0.07803365556505461
0.05779094841170272
0.05358094535557119
0.07112450533896197
0.0848613538832072
0.11186729569937924
0.17843410412774466
0.3037025513361476
0.452776955784727
0.5816892330768694
0.6876639458748426
0.7592643713895879
0.8035209785065709
0.8285084604571096
0.8280570977150258
0.7508411668136137
0.6040087355840782
0.3746769785008537
0.17350721181050696
0.06521276943833329
0.08084098401457965
0.08772923990207722
0.09880014520037658
0.09605320271273424
0.10379153173143865
0.16240370190188685
0.28959940133801054
0.45990036338943374
0.599813660058163
0.6395419941316085
0.5444607630974957
0.3363585241104776
0.15892918248721513
0.07543843753842477
0.08396289873689403
0.0778280767864172
0.07969720003765893
0.09812492311924238
0.10852658076227205
0.11975411296487798
0.18429773850490372
0.3243741215582783
0.4979485417330695
0.6433876817817897
0.7424646127567731
0.7835692815972419
0.7929974804634048
0.8112370374617699
0.8430803590695742
0.8450446461878971
0.7821713287733773
0.6573786490431512
0.495602770511312
0.28867932868195806
0.1484769421205962
0.0906967761057329
0.09645798431938286
0.08376141016665666
0.07647137644268756
0.07616376485511929
0.08810835215169026
0.1188650266927554
0.14554425244255947
0.21556682751765988
0.3510913571066835
0.5254680760400002
0.6740653306457114
0.761749021974649
0.7999879936873654
0.7919248886878996
0.7306666915550772
0.5786568070687002
0.32813602616481796
0.1431062640709801
0.09217841106991467
0.13446964101985437
0.12540648686068223
0.11892695474928357
0.13241055100010107
0.20813734906731166
0.36074850236997014
0.5652786752861447
0.720615311356478
0.7977798196508021
0.8138309057715224
0.8089093453878053
0.8029302462062038
0.776469934182251
0.7035371552056591
0.5427099671865538
0.28726339537795426
0.091363168071225
0.054023288825721195
0.0982179956617732
0.08594717136879723
0.06121019832083917
0.050365412057694896
0.047419004119936284
0.052915168095928215
0.05853310330790668
0.09307628682102208
0.17366476385647364
0.2806056077191035
0.4293582308595718
0.62147677652805
0.7652562473502259
0.8127907127969487
0.8411416489970522
0.8862248685829346
0.898887795539898
0.8307574039878446
0.7049163283297084
0.5156567804031029
0.309708328193436
0.1669335793973138
0.12182533575289257
0.11147522864113281
0.08818892477243957
0.08769813473536922
0.10885340957394397
0.10686600581328995
0.14746077030289312
0.2546349440901784
0.46069776747363145
0.6329793464647616
0.7458739334977567
0.8058433128776865
0.8452903558517175
0.8533900573570491
0.8120462083606679
0.720959142779284
0.5571760462955779
0.37301018727280255
0.2192620208301416
0.1470193107254929
0.1468793175072844
0.1706393904651624
0.17722663437046865
0.18912483948604927
0.2611629168880416
0.39910553953735306
0.5828152996444428
0.7198076931131758
0.8017332098378207
0.8596280121614381
0.8380506179212734
0.7384129349544175
0.5619493698075542
0.4087823500894412
0.20367949459809087
0.11084847177372327
0.09912471313203933
0.13152222211675277
0.11160673683449644
0.11267388871597614
0.1623208307465953
0.2611238250949131
0.42743229788611786
0.5805036044336047
0.7296786076484871
0.7852801964157617
0.8026418170382663
0.7850281009981427
0.7950531758706827
0.7520691526617568
0.6356964998111905
0.4772295273758657
0.3142839500717897
0.16172937376195812
0.08370634544488531
0.09189611764076683
0.11521191277603109
0.117692389187215
0.13134601673974738
0.14347776438502713
0.17847689002223605
0.30780300734699506
0.5039926817229105
0.6712474322435902
0.7650811850850783
0.7871169085106375
0.8062123653350256
0.8474491406255575
0.8743573576149515
0.8640794405084853
0.8134519023364543
0.699721707252319
0.5032336565946894
0.27224188985317777
0.1308379202152334
0.09625933277654708
0.12483164831322753
0.12842398115455456
0.12489330802900057
0.13192356582068282
0.1566182739482703
0.18725146561389752
0.2886886375684752
0.46827124654428726
0.6493653359430538
0.7442192315694294
0.7849743409897448
0.8088796566132779
0.8233787645764492
0.8205777997527597
0.7460736446667442
0.6106527350379947
0.42889884780554083
0.30702729800236767
0.2250494727008876
0.171204354630847
0.11337634553679678
0.09390159538551417
0.08899409398593161
0.12038926373164859
0.2057906460108752
0.3515476797754808
0.5390965130273891
0.6926238584759835
0.7724189585774162
0.7913370976715441
0.8072456505061677
0.8113351739334191
0.8244936439595203
0.8209886228700053
0.789807119829134
0.7164590955238421
0.5957979919458158
0.4466903548749399
0.25354046107801
0.12960117759184045
0.08623837826519815
0.10845462664938443
0.09463967558073974
0.08256811797043044
0.08521870326102676
0.08857924655622534
0.095246600473427
0.11056434796050507
0.1962641035983264
0.36659880540047346
0.5747522304214657
0.7197270708140451
0.7896332577585332
0.8163590788358707
0.8363442378694459
0.8616379861064825
0.880863654411242
0.8530861827814772
0.8114163788950022
0.7716560126483755
0.706071589754883
0.5179233525362463
0.3191598464787158
0.181823102805526
0.15588118268402024
0.14155897110432114
0.1372366773459489
0.1336045517985503
0.14714035351462934
0.14258450104945275
0.16504441814273327
0.28408480582340234
0.48871118297973476
0.6638641556950741
0.7609634204821988
0.8035870190005124
0.8319449355140303
0.8446782955457148
0.8645317559421445
0.8549728247624969
0.763174422428708
0.5841866147724695
0.3552016361554044
0.17056219391610233
0.08137087424707859
0.08609922687836138
0.09827376423897664
0.10827655810083717
0.1178659107832685
0.11316030524833744
0.12509457447610883
0.21038399612044506
0.3652847629011633
0.5441387778085938
0.6703435208320958
0.7746937903041038
0.8148088937070671
0.821708763448437
0.7664065210019169
0.685670236743309
0.5198917334467751
0.34408580539695427
0.1978458093201062
0.11579686626967106
0.07757822183911552
0.08075397021596706
0.08307137392446097
0.0880276503890488
0.15046479789068867
0.25201940727724376
0.41295301216054936
0.5757689496211524
0.7062284316214928
0.7450299848650788
0.7123480706778307
0.6053996862915805
0.4483638445345264
0.3065651131322484
0.1903771802452744
0.13048096140444784
0.11367121952800716
0.12530035971049502
0.12265930393327432
0.13383183431026574
0.14952113701231973
0.19949855251254503
0.2781559996479115
0.4115184845184898
0.5425794142397871
0.6361945010969006
0.6679152982483283
0.6415737527530934
0.5521916132234987
0.43826061009468853
0.24143875557347977
0.0969026704544355
0.05394444560852168
0.1015227413384899
0.09528103580502714
0.08919527204944666
0.09841974136163605
0.09310186517163563
0.12994075025017648
0.20301445285428196
0.31368800065889524
0.4423380552583332
0.5715922189881347
0.6684273218745626
0.7150928846785544
0.7451575096903142
0.7446271027550174
0.6864830470318217
0.5660309428963313
0.3472787721212743
0.14935797924292282
0.054439405529134496
0.07855135812642457
0.09511089944694898
0.09492965870800776
0.08148247455469208
0.08753830453503594
0.14717459461261653
0.2558454456641355
0.40953599239144034
0.5924453376090144
0.7118806018311501
0.734314627180912
0.6871537781291741
0.5899665805120073
0.42915148035883444
0.21416505396737115
0.07320991397145545
0.04741986314406267
0.09089666987420542
0.09452103092840987
0.09745755194796665
0.11156998380496168
0.10708680148085249
0.11959007717972489
0.1542193220835363
0.2323704828955352
0.37365157519188363
0.5509720162441445
0.6979098202207148
0.7553208277658062
0.7585069044659739
0.7384171046233864
0.720208184307894
0.6432531765362935
0.4763367244349054
0.27420563950662413
0.11937058100783303
0.05095916946788824
0.04458694911444576
0.05841437090428814
0.06484496973702787
0.06411623046563505
0.07304307147103761
0.11072308075930212
0.22017115966137574
0.36842639082723444
0.5364124870520213
0.6481745553219191
0.6714421990842689
0.5536072770293802
0.35612475263111487
0.15184295041002388
0.052654713017772435
0.04531186588168698
0.06311805227733162
0.05502449961593554
0.04317471017792093
0.041000267676931546
0.04467191971159368
0.06025380688997488
0.09642231646124366
0.204762010981755
0.35313709500834645
0.49019243000125007
0.5962316320073573
0.6684584571234553
0.7241314588228411
0.7334052499372552
0.6692199930354974
0.512696136584375
0.2952177396525473
0.12773902152214253
0.061798179076034715
0.08482181731097227
0.08506001044416493
0.07956354468939494
0.07599428707029593
0.0688973169569485
0.07603984281081458
0.13010586005043445
0.23560135455705375
0.39093806231852096
0.5482500524851173
0.6386995901458455
0.642049746366989
0.5613444954416796
0.40085174273893637
0.1874138190185085
0.07073334038724785
0.0588598445079286
0.08851435505400428
0.09144532730642084
0.09113836674400393
0.08779462557183626
0.06883606312829291
0.09714974860795073
0.18148336653640992
0.3160805655701297
0.4855930103102289
0.6374196508992713
0.7246015044736465
0.7150074542249611
0.6264944725735447
0.4665336900080509
0.25579379105686806
0.11196359288471969
0.06255759465080213
0.09000757901406936
0.09292180018024623
0.08888660770168369
0.08895826084735661
0.11429573487128056
0.1776499502779004
0.2771175656842437
0.40419890736194464
0.5260886901530952
0.6192528471373913
0.6279133186830277
0.5441820011234584
0.36758972074657875
0.1710208047636305
0.06836497422246768
0.06442496173334736
0.08693314407742692
0.08899581148748006
0.09096880806683096
0.08508626684155311
0.08649509559495866
0.15080091082224972
0.25603682493843455
0.40682977459114655
0.5411251793044616
0.6281785979113375
0.6234589239733097
0.5397649049278563
0.38405963081789224
0.21331836424797368
0.10995918541386719
0.07070750613781168
0.07901730211323987
0.0785855646536708
0.10532538566828613
0.17321443480377174
0.30346096288825675
0.4298226503944933
0.5277553681123762
0.5547892550105231
0.4969957022356726
0.3404866137813042
0.17926545751587308
0.0886774085918195
0.08163227352256697
0.09075932278998528
0.08147089430009564
0.07421902677357306
0.09162779507047293
0.17527500889922842
0.306347194390415
0.4415181531993978
0.5617392772524694
0.643848070652673
0.6955285938821343
0.6940989154046722
0.6577094650581394
0.5482929709131786
0.4119987152602087
0.2721464715081969
0.1623058280343055
0.09723101360016438
0.07815641243216276
0.07200094048623124
0.05324053950264268
0.0494076888420836
0.060139363974514255
0.07313115288820994
0.07072650353283057
0.07682395498436413
0.1086180346916227
0.19153412609408524
0.3070716250666239
0.43587741893478793
0.5506192251645037
0.644310503652092
0.7057680356446987
0.7113580791198283
0.620443202724829
0.4330302533798137
0.23869274104135701
0.10944774863246828
0.06143511239086055
0.05902675368392865
0.06226456445167141
0.06203293606722788
0.07413912899436424
0.11485078305106469
0.21270237474385484
0.3660812810680803
0.53657109726298
0.632683643678918
0.5997423761779086
0.41718421275706125
0.20259835003520835
0.0699953618870344
0.054745852340702464
0.08878867338485072
0.11048622694998124
0.10549777550034362
0.10080681175989227
0.11381283439556135
0.17482496813627474
0.2898473041971168
0.41411371344431114
0.4624652394310038
0.42765463401155174
0.30617619737783625
0.1665907707911879
0.08061454648597255
0.07069444296771579
0.0730372113907761
0.07144696985060833
0.07301175334562848
0.07657231822267971
0.07520636914930283
0.10676862475353688
0.19119397209883854
0.3134572287868599
0.43618833289137104
0.5395201938986032
0.6145188834011341
0.6116992982939211
0.514720571215536
0.3260349983935523
0.16192135964259308
0.08198170943628824
0.07836590745004474
0.08070194152850457
0.08196035754117562
0.08545937901593875
0.08594205138731482
0.11217355815752897
0.1884611619347962
0.3290514273091285
0.5026863283911469
0.6657364869093413
0.7181074599345993
0.7567472728938593
0.7930988048395959
0.8409477270420189
0.8183180099910208
0.7696093590923887
0.6390010397875553
0.4512593104534667
0.26250780909663757
0.131364061511798
0.0738754154209003
0.061779761351198115
0.07130531681569637
0.10099812903161978
0.14418188675024773
0.1491968969664411
0.13505744388070784
0.14732056914818106
0.2243555314088803
0.3611763471607652
0.5270103168221253
0.6425912167082521
0.7146481321450786
0.7466730085829962
0.739624900427897
0.6341911130945713
0.4901767380272609
0.29890587954787495
0.16479901997590146
0.11474805871804088
0.12342049465868152
0.11830651655988383
0.10620661195546817
0.10709889392085373
0.08430880440438578
0.09185777499915539
0.16452930804348997
0.3050869534548058
0.45802778793306886
0.5732257016627255
0.6634261106139805
0.7221078176067913
0.7710545477812101
0.7779424021778134
0.7782021492110314
0.733779856216013
0.6124697842705001
0.447994717248974
0.29887359712946265
0.16990856241791885
0.0921099184635925
0.07951743920529748
0.10198508834396021
0.08967414920408871
0.08351196638322766
0.07081037181271498
0.09204338032737969
0.1540063149057354
0.28551901246748546
0.4559076839088486
0.5890796176958912
0.6589054265874841
0.6535398165697694
0.5715810839567913
0.42056403032995415
0.2129431210301657
0.09277540331968823
0.06738079493026716
0.11849052977380192
0.11560126452380481
0.11678445482322199
0.11293093664304017
0.10628797627246389
0.12102474983022285
0.21672171889991268
0.3740349534443833
0.5406147545994855
0.6587430220793448
0.7139696554351651
0.7106576375058055
0.666946063055921
0.5646633068956436
0.40749591917459566
0.24769511368242228
0.14913181820664642
0.13282595245340556
0.1372458573641221
0.12502149115806604
0.10984633172788043
0.10222424287763153
0.10036192838862616
0.11892514391732335
0.21533371572949833
0.3493313771151195
0.5099345063161242
0.6432612433529649
0.7230388778549843
0.7366834566159113
0.7335874648877753
0.7173775825220855
0.6434015865257942
0.5094148082852461
0.3465715521003057
0.20811630880884177
0.12594667397341183
0.09658174144783457
0.08493289655788748
0.07102943300873166
0.09658765968241335
0.18628970906394887
0.32395388639641776
0.4664611922083622
0.5993671596766559
0.6565071279461192
0.6335890193057107
0.5450063080953811
0.3981251347937706
0.20459027374093117
0.07619810399222031
0.0528447976551597
0.07511628641556986
0.09213498784240828
0.10879584651470565
0.16388060740207483
0.2606692859775501
0.39240426733124867
0.49870550294423804
0.5420821017257449
0.49521049310713305
0.3680910898545646
0.20428885793695387
0.08931843523211055
0.06913028491751294
0.08085856858460894
0.07825805882722585
0.06653347702531023
0.07820419757893317
0.15804058494289586
0.3149368815435682
0.5171348593113604
0.6673374505100772
0.7409111320868984
0.7526355130756842
0.7703235041210427
0.7724780557233931
0.7276356699483311
0.6237660497739901
0.47168545504290105
0.2940087066635342
0.1642834853302681
0.13209239931455247
0.1450056970443567
0.14751160681943853
0.12298109740218105
0.10191397023830817
0.09842087667088531
0.10205662053920617
0.10613079028211694
0.11003759314546346
0.15864133097014926
0.2674151909662925
0.4234102633986875
0.5633503189347799
0.680278862916791
0.753726027560816
0.7913578704284623
0.7667107063630677
0.6662450877258987
0.5038307104837895
0.3173377717056826
0.1551434428608426
0.06624169025164625
0.062334818057522806
0.07758961572800283
0.07969129719795201
0.1177448634123171
0.24567669957558222
0.4451848084100134
0.63668568057645
0.729037709503439
0.7815684063495838
0.8305079296872301
0.8644542721959982
0.8590386503232977
0.7922454591122546
0.6452612880093017
0.4384175778650574
0.2513323968490646
0.13434371903963963
0.07552572282441433
0.08462826915340163
0.10260682773503607
0.11022498513506399
0.08879412395328223
0.08127145334255605
0.09053943306309363
0.1048679510035999
0.11742176572032856
0.1223952596114334
0.15800405152389654
0.23711122957822595
0.3565137125435482
0.48320183105030423
0.614610894114801
0.726150760630582
0.7792356884298348
0.7449096410721382
0.6182286272068569
0.4600274875062457
0.2954719923883878
0.18425190791203955
0.13570176313656002
0.12846066618285334
0.1157144655314906
0.09432795841086697
0.1278978039764117
0.22484107113934934
0.40765081102967127
0.580717053427511
0.6906766906310767
0.7572917425004587
0.8273714366930756
0.8646277409548832
0.834998265101957
0.7646796416855417
0.6376149131913185
0.4626632017448935
0.2867832059233322
0.15198733070773995
0.08819966001466623
0.06802713711771387
0.07262611058932703
0.07349614943561204
0.07760818912165812
0.0698921912485465
0.07985671981639626
0.14250791254140294
0.23645026951706635
0.34935403319195046
0.45788632828095077
0.5556987614709107
0.6125192531630465
0.6104195641215495
0.5377573953471496
0.381220523676975
0.21865739034351844
0.1063843971220426
0.07310557057512071
0.06265994314189004
0.06444141161800579
0.07031764027537718
0.1136168646474614
0.18160246246482972
0.27502465184397756
0.4037203762222829
0.5736946819081445
0.6775070894300391
0.734766977894256
0.7881567810848911
0.8576547561610517
0.8682035471004914
0.8437859259615108
0.7960189005135423
0.7405966567408881
0.6734950232749511
0.5987168119664308
0.5056038748039482
0.398344205319701
0.23999892582851032
0.10624730103128172
0.05601289617027645
0.08519011141614029
0.09555507158213405
0.09954683496090197
0.10008373561801051
0.1084914525799038
0.10703520331850486
0.13720700547946924
0.2129947458178335
0.3318209272763765
0.4435530596927939
0.5053730281591673
0.48130852877143715
0.38252121659474625
0.23777111448709026
0.13051125079912346
0.07491112365192286
0.06583965706568483
0.05774188122424259
0.07675636490608283
0.1434900600853982
0.2544221739082834
0.40110803969005876
0.5613003325112201
0.6764340738571571
0.7666336370740706
0.8125406326334736
0.8232257964671242
0.7194037394881612
0.5648254228964318
0.3857770316724204
0.22250771249345647
0.12110461546440304
0.11022112482907034
0.13666519324696116
0.11233174203764504
0.07855872733882521
0.06442086059598882
0.0640197384831992
0.05984084714686333
0.07440622498862273
0.1428644602223835
0.2438715979616653
0.35275259922861635
0.4419010727805508
0.5330196165086577
0.5970844445836716
0.5872922731821518
0.4938433033533751
0.3518609574679543
0.21665788619066678
0.11890345872185618
0.07910048104036643
0.07711963308408522
0.08645295063664296
0.07766212407686664
0.08749915907488132
0.11613180543937128
0.21009941103444235
0.35174192118204833
0.5305530091903702
0.6593788103305571
0.7037706912507625
0.6662062654708645
0.5557616739285987
0.4062693869258077
0.23937596493787325
0.11903008319047387
0.056091992635221424
0.05488126988450624
0.08285909615759937
0.12707491268404972
0.2026972276802824
0.30598690505184006
0.4210774981415932
0.5036164985522149
0.521805354322812
0.46086148958201634
0.34505888217184055
0.25272314258697487
0.19454692219845415
0.16130492044655184
0.13591961384130685
0.13443746643048055
0.15387679815817026
0.21062036485234278
0.316096036577636
0.43650050166752924
0.526092782860872
0.5132549582768737
0.4306576203931913
0.28468445854826524
0.1694635653912731
0.08824912257124079
0.0740054504849216
0.08502130758991258
0.09022429064106671
0.07814927951395767
0.0798451393477014
0.1497425590494126
0.2686899694288828
0.4058878643278375
0.521919856443486
0.6069528415023544
0.610188066610864
0.5130894114636115
0.3647857347607104
0.21189373520809707
0.10119378259830702
0.05326900275039474
0.0690657139472607
0.08037568718234478
0.08507662829869916
0.0628228352626413
0.07328363831079565
0.1722818794758229
0.3423816242857242
0.5052134715640741
0.6544957119595834
