0.0
0.11029411764705829
0.08333333333333291
0.2849999999999988
0.3749999999999981
0.259615384615383
0.49342105263157715
0.3749999999999973
0.4107142857142845
0.49342105263157715
0.5955882352941152
0.4934210526315747
0.5416666666666645
0.7249999999999965
0.6562499999999971
0.4499999999999985
0.5955882352941152
0.3749999999999973
0.4499999999999985
0.49342105263157715
0.5955882352941152
0.44999999999999635
0.7249999999999965
0.3749999999999973
0.5416666666666672
0.49342105263157715
0.6562499999999937
0.5416666666666619
0.49342105263157715
0.7249999999999965
0.8035714285714288
0.49342105263157715
0.44999999999999635
0.5416666666666619
0.6562500000000004
0.49342105263157715
0.6562499999999937
0.5416666666666672
0.6562499999999937
0.44999999999999635
0.49342105263157715
0.6562500000000004
0.28499999999999676
0.49342105263157715
0.6562499999999937
0.5955882352941211
0.3749999999999973
0.45000000000000073
0.4499999999999919
0.3125000000000009
0.3749999999999973
0.49342105263157715
0.6562500000000004
0.5955882352941091
0.49342105263157715
0.5955882352941211
0.49342105263157715
0.5416666666666619
0.49342105263157715
0.5955882352941091
0.6562500000000004
0.5955882352941091
0.7249999999999965
0.8035714285714378
0.7249999999999965
0.34239130434781867
0.8035714285714378
0.8035714285714199
0.6562500000000004
0.49342105263157715
0.4499999999999919
0.4107142857142885
0.5955882352941091
0.5955882352941211
0.49342105263157715
0.6562499999999868
0.8035714285714378
0.5955882352941091
0.41071428571428054
0.5955882352941211
0.3423913043478253
0.5955882352941091
0.49342105263157715
0.49342105263157715
0.4107142857142885
0.6562499999999868
0.49342105263157715
0.6562500000000004
0.8035714285714199
1.0
0.6562500000000004
