-2.058225390326176
-1.0524712645369048
-0.1713826302028099
0.20439363336822508
-0.03022793137625655
-0.3526214653927285
-0.059120937621877104
-0.22358494509616916
0.011082880154265064
-0.3375010954145386
-0.04758190096549424
-0.284255798422326
0.10599586258140062
-0.32730862037134273
-0.6163050012190664
-0.6115852259152145
-0.20077312590542024
0.010968673729547797
-0.11237002725277281
0.036679307733853424
-0.002857550674857379
-0.016353860504103538
-0.035056786992817564
0.038773908372609085
-0.2853741877426997
-0.30023982394506327
0.0369339185786477
0.28953361438025743
0.19407933973837116
0.11380259208270758
-0.08721716464211968
-0.3562970106254404
-2.415161033524797
-5.156878699804907
-5.828294420007312
-4.585667349037638
-5.476675069271482
-6.976234254315065
-7.570488125103976
-5.963903037012576
-2.0336129794593996
0.7026736719901561
0.2838279136832066
-1.2906800146783133
-0.857655127015958
-0.7591054219013309
-0.38249673756638675
0.4688833008714069
0.6055271767304083
-0.011588777561290273
0.16443694267008374
1.5197744276110627
2.951644765249522
3.9928425163186203
4.606766235704088
4.898861948994551
5.350618950452338
5.5500503096800236
7.476242179608953
7.224400266124534
5.087486052192298
1.5513514004958895
1.2616781184060866
0.5950928870344606
-0.06515613559607772
-0.4484687879380472
0.08660698883781656
0.23235878761180245
-0.13182375109891714
-0.5379191108703215
-0.7835868065832813
-0.6364052237601325
-0.4536156103560174
-0.32623016717685643
-0.2941837310996231
0.8634793971327208
0.39224253634154854
-3.2391202757860387
-7.059223944459856
-8.077497272749975
-11.911375301090883
-12.026339327425406
-6.410638567817817
0.0601393469513772
0.1482429999338533
-0.5689266624078028
-0.954982492335127
-0.902301644281608
-0.17947636806105097
0.9179080966023533
0.09126898804692052
-0.9918164265857162
0.9603754863374678
3.5343311063021114
3.6137988633904836
4.59794005186549
7.518115073905176
10.382186363052742
9.232326308406934
7.348448761976062
3.177512151409716
1.2330565138679805
1.1920866617245003
1.3633745509392585
0.6033232042277769
-0.02828907696578814
0.21848001242551118
0.006753311403948661
-0.2238208578562503
-0.5067330637636774
-0.8523701610803299
-1.1136271514579206
-3.594946593861405
-8.558429038880396
-17.067554840162334
-15.156916905821545
-7.371016350686523
0.2865366957459159
-0.18147218750374625
-0.2791560909875289
0.12213942210485983
1.2655420652930962
0.9228976753606012
-0.5920430362603772
-1.228145802101402
1.845879993464505
4.846559610308972
6.551454637784084
6.278517188535439
4.866118550352442
5.609564980004586
7.1777800084379875
6.451702754466565
4.349057737403561
1.1160308635456002
0.1494842059899942
-0.4478871808713863
1.008447689206139
-0.10605999562043371
0.7569749835504074
1.7852710229753253
1.5513695295515795
-0.17626876560268132
-0.8715193889593351
-0.3099517493090642
0.13116748665061104
-1.2944910468364415
-2.2020984183603933
-1.6906729864132635
-0.4767958453811722
-0.8747544517935055
-2.202436160209348
-3.4425231941375283
-4.701695849064254
-5.337831808000283
-5.588729075909016
-5.265510531483144
-5.197719511176615
-6.824805860235754
-4.108063792073339
-2.566912948637884
-0.5566083492977162
-1.307612377153874
0.8845311807441256
0.21965838367754892
0.0361251481458867
0.7289291974158866
2.7949128443108426
5.388920081353132
8.105837269908054
10.151758990662318
9.423353211617217
6.430415870896407
2.8424652095261984
0.3970762864773461
0.2835927221086233
0.3078939916858403
0.2714232422432837
-1.1405584298708966
-3.8589377245299477
-9.137711901510182
-16.296068217574785
-13.911484307140748
-6.046746233191097
0.2915895651140809
-1.1589713220078408
-0.5698975674680139
0.49027564008220303
0.649358511055045
0.4046420802308769
0.1391086966495572
0.22585331572468098
0.3048167328463122
2.650437419509852
5.878879069692403
8.509559513842223
11.835985769297102
11.272023297737443
5.554448418347082
0.8832717540125388
3.236202981622332
4.687561465597469
0.3437034893794001
-2.191690050343892
-2.5688765033768584
-5.3917900285866915
-16.12003234203236
-18.980781297906688
-10.239911929551361
0.08808032481190835
0.589919344376251
-0.9081668042870369
-0.031858720369681945
0.24046249978667933
-0.6896125366169987
-0.18177623031072407
1.2328839332708432
1.3678307190584706
1.9912697422779726
4.95247366498398
8.53731801557987
12.918985780865931
11.986636012306462
6.734144092614002
0.7186805846430592
-0.24613472980802387
-0.7080217645020984
-5.018023877168947
-11.609180949763228
-16.40682011732828
-10.79419190951218
-4.217264505636699
-0.8249607623812366
-1.0611126916704738
0.0495623572416885
0.5200294467977546
0.7490585580363708
0.3565279128561293
0.6900245168111626
1.6216554177305988
3.8260488602676177
4.299049008123781
6.496697413688493
7.562038464364051
8.110049346877469
6.68880595879431
4.563841071782743
2.4250000723032046
0.851228283819024
1.3402934369331423
0.0962255304744656
-3.1322288366259943
-8.773716153004317
-14.98441642919698
-14.280667008444084
-6.051457424827451
0.4917456948210625
0.7055107033313068
-0.061254550591940064
1.0826568967811325
0.1506310715668582
2.8482850288985504
6.885699036638999
13.338391137684592
11.261878643301255
7.217415116922926
3.1978293891406055
3.5585638852632364
1.8438810711106535
0.42117114961372976
-2.1256347052942823
-6.418761577336516
-10.543160894592111
-17.238175366798682
-13.380733578803447
-5.462991107177116
1.788728670660978
-1.4496786021925532
-1.1097701081712874
-0.5358940065721278
0.46728396279582884
1.2725444161898365
1.3286158029148631
-0.19819651775948757
0.5354249273175815
4.019890269743788
8.978475350110292
10.439205501392543
9.894957992581562
7.018676625915415
3.146617972275496
1.1169938308663174
-0.5856497400665738
-3.6592501782348315
-11.292910054625388
-15.744141873838824
-11.099679138335349
-3.104821027183049
0.6479590627374818
-1.294057632245099
-1.5962452700669802
-0.967281719107325
0.7347649541843915
1.024980251434628
0.5595461126508618
2.0065572283660056
4.469367082193705
7.42585912763228
9.398194252417092
8.291436751403042
5.391069882601264
3.048389173908614
2.2146410831748367
-1.6459254819846127
-7.714493244005223
-14.342298254866447
-12.536621664198282
-5.044378486421107
0.5808912237282222
-0.16045558469146684
-0.7255586953455703
-0.7371867823601045
-0.21440423879158585
0.1919483465528679
0.5433364654713441
1.9770250612707074
4.527902205830159
7.512572633621521
9.070377012674651
9.02378151151526
6.9945446904135
3.0771109000178543
-3.266837780958512
-11.662789889761754
-14.947201855832521
-9.60719192231371
-2.4454293472469124
0.46778183029192855
0.156621034221011
0.1739490353700502
0.28232345435929995
-0.2579371789392183
1.7581948560885827
5.191550965758362
9.017948602532181
9.679159005540761
9.006333530572704
6.039850578928007
2.1294577634420917
-0.5991827910129887
-3.909213738838098
-9.647783981136
-15.218681521636618
-10.91163812228336
-3.21371742283874
0.9928927748749731
-0.6067343913118858
-0.39964600429289987
0.41071767623504235
0.20900331129661712
1.824329126791791
6.124675683563043
10.555570499316746
11.282641170705931
8.314881731913815
5.256298342240612
2.8994942432411763
0.9456625269470098
-3.453985671349319
-6.356088809124716
-13.47062981665416
-15.523468831877235
-8.64668286356921
0.8771186668119516
1.6671450515116049
-0.998262087645254
-1.1566291916563145
-0.9108520651060189
-0.608265386644029
0.8651956866238895
3.9643598440496306
8.335927479110179
10.275076435180589
10.709570702046328
8.343982269862545
3.8518490901833795
-1.874173567783013
-7.690836883340141
-15.648828958497749
-14.510222941810115
-6.499214668474484
0.7172092490943324
0.3620655793779132
0.08801213016963437
-0.5024915170919492
1.0215366258929732
4.4463872874949795
8.7315828620505
10.44589277310387
9.681339613401528
5.960581099338925
-0.37363578229603034
-7.1829881160043065
-15.762372067855607
-12.576189408719328
-4.767952888458092
1.978515788029197
0.09234068982756866
0.27154668496219125
0.19954388411032853
2.697108154752048
6.906390696022441
10.575012974186963
10.319475197037185
7.5338642753485985
4.295185634708527
0.9055725883634868
-1.9088325483620074
-6.892138008977085
-14.12022098030775
-15.20225999315622
-7.038323357741096
0.3133643500743527
0.5371724630339741
-0.656319670350657
0.09905500217441694
0.3075489781348303
0.7220824214542679
0.3751592810477971
2.0236463557245155
7.866472412622282
13.195853579642288
12.820388422244552
6.471460566557455
1.9966310093283561
1.556730137639396
1.414245008713347
-1.6475548230908745
-7.6028750017138735
-16.059111454145874
-16.24740954921668
-8.192279184389
-0.5495459715195412
-0.43281625235327986
-0.00304012815938921
0.6235587262052056
0.39715721027532624
1.7059837243397418
4.273633192178168
8.785625513628498
11.516067613122406
10.542677805052246
7.17565809660715
2.0459968143478595
-3.564447584913459
-12.200994880352946
-16.817490446590924
-11.764943527374925
-2.4648469912102535
1.2568203508463944
-0.5916172977630569
-0.3696322992269197
-0.3179405962912828
0.770886458993561
1.0692973254951446
0.8004773366648528
3.065538159165424
9.867116664627984
14.489201856546565
11.873108612830196
4.369151077091238
1.360588901295724
2.1190458298625323
2.6618416536202076
0.720159165517196
0.7422197953429537
-1.8256041807061039
-6.354664196881877
-12.45110483002356
-17.003564619036432
-11.077550858994481
-2.208546707928207
2.0103114332342265
-1.1747681353507164
-0.5624438991922374
0.38209327461834713
0.16881319817036544
2.1074760191685553
2.9763344948803954
6.445829144251395
9.805342328625654
13.75971523849704
7.770794263481304
2.856746443343985
1.0342390092960292
1.7189617408759394
-2.0425072065978083
-7.233214123634437
-13.711114596534335
-16.96968051498725
-10.475606360032156
-2.9294470579877467
0.22733126646374413
-0.7896565478249226
0.2348947960010931
1.1016340288492878
2.474052609156131
4.701447330382316
9.335141960599643
13.142951441088165
11.434101816700494
4.856618573620748
1.5817355907799169
3.6472308154741837
1.9972895343255084
-2.0504855714711034
-5.785993938080991
-9.265636925821942
-17.0042261290304
-13.616298896070802
-4.75835418873237
2.130412395986249
0.16653965339503282
0.6606903132097766
0.27586963633611866
2.623375297050047
8.124092701767614
12.601922824537844
10.79269833657398
4.969209308531549
3.501519658933178
1.6038068221506443
-1.7530852452258843
-8.251531646526383
-12.379077515644852
-14.572664417354753
-8.116892956700177
-1.685869905536527
0.7712679202287296
-0.6839132631934359
0.29728566659133243
1.6044798661559516
0.009074831284625844
2.221490163425471
6.6629704878562475
12.517571837933856
11.403944510941704
6.74463881290698
2.5657145084249824
1.8555391798813323
3.654680200860202
0.44809285560603923
-2.827293535610188
-8.358830200077653
-9.383148803493446
-14.81151115540558
-9.033642842148991
-3.389169781600085
2.1673216459327733
-0.28822095046575735
0.11563006596670347
0.8811097870780958
4.563268708156872
10.950861681277598
12.772275053097811
8.186742021016501
0.38275810050082054
-3.996244067375537
-12.74896991297715
-15.346159621314078
-9.562567173048953
0.2548199992438764
0.8975095772455912
-0.24295852927380887
0.10354738086432647
0.39157712779056575
1.089888610881204
-0.10536213528316132
0.7856967912003001
4.751919396819968
9.772346161396477
10.66179522679142
8.804378659272642
5.494371872971444
1.3898782738812197
0.42912891340237674
1.3254319395186405
1.9888022577761586
0.40659702158924094
-2.4492305166572255
-7.265219434749436
-13.213007030657158
-15.125573818086647
-7.993709286924056
-0.7928148033830162
1.758823782998647
0.24855466794167544
0.620062352025428
-0.2730824888020045
1.3507464225482515
5.918279822034133
11.12066165359213
12.032836163833318
7.693327731700007
3.004665424645798
1.413856203454243
0.33508739021353445
-2.7501972661210847
-8.359608020633129
-16.242674261501147
-14.625791833968359
-5.4835282307409425
1.4180225649035019
-0.14908690210872608
-0.8451957050576264
0.3721771605057244
0.007153270146472634
0.658861726254761
6.5791957755621056
11.196277149661753
12.463723854593251
7.873369139603797
4.703530598853941
1.010822674044267
0.5302241769819063
0.5138816372723535
-1.4242048678728516
-5.894334550916309
-13.588770304581548
-15.145689163283022
-7.934563073764651
-0.5465333666629235
1.1049488342976053
-0.5628004636999554
0.8768673808583798
1.357324593066992
4.205583316870139
6.4875784572426065
10.711196222550987
10.617471665378545
7.004259624124079
2.2412975838708467
-1.3298122873576723
-5.923911148853971
-13.352426521809326
-13.912900906702394
-8.2251883816806
-0.3537393884067337
0.882870880360007
0.9217052180067206
-0.09245508737443826
-0.5058090444801882
0.07211893160022079
5.286983975689604
9.047072530659602
11.326804980305969
8.886555707483295
5.242187032539716
1.2097768680691476
0.054937882749034925
-1.8983711912871661
-5.162151788063945
-12.800164694362302
-15.087256368995133
-8.835545419081338
-0.17176236740118067
0.26941441185312087
-0.8912021199949358
0.30723476337421673
1.005173257430848
1.267212961593767
3.1771466380775806
7.344103615101321
10.778803450198359
10.337433996798328
6.683240073373511
3.561760357468165
3.4456180399486485
1.8980052753329402
-1.4635391595565428
-6.5349883581045605
-8.929906221642398
-14.779923965810651
-12.176434290979598
-5.5217335167373305
1.6558031989531803
0.3388607542619474
0.09215751230168763
1.4107743447853844
1.336786129062621
4.721775541698825
10.917371887286265
12.120974589588336
4.205367918545517
-5.341919664143088
-12.825303331205475
-12.981733987849355
-6.894074757902112
0.5527531211615618
1.2052596772159199
0.7411918048412801
-0.7101936433298408
0.9173779971191656
6.398133301252001
10.144491682209008
9.566640224797254
5.673357322402999
3.4690151157744338
-1.3300498572236834
-5.292187757745296
-8.292665025009072
-9.303684265566575
-8.280152908282387
-3.144079289977606
0.29400341032890226
0.4199403952608949
-0.6088327918562575
0.2530340882453413
0.24936831864366857
0.9037320245376018
3.278731867488005
8.843165060320494
11.694245977935546
9.326003251439579
4.495665058214507
4.197055294230216
2.138950497384133
-0.3742091191553257
-3.5620345470634867
-7.261680866065972
-14.522097470923049
-14.75579655384365
-6.466875299701333
0.4533646808706931
0.7941576502831226
-0.3017131712703946
0.5554206659368598
0.45122442655912015
-0.2928319913412188
0.30669645774229115
4.58420410369725
10.570360859335096
11.538052821986163
8.951342643972145
4.68050550760067
2.6732013674432173
0.17995425314773822
-3.782755509125219
-10.44085447864469
-15.723413424360023
-11.236768264199942
-3.794145715183423
0.2740764386912787
-1.1316369721879533
-0.29009939334753154
0.8514264498112056
1.3984535818599855
0.34367347673127085
1.8645762630390694
4.744380782740895
8.71552841351003
10.00164686270025
9.148318566118183
5.785772841386068
3.4499186696807023
-0.9262579547177368
-4.895925743206269
-10.789170354686743
-11.598201105397413
-10.661310278908072
-4.115543708728593
-0.6565566213111297
1.4357402402383097
0.7742440098894544
0.040760358057821605
-0.018794261794490244
4.244867202616445
7.82193905515704
10.33979810642312
8.240845208493665
2.523137034903157
-5.918878537281004
-13.503968893114962
-11.901113364199801
-5.549119499623942
0.5447016960788137
-0.3644514830041905
-0.3053892865225111
0.08015947637366833
0.29335808850762907
1.2091760333948514
0.38654231714008525
2.518854334758918
5.280749888220118
8.432508204815978
8.222788672922277
8.785182946920743
6.05007731700798
6.006951623070517
2.452752976552019
-1.0569644122345563
-7.182779971156079
-10.594353401858402
-15.622263400874509
-11.517488408864821
-3.276341141322887
1.3094058041537886
-0.20944563117321316
-0.32767037597514737
0.8348940578903281
0.3418947815517068
2.516431405343585
6.4757915804323085
11.640780488070613
7.552995097706013
0.6923679888455914
-9.027498634757595
-12.465284755565676
-8.112083327121413
-1.214428990941589
0.9435559255025286
-1.2145624292010526
-0.2526001833679064
1.0526135990033947
0.8242109126546727
1.6203565089704144
3.9940085057017263
7.516106832504604
8.944464266914318
7.734736637528983
6.358482767878076
4.296025530884964
2.655396427018847
1.4992489170324061
-0.027081764525026294
-4.632955854084989
-8.80994587377169
-13.759905424994253
-12.070186001420202
-6.497666542330097
0.9376928745748347
0.41329535324983374
0.6642543178979996
-0.16481654925853254
0.4642997411222913
3.5167302102267173
7.631741966167855
10.218057723084884
8.394797800124229
2.383700044406615
-5.704873862047093
-12.486134339220463
-10.645760497396354
-5.009444696927172
0.5114676719081297
-0.3680893170286302
0.11214739507449775
1.10566338489507
0.6240994585817489
0.6736519321563941
3.872617532401352
8.404582983202955
10.414465210486954
8.726348402923708
5.944615858498707
2.4662801304282693
0.5656919319697437
1.0943734199019683
1.9105992964681655
0.11785722709936577
-3.7723990448714053
-7.487560783813188
-9.706552711910906
-12.41540650976062
-8.412143193682189
-3.4668099608916254
0.3456724928190174
-0.7617944491635347
-0.43740202343817053
-0.018456695254095348
0.7166752377942989
1.8454004724638162
1.6007535449883359
4.201354504505815
8.131471775341012
10.462603135999599
8.915835276342227
5.261021479736556
2.2943383027628697
-0.48378629996797734
-3.6754918279691564
-9.120593069183144
-15.031246854232183
-11.101785725630902
-3.0556711800637735
2.537473796996526
-0.5437892495503012
-0.38877192668394195
0.8090157750490101
4.543607884032409
9.15666919816003
12.271810374969865
9.320198164220528
4.629870497659215
0.9630651672432703
-0.29529362302300827
-0.35874595089611366
-1.5876187214370905
-4.375966738595762
-9.649631281145833
-15.326794308516847
-11.754013638403169
-2.240392754730356
2.651682410162988
-0.7362494575785211
-1.4842183828775681
-0.650687175788624
-0.17678447626552676
0.3297698385594995
0.33707611271872717
2.072591010786821
4.835308622127369
6.416450631757471
8.925157388428607
11.527112740108118
8.626768249331045
2.852067926803226
1.7010561720063089
2.7049931751528065
0.7597756174177639
-4.087823493123434
-7.550464539487796
-11.355572875596975
-12.3569071325794
-8.56648492776782
-2.7064946186651384
-0.6210064267056212
-1.3971782321215247
-0.02944740222422277
1.269316490314422
-0.11924422563924825
2.435685869376069
6.430450427237482
12.363769403006568
10.336894739467295
6.7736752219800875
3.5981627627956123
2.366822578441995
0.48598209031987
-2.480630939783014
-5.465223934882762
-9.82698578902292
-11.049951541365973
-9.224889986560182
-4.334562606278706
-0.008399593092511181
1.4256043774726104
0.39523463431839684
0.7138923069348019
4.322284644119786
8.276557358957394
11.02258560642601
8.21954360812445
4.915531003478972
3.473688139416503
-1.294643654409955
-5.978260978011696
-10.587813908812402
-9.190021183085342
-12.30617132948172
-5.569861369462373
-0.7034255185010766
1.9438505390825027
-1.1949291169354475
0.06402911288878546
2.9788165218366847
5.928179660899405
9.978508367472852
9.184278392849734
8.950500192891546
3.3360953260366664
1.0416972373503335
-1.0568229624074779
0.6015044923523064
-2.5790413925357014
-6.982359171034375
-9.508018346120027
-9.776734638243031
-9.153274578590416
-4.681381699024635
0.4913863317528142
1.398947708115935
0.1488285846710434
0.8192176531519895
0.7279048587166709
2.0999475382326542
7.759567039485982
11.771380462555593
10.035285031239216
5.630025170489605
1.3221434055336307
1.1457274094633492
2.4742065174315293
1.6144930193637281
-0.6166750263880068
-3.037652290321387
-6.823811705048505
-11.789283039458443
-13.859506004491488
-8.484238178275335
-2.074715246321298
1.7143389322009246
0.21553997047963377
-0.2118403875332058
0.4218154675009587
1.481682487655333
1.837991499937738
6.086230317273708
10.774956538549336
10.86564536392661
5.691233737581645
2.4453065652190666
1.434318937412064
0.8699464777903293
-0.16805788942134506
-4.470249305161183
-8.125254577725434
-10.90523323394785
-7.312292988189247
-4.918669518089084
-3.23070708420262
-3.46968054564321
-1.168485009076774
-0.29445008397497013
1.8837101847431255
5.124082936752797
8.745422025876833
11.25292999511514
9.211640726916185
4.787706006085211
1.1350883456477436
0.9545131700774677
0.24537140563510038
0.7895082015659458
-0.21030126537091218
-1.8708901824523847
-4.400881458317762
-7.239666214680446
-8.946458224253064
-11.588993627816455
-7.43635700916901
-2.601767959598686
1.332974903051253
-0.8288970641187287
-0.7242934566184448
0.15903511743578835
0.20163259771192635
0.4000412350321225
0.9190648492245402
5.141985338269572
10.220082108129404
12.489205501260246
8.698490423553402
4.194371216669526
1.6035492646403384
1.1991095420143263
1.51762489422228
1.1535400982856403
-1.6666482977859858
-2.50018823318811
-2.385621974797738
-3.935065373609769
-11.288894233118844
-11.925810363449967
-8.240204620391857
-1.5565152072904338
-0.8593326947819946
-0.25933762550229333
-0.21792753284392913
0.8121481029647888
-0.2733511479105527
1.3475950255969076
7.14242326084055
12.277582629380642
10.509178362918716
5.825955887227814
2.5574159110989645
1.7014749908111662
0.7640016019009548
1.191207623785847
-0.5735358707788867
-5.507904140027646
-10.739268459372635
-13.739098717024685
-11.078366534358754
-5.351479180140588
0.28370115787698386
0.7304722416369571
0.6001676317116655
0.5753611609457898
-0.2823363320958796
0.7160561536663245
5.117365298660465
9.294046006841642
10.731240894446438
7.572284581410553
6.261016168320835
2.4069062041774227
0.4139921844822183
-3.318134546791398
-4.844177055515717
-9.946710197792598
-10.548355682989849
-8.774399764611383
-4.922936583025339
-2.2931186658334632
0.19054490261110335
0.13904422250964263
0.2973765878752237
3.746228850098605
6.093276563193651
9.656016292998885
9.768956247634657
7.82756892002087
2.3280931946152874
-1.9609148512345786
-6.416903063175377
-9.422150505423781
-8.507923884137163
-6.97127597321735
-3.5937731304497973
-1.0085845125864985
0.6977484109493117
-0.1584633466332177
0.6703518226195235
0.9413581621232927
2.998644930013689
4.71944682812125
8.001749092235155
7.863655783278281
5.616905211425932
1.9032478290857717
-1.5804927297141858
-5.362928371775982
-6.835860187727544
-11.809311271273197
-8.67216510714315
-2.577493490754976
2.8546977437976473
-0.3745023320077869
-0.3651458253348496
0.5534681587313945
-0.31907257139997514
2.210333104712577
4.384422156246578
6.640412868275758
7.719003275966716
7.755249823788533
5.810106173186
2.799933768239071
1.8038775007056955
-0.031824416117811206
-3.4886433433919404
-7.227126248128298
-13.125130246504165
-11.875247572701763
-5.695114422827623
1.446717155837178
0.993572479231521
-0.010874444336473395
-0.8068310491988147
0.36334979882065227
3.578177404655039
6.520251063091507
9.221432803636851
10.974560713055068
7.166115853328549
1.3460415209857912
-2.8296509431038315
-5.831231857030337
-9.648906009190924
-12.89918558348853
-8.45730839975362
-1.5474030496436544
2.608608403808713
0.21746166325223318
0.17619126117341707
0.8467459114197496
-0.26899093944656643
0.7501965419322266
2.077754694228803
4.689069648720199
8.47686553778139
10.639226463133989
8.81626823859472
3.4446604527056817
0.1911646020100719
-1.2053879905550626
-1.0925352189296045
-4.617300466296291
-10.014987126081724
-12.127865095697564
-9.290103509927993
-4.104684692396921
-0.3823332212064891
0.8296453073905898
0.38583592996440597
-0.043724356283571505
0.5356104603240698
2.2608005572959993
6.56688473412479
8.895313869952028
10.079165773485634
6.7057240961942535
1.3960586257410672
-7.070095323292221
-11.848951463896592
-12.256908133266156
-5.951294243535425
-0.44057082816505844
1.0683711837387393
-0.48561315968379243
-0.7109873662809171
-0.13046655005934285
0.22029912207974042
0.9349132307029252
2.1701105742762503
6.500381671229665
8.902505041595992
8.223320099574686
6.362352120365439
4.333609506966127
3.3403801019633397
0.5564274668648755
-3.851115414104866
-9.39143138706788
-13.048703815910404
-10.048723087824856
-3.9564505467658506
1.3814182940963318
0.014291587991560585
-0.3297879452862181
-0.2141554571459074
-0.42581820680086957
0.4285515512319887
3.243961034376685
6.329729670397517
9.320202465688563
9.438719409996315
5.426972259642848
0.20100937326861723
-4.842315055518835
-9.629565162165143
-12.806275423223669
-7.000828717876037
-0.7124097527591954
1.7792706327646415
0.17585833514496635
-0.018417633745015864
-0.20062447033007139
-1.1375137466124234
1.6988211287795656
5.060017075707839
8.075831942023646
10.170746684404362
9.109598435343065
5.230911214462806
-0.5756430149211517
-5.310778899084155
-9.597646953930177
-12.644393937071689
-8.629811890329393
-2.9643598940345903
1.6469990617961277
0.17485326997062228
-0.24211154871371476
0.004299188740375626
1.520248441435523
3.8012529243974065
5.968056924379667
7.624880500662488
7.313386967469452
5.58984941905808
0.5196282927381044
-5.023879053574444
-10.59553682261338
-11.794134958977565
-6.159349832468806
-0.23640074934723265
1.3504909406448502
0.12376004460316956
0.11837979476106021
-0.3529524735166906
0.08452972520433763
3.8583489136368607
6.314154846971449
9.047576979163235
8.05772428279936
5.223205116411736
-0.2831804362816809
-5.021641142727487
-9.342316446598376
-10.244475994193513
-6.201550730046741
-2.3551007565634645
0.49858775852561354
-0.025904247574146194
1.6043892608770112
4.073342948129368
7.8147916850678785
7.581701250374624
5.87596306307331
1.622033213888906
-3.4676131664904903
-9.390545307262638
-9.673269375926417
-5.435282935443524
-0.42270810415508564
0.5476229560451296
-0.5573057093934095
-0.4351120515912871
1.0445260978140516
5.018832829725615
7.864331129471643
8.1102575285377
7.213267443184707
4.926527604012496
3.100831393767852
-0.0857807086477135
-2.183367020792088
-6.564989648698021
-8.17765533917866
-8.391134625119397
-6.590438608433858
-3.9044888660486885
-1.1444760700799186
-0.3693283167559124
-1.1256240590153772
-0.22997103963355778
0.6439005079457385
0.7795073348217855
-0.1442789613227706
0.3658470870920347
1.9076447824352163
4.974965484148035
6.932249938352713
7.728347632090282
6.884508373781869
5.621476709255617
3.6874519195566133
0.3354026085077231
-5.454892583700268
-11.244776960701557
-11.660250740308065
-7.754699544532111
-2.8807581744966275
-0.1445015224159223
0.19426864606457658
-0.013897703066609639
0.7263715756282231
2.4426992434021657
5.871095501567742
9.202734379452089
10.229388971694565
5.766752784956609
-1.9764760500602583
-10.953489805251463
-12.875151763311905
-7.9561792888908895
-0.9149705727797729
2.0425692626490113
1.3018532139079053
-0.2993070869782744
-0.2814578244270367
0.7803613581401891
3.6607280244430114
6.901340163650915
7.455984554830495
2.9010915592017255
-2.0886363251672435
-7.28870619802179
-8.375125595199377
-5.158573458313214
-0.5952062110954393
0.14056610538359626
-0.09541449241007126
0.09388700970121434
0.21363389262308569
-0.08195694440259994
1.8937353362541507
5.065520840718388
7.335795401281698
7.363866246269518
6.19991166043428
4.499921370152114
-0.16917510643275532
-5.818723624703434
-11.321134369319667
-9.846818325058114
-4.796379012377541
-0.21694811917462264
0.14016204470759816
0.07550496076026687
0.20994128848575538
0.028960342282565978
1.5738904062129382
4.577256226636294
8.43541592245862
10.418094064921696
9.783009511092219
3.1422583815149925
2.318388777555732
2.1810919167443195
2.870935332145542
-1.3577830230596764
-2.9225190539180907
-7.83649915829045
-11.264503760045956
-11.325090081407977
-7.868624855090822
-3.449318765454058
-0.7257392441821724
0.5715333278698057
1.7815687329555063
2.5910254631178242
0.3009006129715543
-0.8483671851440432
0.7357875160484353
4.622097735642217
8.209248945111812
9.950038179682172
6.934853993168005
4.323414926209834
1.9214925862747572
-0.4228864893059799
-6.326027239999898
-8.640862504039116
-11.476251508761363
-8.046411574318867
-3.0030576754718057
0.5203461564383571
-0.30683868592787844
-0.7259942762649811
0.05353691792313652
-1.3674053709878633
0.4529382356862024
4.360291982660323
8.43345872467943
9.176450068694349
6.9118748237797885
5.4120245370756095
3.5209024195688503
2.936803810464666
0.4132712637962234
0.015584821993078533
-2.6653375797006826
-7.2786043167311885
-9.86850402129213
-8.947267207171189
-7.737902082691418
-4.667918637259847
-0.7555487554977438
1.3480589483198402
-0.7386563483921743
-0.3697309692516839
-0.7620956742308047
1.2739805108799551
3.717776074700762
7.890761853705452
10.223320286482371
7.990316027221308
4.189548533495809
-0.321936601062896
-4.917523956778968
-9.061023217608813
-12.457254557988016
-7.210063062629057
-1.5236765033653505
3.0665840906116064
-0.17335591499983635
0.07099141796503437
-0.231211090810922
-0.3985776222345146
0.8842064134655878
5.741818144181716
9.438794072666763
9.994788069306699
7.087696048791959
3.313598001349409
-0.19872107576154766
-2.622694466993219
-6.136965369616991
-9.430043263263412
-9.588048329528904
-5.9137977285468875
-0.9783519451945073
0.26519429464300703
-0.7334619723632482
-0.9105095658111888
-0.45732533101495987
-0.1117388693403046
1.1137929317218949
5.784514308730827
8.03985968313773
9.636187752058778
7.999604222210891
4.78665807012144
0.8186747256556636
-0.18575950368813193
-0.9725929419414412
-4.438559759777733
-8.039206694433341
-9.770595371094895
-8.30731459748831
-4.930178090126077
-1.7618959515343602
-0.6989306933968653
-0.8342078129493968
1.533493600420989
5.38212296289129
8.259850639948603
8.550438348717151
7.974358048098075
3.4283980961672635
-1.3750865184245913
-5.3149626726200765
-8.81287039809713
-11.61209166316855
-7.70353018492309
-1.401198380223716
1.3362893256244006
1.0211220856103633
0.9996515203378991
3.3050856532423385
5.80732071452761
7.904098881222362
6.378074136779725
2.602595926890559
-2.8122965171162706
-7.627164195154539
-9.828133915057204
-6.898225362290991
-1.2112890188756675
0.7036970200257997
-0.15603058544299414
-0.7034749081148269
0.7002432332174159
4.790183241838034
9.413777796040876
12.131878666065635
9.01215547192352
4.414420894609523
0.7034628593271885
1.0612794627213413
0.12927309614103447
-2.690543146503876
-6.232177210460813
-9.124835683863916
-10.660604902762618
-7.7835132799964075
-1.9314651609426359
0.7747978637882982
0.1503545865049185
-1.4718305650355328
-1.264027629832175
-0.2095856140453836
0.2181446320992638
0.24445018457466053
0.23440817180075457
2.916224269481314
6.526431599768966
9.35970434594423
8.396403332164235
7.015712638921061
4.4068298786417515
2.257910572058426
-1.4788298439237588
-6.02793711823048
-9.744862634527111
-11.189576326684662
-9.731659730690954
-5.334105156552085
-0.23441233164742004
0.915287860228658
0.12610088819695825
2.2832139728620353
7.675910169796343
11.970486530063999
11.49005232998685
5.541121735619656
3.1518418107681927
2.936371400258944
2.0367805505262053
-0.32493731236204876
-4.00759147266196
-8.819050266177676
-12.410622608655363
-11.225110860960207
-7.019320668564402
-3.529079772913718
0.546152779739269
1.0787135148981277
0.4570894440016034
-1.2858516709069783
-0.45136023664359687
0.5560787832321681
0.859711076430425
0.7532288830037623
0.2984096334663073
2.136527514747455
4.746430683260034
7.164148977919742
7.601287110405795
7.884543783868572
6.692391990947245
3.185095667955348
-2.0595628414619145
-7.60086083191569
-9.49206838203721
-9.873329707072038
-6.673205068579851
-2.9130086865289373
-0.434465817222425
-0.7647720390818079
-1.2831904272372174
2.0141907339327987
5.816596029776589
10.968584393419938
10.383974543868762
6.597578232214318
3.996903112163147
4.20478165155725
2.235378255708106
-1.7777685511756725
-4.219117404985155
-7.623883709652202
-10.497102686786095
-10.55279974929428
-8.087752512935992
-3.8272602415838253
-1.2103513738172103
0.27593840829680516
0.05220233077710404
0.24672238116272616
-0.4629598723867239
0.59787171407102
3.759071563500614
5.636541418538924
6.774225820493432
6.511937705340388
5.868745991396677
3.4092295015283396
-0.12598134248982312
-4.3597301264642425
-9.392212300209009
-9.753788000007948
-6.736379593288933
-1.9967295928154272
-0.6267376459937424
0.10688810856695122
0.3525737194423035
2.597953462325201
4.079135869041462
5.605331362749189
7.721743462698759
10.198458341150104
6.228744451314029
3.435593307853211
3.2033881914382834
4.1698785045689855
0.6329274563664193
-1.4650572683389196
-2.866021526878274
-3.3253346263587287
-4.026098007956449
-4.486692678511477
-5.586776229749273
-6.435580169053826
-9.50071676947198
-8.025097487834172
-3.0140642916598446
1.7506329147519297
0.6218976099596614
0.23950580272608854
0.032214039426507426
0.5044630177136257
-0.08737495568394119
1.8103081296579655
4.547264420301145
7.129570887512986
6.703927944985424
3.709198107982614
-1.443869963263583
-5.927238730601791
-8.685006126459854
-6.4355918212770025
-3.3360076288322253
-0.5442879951743128
-0.48586655048656185
1.140869020910236
4.004021710759149
6.655926829373493
8.801151946907021
9.61153756926818
6.908024480756613
5.4119737930151155
2.7544197335643386
0.6411098300189352
-6.229323418738138
-9.27469899550429
-10.742903473439004
-9.796159150738392
-6.084185821743551
-0.653009438119999
1.5866441050732012
-1.4600070725590506
-2.0263808819293048
-0.8482720045702316
-0.024067326767373956
-0.2507334801801662
0.8739226705056138
4.107494114025879
6.06042826435596
6.5328600760174345
5.348908413116371
5.467112623685559
3.8438896845010526
-0.5875302840912201
-5.606938189726921
-8.518940753123916
-8.112184276637713
-5.86526564812897
-2.3881786608895204
-0.1188508773768543
0.5599990531534964
-0.5274495935866095
0.5902220998809143
1.7179587818691293
5.638056335704585
8.498550608856842
10.728665280497633
7.729548068411655
2.663512855212476
-2.2538655467940107
-6.626675492534914
-8.969537220167966
-10.013605319276637
-7.220752904844374
-3.7762854333145564
-0.07264336504291505
1.6786695763856831
2.652948991587172
4.5373388997732516
6.197380642293813
6.905435585385579
4.95234002463653
1.0913313462358907
-3.656631884447951
-6.948156444610942
-5.540144375091075
-3.4905732233114413
-1.994520105114252
-1.5231183963147858
-0.08892884464956449
1.1663599036614494
3.4046140016505446
6.328540303517954
7.224267905392464
5.375536871600873
-0.7702694750399413
-4.955840273020173
-8.75838971069606
-6.913253589419921
-4.872866569202216
-0.8546203251790176
0.6609514262994962
0.3121789830692656
-0.7245006676265837
0.10175159002460818
4.193845182102911
7.136844622768616
8.231873693937752
6.961919526937823
5.101979103532392
0.19411350651058695
-5.825919308834237
-8.898220602174574
-9.173519973157322
-6.64199715658778
-2.8754867908742874
0.9478026718120114
0.6785983941050833
0.2820564669812791
-1.3352275821632629
0.6276481828892965
5.939894469901973
10.20598468859466
9.769910836699468
8.956934423731067
