0.8193304617384162
0.8634125371633684
0.8721992156272683
0.8623249434531624
0.854559941907837
0.856097195697853
0.8649113481826024
0.8717890818796876
0.8780205288954294
0.8470601548744032
0.7152223962936133
0.548903084445826
0.4314290835420234
0.3912904808829817
0.3537826028316545
0.3202237030285059
0.2705157188144448
0.21438623038788174
0.1699458060453817
0.15366830778358354
0.1495862968160003
0.1560975588846822
0.15983380021860305
0.1636779491614611
0.16596882276096214
0.16797830691512905
0.16677290578197662
0.1641154596190179
0.16013433137203079
0.15838187607932558
0.15757323472913082
0.1619332276906828
0.1676358197876791
0.17357826844832436
0.17019572240751688
0.18552845707623064
0.2833661529608126
0.4903873438040395
0.6940132798764191
0.8230572805354934
0.8681528414869685
0.9068520882496731
0.912419189658205
0.9053862615001694
0.8818162068470743
0.8839680569111723
0.9011355203361082
0.9048899178833258
0.8956402373456105
0.8955294702703283
0.906606079185799
0.9040958159530482
0.8820937623634831
0.7811895287486564
0.6235955661740469
0.4377723908920632
0.3102192067172642
0.22610344098375032
0.20853170023721992
0.19764610090198875
0.19330080889653328
0.18547892578399344
0.18785372001709644
0.18707229756343247
0.18672322859210105
0.186262325485296
0.18673814792998442
0.18473437642952328
0.1792971024578276
0.1789788480806631
0.18009075220752907
0.18672182604137968
0.18661497240491215
0.19019204239012463
0.1901080579473226
0.1934258587983848
0.18908505957504396
0.18534368566751327
0.23649053939296605
0.41759541797369915
0.6492022917002138
0.8094106149453015
0.8481441409420538
0.8474082908799999
0.8455309991723126
0.8681860109384343
0.8822020812340449
0.8788130261623834
0.8877501842490467
0.8997449574547935
0.8747744807974573
0.8569943201491306
0.8670548721526863
0.87980517279233
0.8139891664780998
0.70781559545163
0.5794014103783471
0.46457379011820066
0.3625448586314523
0.30799825648060025
0.2944780958277149
0.2734311270078025
0.23082504552385677
0.1945124794753439
0.18253556623681083
0.17848636700227552
0.1761407046658687
0.17339240459353217
0.17037948903603492
0.16910626566907094
0.16679529795565878
0.16620592968716902
0.16336244381269788
0.1632005395275787
0.16378876986541935
0.17287910191076644
0.1808458348072879
0.18917132639606332
0.19369416361961844
0.19822382409292758
0.20632482343992287
0.28787213132089257
0.4630343244474415
0.6592042517799503
0.7905010570380216
0.8524528662210985
0.8841857376765753
0.8992943462787502
0.9114501770563187
0.9065456145863424
0.9081666071833159
0.907076330837876
0.9141920219019553
0.91330397498148
0.9065259656205141
0.8832520434910232
0.8713139163121646
0.8404229402039497
0.7491427249829388
0.5869295194639608
0.42242530363049535
0.3165727870404015
0.27040975625900143
0.24807464797915865
0.22394462615628538
0.20120576159585302
0.18000132455778528
0.17803574153966212
0.18385011256627962
0.18795800200990995
0.188680718918165
0.19030648540425849
0.18337201217213017
0.1731607709588843
0.166777847922008
0.16090510557017684
0.1563314012738945
0.15539250149963618
0.1535034034391633
0.1560993029813602
0.1653344533726565
0.17580700109069802
0.18714551331227075
0.1711133657957521
0.22642061624652743
0.36608205992338594
0.5913015965832592
0.7023803937222707
0.7621088598763204
0.7704522189013583
0.8120794436251964
0.8125351390430887
0.8323346629478292
0.8291698321751216
0.8276806166362389
0.8029955740424993
0.7955945721095927
0.7944492770956653
0.8230865732032671
0.860295868779742
0.8758827399736946
0.797653290989418
0.6106750003459014
0.4186065456127913
0.3007124630579452
0.26140721608096834
0.23780072152702114
0.22685168294683625
0.20549315463505935
0.18617022153912013
0.16261339190580787
0.15220925728230103
0.14621546958440998
0.14394710174618836
0.1346539253600958
0.1350815438853924
0.13569544299343272
0.13912383560615427
0.13977743786690613
0.1397776841659078
0.14010998499303806
0.1403279018641716
0.1481461549496415
0.15523079243760002
0.16651966403846474
0.15769817047931156
0.1897447545971101
0.33742713125248147
0.5558445458799135
0.7162477118354157
0.7800213670088185
0.8186985319845238
0.8466603860704153
0.8681318173488815
0.8825593859782983
0.8993860115591314
0.9129916017428978
0.9167211132106604
0.9089492391388057
0.8787429016277108
0.8280487428001659
0.7225599297905834
0.5713699251576172
0.4229793053896087
0.3335512860652177
0.28982373275438655
0.2589941599852245
0.2261683367082002
0.2083517649147747
0.20264989322469756
0.1892960748049748
0.1672371414087635
0.15892330261643567
0.1578921282116982
0.15232674327128032
0.14770327420386442
0.1447674278099086
0.14453672626860828
0.14438208433075383
0.14614454740071778
0.14698101641157735
0.1512126813643757
0.14857604701186655
0.14995133727633236
0.15106418867186877
0.16019086685724795
0.17194941820120363
0.18531907452211763
0.23417850732711384
0.3553207979565168
0.5332553533197184
0.6717719880881116
0.7480755738677928
0.7819257483768927
0.8022203970212041
0.826127339605117
0.8391263787513709
0.8431172910834293
0.8321826677990155
0.8562743723629737
0.8618577677743006
0.8768147105580159
0.8393143651282822
0.752628506652447
0.5978783996404828
0.46548213528327886
0.3849035988094503
0.35014916142806174
0.31766947101524046
0.2652614770581395
0.22744747246656843
0.19975128667534517
0.17809020879434512
0.16247307357476054
0.15892729909140738
0.15380870977799263
0.14933005427078
0.14640137913354825
0.14732880184727404
0.1407951169198005
0.12687376481184234
0.11630603428385326
0.1158321502897464
0.11561578584006041
0.11505853472927682
0.11485457432994248
0.11409267287649456
0.11759589367406323
0.12485180390705708
0.1431908776162016
0.1564202163792593
0.21982646811778775
0.3375462139867318
0.5352493340971322
0.648804089241079
0.688138634004178
0.6843537098125515
0.7233661954979327
0.7612263338061735
0.7867214024713542
0.8043306519517284
0.804935110592407
0.8008482220815993
0.7782392115702991
0.7812668159756788
0.7944943712332516
0.7960181113532395
0.7849769235801511
0.769378884378474
0.7323659043455548
0.6581228355086406
0.6082880056017971
0.5410272246647911
0.45556512155543694
0.3372834555438626
0.2502094418360315
0.18989922790027358
0.16332074491667933
0.14910304678813172
0.14177800333879131
0.13582553508678588
0.1256862931763271
0.12010641602535212
0.11649561698834227
0.12103688992599393
0.11258331732359385
0.11216455190891227
0.11161756169516433
0.11674608637274629
0.11045675226889992
0.10844083393745889
0.10160228447197367
0.09705822314287217
0.10949996094485082
0.11477322133254352
0.15732610045036327
0.28287583100744407
0.5049384045430731
0.6533022995373372
0.7315600422310404
0.7514296694644034
0.7760536109636754
0.7429106527166911
0.7230804018340612
0.7416936934689287
0.7804231325861472
0.7953098418835535
0.7977211033776476
0.7885579744797571
0.7615947709463278
0.7503233788336078
0.7778149558078354
0.7032542653860802
0.5152387256436655
0.3338294254535004
0.26306409228136124
0.23656378312727677
0.22239815380171232
0.21563071558428276
0.19790160122009395
0.17368708868038746
0.157632401618789
0.1394267509677522
0.12321389720264923
0.11191521008171629
0.10845973915431206
0.10158888817618913
0.10009922920546044
0.09731049814291498
0.10162745596172165
0.10387560379678606
0.10360431212088156
0.09977756906261893
0.10186558327649121
0.10293191209839767
0.10386320767284353
0.10301544634352489
0.10108387139127478
0.0922989291485139
0.07221670053862869
0.08443865668697875
0.14807249969550756
0.34424445583162905
0.5516803044569453
0.6913754885485793
0.7508988560360144
0.7994515145268104
0.8317899003282073
0.8381478559686064
0.8487790091857705
0.8312048709518531
0.81827597310799
0.8046257126626892
0.7935988547958737
0.7776511293297285
0.7539884280873534
0.6745782069645951
0.5298009615686945
0.38989505529990676
0.3026907198355241
0.2579077303807574
0.21358830133361428
0.18205148545949285
0.1535677547605781
0.13114197575671777
0.11780705840317247
0.1228110138936444
0.12991920981824367
0.1334655092906867
0.13039873876212002
0.1300910924876138
0.13217513731934416
0.13409621395209254
0.1307238794133234
0.12124156964593169
0.11094819772995823
0.11688119031895286
0.12410913670525592
0.12492378407512096
0.11691644159147206
0.11506600177867972
0.11189053383210362
0.12433078327273
0.13460562537480242
0.19600107173744316
0.33064369074584493
0.5327319094497939
0.677891264280643
0.742796779676708
0.7798778294656594
0.8248042085132035
0.8339956506355335
0.812140120147611
0.6918191014236168
0.5071945584202342
0.3458744875824322
0.29424183297347495
0.264937451189461
0.23814401151610565
0.22471954170816086
0.216824947736327
0.20368497109134412
0.19224048336089955
0.16721787554551235
0.14315028916279982
0.1282595866757976
0.1352342670341201
0.14448315942360432
0.15043008695969662
0.15408886133345984
0.15120751821031544
0.14878967648196062
0.14955577632334044
0.14761621725149404
0.13913612094440875
0.13381469017702363
0.13180124451783304
0.13109968196143013
0.12686316079307444
0.12063446863836673
0.1283323312378929
0.14185292817792552
0.1437788751611106
0.13197558036287865
0.11321930325007487
0.116036298836031
0.23138417628057462
0.4346256740376032
0.6023950265804552
0.6760384157246984
0.7212897860842347
0.7607290239449119
0.8049785139244459
0.8346103555570665
0.8463843804236724
0.8389898864371567
0.8362383558127595
0.8131576541248106
0.8142310161244666
0.8243958620742489
0.7621598634276721
0.5512395668598151
0.36582994135672037
0.27541614279225585
0.25261357327089173
0.2136157427386658
0.2018829299385936
0.1908233931980921
0.17208117183357458
0.15084404207444252
0.13831089126457458
0.13704921879283122
0.13811982633463016
0.13344617627143213
0.1289359814883213
0.12792073944974278
0.13104701409454678
0.1265430592605774
0.12213590283830933
0.12080155363998465
0.12337208587126888
0.1192214624247526
0.11993820453727966
0.12351704603947106
0.12636929528926544
0.12444998972488386
0.13269448881865492
0.16177142847768045
0.2959113263963289
0.5106294091828646
0.6891041801941973
0.752247497552686
0.7793942870707068
0.8196327818513178
0.8559764813693189
0.8589183432724412
0.8126642332073037
0.7011029611824975
0.5306384393271137
0.38010461361913306
0.305443613695016
0.2783504912058663
0.25154162271727587
0.22764543241844395
0.2187548235797018
0.2048094891913772
0.19174635965479397
0.1766924072985213
0.1534181337877649
0.1304075468906452
0.11569946079949364
0.11565819917597162
0.1143115959602074
0.11103444433831884
0.10538152495760808
0.10157145154630115
0.11231195418406922
0.12349314216891434
0.1304742273206988
0.130913819797099
0.14081245512936064
0.14791066631217262
0.1496758829733386
0.14295327682388873
0.13787450003803853
0.13605639259910182
0.14394026370458085
0.17106207729919687
0.25502941259460704
0.3740845623392096
0.4969692009435921
0.5885853575519047
0.6594820750860055
0.7217603750344906
0.7784196800378599
0.8227070992813601
0.8632436349547631
0.8584066457256327
0.7538405863409359
0.5443447453832511
0.3878353340328349
0.33045198436692447
0.3377669777168513
0.31913809413105476
0.28716795996222855
0.2574073063225941
0.2325123494732118
0.2070095702306117
0.17847524900367304
0.15224395486376685
0.131627401682779
0.1259885193474058
0.1374258386052114
0.1503160912648704
0.15281983166789256
0.1466044642226097
0.13963876399997727
0.13553852208733022
0.13927739190443547
0.14462006059458582
0.1447023267059478
0.13641604648926825
0.12498940522557203
0.11630276050093644
0.11626643318924451
0.11949099950756617
0.11933462531661322
0.11561061295397153
0.12198675054640193
0.14308181957968094
0.2339408019360754
0.3833285857132105
0.5570420346296958
0.6740758187170164
0.7379778127063343
0.7731785634903534
0.8255722669294381
0.8782960105919542
0.9121762284099918
0.9206998703073479
0.9073916925656106
0.8754931042235984
0.8527195013746787
0.8238294391543888
0.8049673202868849
0.7891412915290021
0.7931518294830734
0.7404032301584054
0.5878587631448318
0.4123817807680166
0.3238851812522088
0.29706346054424093
0.2545491270240128
0.20585337774411056
0.18106977060348042
0.16369782557382168
0.1552684709389034
0.14377059313547363
0.14359643801343266
0.1448094869345623
0.1447955208346816
0.13750256170474096
0.13633611265131113
0.1312503382966394
0.1277142929681182
0.1265868983718818
0.13665223265765042
0.14076813109898
0.13670704367944853
0.12034653669861994
0.11411653847775063
0.13384786986127983
0.18933355624883252
0.29813126219424924
0.3982296268083311
0.490149396684573
0.5945798649750795
0.6868349315513635
0.7251736347478023
0.7713500265949845
0.838644098413722
0.8845765271355769
0.8863172490831835
0.8621658507131909
0.7861502951502621
0.6313500220798552
0.45028237225051415
0.34776323593480474
0.3541443358060075
0.35354148506984406
0.33705637863272253
0.337577912447919
0.3359557440203794
0.30010890883551034
0.24872769739512945
0.20452710304484303
0.1710021951430604
0.14848778031940177
0.134065827461325
0.13106834682449497
0.14561560651064143
0.15145605748817492
0.15110955592808067
0.14756598956599998
0.14754634552946697
0.14075033032041837
0.13300177780580139
0.12944796016959284
0.13195603834101974
0.13214615388091538
0.13046217653943995
0.12793611704729982
0.13283396820355686
0.13419158886831364
0.13625228303647935
0.132986321337436
0.18226478003961938
0.30165533687618584
0.46983629105045077
0.6156855468104142
0.7102386518004005
0.7730974227352163
0.818853558127537
0.8575242780320169
0.8844520660495112
0.9159983917900036
0.9022260497725607
0.8870162278150611
0.8922963762396576
0.908856633447694
0.8730007829055899
0.8516480576944269
0.8458176875481699
0.7437332290359253
0.5428273308931532
0.37734750879628515
0.3206372914536877
0.3055924768420538
0.28434859793983175
0.2756373901033259
0.2550833753282381
0.23548733559768506
0.203805944383337
0.17891937376958905
0.15461565881535033
0.13487654920728503
0.12711378760012854
0.12895503718386603
0.1356551806511735
0.13533913680176582
0.13318852862175035
0.13081934075640217
0.12456136926578892
0.11564150897314353
0.10652770109786767
0.1050509712078999
0.11279107884894697
0.11995620800344783
0.12295603307546885
0.12784021346262991
0.1427217857823327
0.1636279808779011
0.22440788548260612
0.3341287243838578
0.458283962731311
0.5571254244091475
0.6430052894346325
0.709496823914297
0.7419206092703262
0.7569445122057308
0.7801047318965031
0.819178121718616
0.8616875952148547
0.8944013256655109
0.9087214530018404
0.9148114916600167
0.9206272918138588
0.9049850762397341
0.8506282889999826
0.6813952545190438
0.4682420923320252
0.3372787209524526
0.31783279600738273
0.3038526294191105
0.270310193254436
0.24522032174684316
0.21501167971238375
0.18687374993636532
0.1714553173859502
0.16113193728929973
0.15269662514612944
0.14495317016683856
0.14293288969239137
0.14348101981243305
0.14738655763397418
0.1425452481404716
0.13558336687738134
0.13160215242859524
0.13732151216506333
0.14056910795507455
0.14123322513408224
0.15154759953875813
0.16523530580773393
0.17828365242278565
0.19515542769968428
0.27037072787260713
0.3578684200428641
0.44608901461638373
0.49202785597045695
0.5499109938162597
0.6123324272674994
0.657272637278414
0.6815344955306655
0.6878370092014542
0.7040350013416992
0.698716593768718
0.7191327006074526
0.7863398285302872
0.8551873868847502
0.8941735588641428
0.8895912619963076
0.8643210774509895
0.8073797697136709
0.6894009528361005
0.5331519072058326
0.37807097389386035
0.29962853712764853
0.2765246925067296
0.2664742811310797
0.2359612722910062
0.19710143527081847
0.17267558197781552
0.16138932278056012
0.1612658494862493
0.16682407810534872
0.16742987520255911
0.16479214897701733
0.1550064121723592
0.13940959804244313
0.12356844109389772
0.11886746075814368
0.1191669828985185
0.1130578023626617
0.10430061274090778
0.09551056687700181
0.09321159161371556
0.09323556194978068
0.0983553688420632
0.10226099271244342
0.10896000443071008
0.12343956769745534
0.1680239638190016
0.25028486444238107
0.34083389467289155
0.4043428372316191
0.47343854829455057
0.5549930899067811
0.6485085516905665
0.7305763813192716
0.8006310514622437
0.8520373529409245
0.8760289656420681
0.8825958057438417
0.8754865891886014
0.8696770850408485
0.8579950274751189
0.8338210818142326
0.7371209214297509
0.5967565173159088
0.4436743835738237
0.34741280571596134
0.27592597348585773
0.2415685013440126
0.21318068060614453
0.19689117965635858
0.1833353718046442
0.16810893149987804
0.15788017667687804
0.1533721321150228
0.15154710000551302
0.14993303999941054
0.14776536136425839
0.14559733378366152
0.14830599166679703
0.14452992231220024
0.14587336014550145
0.1461762207419583
0.15225332326810445
0.1494498529568881
0.14881991408415002
0.14678274751663417
0.1411511735895866
0.13263776752493
0.13169616348186058
0.12948075407876744
0.16736408855532242
0.3462704289049074
0.5667361204480461
0.7017265318268748
0.7195642683859498
0.7352648059856621
0.7476544487641728
0.7536652740725519
0.7548820960967774
0.7538079778769642
0.7594412025626305
0.7787586417000969
0.7768908124784253
0.740942298958351
0.6948835592409742
0.6888933405777299
0.6962186359380443
0.6894223478033563
0.6108239801990865
0.45565425432552886
0.30098197116949876
0.20623756782852573
0.17364366795456157
0.15434352939582235
0.14465039723710116
0.1240967316993672
0.12069703714369265
0.13032200854577436
0.14166619639162123
0.14478613936322948
0.14383195775020266
0.13993703453132544
0.1300296217117007
0.1233135553993106
0.13373991467529356
0.14886123896830222
0.14986057376215683
0.14010811566903764
0.1312293614245544
0.13238368993678773
0.11779804353582427
0.1627600513349939
0.2733557158758514
0.41536906190117207
0.52582765267665
0.6101025355629703
0.6681761523817812
0.7107831352636109
0.7770593603996803
0.8290722182731189
0.8579613246392391
0.8502568611546645
0.8542454050221501
0.8521238338677873
0.858706866680327
0.8504110130534033
0.8570262135277671
0.8551482043960627
0.8463308657993031
0.8340207969374072
0.8123410468710374
0.7494356930351845
0.5995839013630657
0.4164783707428741
0.2769598570000389
0.21876062604945626
0.1903648855481671
0.18097746025151307
0.18718959254885786
0.1894456800619499
0.17226941624266323
0.1465406015716709
0.12714445423784065
0.11850560090134041
0.11482430718370908
0.10475814470452649
0.09502604616078905
0.09167169074102463
0.08932319870928301
0.09053701791149299
0.088273208021933
0.09043469255230399
0.09132593719809655
0.09624754267893698
0.13791752415759667
0.26836649988253003
0.43439764063640574
0.5619294413832816
0.6402084719019486
0.6957494281337282
0.7434545365719765
0.7928777793607885
0.8368226775311491
0.8662617101420386
0.8845112780860517
0.8878117894341786
0.9006925190622727
0.8986989032208732
0.8623653336285871
0.8007184762179395
0.7859005626604554
0.7925564056286143
0.7964797550614129
0.8113778034130695
0.7914673067724245
0.6690016274806397
0.4831909141810104
0.33449260652694507
0.24482777750262655
0.18437301038111698
0.15074578838034564
0.1222724202231032
0.1023164540355784
0.09345605810281629
0.0929960394807516
0.08308246558379936
0.07741680879878554
0.07411667076259518
0.0745394537357992
0.06412783783190754
0.06439394347489508
0.07232650207807123
0.07600212725821016
0.06445718860809321
0.0630265453325203
0.07024741517616923
0.07173530425857935
0.06447122526925125
0.12408508285502817
0.2673604992870786
0.4337703464206868
0.5541150289988703
0.6497772867910658
0.7269755919950067
0.769721656467738
0.7886225643341425
0.824579256807742
0.8453046899209439
0.8618491657816751
0.8852895676334004
0.8922723281788639
0.8540993525669991
0.7981648596953689
0.7826084608126147
0.7110893677988903
0.5681589368085593
0.3956662056062385
0.28594193701990145
0.21914651005261726
0.18333264115238673
0.16725954378243388
0.16023946166035014
0.15522307013581105
0.15766397147678302
0.1587833410617759
0.1637513627837131
0.168712005128685
0.17127535732636118
0.17122133518812244
0.167913138466185
0.15573252932520892
0.1402955681174372
0.1317449007968008
0.1402613005329794
0.14842060107655813
0.14288941176788295
0.12386824538889427
0.11212576731047082
0.11166543074387775
0.18645635682990208
0.33112444150627585
0.4664918202483237
0.5700557085750512
0.6607035336792256
0.7491614189863267
0.7839700265052821
0.7939514064358835
0.792619414307355
0.7948898074618922
0.8084122220912808
0.802078125729372
0.7794836731353428
0.7427279695680845
0.7578462549664564
0.7737335386080542
0.7866534637648519
0.7916543222193144
0.8028976160745055
0.7661239249349168
0.6339103508519908
0.4370915188190181
0.26765289332175146
0.20233771537720685
0.18425537749744525
0.1741101972129343
0.15908319312263003
0.1426278939355201
0.12271571708757537
0.10936289539042572
0.10045809853716617
0.09263278469688233
0.08520225529339431
0.07917060604901502
0.07441088208922753
0.07197931333589684
0.06954163236244831
0.07158171213884343
0.06935551849430403
0.07409219449065634
0.07696148495887992
0.08093894587692868
0.08008423782507057
0.08260352328661946
0.07622753326236939
0.06168108528580492
0.055088824298471624
0.049775849083383644
0.038420096184853876
0.054384214408130446
0.19677604879718602
0.39177560049596427
0.5450921451196342
0.6094074499769391
0.6618109901485333
0.6971795858752934
0.7099333188495855
0.695706490878251
0.6881994766385912
0.7138197391495102
0.7692738413148673
0.7940225783590418
0.7629325001370235
0.6933714824200284
0.6245901576750981
0.5376000831840849
0.4194079898841213
0.31268160693995983
0.24139081123590897
0.19501734335589357
0.1637266336377992
0.16348038826139147
0.16962432087133544
0.16569080875736042
0.15164634270932226
0.14397286808097154
0.13716330800737106
0.13807876520153448
0.14080517259356073
0.14163593007779168
0.1388194322512803
0.13105811910600323
0.11947078657775453
0.1118343164553948
0.10953747756907223
0.11293840392204482
0.1148308180420469
0.11327308309034681
0.1780749409571665
0.307003551627028
0.4787596159857971
0.5952469072912039
0.670364771090314
0.7017068816416138
0.7319076574568126
0.7610073673854605
0.7844874532120236
0.8089268770908324
0.8363286495718278
0.8512111666623129
0.8502698309840354
0.8597207826647636
0.8625851281745367
0.8565284737314174
0.8533823842121249
0.865881834056888
0.8655384289211969
0.8418790755383458
0.7621518445444705
0.654997917168292
0.5493988190197469
0.4374211169615981
0.3328212305139444
0.27877072124525604
0.26125530031274014
0.22843936170215212
0.19573852620035234
0.17060224349631797
0.1560971548996119
0.14410692024268756
0.13398823435381835
0.1224183810755014
0.104451646387795
0.09007562085550634
0.07899200221119834
0.07043494235189855
0.06340651239186892
0.0566052309278744
0.03249895983293877
0.008525442287639018
0.0007078314891735774
0.03350982643359779
0.039415731884427097
0.13341897381450918
0.2683597837969862
0.45704234516630393
0.5587534329479091
0.6330865904690386
0.6619695438932203
0.699348528578606
0.7239258291370546
0.7255782995284712
0.7044779731578447
0.6441998999304233
0.5733017816932227
0.5338798830574625
0.5313364443895993
0.5287872808166587
0.521093459892078
0.5156950466386905
0.5078457678165182
0.4551576682808705
0.3693975118890369
0.2833481812575933
0.23809315243485285
0.20843291975177738
0.18664316562029837
0.16365285191816087
0.14400799557043156
0.12745130812855088
0.1181282308773355
0.11774433052287435
0.12223079656004487
0.12532003615063578
0.12938098446644852
0.13010225255107138
0.12791452800838704
0.12313160114744173
0.12658787033342556
0.12520667429885546
0.12387662610892027
0.1389134156576023
0.2295264110917756
0.38447613044160023
0.5207806618611796
0.5788974742861487
0.5725754285842714
0.5512110945481825
0.5180322553791631
0.49563374518248193
0.4941918459760575
0.5078137342473682
0.5221451638656236
0.5423882986665772
0.5745580316140784
0.6163059028856372
0.6504207732693857
0.7026727698444952
0.6946131811817207
0.6609317786335169
0.5860754154888137
0.5084917470283008
0.39040218284477324
0.2962012027717682
0.22232583161971664
0.17597360306900015
0.14323105402013805
0.11360995389258301
0.08412483778692417
0.08270340613954669
0.09687860797451825
0.11115562036580603
0.11588241799737822
0.10788081034077787
0.0928262855581898
0.09146271214934829
0.09774398463833066
0.09365981360067217
0.08411149087946623
0.08161248689934848
0.08846599462806107
0.09295971397996314
0.09766759557798556
0.1014929177017807
0.1123527312200186
0.12637533696655193
0.1839163359186396
0.32388933005081494
0.45363144155352164
0.5407456814688809
0.6001382118033919
0.6637270099739446
0.7080217747246388
0.7616112735253426
0.7976804934056181
0.8170181063305029
0.8117123447285115
0.7919259583657323
0.7134883012843509
0.6657803967764802
0.6159165637126242
0.5635457174244229
0.43793949542427274
0.3228776050057336
0.22984017330649506
0.18853072470967522
0.16331149116697066
0.1603023870995302
0.14999647527757043
0.13199621280471735
0.12500458818491683
0.12967022232998848
0.1284274895615399
0.12007219673167235
0.11404506186331573
0.10625843219880493
0.097585697190431
0.09843517431045898
0.09962282277747347
0.09353941420361889
0.07769827336937261
0.07181402596201389
0.07537622547110603
0.09159468601690185
0.09941652423243151
0.1092683375597042
0.1168661568490853
0.16054450143732743
0.2480108887413886
0.3883647398593332
0.5448822911925323
0.6706899501081429
0.7318394786654023
0.7449417463232093
0.7500856878284113
0.7519786823679289
0.7290675763200771
0.6644766143837839
0.5816649165073755
0.5362075378475673
0.5252433814588069
0.5209458976456036
0.5120242845423261
0.5045610446193397
0.46485047606016044
0.3796641979592773
0.2611111269538168
0.1650819378714246
0.11857109323999641
0.11489527787285067
0.12298718358653693
0.12564248061024497
0.11695248264519532
0.10569033252640649
0.10457045573917885
0.10846241889996515
0.10823432647246736
0.11017492972510584
0.11593476378067014
0.11954773328026456
0.11414692325884536
0.09694002270874053
0.07837354045656764
0.06952505262630186
0.07395969366087018
0.08320753104483823
0.11956698007271271
0.2551035850795897
0.41769560777450404
0.5260448622383326
0.5760177010077905
0.6443667930553756
0.7050372527558572
0.7425769071441624
0.7576504293464434
0.7704393635487856
0.7941722508843826
0.833737797701187
0.8378240913080278
0.7915285414692144
0.7392017717338963
0.7010290574613698
0.7087757768972162
0.6996212844515928
0.652344875492668
0.5403996822445418
0.4059907411676187
0.29785331067379095
0.21091622264851587
0.16734917138805644
0.14819471520862176
0.16509485980704489
0.16680639418250412
0.15650753144732732
0.15437844627438477
0.15313912770057075
0.15025348191523796
0.1497684119164822
0.1561199835455595
0.1612113863115483
0.16211965212922608
0.16551295941829824
0.17272319383417256
0.17611936595707672
0.17513353334847281
0.1715487438032116
0.17697700069783276
0.1841158200940167
0.20735815552574932
0.3070151053331154
0.45188082731396695
0.5788604285763579
0.6296717841197348
0.665339529012842
0.6822568909781591
0.7001867706643229
0.6882486056389092
0.6538962440865708
0.5602509711809046
0.4759402602145667
0.4068919423216021
0.3799357490067658
0.3816969230320433
0.4102616898100335
0.4347452460965291
0.43997306268391545
0.4467557522294025
0.4435512454331835
0.40795104032178076
0.3459159521368216
0.27242346579074295
0.23209375273485353
0.21563942972699346
0.21873541831284446
0.2144210430511317
0.2120740292342403
0.20732468213985214
0.20742923866697893
0.20738152582317812
0.20902600197861426
0.21605506248225154
0.2224660860718222
0.2261632889186584
0.2203873488677947
0.2161624905947547
0.20849108954072534
0.20937936658345843
0.21396164482938668
0.21581885676136875
0.20673179985376572
0.26572925655416146
0.373270637966188
0.48573370253965115
0.5902616545739815
0.7206568279122295
0.8187995544367122
0.8383079495521873
0.8114378602425889
0.7527693898486281
0.6477571141166623
0.5330497190164536
0.45257763803240786
0.4140357006724376
0.37297790681574483
0.346439442147261
0.34639867213097736
0.36283950855200414
0.3765758122804844
0.39094147991606376
0.3602237261088099
0.29402831801077733
0.23505167505629912
0.21925454253821616
0.219799485966593
0.22383925444828104
0.23027047270658724
0.22873282148266164
0.22115930245827214
0.21539720256497635
0.22577759934957853
0.2728176221799321
0.35103225614413136
0.41735280365622496
0.4406585201024408
0.4323778580762351
0.4218728997350609
0.4073867312003584
0.3886396185360871
0.37997705071142873
0.3983573371987422
0.43123580192606237
0.45402399911321617
0.45776427945025344
0.43082151984723904
0.3621321187558011
0.2780218855548695
0.22751195058995066
0.21438479487028328
0.21640734875085574
0.21738607781130884
0.21544974961868874
0.21098699546788588
0.20838045604717717
0.20811297757519856
0.20849475965602915
0.20984425705872606
0.21821060756465743
0.2338220371531456
0.2605571343090749
0.29444361318870516
0.3680488522245766
0.5656149899504763
0.8176007796286265
0.9816447792380922
1.0088825887417423
0.9966426534940689
0.9930774685369513
0.9922720870538166
0.980640854251834
0.9506052308041109
0.918153400450424
0.901192787368296
0.8913394016074992
0.8839128448286194
0.8793330234253117
0.8805491922400628
0.8633669850290624
0.7914984825151306
0.6481859746704256
0.4832049093785296
0.34439420689440675
0.2695141984932573
0.2419853282775398
0.23873117391622267
0.234267870542592
0.22905465045253473
0.22536145768194052
0.22277928559230237
0.22626850058549927
0.23650078173087663
0.2560273105668876
0.27597930450917196
0.27996948650680903
0.2644406344867478
0.2445602604366445
0.23015673435008066
0.22142103944695118
0.21622364956654627
0.2146461903208136
0.21587694922256392
0.22082659145178463
0.22479572081871244
0.22654737351969
0.22904434251163772
0.22984369246562858
0.22710933462221383
0.22238301150498538
0.22329036810661168
0.22592660579323087
0.2283940643599429
0.32004659917835643
0.505957563446219
0.7178171111812354
0.8465071835372268
0.9084415183085971
0.9324685697666
0.9227983923772671
0.8743339380436905
0.7934769442698926
0.6850126744325995
0.5690796947165307
0.49600448466292824
0.4753738858013374
0.46660300944361716
0.4209236187809268
0.3530454364297232
0.2859179474942648
0.25055826341619536
0.2328999467036124
0.22414008570524369
0.2249097834316605
0.2249820438972696
0.2249761998853115
0.22402106039227632
0.22490748853971665
0.2255037531285395
0.23015854578122946
0.23567172054950886
0.23787869195924755
0.23535294134314744
0.230351222738515
0.2265807481714642
0.21836094713101184
0.2133607487815658
0.21356358319737817
0.2643921506309399
0.36947289543804207
0.5363000247953025
0.7033990968536864
0.8330411204463162
0.8956574311556762
0.9309106208045979
0.9608900909500988
0.9770993239229153
0.9699575532052693
0.9183405931077538
0.8107921574359676
0.6765820661036297
0.5746103448537045
0.5245951592266913
0.5070612604632525
0.4597787856598476
0.39697216053794415
0.3472786572329827
0.30367401761405916
0.24216505235367453
0.20727076405339304
0.20862526977248116
0.2118189590211252
0.2069107593491521
0.20725373775368483
0.20850221384269543
0.2097144950249865
0.21108067238512096
0.21751512821754568
0.2212605182892862
0.2199700549054455
0.21721023785331917
0.2195235925686131
0.21897777794605824
0.22125506056417377
0.21736263749024698
0.26583402001059614
0.4259975620864004
0.6673009306183566
0.845910444887419
0.9159319715941665
0.9287007271363771
0.9353385396640298
0.9247116949707587
0.8864730730169588
0.8242314708221141
0.7540372376458389
0.6986152462048845
0.6697551147716174
0.6583930529834229
0.6642318792231758
0.6745604804006325
0.6745049571048641
0.5869895557247058
0.4567007140095317
0.3323777063020872
0.26225776197293316
0.22544284023777586
0.22195122093670858
0.23009014942495434
0.2259539264286355
0.2223186731248618
0.22133005902439246
0.22388904434656995
0.22650274578619461
0.2274034645389209
0.22570629256839908
0.22335231060827956
0.21929966026216324
0.2166026230128599
0.22795641096027539
0.31336621043564633
0.4591730224093896
0.5764314303934155
0.6362421330687379
0.6613611743755801
0.6814021873546328
0.6781497728932752
0.6759551166945345
0.6632189913806608
0.6548217186413701
0.6471496391033441
0.630899776166602
0.627195936438512
0.6350040928170292
0.6128641675892899
0.5525517645182185
0.47234014450465706
0.38408376759395474
0.2951778315813286
0.24270927934268977
0.2181099583463461
0.20689937013963505
0.2010099333892335
0.19263167422390468
0.1843372406521313
0.18187562783949535
0.188612396748216
0.19393575104525218
0.19553635222890284
0.19491164576867448
0.19483977577174366
0.19581273006426894
0.1944706495677921
0.19479122389769232
0.19029699524043042
0.1825302880262927
0.1732107999592864
0.1724608657167872
0.17585214545319663
0.23695261919910415
0.3609806296077409
0.5203273458785238
0.6451912527154591
0.7326520748062963
0.7743355243479119
0.7902686541947583
0.7977352357166507
0.8158716523112115
0.784944048105662
0.7262890751650757
0.6075469033038913
0.5161473173077578
0.40257016653935973
0.3362276245918316
0.27312504689434014
0.25199495522154036
0.23094477731615717
0.22661663077348526
0.22611908773412154
0.22168572373163725
0.21073581812304312
0.19885056509303417
0.19203371717283674
0.1880958970528063
0.1835429879358687
0.17807218839587652
0.18213819418433339
0.19950475209670693
0.23796564648853272
0.307591666178211
0.39619770847329605
0.4726792902497877
0.5119812868781448
0.510532847610877
0.4931382123791088
0.47316181337229224
0.45720086962467654
0.45322245946896245
0.470774134026387
0.5012292189426781
0.5132035944819906
0.5137874270899776
0.46995542123127537
0.39787915786273215
0.3409553606609052
0.32396760589121154
0.31125771869900426
0.27627729833090153
0.24519529425019168
0.2211885739682431
0.2125481064978149
0.2046950600806718
0.1980930769691841
0.19346163166883937
0.19240654467993357
0.19170988688631982
0.19009735374326597
0.1890052824647919
0.18582025703239063
0.18161759108117012
0.17851321913062382
0.17937567378588198
0.17849047530393672
0.17388495201640305
0.16752536077624483
0.1667513217757487
0.1671148747818205
0.1696908210301214
0.18192446851608463
0.19865906894598018
0.3007525442624064
0.48572171233343514
0.683794056404873
0.7903803780116836
0.8314033100265541
0.8336078499881974
0.8121139953209802
0.7162445219767661
0.6312653226011598
0.5883931119391277
0.6080216813916178
0.6053780571979513
0.6086489948084826
0.6208296197033554
0.6370861106751955
0.5974900845459896
0.47032583057106225
0.3573969991805466
0.29593187403042287
0.24901299469889032
0.20256072549112975
0.19101211775026916
0.19493746061647152
0.18877097589310696
0.18508873957634375
0.186546626132309
0.18900512750840953
0.1887536163883672
0.18892973580979777
0.19050650503686262
0.19150559677938664
0.19437368209450787
0.1911646893866523
0.18559508883329065
0.1752595996764668
0.16508171769579852
0.1551379246869811
0.1592556409676187
0.20033994622803727
0.2814083179854183
0.40661628091552865
0.5368934635037326
0.6442021850144609
0.7067688345263209
0.7424780068170076
0.7676182586137222
0.7893603184114772
0.7973043981913962
0.7744943673815785
0.7267510325632368
0.6659277584262437
0.6042866248965573
0.509279457410625
0.3707987620552432
0.25050150845512126
0.19920327397674253
0.19903098652081963
0.20048476418908695
0.20300382010871915
0.20113350410217884
0.1956622748685115
0.1887164502821172
0.18449312578462734
0.18657926701679975
0.18746485083763723
0.18901028947531032
0.18953928441450468
0.18767768794553435
