-2.8965403530103235
-0.2838678982952137
0.6638780732764028
-0.32021561167649737
-0.139031013926898
-0.10034740865414007
0.3226606842715963
-0.24386003455223465
-0.3087272927607954
0.23263789755481235
-0.3284065883502186
-1.6307106364728146
-2.838691045967064
-2.2926314873008717
-2.1159637783017997
-2.936026746625358
-5.978059477144551
-9.314096871958574
-9.418879398106496
-6.830941136503683
-3.9956114132748746
-2.138045696360925
-0.3783251484060963
-0.004086536509800843
-0.5213213552975092
-0.8562467007849164
0.032807484515109404
0.7492810956835315
0.20135328418031387
-1.0272142695751865
-0.6588795405996158
0.1571616995110854
0.3694237116405856
-0.12399936899073111
0.15185578274332973
0.7807027503329915
-0.4885052991252566
-0.44695259089542644
-0.0985290505020919
0.054790611962597435
-0.8469843494928987
-0.07508381807321286
-0.10426755851926882
-0.4948985363022827
-0.1714959392383458
0.1952735196575413
-0.3030621410763814
-0.31715366938637274
-0.49808408538157883
0.09771400517413567
0.20068728141443873
0.4658885329845171
0.12200417154552017
0.5680129079532205
1.202340708036032
1.8521705445001284
2.3244151505626385
1.8525284372742106
2.7464404834992293
3.7776448659747577
5.087924552801452
5.404497977818558
6.191219216051208
5.283937017097839
4.112364761987669
2.846317438832117
2.257521429822992
-1.7407171199300226
0.11917899827628851
0.42768652477652863
2.8465662046821096
-0.9264374802130779
-0.4661267376617889
-1.500100126268876
-0.5219092117147144
1.9285653863449295
1.855927953555745
2.2316618105485455
-0.5708403237534199
-1.0284324909235911
-1.9030932299944614
-2.0731025503384
0.7055938787908664
-1.3678296153461282
0.8105046657380595
-0.4023675918163897
2.1508570644999727
0.7816807038477586
2.411520783791467
0.3180040477653381
-0.1502539204477987
-0.6433754575292451
-1.2129027891733422
-2.8129802721286525
-2.872838507536392
-3.14919813010907
-4.811473812826727
-7.4451572356411635
-8.703313966629374
-6.656814735735054
-4.633811648094568
-3.4043521951793387
-1.4520206046483122
0.2446018511513905
0.33176111411032977
-0.3624603053046677
-0.29804859515759907
-0.3786024381345791
0.006418768508508414
0.10134416462942103
0.46119074788020475
0.36756448824015
0.30856962558008855
-0.2107610620053684
0.4008479339200275
-0.04375870894105531
-0.28805689045640037
-0.804955425343848
0.06627204255697262
0.23204625117432529
0.22740929280187933
-0.7432434599888624
-1.1374710102344452
-0.7873505722093743
-0.08937499841544423
0.3890370765675386
1.2642634830850665
2.936793665804413
4.026604723962075
5.463258871980717
6.584965771927841
7.9011657943246565
6.864357119430139
5.307601703637409
2.794310025783114
2.1869500777732673
1.6896544468456107
2.286275609120142
2.178986070136851
1.8153603060783128
0.8768468925839876
0.34336670103466094
0.2811737695481208
0.035389767860689716
0.0388338779782229
0.0033622032970148773
0.28938488942922386
0.4499245892411013
0.4779709871796695
0.25787454369342916
0.15195073382565702
0.23134559682461386
0.1404297916792579
0.04031961776770802
0.1734566126434906
0.45869627253207473
0.034244973545478744
0.02334823578555198
-0.029923922825936363
0.154382501700979
-0.3339629099925257
-0.07915451100360321
-0.4261780978904232
-1.048789422984077
-1.9977004956015847
-2.6837992329332487
-4.365405494272397
-10.638349311440791
-13.148295387588856
-10.682374090900039
-3.746624608708464
-1.4839164597822516
-0.5329415602030748
-1.2121379473343161
-1.0907576945287938
-0.8693097342174764
-0.8294658805846802
-0.3211122662178075
-0.433830876147798
-0.3138836702514433
-0.5481148458885915
-0.043364407662619925
-0.20545214883089388
-0.13345098983212836
-0.28059899189234483
0.04115916807549976
0.2168278543383285
-0.2469082164598761
-0.16318842902418287
-0.2128175337852028
0.13215205381740763
-0.1925943456261897
0.6925270146715188
0.8860235552568643
1.3939224043467902
1.4368889022795976
2.063840760649588
2.8648890812925556
4.0989704845098345
4.97984173213304
5.057874464458099
5.477789799515651
5.108854153735849
3.8582486004188925
1.7015803201566821
1.1144636736501563
1.0690057847274097
1.0971621643733926
0.7702217528865912
0.6693147051545846
0.7733115926164463
0.7953293727667349
0.7825676869936499
1.0941558200114838
1.3749915513235216
1.3170572349522571
1.2436935417861283
1.3056002892544185
1.1016480383665779
0.5676221497060909
0.5102641757856059
0.6596547491949446
0.6504664593613608
0.3248254637720949
0.05085216064308469
0.08948050054702149
0.014994540909158624
0.10425988402345691
0.13706544261377346
-0.19481982950766044
-0.05398431036083304
0.395460772413502
-0.23269831435637517
-1.7985984863928526
-2.4696559519192927
-2.1244167038251858
-2.2068625263942123
-2.2800466525702103
-2.52087268866948
-6.498456448023059
-10.293534603138427
-10.98815224357226
-7.014898408458544
-2.796305594173783
-1.221224072051678
-2.310610633037381
-1.4730073504030692
1.0094541324407762
1.7811525532674382
-0.7485703956258754
-0.818675056810135
-0.6526073511167202
-0.9595092295048131
-0.9947968123926562
-0.3859297646837386
0.7712901885464621
0.04665827712973472
-0.14537253560179816
-0.23467894304044343
0.5593853098429151
0.9704446354595188
1.1516358524910197
1.321874231429556
1.392038078404874
1.302097156065562
2.621143888449714
3.4754439231349545
4.094599228911496
4.516334909414902
4.90805850888526
4.019491704808281
3.3410031814297767
3.845511409300191
3.8285856582125715
3.2631973678301778
2.850680805296662
3.3257974118174625
2.797331458627833
1.4125399730052852
-0.015625374533250247
-0.4957707007904739
0.2160577248747172
0.30704429624462626
0.25662329195363576
0.25439171998697363
0.27789385276571477
-0.29171020862983504
-0.542714021676933
0.06335822787436407
0.16243548912960706
0.2841936188561625
0.2028587946484935
0.26926924302487315
0.12653926529290693
0.1970393866046101
-0.5582881984713814
-2.2718887173660165
-3.711200595545725
-3.6476009698714713
-3.5173979279900105
-3.078994322595958
-2.9437278031762655
-2.8714216223336333
-4.51826288574204
-5.362423809565496
-5.858662123791051
-5.33011805062547
-3.8263003791640657
0.7775667904191491
3.821900434885629
-0.6529593673921703
-1.5390831779413905
-2.7498973275315395
2.831746096903144
-0.5833314630153529
2.2736693394009757
-4.315280288156141
-1.4834985434736272
-1.8565595529488543
1.9270359304974785
1.3042334796085198
0.22757309816785778
0.696157575765858
-0.986104237044236
1.0378716048052548
-1.2820510565226797
0.290495631919605
0.38254078749907405
3.3438450450845396
3.4201803430642426
3.5888672432990982
4.681442676620494
6.749880795926368
7.240058438839135
4.920634897177627
1.8796293302646137
0.931630216767213
1.4826956959862345
1.8092473642158977
1.7846102821233198
1.4484869056271428
0.9411074067147618
0.7492408125217969
0.4181752834170764
-0.3166584852732812
-0.1305419779224342
0.28166509267874773
0.23314375624640865
-0.0006642271254819778
-0.10066264663146898
0.1599967639489939
0.11605084606992208
-0.10048196786023791
-0.384872223882812
-0.1262075984817983
-0.1124254817037977
-0.3518476562245811
-0.23467089592011353
-0.09282553391411186
-0.3864664864607717
-0.23258730673865052
-0.7727468300985213
-1.393314526751515
-2.1356209594426576
-1.5634481294237157
-1.6653026153908528
-1.9510567620555344
-1.6582917256666
-1.0671040374802836
-0.6027585845868687
-0.6464169506586771
-0.4432681961407752
-4.381137981972401
-7.528174670748342
-8.67160191019346
-5.135867436016302
-1.5476128789141608
3.522096292989806
1.6030620250708518
-1.8045529194830732
-1.47332213959112
0.3352272481782426
0.13142749170398196
0.47728110149343145
1.3866962881741067
0.05190979646031343
-2.457333300657105
-1.534600727966972
0.4669610680792663
-0.3269594810738308
1.3880506934728831
0.45954708736068156
-0.3966452356242414
-3.363139272346417
-0.524975172806488
0.7346832462115872
1.0506094660150087
4.259719113447189
3.328229440297473
3.8392487750922903
4.1767319819166175
6.441723543748312
4.529433456729127
2.8212920448185543
2.132803830382702
2.039367507781589
1.8430798143286762
1.9807059981985713
1.5412973575033961
1.1558944997044103
1.1324322186731974
0.4381627715590646
-0.07047784501231139
0.6258241944598009
1.2947062155428204
0.7200773652690743
0.3651706210637919
0.5610434917314697
0.2872990094089821
0.3494828716371513
0.18938368867804267
-0.10756583830020355
-0.634576247723091
-0.24118578679496935
0.25173613113592763
0.3609872263943357
-0.34157378510538583
-1.6827513039487945
-2.7909624700935196
-3.1897595883746193
-2.326920979370892
-1.471270374175325
-0.7503853358894368
-0.6432872097299837
-1.0868079169413984
-1.0921939485885328
-0.9356244509002687
-1.455405318563104
-3.7535109269324685
-5.506804269733731
-5.631759946795838
-4.48627773982087
-4.4513902576997415
-3.331198508377362
-2.483959380371063
-1.3798385350060909
-2.050900756454
-1.3137443475463515
-0.5294674226530592
0.15480035752645643
-0.6019165010834806
1.461441679032676
0.5783299959156001
-1.2784683585491359
-2.2735301125026557
0.4250123549566627
1.4540016406788023
0.6605716764163584
1.6139654187734547
0.8579915857602735
0.9767754124894469
0.9472639654120107
2.984520604828437
3.113742949901996
3.190730759809524
4.296149162075842
6.47786652431666
7.234497130916075
5.54426724674844
2.75827523054179
1.5982794984489028
1.693317990095508
1.2541516861291835
0.27679297585997287
-0.8140633932469117
-2.0984043162070907
-3.4814748745640802
-4.14321751732517
-2.7047472756627564
-0.734692415493889
1.3592696338354817
2.4708449228100386
2.8200274232454565
2.652560006791098
2.4691234668083952
2.1800369259880643
1.4278251196903446
1.0246765280755659
0.7930494868416577
0.8343405742669304
0.967114892602244
0.6185658256117451
0.40099427944569227
-0.24378349980327071
-0.7741528971837326
-0.5380438353622273
0.75936362951731
0.8415787505749565
-0.02921129298203595
-0.39326039281973024
-0.2509262131276944
-0.08320666714089406
-0.15334153168104142
0.02454790371724569
0.3379877560721637
-0.2656402808821313
-1.2007220457636085
-3.623083228760164
-5.050833807216177
-5.655236361607205
-5.111070974774154
-5.4615875094492194
-4.608290573295798
-5.300814549326296
-4.540046299579734
-3.736424371552636
-1.254730851281082
-0.9256026141541012
-0.5227940911612468
-0.7506381176348941
-0.33574215250826817
0.7814634735105119
0.3496989421824335
0.1568256058262629
-0.8458119413549634
-0.8747307453022422
-0.25661913067286785
1.835328002742115
0.9294918564312528
-0.21209188224048214
-0.30076174917574294
0.956842301891342
0.9886214917975329
1.7741865827034204
3.431593329866369
3.3799601121153104
3.628691201487416
5.476187953709443
6.569421196365571
5.081592582821302
2.497305176434357
1.6178544557898364
0.7979428392498326
0.637955793880581
0.9957850311052423
1.3118780469034954
0.8996999306206185
0.46800580276608267
1.1791819575862696
1.5997802884067824
1.313370625039715
0.8066469220300091
0.5145102864348515
-0.049796939666584016
0.3143468571853104
-0.5475093531671699
-0.37038211492323664
0.3152533917037491
0.4970768761815741
-0.40524033912525664
0.05678382969596652
1.239541743746531
0.15883907999305183
-0.32664282380037085
-0.0679805866643973
0.21306549165989447
-0.19777911914241844
-0.7085417731082092
-1.0857776634032328
-1.2032907744596928
-0.12413370189826627
0.5959002145349374
-0.1431577449808081
-1.008783751660038
-1.404378088530912
-2.0766844047134785
-3.4128160213817207
-3.938301141846316
-5.829610683272718
-7.107774347390703
-8.543888263807094
-5.90905732698934
-2.7285625373059705
0.27041533543545426
-0.6744306649684778
-1.107506910730424
-1.1140648230857415
-0.853041139911909
-0.4278303206389929
-0.09469251932246127
-0.215598391488118
-0.5131007684447106
-0.31014441185680797
-0.20149013957475728
-0.1660419897482729
-0.07019560458181401
0.08620967545674503
0.29046495353097834
0.042355386033831155
0.02582598511277048
0.05108718774354505
0.5158462074780592
0.3810821336185729
0.6322859334734797
1.124969723887473
1.8197257782280198
1.9636216456477673
2.3519526174020062
3.749435699860657
4.668963883589592
4.983610087969946
4.472327465173129
3.129543118873281
2.6226742682857855
1.7126949555835487
1.3012287214089044
0.9674530112690122
1.1654590211927827
1.006753497027912
0.8565116193694329
2.0227935277174875
1.9884892593502956
1.119608189243088
0.75601432906947
0.5558374406785799
-0.25535162527461636
-0.42616944388753164
0.5393471377058077
0.9374856345328908
-0.572368950583341
0.07806132647608488
0.913014672676958
0.8184861565635219
-0.3114063938162492
-0.9625967056299066
0.11602284905835251
-0.36566142312407246
-0.1171212650369724
-0.64312785415947
0.4037199774301133
0.3456214396828111
0.3070615480229618
-0.4160828797025344
0.37614985690704333
0.8594029236933376
0.9746823878767888
-0.06370687901405299
-0.5018420148740382
-0.8505589423268439
-0.3090036614202309
-0.16135467947683974
-0.13670398931570057
-0.8393916934283074
0.1299314709486323
0.12739553859456412
-1.1091749390538324
-1.8976763767118112
-0.012454320226304374
0.0072692690409366925
-1.0389114662395618
-0.6607675654915472
-0.3086222543239179
-3.0944932762682233
-5.549167503057468
-6.149143820352384
-5.759534268323152
-4.7795121050450815
-4.326625056489556
-2.5431420238771754
-2.434600175287965
-0.29872994938920716
-0.21908427442299008
-1.2741189770318195
-4.51571955795896
-3.140066304668237
-0.888857452237949
0.494954293469992
-0.023251895115619464
0.7599317496593371
0.4335692549996607
0.28598276593824873
0.15305764463666788
0.998082204756323
1.6657877912287482
1.57026892103817
0.38598365054697514
-0.483883628973972
0.8186531081277851
2.119829531246904
2.4665860131376474
3.0486573648861275
2.4576735896323143
3.1470977551361825
4.392584229778461
7.965940040787097
6.855971817839489
4.81711236614609
2.1675126841959145
1.5847410595427303
1.2503118954475623
1.3938844177214489
0.9724234583351519
0.012916300102758151
0.09141831947740975
0.5066665783764289
0.26425553610219604
0.04899703031398029
0.0874465987611318
0.23637154189010146
0.044161877789092883
0.2048358854625959
0.1427402680885721
0.15292162825337277
-0.09836080092552722
0.022227683453762845
-0.08691043715535875
0.22550602703082573
-0.03119096498970975
-0.21296356702123204
-0.7496822051486056
-0.2934114653638607
-0.21347101701956298
0.26803578088794966
0.14734465572315342
-0.4610117579910004
-1.7704154273789359
-2.2702805710429956
-2.239067061396337
-3.6999730084666798
-7.535776381181416
-9.734415477257027
-8.195109283345943
-3.940028637417945
-1.5854501816049105
0.33632062913637817
0.0839162561052678
-1.0233387381275214
-1.8208620371046258
-0.7602975429104046
-0.39991888860920377
-1.3186289561936215
-0.814573644049818
-0.22435595315374615
-0.059356252891585685
0.006310983643607963
-0.21847138479097855
0.3269069423804716
0.1342185850535468
1.9486687684806838
3.5703467939120386
1.8666958666213167
-1.7055215814484708
-1.1288526901859075
2.2453393833054975
4.157594325642971
7.199215884380735
10.372230092143772
8.31760802753074
3.9305665278036606
1.5740961366427293
1.6962651654191907
0.9068734843286856
0.5686916765199085
0.3293431438399366
0.5125488318362839
0.03064119222858056
-0.14282690268569023
-0.23040725109595614
0.021637925441343586
0.167981264019586
0.006864401062108118
-0.06336725212537382
0.11135171827728352
0.26842847813697496
0.303440436986579
0.08394720943233595
-0.12070997476507214
-0.36156080652074407
-0.187359013482173
0.2219320463636236
0.22443199241207296
-0.7304313322720806
-1.7076493406420294
-2.4353821325666734
-2.024770147501568
-1.7733599724673197
-0.8072724183931344
-0.989309402485333
-1.877247508031896
-4.643109756472423
-6.321790392325298
-5.8132263817471745
-5.898087666689061
-4.931647267172842
-3.342188178873632
-2.1868954355899097
-2.734713101184711
-2.1581092573090848
-0.7563798743906575
-0.40154295957860064
-0.17017350869819547
0.1360146499236112
0.26280917331242015
0.03552785119650171
-0.3095788860845228
-0.07073514442124904
0.3055042029896442
0.6779954265018888
3.1010355133185796
3.0807694017260254
1.9984503278832388
0.7794292615660013
2.4115296381441382
2.6020468361754894
4.279126396791535
6.779677655304303
8.398001971183993
5.864241622946658
3.8141196033655014
2.491704991300498
2.5366564678197516
1.726464621916795
1.0803751492550613
0.2525173184660242
-0.28767198996363236
0.2519108787086929
0.8346719356117135
1.1340267533225492
0.5846102856979728
0.18615058938920198
0.4921898848315922
-0.29907830933215096
-0.1578954743530204
-0.008922455815884689
0.6517622690167861
-0.22656602256834618
0.6007594901970212
0.3243877299905023
0.08457631069237494
-0.26270064480389427
0.45965865913428705
0.5234072613394112
0.23797967442111528
-0.31231767285305967
-0.24202420384688134
0.02745013286097043
0.2432450783776331
-0.17200186242028215
-0.2685334590846233
-0.20723522067529987
-0.1337267416118415
-0.08931625529518047
-2.224265138800779
-4.59900305276693
-8.25750156547111
-10.507338830575948
-8.837333877931433
-4.230411837912762
-1.8114290590181246
-1.8551580925841469
-2.054435912163401
-1.739216466447487
-1.8975469575650852
-0.8989794308692042
-0.5136744112541084
0.32313657403673646
0.16389852388587967
-0.5404989620732157
-1.2446225973757987
-1.235328795049043
-0.7652538734148356
-0.7208009042198018
-0.43007517616959895
-0.3879572597715795
0.02461379596465074
-0.12853885887483854
0.17486596559777404
0.0930114782733485
0.2604219299901182
0.11864587188550027
0.8754570426566766
1.582039013390443
2.0441610846894744
2.3431872202951602
4.351597659064601
3.989178778543131
3.6724317522804184
6.184979276340562
8.300266866675782
5.580911165668129
2.073528768255677
2.220371000967592
2.7616445832946592
2.2946158104722683
1.5619802352848655
0.7631566743113225
0.22358906766073156
0.41561146728490583
0.3498582166033474
0.3784801773759876
0.25560644531088145
0.3176059037062176
-0.09207896092238585
-0.14646732779167004
0.15941158180209453
0.09305952200106966
0.31991226156926805
0.16336119474523778
0.013939727998681234
-0.2697579116559543
-0.06995626966375663
0.06020262205628355
0.1060586829055446
-0.5217416540002169
-1.6509082637945534
-2.386720656974414
-3.097841062762544
-3.6505255535129915
-5.365497004675269
-7.929894033366403
-8.425837399229136
-6.0417560511173924
-3.4884790355245885
-2.6068850548281306
-2.204053341541966
-0.6631236859313825
-0.6485175569570769
-0.574044916824458
-1.1422664145253445
-0.3278740062021968
-0.27347029573172116
-0.3683838121833001
-0.241391122617002
-0.21511440317156297
-0.33135566314684495
-0.5413699611165823
-0.23465054879582226
0.1309002058992142
0.2159949554574684
0.4960712349958073
0.6614556782104424
1.0501547673807743
1.4520797448159484
2.105922963407533
3.0578678872625287
3.5454384830385246
6.27023878011467
9.521687521565529
9.47867975650007
5.341383206673179
2.4096121797106087
1.9971452437886434
1.7816305511721011
1.1407443949600702
0.566777926874914
0.29394458961571873
-0.13541678506020385
-0.17792053053382387
0.030565834661524034
0.26308782026520977
-0.33365639587301776
0.16244634612966138
-0.0760828683061664
-0.02024658541775931
-0.2584804173485092
0.47762783572091344
0.3125276796396004
0.5053851851540112
0.110307729856924
-0.5045216026453956
-0.9532104356630775
-0.5483910023825653
-0.1464755663488665
0.060447710384142865
-0.5014936269657027
-1.466619358586666
-3.089434578027066
-6.371995283426395
-9.909354937421371
-9.496435646608095
-5.892831675234433
-2.895860566508153
-1.909339055123806
-2.147182548548348
-1.4606191213167128
-0.74461535706569
-0.2297369088207148
-0.7415482377260241
-0.7042639916685013
-0.6684353569842548
-0.489683194325902
-0.14485675796290806
-0.18970717739369894
-0.2796523547608577
-0.016188282194283064
0.16094980941703918
0.23444727764669188
0.3043636858426845
0.3322391943451797
0.8735150045745238
1.5412778412114874
1.7709908190760217
2.987701484708255
3.9376482877205627
5.324622394720775
8.404167640108824
9.145409107304292
6.053321571415893
2.728225120975314
2.3148303807052466
0.6992126658917062
-0.09725885522834707
0.6983450535501331
0.36721445732830293
0.13050417880774287
-0.36002703621670623
0.370079106317338
-0.42697310927237925
0.43494377182175664
-0.46378679358457375
0.5998954166965839
-0.33825077264472514
0.47183674408630044
-0.3684889807667592
0.3176020713841912
-0.3182129987618113
0.40706864497337053
-0.2853342322336736
0.13109497600502695
-0.32487476947113586
-0.23795517665180752
-0.5437288283166202
0.1906429061017187
0.25750863173126604
0.13120091631848743
-0.19573897093641215
-0.7657789119463212
-0.783776446082234
-0.4446583804573605
-0.1823555057544516
-2.4757131191647472
-6.685384702266206
-12.023749526679254
-9.716477902964973
-4.708026405330335
-0.9905023193581943
-2.308774621280259
-2.2913432439736403
-1.6751746234899936
-1.2352256864143458
-0.8988381362312012
-1.0670142120120194
-0.4599808968792785
-0.3438412351199672
-0.22764517555784392
-0.03227449661526455
0.32062391898886144
0.47311969041576657
0.13428255753718324
0.07052690899108495
0.4119317985175623
1.6128801703294129
2.2547706648505064
2.6954298619834964
4.0512361943224615
4.332942360390594
6.762246691052975
8.118045556805702
7.21232544566133
3.4515141582112827
2.097428360043131
1.717517901548189
1.040459022501918
0.645641627047432
0.3850080648801498
-0.27421531330838805
-0.7215749187848601
-1.0630541950799204
-1.1271346685897063
-1.168323440006573
-0.5051810285637991
-0.5215377374004534
0.2542006667023744
0.9288250696623237
1.7832876556586446
1.054731229116601
1.6055781065078192
1.229918711652652
0.5641071150034703
-0.1741151080977709
0.26321409803200246
0.0008779380643673966
-0.24862260552489604
-0.3117704208641147
0.010825404434565119
0.07279940375450847
0.17954093549185668
-0.03957413283992797
-0.713869029795095
-3.2280445185102393
-5.849603465015527
-8.375692226205237
-8.322596272434389
-7.119708583169527
-3.886649914838286
-3.543249832356104
-2.3378989278975673
-1.9963489962835743
-0.873182287905552
-1.1774086832009403
-0.13336476083675144
0.1476374718034496
-0.3815305178070336
-0.31455923295108595
-0.24778222485839932
-0.010646030928852851
-0.15416467070153972
-0.032419732746141114
-0.036019023844417845
-0.039871205218957644
0.7973573158935374
1.3366889926212597
2.816391844145839
3.7788949001515593
4.450607659554755
2.635504608508111
6.3373329303067125
9.398792821616857
8.585539063678798
3.828082538343356
2.118950840833383
1.3758343140066547
0.5011435476447306
0.9026698569051164
0.9284728435244055
0.7518014004633705
0.3193413485799768
0.09890570790020654
0.10995197751722377
0.006767204612071528
0.3032638048760145
0.43310014742648856
0.4416510739454733
0.2636003577936884
0.11705139903627425
-0.005680658013658458
0.37953337532839077
0.3887638808767427
0.027149157807224034
-0.129828155880712
0.11466343610595939
-0.4132209235502635
-0.2531256422632799
-1.389745245380606
-0.887864152694845
-0.2597959954003596
-0.5892339405417737
-3.276853153601977
-4.480477648122992
-3.5660455163385545
-3.838475833187201
-5.326640726872368
-6.083078332459643
-5.159741467115967
-3.64590160775988
-4.013663725693989
-3.0496326507822453
-2.116529034425466
-0.9978194849667239
-1.09447401069494
-0.5697706762386725
-0.7198897289663391
-1.3506578096744053
-0.9324599870710171
-0.3607617873957519
-0.3727419407178947
-0.6267921029674836
0.2732625211115368
0.319719861732045
0.4915154567191205
0.01608230904460919
0.707750535702721
1.304872696042499
2.6605654846041107
3.713051253751291
4.517306680788751
7.689488243023684
10.108188703868173
8.916899225393749
4.372813308885865
2.252408949512227
1.971904639154155
1.5336627868871244
0.5971350337217325
0.15376956874776568
-0.17428084068751618
0.633853444275255
0.1585846205958187
0.9540139704169524
-0.3207416556644303
0.07053843050341914
-0.8304648216341587
0.8307291472800299
0.05489112767566947
0.3198180476988903
-0.38451455000190615
0.2606239786235968
-0.9433109136341269
-2.9970442403107684
-6.498872187410861
-8.244607806223266
-8.37745559740397
-6.68982791742926
-5.055563069230139
-2.882710142526268
-1.5921322512423925
-0.6672866923199802
-0.9969995860133501
-0.4012983120333835
-0.11427586570228893
-0.3546187830588184
-1.4142087647673396
-1.6702500971476753
-1.2802777782036965
-0.9775721551933382
-0.704612604060391
-0.3353719190685556
0.016983910143255475
0.14367127716000222
0.08406820579759407
-0.07172665901113864
0.008920260768782391
0.09873933695139397
0.43407458578787017
0.3358534369267393
0.3501944520677757
0.1839739754929758
1.1265926472014651
2.5143370570630825
3.347327299945108
4.512590576342614
4.977628579429986
8.281592796906175
8.364298282920544
7.597497951966554
3.9237076763280485
2.5215708624367075
0.7086949911592247
0.44570272245115033
0.1513267808076854
0.05098064334956144
-0.06527541143169706
-0.20861057017907372
0.036915792372833475
0.7795237667428089
0.6007011587087749
-0.13592820341232864
-0.09046587872912308
0.2149467922368531
0.23398514837378875
-0.07367342213940839
0.0419309836903971
0.12060859114774411
0.20216512842663184
-0.2495931486513889
-0.25596055938887596
0.049812559300142556
0.2611009782069798
0.06463612046658497
-0.33373972266506413
0.09277052273166081
0.7845832413334869
0.5407213905866978
-0.8426211915304761
-1.6451719703575756
-3.10521954431309
-3.554402050897758
-2.962530315322198
-4.008623083984006
-9.45055426437348
-9.132605347297131
-6.761227130806692
-3.481103247809554
-3.4095425293366524
-0.9848935080405434
-0.8529901709002728
-0.3162566317951062
-0.2293964618216976
-0.3760753407493009
0.004447956466789997
-0.028652388909972643
-0.20281298393448208
0.029890734728693392
0.38153137830790695
0.46362801671924303
1.0382981132782902
3.009169947290221
4.840609942327408
5.786838074125392
8.722741467229596
9.622991019884106
7.556382017673453
3.2519399960762034
2.055649087284005
0.7161987656050242
0.013614401801188222
-0.022206057508208518
0.41163740464263865
0.17684742192486513
0.09310930724367812
0.19809522656525597
0.16397453508408866
0.06280904073588185
-0.16632018365779824
-0.12876428334461854
-0.20089565733206335
-0.23000014009841155
-0.28123336191530335
-0.17882107634827576
0.1885705971004053
-0.12541359772569474
-0.3280911015929786
-1.3849688732671084
-2.6758585290292816
-5.107581075067204
-8.051123890936427
-7.5137396907780545
-6.859474557006852
-5.159311585243108
-4.165907449132578
-1.4728786657666126
-1.6209369030749197
-1.7300684383225393
-0.9250771261524886
-0.14588612407159246
-0.25331509759939164
-0.17357686576327677
0.006451893938398768
0.13658851439553257
0.00507124310968805
0.5161763007711028
0.22221864217874934
0.10685613201980493
0.046039059504677356
0.2503187052800943
0.6148919818892886
1.5532135049725908
3.797965997008242
3.6466856176316274
2.8613690793971482
3.212960981304827
9.503928333460543
10.31915154366785
6.080886077943357
1.181494457111865
1.0507639364607677
1.0043500360812267
0.270384709478042
0.34686069976698625
-0.19963981450166893
0.5021655027429502
-0.14301116202818362
-0.40079169274417403
0.1681555249296791
1.5298364021986395
-1.2378426996212515
-1.0881526458972643
0.9135695770562111
2.817388887882858
0.55994788671854
-0.04877260577500098
-0.24760194703988012
-3.110816880419298
-0.5070894990386732
1.673101393297722
2.477228593599404
-0.9405449678091755
0.2468905928707173
0.8096995265887913
-1.0939223063396697
-0.6678256423963227
0.4303516287838072
0.6008174096585215
-3.4905780041809336
-4.434017582473734
-3.730374109205988
-4.824547158705093
-9.079182916310517
-8.397046343459909
-5.524060456879182
-3.516208283698363
-3.1492311432646605
-1.2967973029336493
-0.847513177286197
-0.7791718481684318
0.12270051058587587
0.185849907369485
0.13543550634715204
-0.17359149316009354
0.1135104656655115
-0.13891573865814366
-0.034960617593892726
-0.013707783918073613
0.27809310920498126
-0.15099049097137743
-0.4062688656905789
0.08241476795225094
1.1910452082000549
2.119764861157365
3.170972504899032
3.5097332902304896
2.5624362557268467
2.11657284731992
6.058761650633491
8.690342713548533
7.360717342882549
3.8846173139500304
2.2237065890889927
1.1840765895913192
0.3095056401517658
0.546631165489031
-0.29527967796591437
-0.023758234683019203
-0.06013792567933449
0.18521941150132495
-0.3135745901078702
-0.06905667045723655
-0.0781436111920275
0.27963524716893967
0.43429744360862693
0.5713000760179369
0.3158206213232441
0.31750874929388806
0.7714088458982754
-0.11676939058692823
-2.9930679106598426
-6.370345533186471
-8.768230562200957
-8.850643831467638
-5.321568361281573
-0.8122590641376655
-1.4282123786692815
-3.7279980495507092
-3.567925484090256
-1.3719216394329068
-1.0667941802818044
-0.9824230404638754
-0.6598452825361152
-0.26987978642123744
-0.03211709990268529
0.013427911969774095
-0.0994913579101822
-0.13502345983935812
0.05968425416896079
-0.06016996615187928
0.04133541886531213
0.37657178336105024
1.2996610048144897
3.0231460065932194
4.431225737026975
4.054520853641731
4.0510165844543105
3.4526002437313017
6.950297315918864
8.61343991531463
7.390045233828695
2.3650909828249898
1.387698845337505
1.0598230985486359
0.28794249864637794
0.16960153897680094
0.5371607477490431
-0.08233141149123903
-0.3797340112750531
0.013804250443568374
-0.42792368229567435
-0.39327531537329835
-0.2824341477748951
0.17143193504900542
-3.0742621194980364
-0.5897953737282615
-0.6509850527552378
1.7289506816737317
-1.4532432722819482
1.53649298159058
-1.082778947085749
1.1291318616316335
0.5861786319892892
1.840077972391786
-0.6900968618379469
-2.0109218787694414
-2.7636126238847143
-2.1246598631319955
-0.7772615018388349
-0.6963881107062827
-0.09118609105786508
0.10871061259186098
-3.6249932462863583
-8.94387522354662
-10.661224822854644
-5.9769311514342895
-2.0910385468152497
0.38079125613751263
-0.07987269584348727
-1.102729612880357
-3.2939726469974913
-2.4916599026737867
-1.3528451957312662
-0.2134684673777428
-0.4352595203047322
0.1089650999742032
0.219290734087587
0.5666660984152875
0.28904484720962886
-0.023837227150139022
-0.31540034056941935
0.6844628622012855
1.2467460912802306
3.067863085795172
3.560072027181263
2.051082510931894
2.562496897486364
8.227078591675005
11.039646063849997
8.013400819530398
3.2658949578799703
2.095636804535191
0.5842795298781799
0.9204684940701026
0.4003669270664774
0.6611323332953798
0.21681509767910734
0.8860203182351805
0.02452653038087565
0.12397224560399861
-0.5207905529300246
0.1157009704129818
-0.18703014553528483
0.43681620383250447
0.23737984486479585
0.00500998883646437
0.1590913496454589
-0.06184700910249271
0.1716302589656746
-1.1074939435229147
-0.04139950309863374
-0.9558681079302499
0.28107943941202684
-1.1634142105453262
-0.4561054338658403
-1.6566595787830694
-0.7308771958749987
-1.1956081176405315
-0.8389999124824488
-0.3791992162937945
0.12264474842645509
-0.7966268605106406
-3.226557596587484
-7.128301606686192
-8.885210191446799
-7.507506374339969
-3.8100393947672484
-2.031933218866432
-0.8500250162403559
-0.055677639589791605
-0.04602372185458987
-1.5735356950640522
-2.0620341488318608
-1.4990882203348075
-0.8375911357514592
-0.43175622529320623
-0.41350982998821734
-0.0598267180600149
-0.054453506697628204
0.17047183543206085
-0.1438796567683183
-0.0018171921674773805
0.18882579182341394
0.08022623968614967
0.540678556748175
2.624806198368362
3.749511979596563
2.1244951400790026
0.9810260128641803
2.4019754604298993
6.128607289769985
9.591709639696274
8.19155103186235
4.291350699508691
1.6015550585567302
1.831227193318594
1.1889128514156142
0.8001786046125103
0.7606446644791763
-0.2692539121713542
0.2056618540629446
0.15573651510327743
0.42242416945216965
-0.1967801912675272
0.36828016781455514
-0.03050277326648483
0.13868747299047798
0.3816751226201815
0.6996940411649153
-0.05713598819860661
-0.008790592274859288
-0.18221506229603537
0.04999183875289255
-0.3293891625393126
-0.11636291013488394
-0.23161194426981818
0.18915961366836562
0.012183757039541426
0.19658845300755132
-0.21131316592183017
-0.3338925952711914
-0.31593654899218115
-0.5388469118784118
-2.2515505222208034
-3.734106352556346
-3.7638140985456356
-5.4081168997728
-8.162448764342624
-8.097234312106318
-5.231171143663788
-3.243034814397545
-2.3646200010528617
-1.6305181123014005
-1.689816127229727
-1.745787162466765
-0.9099864961754462
-0.2923747318991988
-0.22200084535956469
-0.20022394577912023
0.09061959619132863
0.10078953153667376
-0.20096388214230965
-0.20274675146558854
-0.047747725947425185
-0.00462766268937624
-0.15491134415375743
0.1132029455916892
0.5776261085130082
0.9755061445098289
1.4619816386374882
2.100737590252866
2.816514023174264
2.8534335931315504
4.629148166370739
4.463329504475388
4.292989770425254
4.452680863617355
5.322619465756986
2.896494558401932
0.9533625961077683
1.3434210675195732
1.2781850586564774
0.9982548435070975
0.8925355178981383
1.2628162127045768
0.6031511149208711
0.7814063625988221
0.3832447741263474
0.5618481524239236
0.3798676952057717
1.3197873276365963
0.8934776888734294
0.2700899444412473
0.19130111115144852
0.6232736711947527
0.5115900377509977
-0.135522232215538
0.2106861782218931
0.4965106771827814
0.022365181905940217
-0.23645840388229378
-0.560064197699054
-0.038533076461064714
-0.10892310315100581
0.20424237606046752
0.26043774596987185
0.6578449425424112
0.42595190977681363
0.5410309176209658
-0.6206678151182052
-2.9608733377527914
-7.50377980442456
-9.498103840006348
-7.266042178793038
-3.237750525752407
-1.3062842296107045
-3.906418083884261
-5.080324810497068
-4.944082580390497
-2.6141927686934823
-2.0949068120074825
-0.8302537050326497
-0.266074453653365
-0.144592729034211
-0.48420107182490935
-0.2829439907601247
0.14618735667623725
0.09665322876969183
0.10272777145764357
0.15043142317001235
0.44772666923530674
0.21005629087648323
0.3290333967852514
1.056787608823201
1.6779929804905438
2.019775678554092
3.0576572733090113
4.545727471898375
6.190301921001086
9.357328490402267
9.684628808925472
6.101659869556391
2.5601230545461435
1.1512042406331846
0.9503798526695347
0.2966954603831131
0.883976814921747
0.3684845262489432
0.32438525047720224
-0.1394866059840298
-0.18199721364840085
-0.04679621815348022
-0.2785862373042261
0.2252752658190252
0.28417499313063094
0.2020197786831605
-0.41740534473508156
0.04519051576429249
0.20615045114406544
0.4965852504938944
0.08151876545450262
-0.3010192365636284
-0.011212392098834482
-0.34311899282143793
-1.2803312209740467
-2.967715247979179
-2.956640099438376
-2.315371279900467
-0.9573852251969064
-1.035061250100543
-2.260297626983205
-6.313803679529204
-8.867130833185074
-6.6934140265733255
-3.5761224096390776
-2.1515680002805317
-2.7207746004269384
-1.589673751464255
-1.2052952785178725
-0.19576959232452887
-0.3060063219885147
-0.40458867211780764
-0.3792381492092935
-0.7555947639547052
-0.6815439883874562
-0.2642410761832046
0.5509127227180483
1.1989380386715722
1.6866491214087314
0.5965408011379564
0.0177221689779088
-0.14370545265361998
1.2648328385273786
0.8980347246252207
2.0996116683664954
3.6030065487314697
4.305285210810832
5.277047681871912
7.826676398920374
7.426295832010792
3.944529207088794
1.6995491295083076
2.141462305893283
1.363773737336382
1.0980504314720132
0.8750310028605588
0.1377341287857654
-0.2610548861623078
0.07185125885618113
0.49503519828584064
-0.025228265567446607
-0.4381859524823622
0.14791029568290434
0.3364543271168981
0.4792570519154144
0.5354910767352077
0.3971946516431361
-0.23602175662396616
-0.034376832039850494
0.16687106360184617
0.13252044452743392
-0.28232646937022904
-0.13829860804395752
