-0.0013366293731432552
0.03489236890840379
0.06516413266119757
0.10492150149137416
0.1355174389034842
0.16084345206634282
0.1731798622770103
0.19691308676271296
0.20399989641582725
0.23369330510804381
0.3635235871922261
0.6003764994317218
0.8261660462935144
0.9400197433120108
0.9676175758101994
0.959441094953719
0.9543933034929385
0.9314142031041557
0.9220735719690636
0.9098683260863956
0.9105108119975779
0.8986258993436629
0.8999247379544775
0.8907605397859278
0.8729482195781028
0.8330806271726212
0.7073888914000406
0.5746984267475344
0.4356593757340853
0.3623176434896684
0.29740537561787395
0.2800021691537543
0.2518685438938395
0.2344060913286489
0.22304303406049825
0.2134855680306637
0.20993558212218177
0.20834085351238413
0.2111660523044186
0.227100408384318
0.26521434237588837
0.36850743679908826
0.5585936715457354
0.7491660622631706
0.8534973281931102
0.8734067830649785
0.8628658580506308
0.8579057890502726
0.87005825331886
0.890666108700989
0.8853112290411205
0.8712787707069022
0.8585402865305988
0.8602515942007064
0.8565187447840603
0.837036457360839
0.7530833896937832
0.6237108090102348
0.4567310887764312
0.3681086574738893
0.3176335939832797
0.2964093120228619
0.2518056418848069
0.23587162206392004
0.22620410899161528
0.21569561429586465
0.20432982154932317
0.1951509489250801
0.19523400646113137
0.19501848903419194
0.19584387635516184
0.19717457642238245
0.19405131885931196
0.26120105121571424
0.31781553022856396
0.5017863255020872
0.6977222195006983
0.9046748854707726
0.9330044829361042
0.9398868173150332
0.9132157832652457
0.9124302209022229
0.9139457382392647
0.923323510999448
0.9213334061900034
0.9246947830471763
0.9175834589519517
0.9032614303041986
0.8649026723073767
0.8008418073734793
0.6802840374523117
0.5111782238236724
0.3989176122096668
0.3286715710078697
0.28597017809600145
0.23572098369765876
0.22518157409771222
0.2093607439698892
0.1940604273743814
0.18690343054541236
0.1863659108519579
0.19112884297531102
0.1953752048797297
0.22780647924863462
0.3695437510815279
0.6025476945798905
0.814657633154686
0.9235572966627735
0.9586988643280485
0.9587765888288982
0.945849290273948
0.9407156888559798
0.9411647651548063
0.936716948706779
0.925494424471338
0.9129322259887171
0.9096167498524244
0.9089241199824567
0.8895366003874815
0.8389590508417929
0.7160115226950166
0.5536181940966214
0.4125169487642023
0.3229439370336759
0.2564278623715299
0.20869993495879396
0.1961827772164403
0.19575751537549926
0.18548387914592082
0.16766653045369673
0.1597038015360219
0.17176767402645843
0.1886628649800104
0.2032016197901837
0.20334007332369086
0.23404534600053295
0.34849261207024707
0.5354787261734508
0.718968171927535
0.8411223651407491
0.8967282743963332
0.9139436612950829
0.9244792578645199
0.9328371081360879
0.9335918891801667
0.9333539984899922
0.9231213373080281
0.9182214006211064
0.9148635703940204
0.9062039431618438
0.8908924681447614
0.8706774846554323
0.8146092491164483
0.6662302154242283
0.4918928719183262
0.3821242546267525
0.32297691388633987
0.27310984484209977
0.23153362077814504
0.22434692494340408
0.21113228769668324
0.19995981995870904
0.19374545965329187
0.19687999522684743
0.20585855848766793
0.21606330135001667
0.21846307101527945
0.22516095660280944
0.27224873412208156
0.40491112181682254
0.6241691531533203
0.8114640878234921
0.8994090516724268
0.9024801126436104
0.8856230330787986
0.8800483961289461
0.8957749940805064
0.9300584288561444
0.9356261995077899
0.9321647712059106
0.9184681346684442
0.9084269905977531
0.8910694509648086
0.8617136783200061
0.7757942780944936
0.600377337042922
0.4403819054046241
0.34351959900079276
0.31137686740771325
0.2721429838693744
0.2481934530453544
0.22652403491831608
0.21753643109810142
0.21371504381940884
0.208545899571968
0.20204946486069061
0.20030482890362877
0.19851209275737697
0.20104594204324938
0.20735289138833185
0.21458211060684193
0.26100706633895143
0.3181592418369522
0.46715866103012316
0.6648398004628367
0.8469132434821101
0.9029620335746651
0.9002220782447601
0.9037713980264452
0.9094196164649855
0.9253163906437647
0.926285507449659
0.9207431548573924
0.9018227200554247
0.8899066788180212
0.8843762226833246
0.8752264929797573
0.8272186238136018
0.6933553176322609
0.5219624599939885
0.38067663594443457
0.30030903717640695
0.2539410422796208
0.22797640495209048
0.211263855120809
0.19479163263111948
0.1868005420694412
0.18733396591544788
0.19209633831080472
0.20279418427498816
0.2201585575835523
0.276941646653703
0.3741247301551413
0.5688896328646598
0.7613166924059397
0.8788162391661082
0.8935480217845171
0.899783916771461
0.9023990120089078
0.9141393128688173
0.9313668813578277
0.9305496264450176
0.9114439825782047
0.8987271121252647
0.8901429833111315
0.8898800376137836
0.8782379221514955
0.8232987670894284
0.6862863661221207
0.5298617014532279
0.4303486531823763
0.34912840570709547
0.2793081472142701
0.2279412693480251
0.21913597960130138
0.19921317800828042
0.1850713214615699
0.1764125210845876
0.17265002284576136
0.18242831571455664
0.19963443017173857
0.21170981897118937
0.23363751715334574
0.2829380976239506
0.3942327753301694
0.58309382667609
0.7982702673058997
0.9241384856287458
0.9582115608767154
0.965138024379449
0.9752492193450745
0.9626937924206393
0.9394385596263087
0.9257959747732414
0.9210020748390081
0.9124064470096348
0.8930413174495097
0.8595556564743434
0.7840490143951487
0.6077578371233981
0.4301239121789453
0.30438747730656424
0.2714443071318085
0.24339124599878972
0.23596801798477776
0.21924507621174147
0.21079971103188688
0.20703953512082351
0.2067489970110002
0.2107812795164771
0.21574928333251306
0.22401278161001986
0.22883731800482268
0.23663174715378868
0.26708247481895686
0.3970847587254817
0.6050829378355774
0.8053310179623852
0.91324767123236
0.9581466496702808
0.9818281410862343
0.9925524820809598
0.9910074608789655
0.9815047096041993
0.9738408481207949
0.9567433317377747
0.9466846350877656
0.9372383119849863
0.9240104952835004
0.8869293031360803
0.8232090148233736
0.7366857741250614
0.6107096104817724
0.49708752502560716
0.3954868955890025
0.32095221709908295
0.26276446104965223
0.2342499600788064
0.22168594576684794
0.2079353520535125
0.2077579002284959
0.20578670917749867
0.20274454717866447
0.2031549774872798
0.20878769985486123
0.21818772510227938
0.22685365692781284
0.23773615645128532
0.3075775571754804
0.479314254863148
0.6885516304108632
0.8469819077529307
0.9233174856740004
0.9595426729330288
0.969101632376693
0.9596623909729908
0.9539478370620676
0.9548068238060249
0.9556996157441885
0.9365047140896761
0.9247938151517274
0.919933767318138
0.910457001107281
0.8840817006457278
0.8093291295339433
0.6560672404495711
0.48537144214754196
0.35664988046802115
0.28980978349003705
0.25192191708792766
0.2346603262559275
0.21667002133815227
0.20051344538209082
0.19152728818394602
0.18718755630634037
0.18802176102860235
0.19168963170862896
0.20780296328072398
0.22287272758805501
0.24594946841650708
0.2870603224204945
0.42816500833114274
0.6238413423220556
0.8023663292072377
0.8951904190301152
0.937565982025634
0.9493639837322126
0.9470827019587911
0.9510853897983738
0.9627014266975943
0.9594254390530598
0.934464331395278
0.9126393538819162
0.9077186383550765
0.8702022967721044
0.7667030455688957
0.5724022768959014
0.39516676893082286
0.2911275215100926
0.26561064746073376
0.2466695877123411
0.23861222743037813
0.22624697317463888
0.21188301338143256
0.19283560276354014
0.1744635205553824
0.1704174774891944
0.18429579621246783
0.19622427494172742
0.20286933515426311
0.21031111754126278
0.22047914247684716
0.2575299598242734
0.40612254728819647
0.6128733977831433
0.7989192247230894
0.8933697989285961
0.9561573153816584
0.9825926211653702
0.993991340068976
0.989087913777219
0.9784298947160589
0.9715698302008264
0.9687059917383077
0.9628233257744324
0.9519859718796866
0.9434725279749603
0.9323785474893226
0.9223370378372492
0.8998047951399077
0.8571876415035611
0.7482726510771567
0.5908597713259017
0.4628295832333035
0.3731266863347252
0.3044953654112193
0.23735339100954977
0.21469431335141873
0.19670687553775484
0.18826775752316688
0.1815007638053007
0.18606064371522746
0.1985822098153774
0.2095259632019431
0.21402159604358806
0.21455772584446497
0.23224726288817787
0.3064137040524431
0.45899338221496166
0.6672904292590253
0.8329710951575693
0.9172686821132148
0.9404814089888727
0.9460315109489736
0.9376354505366692
0.9231921497173884
0.9244094383089532
0.9233181873858439
0.916264308532831
0.904331822681766
0.8991548236407283
0.8720493639745939
0.7939191401744229
0.6583763938451613
0.4804252012007275
0.36731781884734194
0.30386240337071546
0.27738204115844567
0.2355598082807318
0.22191791050306583
0.2045280193043849
0.19326434836965398
0.1934788254009978
0.1975125442654846
0.20555195752993766
0.21099717715992522
0.22036481210396613
0.23109711830990737
0.2565520224950282
0.30527985573630667
0.44860809826248615
0.659398465897067
0.8491883852744142
0.9358600913215556
0.9587192220338904
0.9551540349547287
0.9484511034749639
0.9456164258711048
0.9447281709695999
0.946200219890342
0.9375902385286047
0.9158104887180738
0.8773689361073633
0.8043369571190466
0.6611724908223785
0.49502675075884395
0.3816116879361052
0.3257692240810721
0.28925193873049904
0.25611261446919503
0.24077526407028133
0.2304715492229337
0.21607232490851808
0.2076016168182503
0.20240081095061963
0.20240936101339937
0.20083654856030714
0.20381222373497074
0.20432475614372209
0.20445933658784
0.2082189594072147
0.21494985769275715
0.2290855233760983
0.2735419607625602
0.4251242208968975
0.6440733849769675
0.8278923733241692
0.9150446692754297
0.9572727798265572
0.9802040159844715
0.9770896295981484
0.9647760847734508
0.9500576232953526
0.9552600250660599
0.9550669831392471
0.9463194704038757
0.9278161373023703
0.9222429024622063
0.9117356461678425
0.8821841901885927
0.8214915318410496
0.7008107527989317
0.543555372179545
0.3991109694116214
0.3023071932288939
0.2467160084585452
0.2134473448613174
0.20276446800166736
0.19084860800505132
0.18768631387887091
0.17832407030980094
0.17921506675705606
0.18154923899715486
0.18540914831472527
0.18968208035801234
0.19417683342660055
0.20237837797343353
0.25972704100639277
0.41454183192762495
0.6038369729995368
0.7603461574322349
0.8556177818070354
0.9157956155365403
0.9474542825692354
0.9671986008258352
0.9717262786167384
0.9536711980124427
0.9376031046368255
0.9243364300073386
0.9129569778400227
0.8982697375396614
0.8734868780673029
0.7957859028775801
0.6403358181561387
0.47727239883980044
0.3621006202087324
0.29194517811641807
0.24103636831573377
0.21305958216392426
0.20119037784572918
0.18928792831916114
0.18593826699806365
0.17883218864482905
0.1764994755676545
0.17462119953735705
0.1734684090978735
0.17137440406222781
0.17489003461643993
0.1840210740993204
0.1947465786650241
0.24192750122417736
0.38024019869913944
0.5871077943302542
0.773266751162439
0.8736841942644479
0.9137728551719189
0.929221325370138
0.9497039692365035
0.9712732075110938
0.9799650811561212
0.974343055411946
0.9620242444594063
0.9514706893449074
0.9413410014821335
0.9380390368553936
0.9244061270863589
0.8880324770620611
0.8293879717565772
0.7300135966275024
0.6032034687960115
0.4640534430729515
0.34542194551522803
0.2698260274004792
0.2444299693437092
0.24082414293547671
0.22578356533680363
0.2169815014975616
0.2149591555837362
0.2219155598595947
0.21829636464756944
0.24967110575734383
0.3126469696412779
0.44924148988747137
0.5999402166121609
0.7532801664784381
0.8457101203482964
0.9107355655299073
0.9368910966143056
0.9426875594595763
0.9398099065910863
0.9438402899125624
0.9483100240171614
0.9487496749290477
0.9395396546743924
0.8942998478915086
0.8087648079232626
0.6981428359442912
0.5950252392756634
0.4735558603436803
0.3563402917266436
0.2772240984984992
0.25273582753364177
0.23311819252767998
0.2124475773720565
0.19615134371101672
0.19171502112563285
0.18871549226686007
0.19157897418076042
0.19858660697053837
0.2090158977159586
0.2180247576830654
0.224886485258859
0.26228361892095764
0.28355028434160734
0.3578762101178473
0.5397812231142947
0.7553993525826458
0.8908083089454957
0.9493181795683756
0.9822823789374053
0.9701015055362591
0.9598554784908901
0.9575488917485214
0.9499690453045289
0.9184054315310598
0.8888968025719397
0.8378032078961168
0.7328312463291233
0.5875332959743801
0.45380794352522486
0.36865359605510845
0.30004935619679357
0.2641183912791929
0.23351346952882915
0.22131515038309824
0.2122636275469317
0.21223372182374317
0.2103034651135987
0.20419483960961643
0.19856146234851868
0.20095156945287432
0.2088460061763476
0.21657503121444407
0.21701242898714612
0.21756454404879233
0.2685578331914537
0.40060158518716155
0.5993457122316987
0.7662646146981569
0.8748151120546162
0.9321681589286419
0.9708376688722273
0.976503163782687
0.9598061560538794
0.9422385049597243
0.9361284858459133
0.9340418359063112
0.9274562477832197
0.9135677380954204
0.8960532778314338
0.8770376111279019
0.8374925074293736
0.7524872099633609
0.6080882981922664
0.49505542893817356
0.3900225478748906
0.3115401429793374
0.24546922329563206
0.23473770344733824
0.21936871552410941
0.20397793458469685
0.19608917172871387
0.1953910496010238
0.19446587099671692
0.19528230285992146
0.19861173918133676
0.2056345853165753
0.21066449453175987
0.21893247355410683
0.22342312178309084
0.27314729351167855
0.3275757672459261
0.423197330626471
0.5823663007980457
0.767369404517334
0.8772015951622485
0.904462299637923
0.9105418173961373
0.8991751985092923
0.895058866667126
0.8865492110718267
0.88389248725705
0.8815780088925185
0.8529825347893891
0.7537803946571198
0.6138225026849374
0.4908789265333464
0.4244152696216289
0.3620847702320807
0.2945962545873603
0.24427321733202387
0.21962836598858726
0.20064654820846545
0.1849178702983153
0.17289561670606018
0.1573955845643591
0.14850459227286078
0.14886042274485078
0.1560922973332889
0.16515586832718213
0.17412664486900598
0.1790848019639984
0.17968435227431573
0.20325138199467746
0.27073180942355934
0.3711139239649503
0.552719538499754
0.7361069223062773
0.8677996578372226
0.8906318300132496
0.9057945823152046
0.9025459574926663
0.9088297700694622
0.9104025951702406
0.9088448252571604
0.8979711882817437
0.8905034287563917
0.8921186732077648
0.883497158305353
0.8328664397131061
0.747270437894782
0.6211988276757587
0.4943900741113336
0.3956014144485347
0.341798677345234
0.29064649441623186
0.24503278636319345
0.2116751300298387
0.19683770453880955
0.18818602695475956
0.1779165802052012
0.16351776551354222
0.15815236350544437
0.16016807758317375
0.1628530675568184
0.16099672330822412
0.16554452501358757
0.1800552937543915
0.19583636134444138
0.1988630665127309
0.24797618133397997
0.29296045201147347
0.4011041791364534
0.560694431793307
0.7505617118035969
0.8482604128476127
0.9025723530490828
0.9331143620895422
0.937507531346708
0.9261893345885798
0.9130516266010065
0.8882926641368273
0.8723790886780828
0.8399278339052172
0.7351712945673294
0.5820536217493832
0.4513916588422843
0.3688248235457076
0.30264445657653954
0.2648820236415027
0.24355684010958906
0.22652386342559003
0.2127870562810757
0.2048631843414706
0.20341914594001254
0.2033693446300926
0.20485561782033065
0.20612595386377275
0.2436285931341849
0.29693468117595145
0.4085526493821873
0.5497430652348374
0.7006911902479691
0.797209211076913
0.8626457572187589
0.9068340747800637
0.9173661274413865
0.9089054367807046
0.8934931332048401
0.8955886143853149
0.8999306528990675
0.8936906086963052
0.8665908950178582
0.7669251627505351
0.6422465981985018
0.5314062392121108
0.4257778823013589
0.314163474998418
0.24408812368237015
0.2293174802817009
0.20904831980173583
0.1890483864928952
0.17201081025821136
0.16501327100373192
0.16418870296289
0.16774738283624777
0.17631219626625588
0.18412060896951496
0.19114012525240423
0.19675411956090372
0.1986704184373739
0.23369253535373694
0.27611678602181267
0.38041292152794715
0.5434738009534922
0.7627398585160332
0.8932630128958504
0.9347997179810585
0.9304979934088472
0.9251870152230288
0.9183914677337797
0.9107011118256011
0.9095873666909433
0.8926475370529734
0.8781968511490195
0.8492884900203601
0.7625857251665875
0.6307419088794667
0.5665161223299168
0.47671875621580745
0.3564428383269315
0.2541568453372952
0.24591265219710984
0.2294571256889598
0.21456748712734927
0.21261451348748428
0.20545203480870078
0.19816881140038983
0.19638109201370538
0.19852822981561682
0.203354620412672
0.20776222083272228
0.21755602092626353
0.22219683414282348
0.26285436455559363
0.33930326594990384
0.4583255268043446
0.588042072023272
0.725253228973212
0.8267448695012947
0.8853619389158686
0.9149888924939097
0.9206684564064849
0.9098504294472335
0.8968549356830849
0.8988275117000626
0.9012846886634935
0.893789199811619
0.8619040746244997
0.8132199462518733
0.7388290661820281
0.6303563212937094
0.5326245836399781
0.409670259645051
0.30063893306335077
0.22591858098906792
0.22446884966407166
0.21512281553775225
0.20091247992310526
0.1902799310772039
0.1870044631703025
0.18420588344551614
0.18115639775814923
0.17503698870418746
0.1713182492463607
0.17025019327117616
0.17274801315942312
0.18574977036405474
0.18894674122186994
0.19292424190573623
0.21977169210792735
0.28766432733539404
0.4339392469944407
0.6135663825486126
0.7709110178337664
0.8538713882645095
0.9051025252819715
0.9459013844543487
0.9667524408153273
0.9585854536163498
0.9169272816274295
0.892215021839034
0.8832775157236934
0.8771050205975571
0.8536087271784784
0.8026385313396637
0.6903781298679952
0.5851162034372925
0.48182585282218865
0.3729403963335299
0.26823739144022274
0.22289415147252295
0.2091138502418261
0.1877849653106468
0.17545281754864028
0.1633363883374294
0.16009259065959036
0.1627240422807138
0.16953305382209805
0.1774295129367766
0.18369088447929607
0.18960534680656305
0.19320228231979275
0.1917274932428792
0.2446249526366258
0.29355217475924184
0.3823196676263
0.5145558591978427
0.6975703611257211
0.8224304652823542
0.8981176583622749
0.9417060311093457
0.9546573327311452
0.9516762436270395
0.9380539532684113
0.9168003577544728
0.9071250371375498
0.9032288542712708
0.9039081600550998
0.9005551552839585
0.8788853394644431
0.807485545549769
0.6519423031448842
0.5042557440129227
0.3810931799679781
0.3040965896861365
0.23877455364580188
0.22218521161788377
0.20645355764749854
0.18635101415066682
0.17593672677020367
0.1765255714361215
0.17881992541398398
0.1771971628220157
0.17904961810305703
0.18515819376270087
0.19676182738628628
0.20053285104148377
0.19491813402237276
0.18069824208531027
0.19112058564746703
0.3156294571525626
0.5376048279755525
0.745605483803836
0.8526390452896923
0.900239915120642
0.9296834025980739
0.9443210611555944
0.9446956574894622
0.9324433695668001
0.9290571278567311
0.9246388784573257
0.9177042953654984
0.9072212909913047
0.9020648259605656
0.9014964735474968
0.9051178820752015
0.8982740489689125
0.8731344419452975
0.8174777227088122
0.7251842297538778
0.613679819504869
0.5452817902235753
0.4439619661717584
0.32730020539143195
0.23759289273605766
0.22750352667077306
0.2135538687092281
0.2029106219686568
0.19955316111248533
0.19836232476730564
0.19043770209304567
0.18081941158185827
0.17609182332864928
0.17736735926204805
0.17746249944719958
0.18151436192905793
0.18798105871921522
0.204918025549943
0.20740561142296393
0.25332404007361653
0.37815190680532773
0.5242789373752613
0.643421099769705
0.7422843166787938
0.8413220765939178
0.8921891541637923
0.9233589371156097
0.9480143535133794
0.9629057245775434
0.9632785439060075
0.9555293200300627
0.9486558000403765
0.9427296514536427
0.9274236353344901
0.9045910813931299
0.8368131321789971
0.7178731892017833
0.6133885123196869
0.5594639789737306
0.44804203442592694
0.31123367063098745
0.22762085674329252
0.22287290464354048
0.20794394696742638
0.200525945310115
0.19356914740417905
0.184673717387983
0.18273142466706022
0.18542198733624804
0.19559069597978362
0.20366349910979237
0.21325894873960555
0.21593248877153584
0.22113802593583357
0.27138992217742314
0.36525734033316015
0.4816299459410269
0.565427140111504
0.6597450759383908
0.7522649554548576
0.8415574639124737
0.8862582145928539
0.9156592753238748
0.9305769194703923
0.9377324064800399
0.9205916078803281
0.8926570318465038
0.850293070610035
0.7797056268396942
0.6312508945564934
0.491760157603334
0.3786883857254628
0.309194990639777
0.24321629543138684
0.22664533472934278
0.21504690848701596
0.20511827429206914
0.19512411946354113
0.1929444733292075
0.18668775923091988
0.18440949502443413
0.18145381469809552
0.18557503994584176
0.19156531500553187
0.20120625702002842
0.20383870152880001
0.201737798641568
0.2033082393801128
0.24440478947095656
0.3042921680022253
0.4307052577716187
0.614167951069775
0.790482041613759
0.9023736283708694
0.9418998041645612
0.9416839976580664
0.8998031918765507
0.8814496430805571
0.8725440642622015
0.8558718658532969
0.8473552619901006
0.8452824430784163
0.8599944237424212
0.8527434919821475
0.8070081374345912
0.6859826103684852
0.5525650270657831
0.4637026047851522
0.3801967855072998
0.2945749301150415
0.23749060850602724
0.22524874051609084
0.2123805150671333
0.2050243527031057
0.19240477960050414
0.1774533495782099
0.16409572860221588
0.1642505744989355
0.1672306829930124
0.1741039743771708
0.18131212318421053
0.18890178577100147
0.1889602773910123
0.19053208380894288
0.192870047013436
0.225876955113775
0.276967797193872
0.38305142617977417
0.5608074738556603
0.75400562977155
0.8762058660492058
0.9333276655351258
0.969901666928793
0.9687120441043819
0.9416499598093762
0.9235880790146553
0.9160356584398142
0.9218748592062369
0.918869743678328
0.9038643462196632
0.8852480137713697
0.8868643983859281
0.8726262320083047
0.8295526612708546
0.7448056894461423
0.6240799805706563
0.5475053511541044
0.44953178506241576
0.3423200532422541
0.241102720132633
0.22605317131379682
0.21002408627484787
0.19603234431485184
0.18779848790423687
0.1820198217837891
0.17700673165810332
0.17729663726443273
0.1812356381761469
0.18532158356523806
0.18726706371725962
0.1901841244932053
0.1969761919394485
0.19359498184109458
0.19758333810229106
0.1982960971476808
0.23154017426252055
0.28583482558576534
0.4548888472583876
0.6569741934051547
0.8236395148454557
0.8723356298569387
0.8884969145274919
0.8942968086035264
0.8990619429370508
0.8976121711251187
0.8847767169836381
0.8747025794747167
0.857657572044694
0.8567181763472087
0.8597599871425764
0.8630836123838432
0.8306960773835246
0.7746472904171754
0.6899900041473765
0.5906074721312848
0.48906466595574005
0.38853863029170277
0.3165270461414985
0.2623303138131291
0.2422213679669398
0.22192332921565108
0.20841149513012117
0.18773124942234265
0.1782056342645409
0.1723007429983638
0.16826411116250883
0.17067315457733884
0.17778106881286815
0.18357975144473027
0.18781894942388166
0.1922400055671068
0.1916012709637332
0.18822945196964028
0.19580224592946227
0.33645705259607583
0.5302050547303203
0.6912708935475369
0.7612581519178441
0.828615242099926
0.8675272912875559
0.8808336209469441
0.8935240704108045
0.901572025338375
0.9070790778143135
0.9081582427257018
0.9118379389266827
0.9170466667959692
0.9238568907154793
0.9291252173064417
0.928856422466747
0.9140723742804492
0.8989680841751658
0.8883326469581851
0.8729338492642371
0.8289124274614526
0.750488485100389
0.6446710507019838
0.5480310849804372
0.4785092013900231
0.37807761012888164
0.27472716832971894
0.2101988506728751
0.20030717773065654
0.18518527343306773
0.16918186206929642
0.15366416246583026
0.1380024642601477
0.1297757681027064
0.12378958675017022
0.12737974474960687
0.1327929016153232
0.13805584732969842
0.1435700672703196
0.15419018933584414
0.1697442340371088
0.18365288212704034
0.259250612265298
0.3212223001883062
0.43191429762951195
0.5781808517745277
0.7538327545283856
0.8550233910356784
0.8985098460523561
0.9063385493293954
0.885116156001114
0.8849262691707698
0.8940674815073909
0.8832477131568551
0.8579124349470614
0.8431608677559365
0.8379178347266457
0.7985463044724808
0.7117690571998982
0.5671409437283195
0.41523038966979614
0.3136546376451287
0.2804923380497519
0.2641236905899733
0.24931688442711997
0.23979843633026718
0.22873731615474616
0.21742040998175594
0.20571136790621616
0.1928998195512396
0.17567065075950805
0.16671001757370413
0.17137578321807312
0.18167579039423715
0.18681544356063445
0.19075421325274117
0.18583442768357467
0.1813158534615954
0.17692013454061228
0.18377064572752844
0.18833113881863628
0.18481590572803
0.18229800706127117
0.2160256562973662
0.32078693625445887
0.4531114236596738
0.5780173083493112
0.6850775764636674
0.7817956905111619
0.8480346152145618
0.8824229266820492
0.8970650578570426
0.907493994060904
0.9160563940879215
0.928412254797129
0.931132735625801
0.9277603275346056
0.9133469047116056
0.90093822265483
0.8892206650135637
0.8785685822239547
0.8644251927897515
0.8339896997294505
0.7695156453695802
0.6790357649036415
0.5764652624631772
0.49028090150335135
0.420235737336599
0.38151194285518725
0.3458331046906851
0.30061705079580114
0.25507012894160574
0.23679543749139292
0.23362357661961472
0.21985069290904208
0.20277170794689162
0.1953192831009165
0.19716736151687353
0.19152689415725663
0.1805591741842244
0.16400456211348818
0.1505699682282918
0.13907286183329107
0.13484431757929255
0.1343218083174264
0.13581636544669334
0.14048417678147207
0.138350243096918
0.13485465969291557
0.13156160947054726
0.12905638231454353
0.12979392215885172
0.13054027845895316
0.1281483030630065
0.12779931335815176
0.1422678038740324
0.15936721526678052
0.16967985635984884
0.1772804070325545
0.19342665365217032
0.19378090961246475
0.23865281952654427
0.29429548497469393
0.39720321536524783
0.5231908802385297
0.6836767821857763
0.7923482516422224
0.8508262554018237
0.912575349643156
0.9624422935918457
0.9883756362079257
0.9675809832076212
0.9411951356549133
0.9103395204963917
0.890103425295213
0.8797722506905613
0.8759138946105164
0.8678110116876507
0.8404618788940786
0.7809776872931425
0.7039420304586665
0.6213353056688136
0.5129894743082332
0.4379825172100387
0.3581891408511832
0.2979801644909089
0.24074084392050168
0.23120746417225382
0.21462422723427882
0.19919927581314126
0.19542043641217471
0.19101061918294704
0.18617033114998216
0.1769598358569758
0.16959434396336784
0.16765496645766617
0.16674796157702068
0.17131564641656438
0.177615046953811
0.18443756342642212
0.19319529267812355
0.20486040578564524
0.2285247571737642
0.3307178028679567
0.4764557064175198
0.5427507730094445
0.5490242451277954
0.6072904362564133
0.7056030315244672
0.7636986583930102
0.7909195911641266
0.8123128863873297
0.8256981152522617
0.8435093942545241
0.8611627665699833
0.8705747102764207
0.8728823947154326
0.8665787956121155
0.8520479824461262
0.8227875791953999
0.7776161643389492
0.7145703460381188
0.6470618601491787
0.5673320779807534
0.47744393904874227
0.3942830715672936
0.3414099055479154
0.3081727342881162
0.2776285370216825
0.2574460266062607
0.24487961677654352
0.23322125351330428
0.21761476490452658
0.20512927766612432
0.19316100550069643
0.18432169729017275
0.18046531301476526
0.17821522969095127
0.17553292915425542
0.17526698782129296
0.17420078929240151
0.17285953175285085
0.17533757988372028
0.17781480628577895
0.17563972433803177
0.16782422629323007
0.16478604490860813
0.2296396010242821
0.3853659109120178
0.5276380996088712
0.5802973999241612
0.6218642057004742
0.6821699487698466
0.7288515063959087
0.7404363772899523
0.756248473561725
0.7644222083117853
0.7743071764358043
0.7860919446735255
0.7965247591310061
0.8035353734902632
0.8018728336494019
0.7883984606271567
0.7615552469024724
0.7125948094165544
0.6427134136237223
0.5831949691650333
0.5391525446307904
0.5063511298877065
0.4502688686065163
0.39188817936993786
0.3421754753725642
0.314388788592613
0.2903239971373551
0.27208438707500565
0.2526876623044881
0.23108123822960883
0.20466237942005705
0.1885922148677185
0.17358902493346928
0.16681527364973597
0.1580275996454275
0.15930354709893674
0.15532938840790167
0.14740637079381289
0.136159517121038
0.12896993053168854
0.12621541747104786
0.12822238057210683
0.13333218116489884
0.13590119069891135
0.13371037391737722
0.1365701687639656
0.14312544724892085
0.15633934318338727
0.18005813739290144
0.24311872795678335
0.37698517404452536
0.4862021938281685
0.5719510531164889
0.64014807941694
0.7327611266302285
0.78113903748322
0.8099762985764976
0.8277752951107671
0.843274038231445
0.8567506855324496
0.8630661967366248
0.8626589974638463
0.8577544882272597
0.8518826725404027
0.8412965149923763
0.817136330908068
0.7780524724235556
0.7232793559213865
0.6577007234620627
0.5817650068988995
0.5054322094780402
0.41612841358112374
0.33362205613139795
0.2811445934637099
0.2617670013268322
0.24314863315066781
0.2189153987914021
0.20703993662087739
0.20818431449374225
0.20986433451611747
0.21012303255975273
0.2096284816555794
0.20886114869265812
0.20965741182760073
0.2203337496313744
0.2317374988578934
0.24317726462455552
0.2673476363099822
0.3142825128885408
0.3638005419894559
0.39260602402453715
0.43390404842343183
0.507814309484425
0.5829389841236917
0.6189099206533255
0.6331610627470621
0.6442567205771954
0.6516030968567397
0.6545511802636305
0.6535246156876388
0.6529221735401488
0.6512828098010592
0.6541012239458386
0.6546409463622983
0.6551870939155171
0.6522979783727638
0.6475345914896892
0.6413463307372509
0.6383785670283738
0.6354381714855311
0.6225334503884558
0.5993856064039298
0.5763297667432942
0.5533617660106387
0.5319907091588398
0.510462603316544
0.48596926906019233
0.4600951803466079
0.42895340155515627
0.38379586327987963
0.33275923491897413
0.28609865218481323
0.2420730233097655
0.20637994505117968
0.18641917666313487
0.17642646456973088
0.15948107466716444
0.14340772929987552
0.13078366039971695
0.12755427234662198
0.12315016363754215
0.12344101265638086
0.13316912783746965
0.15266663960816737
0.16703592626407737
0.17185568401194207
0.17196838130687483
0.207793339217099
0.27301925764108903
0.33430374943037583
0.44888155604602215
0.6136026254322151
0.7588446351308259
0.8229759105581209
0.8549166412793875
0.8665829240908821
0.8651775273164378
0.8625217245627593
0.8560070362200367
0.8435633129354391
0.8247633373943488
0.7854154584258282
0.7285476609049273
0.65700983313838
0.5729987871064743
0.4793961258225222
0.3844129466538042
0.31449406247443357
0.27166035204168326
0.25085311853428005
0.2272113018121302
0.21073048690237867
0.20042583556570928
0.1967705981492938
0.1894523975378008
0.1840142509281356
0.1779296763706052
0.17294410687350828
0.17046613221414506
0.17319129443172468
0.17588202956923588
0.17590236316855062
0.17632167407315397
0.1745597509541997
0.17877337117310277
0.18649563096783284
0.19667772064576336
0.2020551286384069
0.25213219458128844
0.3834001066988963
0.5179446557033272
0.5914469311141504
0.6203813057044792
0.6580809058763804
0.6811071043444243
0.6877575845635
0.6923130244106261
0.6963817128133727
0.7014364158713529
0.7096615839953485
0.7229130948281418
0.7342249510610792
0.7426002459484217
0.7504386293264673
0.7503285498666763
0.7416695839637619
0.7285894693419509
0.7139665285688129
0.6964381008474846
0.6805444778418981
0.6544146785744228
0.6213652819591355
0.5850800067909201
0.5374477233999531
0.47135845134018906
0.4060749867602659
0.3578184500031956
0.3123427670289518
0.26269649637688774
0.22159770579162713
0.19917245983960996
0.1847675493474198
0.17165873769555884
0.15911367542733634
0.14837485704808967
0.14645411156459104
0.1547276990492908
0.15971097451241226
0.15738155063651754
0.15594668197417544
0.1650836874275874
0.16887000348758868
0.17099472494846626
0.17155435102048022
0.23325256331855776
0.33400509622835356
0.44961293821327875
0.5585368191694815
0.669345602730912
0.7643766617518137
0.8230872923935613
0.8583200787482489
0.8713124621452313
0.8764999709737094
0.8771461597532415
0.8761276899390352
0.8809734176111856
0.8806537859210337
0.8804949808863092
0.8763132621544345
0.8744366835475633
0.8591291113296049
0.8327384496552456
0.784430575980421
0.7114334742922949
0.6101812816327775
0.4874226970377738
0.3833684512752621
0.31436223230965166
0.2762100215393537
0.23834236585098148
0.2140473459516456
0.20255480632579653
0.19743115255499
0.19415823123483636
0.19409165290802943
0.1960084766884052
0.19672220594716378
0.19800182186790993
0.19470151631334037
0.18747112768737528
0.18358350956911407
0.1830800678385647
0.18494202034834797
0.18723597856784968
0.189321453787421
0.18921969069836178
0.1893148387800075
0.19292324317268464
0.19270575563847148
0.19002055176979551
0.18844961925660458
0.190815388904147
0.18971814363639522
0.19003333616749657
0.18790199215443223
0.18770775732611866
0.18107728822698504
0.1759654188680696
0.16175801249598112
0.15486606849029538
0.14337989542552954
0.1443532108853784
0.13490511269631694
0.13275726024379267
0.12564057444149718
0.12463430305220624
0.117974910082031
0.11702051710098953
0.11465449740516798
0.11334488535912352
0.11272627691925605
0.11309616493019521
0.11166415010987973
0.11355211026462825
0.11170766580355096
0.11090691251324866
0.11184510859070489
0.11323229712263005
0.11243718165566254
0.11233634273154496
0.11138084094937278
0.1118517106125004
0.11187807958019734
0.11297508601750428
0.11009720230508654
0.1143600754770989
0.12161477053892183
0.13291044566750035
0.13842326960278883
0.14496013321939083
0.14989372551406288
0.20510943291794864
0.3232649367534442
0.4140068711993083
0.4940437027726105
0.6134780905905435
0.7633384020107092
0.8558717064108128
0.911319961541472
0.9292255379279969
0.9162412500078253
0.8994789040543063
0.8852463140100222
0.8691583605872979
0.864040303938447
0.8559203872107038
0.8357114161956187
0.8178526167924369
0.8014352394359117
0.7663341610797809
0.6985791108370726
0.59125746402809
0.4813178713315571
0.38824936772755664
0.3202451263477305
0.2569996990795838
0.21862125136588537
0.190824882853267
0.17494923662193076
0.16808604920620884
0.1671777841633772
0.16420368124244455
0.1687560331676062
0.1752900499161546
0.17880085084531297
0.18357692542655546
0.21368711346280414
0.2777776037593077
0.3688215630745798
0.43266796830332643
0.4887684051518937
0.5530146114120189
0.6112450354999502
0.6283993092125064
0.633549091440049
0.6483725782627472
0.6637267331473466
0.67309436713064
0.665241063613579
0.6375364301468538
0.60618673570453
0.579847958812417
0.5521275440344176
0.5052765400829414
0.44993905156201924
0.39571637264946236
0.3602211432788662
0.33552089281071173
0.31143038964519354
0.2768077115027541
0.24559204999166123
0.22720662226238852
0.21089455789674627
0.1933767227655105
0.17732260620361429
0.1654600694327072
0.15501690491572356
0.14269506043821117
0.13352299131400866
0.13107064336099944
0.1361193982321895
0.13777447888121308
0.13918977028511625
0.14951561082859777
0.1634377769295247
0.16163613945065664
