0.6631578947368443
0.8526315789473711
0.8526315789473713
0.6631578947368446
0.6965944272445838
0.7320574162679454
0.8983666061706018
0.8526315789473713
0.8098471986417685
0.7320574162679454
0.6631578947368431
0.8526315789473713
0.6965944272445849
0.8098471986417685
0.6631578947368446
0.6315789473684237
0.6965944272445811
0.7320574162679472
1.0
0.7320574162679472
0.6631578947368431
0.6315789473684237
0.6631578947368431
0.9473684210526345
0.8098471986417708
0.6631578947368431
0.6315789473684237
0.6965944272445849
0.6315789473684205
0.47368421052631804
0.6631578947368464
0.8526315789473713
0.573407202216069
0.49679075738125916
0.41052631578947474
0.6631578947368396
0.391304347826089
0.2497607655502388
0.391304347826089
0.4306220095693781
0.3729003359462517
0.4306220095693781
0.49679075738125916
0.355263157894737
0.45165238678090913
0.0
0.5734072022160631
