0.7019597059980146
0.7216739614135695
0.7260008209844182
0.7376991137629951
0.7579433441147064
0.7765133115816594
0.7848530277920867
0.7874651848534678
0.7879905598063186
0.7902384433806147
0.794502193240479
0.7924990304077177
0.7915707393241407
0.7940550374196047
0.791850085068903
0.7864315742821603
0.78440362269439
0.7852779844698599
0.7872581190990889
0.7907748064495514
0.7977369274552961
0.80450571509638
0.8091047352956885
0.8021517863449085
0.8020853939009746
0.8025755243591881
0.8057861917260039
0.7962572053165279
0.8010375886390774
0.8036124364072557
0.8098102194397208
0.8060453161132448
0.7977136775486062
0.7817494395669612
0.7694551109661226
0.7629548737755342
0.7594897914755985
0.7570962842512352
0.7488112712521318
0.7285147480256295
0.7060222936594893
0.6898677382973029
0.6825914557514021
0.6812113725763845
0.66671410401342
0.6178532168191562
0.5530071095549602
0.5054636981310889
0.4945849053496504
0.49828272451911393
0.4954572508412951
0.4705739700782039
0.4364484506328826
0.40718117267487386
0.3904322590950364
0.3793296496040557
0.3744771261116573
0.3681682030670385
0.3561547852985868
0.34211109710077503
0.32297911493814735
0.3086585419394488
0.29946826767409995
0.29594783018954646
0.2884273743282746
0.28671699732775224
0.2979302244289038
0.3065184805417245
0.3164524215921748
0.3288126716791082
0.34686798712992883
0.3642923787749104
0.37898569702887297
0.3908191999810735
0.40217627839360304
0.41698396837200846
0.4386447616256286
0.45733854214270264
0.4760296553799918
0.499390972927612
0.5242945965945842
0.5497402793672863
0.5786770327597405
0.6133612824547088
0.6411422779926514
0.6628152188791283
0.6799008740709425
0.6963725433854384
0.7277351952773183
0.7718566484879966
0.8220968311330354
0.8714935221379395
0.900048000219042
0.8923590701281898
0.8714065884341853
0.8754946914525965
0.8884252294904198
0.8957836153763374
0.8970675720290728
0.9087584495934445
0.915397964657333
0.9258731012991448
0.9277493354274262
0.9236747096089198
0.9092473271338024
0.9000364993262446
0.8964191226192126
0.8956638899119941
0.8937565553271867
0.8936972560381209
0.9006546091276602
0.9034936177346995
0.9043703651121916
0.9092409960139616
0.9172494254991733
0.8992972496016578
0.872066787936828
0.8510679381134381
0.851687464350546
0.8494842307135975
0.8429813270325432
0.8227732198461077
0.797416878783752
0.7663205403836361
0.7340257941990578
0.7052158222690879
0.6850240104021945
0.6602228141541384
0.6256219586572576
0.5809837849280934
0.5413021424795087
0.5122175896290897
0.5024406728292314
0.5035577571003247
0.49997322541033434
0.4772853197547873
0.436936077184097
0.4001968796847486
0.37113723365051876
0.3524450935467809
0.33263439982870535
0.31487455217849974
0.3020458736407039
0.3150183442669197
0.33081559163807506
0.3423212953562207
0.33417672057045567
0.32126773250500684
0.29971844807881454
0.2990640674910046
0.3027777107602765
0.2956311918232095
0.28087463698660825
0.2758692648191808
0.2558847904564115
0.2215194641746728
0.1900139225360153
0.1689807411871701
0.14594479162621335
0.14139530364433017
0.15130719843323254
0.16026084857161038
0.14842047956104049
0.13478033241230017
0.12905491424068177
0.1406925706888899
0.14972122359447002
0.1529163661078222
0.1380142127060386
0.19484824819577318
0.2790108118290339
0.3511927254713736
0.35667201846475394
0.3723240502621903
0.3912859523063834
0.41016215728304717
0.41976295464436714
0.4279341050875681
0.4047195339737286
0.341857130017104
0.29055600485562616
0.2847097529295146
0.28703516590904454
0.28254296864412876
0.29378292389640304
0.28427122000675836
0.42612964936559566
0.6304922601449479
0.7939355563715946
0.8082390277329948
0.8342089384365707
0.8554368174608313
0.8631313736199084
0.8642267170600395
0.8528269393100888
0.849157006812988
0.8500505026546721
0.8570823436042706
0.871213998044703
0.8892309217143748
0.8987103123963429
0.896614372197651
0.8913342158157147
0.8867221897714469
0.8841217492375701
0.8782638846558882
0.8785458981269307
0.8828407796809659
0.8912032051668148
0.8906399833230719
0.8987568808090409
0.9058575708111462
0.9094507939140694
0.9058938653206109
0.9051698298120976
0.9000221588546222
0.8997246027635062
0.8990094591893407
0.9075244280685502
0.9165633927743012
0.9293829810076365
0.9279715989844516
0.9228106560561282
0.91485314765999
0.9039836516154551
0.8966006304445128
0.8922780535434346
0.8971189783690064
0.9007176619996831
0.9028684529563433
0.8990774200251327
0.8879620647092478
0.8722892432143492
0.8586285208223321
0.8540458350516041
0.850206303417253
0.8458128348820039
0.8406555759548533
0.8250474768420408
0.7914767369962243
0.7391607182933787
0.6771673085872574
0.6339914448373478
0.6195405370763456
0.612015393652877
0.5873144449003361
0.5579799355579169
0.5300571583737654
0.49615724885019113
0.45845569108778955
0.4267162124622158
0.40606638493662695
0.38788838879418996
0.37414807316016063
0.3500979420762535
0.327726542917931
0.311795173940344
0.32065720558497146
0.3231467454969259
0.31408852924992253
0.30188698435380923
0.30803364108677844
0.3078440615071609
0.29482142785666887
0.27963028547281377
0.26963587770771696
0.26119048145256313
0.24915528242396434
0.23555819418377527
0.22142029073318836
0.2200591019903552
0.22052729202758148
0.22240327543106483
0.22582505335590936
0.21243407728648256
0.1913689874963096
0.1614446812299604
0.20166212323656268
0.2642378566098588
0.3185406190199277
0.3296584644073846
0.34634533118723465
0.3696561189268085
0.3993353834403956
0.44290072002477715
0.47343056454236665
0.48798305024633143
0.4894991983169526
0.4875143179974982
0.4944330489611266
0.5033620919018489
0.5248457849038259
0.5379435942347852
0.5567843826372069
0.5633780627213267
0.5727740328588136
0.5740788250179341
0.5825241382387927
0.584522918422146
0.5802676570633896
0.574940453495852
0.587095090174614
0.6140341091920787
0.650269969501589
0.6797607866583127
0.699843575878758
0.709438599628851
0.7165961532988889
0.720307502077454
0.7199759711471281
0.7259739919357522
0.7379719608413557
0.7557867910573786
0.768525508785328
0.7803231441867612
0.7945884837519899
0.8045794894003118
0.8042438415271929
0.8012936290930132
0.8073998479403259
0.8114175464086405
0.816849347039425
0.8260425048484642
0.8293815768809765
0.8255413952510806
0.8299309866088153
0.8341163483571153
0.8417308533994879
0.8389291327810224
0.839159595122607
0.8288433697483106
0.829002583099369
0.8334821755780496
0.8492840362763091
0.8599800934247275
0.8669837324487824
0.8694403575209882
0.8707347411737028
0.8623521368793279
0.8558029080122996
0.8575066104038253
0.8663366411250673
0.8701246702943433
0.8791709523784051
0.885106458797515
0.8839913249986098
0.8751523300228754
0.8721842208635966
0.8701317713052502
0.8673673391043617
0.8680652874612731
0.871723775768143
0.8724990926559875
0.8647821169012656
0.8468940792720323
0.8365381193862097
0.841689204428222
0.8554415489837209
0.8562057814823278
0.8580252470535096
0.8619056351586589
0.8638268493609981
0.8584801394964563
0.8537213277880021
0.8577792480754257
0.8611822440517174
0.8676160091624472
0.8688854795054177
0.865547003841571
0.850357804498238
0.8344018193969701
0.8278050320359835
0.825181641609639
0.8207987540147467
0.7995656570777652
0.7555263716849797
0.6962369531274929
0.6458982778875227
0.6151553445072311
0.5986720258277562
0.5715653334365616
0.526109733622989
0.47340537435849667
0.42904686580129553
0.39674963454078926
0.3794533059102443
0.3729167934256793
0.3604154703173473
0.33653568937704054
0.3195053235798031
0.31255889013196414
0.31466461618519026
0.3196125566447692
0.3269599992774249
0.31518837896049723
0.2944942475062964
0.280873379906988
0.27341722309281924
0.26378826912531494
0.24296335587304066
0.2279219506780899
0.2087451037364952
0.22203816077284988
0.24069922471347052
0.2503279290569131
0.24355842522773088
0.2339285274975867
0.23069032898671835
0.22260812479610725
0.23015298660896022
0.23415926935461917
0.24343121837172105
0.2510679916127946
0.2620768238007328
0.2708557193780491
0.28019904398098217
0.2859316116896776
0.28372981279421805
0.27923682903316965
0.27980003548569643
0.2926837076403848
0.3174489792843935
0.3487443987649398
0.3738185222222187
0.3865984363304051
0.39023561560919684
0.3969333720678323
0.41394962072660796
0.43675277077842733
0.4564660232013804
0.4751602510852859
0.4905977215943481
0.5045030613901478
0.5213968384928203
0.5353626793859101
0.5521002790252133
0.5637913534085489
0.5753136224412432
0.5784194563698006
0.5832399813076709
0.5939666824431683
0.6064672185869071
0.6204829499556104
0.6327695690727659
0.6466312160781538
0.6568388567303001
0.6634466814356561
0.6700859698288719
0.676291960439362
0.68283322774256
0.6892742771220017
0.7010447733538788
0.7231665434240703
0.7462105896848539
0.7677714841106268
0.778596458873016
0.7893636576728951
0.7953284319025156
0.7943701310402531
0.7865378149099571
0.7778339114908442
0.7678500692902253
0.762798295399351
0.7696651167568764
0.7879568477445444
0.8039523748542436
0.8140563434453028
0.8184995892419297
0.8137569385122567
0.8200760204207704
0.8469581985316226
0.8679883802700912
0.8575737411880594
0.8505391582507965
0.8633866118825569
0.8743174075118196
0.8743922917534995
0.8810959679932698
0.8829025197255761
0.8743273852057618
0.8560735833985553
0.8511405795195324
0.852892318677482
0.8595398749896581
0.8600600732702437
0.8499844671750492
0.8382809509698111
0.841026530251715
0.8607450921989686
0.8705053562503441
0.8678769856466643
0.859471880317506
0.8519529203362846
0.8484380547447432
0.8508298520081008
0.8652468825486745
0.8739643965886659
0.8854548547400516
0.8844200946896994
0.8814699818217989
0.8729411486742601
0.8702935834354691
0.8624400141179277
0.8595866800625486
0.8583159307434153
0.8580928236509483
0.8640697561233837
0.8744046316839968
0.879293009746322
0.8783955791825641
0.8766166379534408
0.8798849658066898
0.8745976379871205
0.8746435954061657
0.8703933506185634
0.8772336860235688
0.8757114309644267
0.880416184691716
0.8854160931955809
0.8857755908423571
0.8755379182850317
0.8676385392421763
0.8598631853930201
0.8520997621347484
0.8525315057637267
0.8563174653331262
0.8530938434003181
0.8514421096566418
0.8597804936483602
0.8524300748041739
0.8274620937540194
0.8049058011555259
0.7885166430913334
0.7723783061836931
0.7588837266384405
0.7621907544299029
0.7493694424235052
0.7119743943284242
0.6531745119116343
0.5982166724533047
0.5554223290940477
0.5317315865154145
0.5161246881909427
0.4886261400177093
0.4521771850453611
0.41942038457699415
0.3986810595865733
0.3745587264571273
0.34207706742405797
0.3198756218942453
0.3011859693366103
0.301520756603255
0.30147517261511825
0.295365647675741
0.2750694013196392
0.26343245062190956
0.26317281492881184
0.2490615722880749
0.24259771062688104
0.22651691429794113
0.22021092068005726
0.2115390367762557
0.2101397197518775
0.19087499105118347
0.16206209951220457
0.14020312715877764
0.1327214790440201
0.14321382874892774
0.13421576178518907
0.12869789226736802
0.12391075044954489
0.1732811489114508
0.25556287587870913
0.33555937486376936
0.367384862381906
0.37208749618091536
0.3909234316649301
0.41844891188731237
0.4538169030292431
0.4806900381037414
0.49397410354631355
0.5027666605867995
0.5091228876873575
0.5236073919413005
0.5421007368559696
0.5631000157743995
0.5754916701149524
0.5966016862881365
0.6143470746730147
0.623343992858665
0.620723611567207
0.6216188141243604
0.6153341467494927
0.6216123436284464
0.6505827364450657
0.6862311462940432
0.7067720667390829
0.7137162242589006
0.7162252436407278
0.7178818023277488
0.7239608435803091
0.7395438614520204
0.7673889413445133
0.8010005127062702
0.8246760464670342
0.8372650254612657
0.8463935196618906
0.8502164418370636
0.8479900415361894
0.8442566653756106
0.8456785082028934
0.8514848657393836
0.8576397016548218
0.8677541948262135
0.873161213525949
0.8714061529631512
0.8722833419490222
0.8751982387673004
0.8790771515761617
0.8774257707884479
0.8823711758451225
0.8844518730664463
0.8849394207411501
0.8873277575752974
0.9001871997139659
0.9157350465154368
0.9212292123967187
0.9190774144296995
0.9196963151553194
0.9253935487658987
0.9293851865867423
0.929926193278106
0.9234685745052277
0.9153223651301743
0.911287861539378
0.9089208261285916
0.9059952609621991
0.8996634394696429
0.893705480230797
0.891052517348588
0.8969744328805249
0.9051625771190953
0.9130702464872625
0.9157977419694379
0.9132258404694547
0.9038025311977513
0.8984064033174647
0.8957499809144976
0.8839154764670554
0.8712906616339002
0.8559617971776412
0.8324258993123541
0.7923317929929314
0.7556222963090894
0.7226148146479962
0.6940385088842627
0.6569122595807633
0.596679412386786
0.5250956339262801
0.4621456818541371
0.4274648713589011
0.40359437358116446
0.3905604928653986
0.3644544962652087
0.33665342165443757
0.3109196473886927
0.3016119230097579
0.3052189430864367
0.3063901334642517
0.2991016010585254
0.2717249344950894
0.26132701724488133
0.2554623304589845
0.25823375966377055
0.2450735316185799
0.24117716467403932
0.23170021753835737
0.23604489222846592
0.2462116094585523
0.2557053282813862
0.2420962067305026
0.244060068300627
0.2570790961320899
0.2738153403158338
0.2658064121110994
0.2694594111989949
0.27750451041594193
0.28494529916929034
0.2725315942869648
0.2653388329572155
0.2721330693950092
0.28499995443230186
0.2959333304864359
0.30584898999509674
0.31955772827598433
0.34158883409955826
0.3681709306485469
0.3790999069689178
0.3829847809206076
0.3901204060062479
0.3963378113980439
0.39345342496482427
0.3912187982824338
0.3886359136964175
0.38359965884322406
0.38654358529733085
0.3929317224283654
0.4024389371878941
0.41922136958437073
0.4404408104160101
0.4601899236592903
0.4641722417544034
0.4561957081033337
0.4361522873836322
0.4257792140452352
0.422574807002147
0.4253811775656006
0.43120831320789343
0.4442907103999538
0.46689105423060145
0.5015501249396933
0.5321410361102151
0.5500046729378951
0.5544706700794474
0.5608338678622027
0.5705068462362699
0.5867370444722684
0.6061078632556609
0.6257763558510196
0.6414779588394682
0.6524762739717231
0.656345583389098
0.6583035248923929
0.6669773502802627
0.6787817892609594
0.6884862691769058
0.6962207125425102
0.7126730866792343
0.729688484887594
0.7453444973571932
0.7616924942177767
0.7711687254321178
0.7702978815966152
0.766864275820322
0.7744925267474787
0.7851568099484741
0.7872734653787813
0.7966537903979226
0.8089654229261819
0.8195327463311035
0.8288222541741272
0.8366286875325112
0.8385127479905066
0.8376562229031994
0.8486063025509943
0.856595294534116
0.8626581501205985
0.8705749283623342
0.8848991207071266
0.8958763093493725
0.8958052681104471
0.8907184612384332
0.8925978313362706
0.8915924104569205
0.8839559718753824
0.8758699377762572
0.8784839607423421
0.8872585884777746
0.8936103408976561
0.8965667027461078
0.8959278542936209
0.8977911430251397
0.8944251744124514
0.8996106195776883
0.9055059630083033
0.9103236165764543
0.9022746069906457
0.8975534637667064
0.894371919670596
0.8950274693985616
0.8913391607506406
0.8810558007665206
0.8651959806381454
0.8553851259287778
0.8581994711603212
0.8569746654117885
0.8473118290239717
0.8369747545824955
0.8304481916882969
0.8187990853944758
0.8026210683305117
0.7820036947824458
0.744368858542341
0.6762131031958781
0.5980663547593768
0.5413283038750303
0.5135897304066348
0.5013017880471076
0.481809016225308
0.4434471224154895
0.40094707081229053
0.36118525076265073
0.33441598742558337
0.3135503540181667
0.3145758656340485
0.3023511292542248
0.2921596435847572
0.26547941195814595
0.25156979760726095
0.2418051392900996
0.24147595485090123
0.2414539312256886
0.24043006901774985
0.24787649934261835
0.25022113998912887
0.25324994868439504
0.24863909167171486
0.24287065447415954
0.23832648790921945
0.23808747407931038
0.24289315425156574
0.2494395068329879
0.2500887777504903
0.2570623721087388
0.25500008481615377
0.2676582610927954
0.28938535786896097
0.3201959780168966
0.32926850101310384
0.3361449440376546
0.35059615583385867
0.3721004400757859
0.38459364703752563
0.39020004555288657
0.3950427775179731
0.40511237067719347
0.4172927143684257
0.42450978750790047
0.4368351610561691
0.45274833380351986
0.4719083405459443
0.4860780553291802
0.4966343149718566
0.5025247761979217
0.5033395476199255
0.5039233369994497
0.5038113456757305
0.5142384779356557
0.5314363257397599
0.5576670204908591
0.5869121192792923
0.6118451851930722
0.6150938508618655
0.6085703209242748
0.5973463987102208
0.5882550920584066
0.5824563411116297
0.5920608040113609
0.6115242166055905
0.6336369796882719
0.6486929518663109
0.6543952192907982
0.6540338771774885
0.6596403816588051
0.6636725044295535
0.6638482265008471
0.6621006397306712
0.6669258075259342
0.6699403802244168
0.6788979375017308
0.6933150774333664
0.7049589629497375
0.7058404046679427
0.7040681358099415
0.7062106627578897
0.7095790070897067
0.7171720181602346
0.7242103417752852
0.732557525230524
0.7447593617587055
0.7564629736258999
0.7636154808649224
0.7684511116741516
0.7780292358512354
0.7853262476857544
0.792382853644394
0.8021215602532598
0.8117902314745696
0.8222684149748958
0.825147343339254
0.8296482991665002
0.8265097144827309
0.8262515507830064
0.8228886700412393
0.826918963211846
0.8310348867301168
0.8347315346182751
0.8345218165986217
0.8405890671554035
0.8514379590388904
0.8610405883472928
0.8611437393686996
0.8576754567787939
0.8488866406734222
0.8439537546555276
0.8411515205134494
0.846838280790012
0.8509349672276887
0.8600871202018148
0.8665712592003241
0.868811407165182
0.8640423462179216
0.8603755983445478
0.854969203799057
0.8403602939745977
0.8239282373639654
0.8088288667110596
0.7885482449764953
0.7609164792411354
0.7282862887559804
0.6910128649032539
0.6403093615908457
0.5825482007971172
0.5264010172447673
0.48195954014532416
0.45482423430275526
0.43206042042408654
0.42581286391792955
0.4069592797212473
0.3860700872241668
0.34297684173495957
0.3101503208574353
0.28640521080396153
0.2825100851827134
0.2711602872137747
0.253451543521683
0.25171698586971214
0.25410971609550476
0.2608634428721558
0.2608536364544496
0.2618213680353463
0.254303658983588
0.2487551806804784
0.2426319798158375
0.24674478160017624
0.2497113359945193
0.25613510766980396
0.2612297331709408
0.27103475696487744
0.2645860548723813
0.25824659524348137
0.2463364580822705
0.25327807728538443
0.2804861893128824
0.3096667454023717
0.3284081955353451
0.34629064220148675
0.3681925681043424
0.3818720711671554
0.3975813127861628
0.4068089643130685
0.41681010154906006
0.42443096753947335
0.4334189023389856
0.4465185197395962
0.4689382697709034
0.5047085964409097
0.5308008127257889
0.5445403601455133
0.5446530819201848
0.547564092757272
0.5510086130770471
0.556554954520656
0.5582084933056013
0.560365224175408
0.5668377725731127
0.5755111460776726
0.5734963320191189
0.5733427519309289
0.5781856452017615
0.5852106167811673
0.5857377892680582
0.5872396103911631
0.586193925753443
0.5874115570542952
0.5946715511539351
0.6155570487369095
0.640844810218121
0.6691873867241436
0.6933327510504323
0.7084157734369879
0.7116190760773825
0.7075326305804901
0.7094489975544507
0.7254166809372906
0.7517686440877029
0.7741861130085332
0.7881222039571061
0.7965157050176432
0.7960924730782845
0.7951711168206994
0.790306850611466
0.7905046132693367
0.787806505573958
0.7889342732347213
0.7962496070224456
0.8117116265566242
0.8279047971607912
0.839363837054665
0.8482517984384841
0.8519195465375099
0.8452706389652425
0.8305616536163553
0.8158748285025177
0.8105196267735331
0.8134208962499023
0.8171041948687692
0.821603699759474
0.8251900542936046
0.8284662841984494
0.8274171350805238
0.8277283723295885
0.8282475136971065
0.8267936955823432
0.8216224692435655
0.8176210022719352
0.8130938990926525
0.8139371466643812
0.8181882576379093
0.825237578582143
0.8243279462978301
0.8204981397129264
0.8197330502527821
0.8202119480583483
0.8184660266092014
0.81520079890217
0.8128723962077048
0.8065471031362809
0.7887379126459736
0.7661888810896702
0.7501642456680032
0.7490045487665014
0.7480088134482314
0.7416421817389603
0.7287602115365185
0.7076592954206744
0.686732533745041
0.6636654884567126
0.6314365115207181
0.5979906313400644
0.5676042057885846
0.5318631908726834
0.48701577650850764
0.4550824058191849
0.43334516531539397
0.4120546783128708
0.38973216026801705
0.36647435272137974
0.34262018129935284
0.31760994467035697
0.3005947484572459
0.27314194412434956
0.2507652365988893
0.24379013918674866
0.25212965004541954
0.25655551074876864
0.252976018712633
0.24452991930697762
0.23973500344285636
0.23408015365579168
0.22727687441896202
0.22076099785370873
0.22033498337596605
0.21352995734072322
0.20633838147555594
0.21840220004570968
0.22842779258613827
0.236459316814575
0.22329786078304098
0.23491445224052204
0.2547463215370992
0.26738688541716094
0.2682947629330139
0.27697519644672053
0.30934096279144596
0.33824181811964205
0.3642951494490912
0.37568223691551494
0.38860951386274417
0.4163603389272724
0.4525103006413841
0.4803109907231041
0.4934057315634819
0.5154340559314823
0.543404472586285
0.5646488704566293
0.5727521545180069
0.5790867853356445
0.5854117039392437
0.5991981849384923
0.616473818736299
0.6372579259426414
0.6600136348729003
0.685030206514494
0.7109528178624964
0.7312312868317116
0.7485789516138457
0.7601617760342558
0.7743620025429383
0.7890637607250381
0.8114816054771434
0.8343642519618981
0.8547143559486347
0.8679298203938488
0.8715965931863199
0.8697123856325374
0.8674321549619542
0.8715089757686583
0.878188324004623
0.8894745255273564
0.899291155366072
0.9038131754814448
0.9054739488259869
0.9126093680138074
0.9273130767719122
0.9338227945824533
0.934322499363717
0.9330001648309963
0.939057839825622
0.9429422464148935
0.9479229440161617
0.9582082172290827
0.9664200512162108
0.9695457570023027
0.9711879235477081
0.9769447046907818
0.974824826191621
0.9723928505654147
0.972233825662695
0.9749718128088108
0.9704990422385618
0.9704964308746935
0.9729313439831463
0.9820876099320046
0.988487630563275
0.9891784863622737
0.9851425716826968
0.9887105321979854
0.9963349977583754
1.0009161890275333
0.9966774002589686
0.9940869107451643
0.9926683314235345
0.9928003391011385
0.9872073990020855
0.984998912154961
0.9857185019114251
0.9883489386357124
0.9895611260763926
0.988903383826276
0.9886227709153695
0.9893216982224535
0.9869901345957812
0.979864263146192
0.971246916768633
0.9651905626961376
0.9624553308985856
0.9610120602038017
0.9575229877654211
0.9484567569790473
0.9389936150821856
0.9263043242501868
0.9146433878041075
0.9040657076374565
0.8924713297966643
0.8745205441777338
0.84717561854917
0.8091283483422
0.7657282076794846
0.7304116263657885
0.7092039916686121
0.6870756827725221
0.6458097019385332
0.5836255007625517
0.5095505386470346
0.4526398671132651
0.4239813441057963
0.41550351067867114
0.4002374069722009
0.3772101612984364
0.3536930127798912
0.32920817625952625
0.31218188098246463
0.2942046895610908
0.2722152452563582
0.2510724530759182
0.24617000705820452
0.24806240453774872
0.2531875451591016
0.25094118555447603
0.24705127219617665
0.23902139105360884
0.23740323966517748
0.23683890414544367
0.23367972567796327
0.23788215327071255
0.26080910972756877
0.2993687580046613
0.31737514387273813
0.32541321923448263
0.3350519791980533
0.3722347357985506
0.401512943914288
0.41084771973607337
0.4058880222749259
0.4140984667247419
0.43411097489507844
0.45494183176060116
0.4724222038584637
0.4835228773811505
0.4994804143162482
0.5223894696689206
0.5451882602248839
0.5583978230623132
0.5631762535392687
0.5614540816483904
0.5617065771581162
0.569664286023702
0.5990285147332298
0.6388837181415689
0.6771185629290983
0.7098377814734734
0.7345346306144616
0.7441073810605124
0.7400578105324574
0.7358669183475555
0.7383979092465777
0.7442963476468276
0.7457202081191558
0.7502958894714651
0.7588158411666299
0.7693817459560715
0.772828841925265
0.7777837073728442
0.7842768539565326
0.8077690411211538
0.8397744257543045
0.8730576037134498
0.8932356448381015
0.9014977662113017
0.8983670700193582
0.8935290119271806
0.8859815355835202
0.8773740104660565
0.8791570719866797
0.8862410025371003
0.8965804584978658
0.901534339392428
0.9062345971453473
0.9049242138774006
0.9068768631492198
0.9087595329019057
0.9095049100423929
0.9105715846361045
0.9154726742813357
0.9194409974918529
0.9213163836128865
0.9182197107666139
0.9174282486952078
0.9183099421263468
0.9217914849222412
0.9234621522317129
0.9260481334142888
0.9251470013362029
0.9251457092565417
0.9216066372853549
0.9193763136734273
0.9176713904573008
0.9194299972341788
0.9171942408569498
0.9132249230085632
0.9075490317968187
0.8975436443855054
0.8785787771007657
0.848585810888435
0.8218045871862216
0.8032647930825549
0.7909874096204346
0.7742968436060488
0.758134032787016
0.7337870108390587
0.6907232544634608
0.639927662264027
0.5964173575157915
0.566494788789031
0.5462427502770355
0.5382476429487484
0.5243582689958481
0.4907488445784235
0.4401006150273462
0.398811041450541
0.38542102160316105
0.38755579411100005
0.3859494698163123
0.37534014570500396
0.361812839959726
0.34267850790034404
0.32381341360437854
0.310326681001112
0.3078934472797328
0.31089055501480234
0.31000672200269314
0.3061638958252583
0.3039690365931046
0.30524265176344106
0.3081758025193593
0.312947870619919
0.31460627636365973
0.3174184716826455
0.31942291552686214
0.32402896603876796
0.32750245209792245
0.3341986165402983
0.3396758621371617
0.34302690022955284
0.3465657593664112
0.35557557378047844
0.3755197954954936
0.3953873661293885
0.41974587025828514
0.44695057160499807
0.47953331436787644
0.5098576976645708
0.5321135558977601
0.5457873165264145
0.550730805541911
0.5520318118841283
0.5504939051546528
0.5567391949904049
0.5723492254002956
0.5988321977845761
0.6279010881401547
0.6492619375476711
0.667013989462043
0.6816637951438196
0.6922298440835105
0.6919521184233004
0.6996001695030719
0.7248700166036145
0.7626531901188907
0.7989773728229349
0.8224746194937995
0.8335183549455989
0.8390293431057038
0.8413682263003494
0.8400748477943458
0.8356905636793128
0.8360448482750847
0.8361201222773262
0.8432124352307181
0.8577833476091566
0.8721622605904478
0.8785805511858769
0.8770323007096885
0.8673295738395586
0.8571171540145293
0.8561052138770597
0.8659656090130209
0.8807751416064777
0.8976903571527466
0.9075993564938623
0.9068767251847779
0.900308166306534
0.8942003753908847
0.8869749303310815
0.8843753342525761
0.887633557854267
0.8897063593603038
0.8866432917435683
0.8841658806363253
0.8872999761412808
0.8933319420026324
0.8975715147171631
0.8983794137326158
0.8988546142823233
0.9025197765428346
0.9076091282764629
0.908801464746509
0.9072768698674333
0.9044599702019275
0.9058691599861544
0.9020671180179577
0.8974219234373582
0.891566968986695
0.8889030809636769
0.8786170842653701
0.8629431283966237
0.8409107003813183
0.8170455947600539
0.7822222220890954
0.7432732925713579
0.7044794154106899
0.6782995321445839
0.6526176072813399
0.6320969939575366
0.6133610497351597
0.5926041957054881
0.5552795755718486
0.5084702623827364
0.4620727698647202
0.4253749789021941
0.40216116448215755
0.38802258193567374
0.37860761153391553
0.36450643781671616
0.3470162049634478
0.32721287933029003
0.3152142410396222
0.30681986812384016
0.30528407585470874
0.30319082298908756
0.2960745329357553
0.26989116650420647
0.22813690950518722
0.2005698983417738
0.20527249984226312
0.22738781496470506
0.24341816975833713
0.23232771305069966
0.2167082629591759
0.21477575796218568
0.2222399193178924
0.23221237975335113
0.24446947017642326
0.2469814171810092
0.23413199904933546
0.22720456787004006
0.22934207124142283
0.22187724240565457
0.23543860263035
0.24194223435722834
0.2442430873713157
0.23633692183751967
0.23385695407382096
0.2396131184777426
0.23424657543301708
0.22157352271048092
0.2013522273962054
0.2059709850531793
0.22338701623074933
0.24591726169257988
0.25819441131214915
0.26471786858941904
0.2647324114134282
0.213282439038592
0.21865108604628966
0.28377598460196307
0.35332760303282845
0.35398556230659706
0.3744243826697481
0.4079474261795438
0.4147153555454068
0.4164150507224754
0.4191085176369725
0.4362919087326429
0.4426181154306815
0.45884831392271436
0.48242548577815236
0.5158167307752413
0.5456069412098552
0.5715061109187516
0.5980674941696986
0.6179545346387207
0.6353815327289355
0.6441013506455366
0.6468931615128787
0.6498817734446004
0.6535074747539775
0.6612672189703466
0.6627252017031003
0.6693115177120179
0.6759615739115719
0.6835828223439012
0.6903181941900209
0.705455361281935
0.7211532748276723
0.7304144323710681
0.7294187261873667
0.7250731202528953
0.7215406803716403
0.7254086531421592
0.7343267926509802
0.7432892764336485
0.7533934270249912
0.7600722612202329
0.7639023983917089
0.7671766148204044
0.7699848807387818
0.7694583449847233
0.764779376049064
0.7628134363044193
0.7644463394411422
0.7723033925869573
0.7823655958367908
0.7911875469521062
0.7943302475652667
0.79028072784054
0.7854656513531576
0.7767642319601742
0.7697202382243493
0.7672148410970846
0.7725888636163183
0.7743708105489953
0.7796748563707864
0.7831941273213124
0.7824109883665253
0.7781369022124589
0.7714220473888437
0.7646321694503702
0.752937761054808
0.741835292926054
0.7248030768156393
0.7146114854545118
0.7089088307735474
0.6981092851650597
0.6632580828784932
0.610777498471003
0.5602654697286894
0.5238459464929162
0.5068801676713953
0.4968928025051114
0.4844876813647601
0.45728438853606457
0.4240708310686949
0.38127021470243116
0.33422162701457997
0.22250486966645472
0.20532772406693547
0.25284321413298494
0.30992957394257453
0.22116532518684132
0.14522028099798925
0.09999961292514614
0.09726865282370609
0.16784886385766207
0.20591622949120608
0.21912573845295819
0.17254267896796943
0.1933704386076962
0.19315231666727245
0.20385429960289136
0.195044911297608
0.19667372617391932
0.20148082364149575
0.19390683125444325
0.19328824535546277
0.19007709864189623
0.19538000653835896
0.1913209407484119
0.19464784064343896
0.20029518035765084
0.20204821511417348
0.21028719848262256
0.21523758742971422
0.22457101705099788
0.22674913121313134
0.23851036952556562
0.2579907598127559
0.2807145129847248
0.29687360188740775
0.3116686320487604
0.2648161340689909
0.2516321046451744
0.25392997296770237
0.31620743139723106
0.2841491671831859
0.3269447004637389
0.3590888992867437
0.38025579082609084
0.3325529549133946
0.3196767129672569
0.3800803781188285
0.46905796572279596
0.5486282451254854
0.5615112234660149
0.5632433987733159
0.5595845192852128
0.5568072542154281
0.5611927501762539
0.574560430007049
0.5927291902525353
0.6034038831511316
0.6097351587477031
0.6193354327788405
0.6373508696730352
0.6544371993467972
0.6729445471643346
0.6854929836332275
0.7070998430726263
0.7311193000138314
0.7592877539685495
0.7721058229784024
0.7790134067384695
0.7811971463795107
0.7826616228995764
0.7837641294991345
0.7902185885178337
0.8056882610704064
0.8178060467931163
0.8268989375769019
0.8255051229181827
0.8203034174611132
0.8131767315554597
0.8170349624872678
0.8272349221304024
0.8350060724761075
0.8400764013343142
0.8433838779634466
0.8499061427758159
0.8515170067590132
0.8558187282533727
0.8579484226722475
0.8551651642822781
0.8478576415012804
0.8459179374426639
0.8480018748617012
0.8503514935159828
0.8496628385722159
0.8489947138125238
0.8486759982427945
0.8541123896418469
0.8551426404283649
0.8496203618669353
0.8375383548250649
0.8280427310966116
0.8246229081858012
0.819934393358277
0.8188085653930073
0.8152379593017732
0.8071823007919001
0.7885993211780281
0.7665463318817369
0.7395876862273332
0.709172773353375
0.6659643541793558
0.6263026951962258
0.5860074264370521
0.5545585720836437
0.5192167157211511
0.4976291464916512
0.47148210530832957
0.44230863876234067
0.4029227704317038
0.38760156745159713
0.37330810363601746
0.33270620896492287
0.2804981319072215
0.20359189007271683
0.11545798743381261
0.03616035545309116
0.021191009518887558
0.018990472480326107
0.02229541666344479
0.012944207587675087
0.008058903105174507
0.033031228903107675
0.023425435959240265
0.08055355089426028
0.1586756260190879
0.2159454254861416
0.16110128996050982
0.14417816877236794
0.16320832327472393
0.18020185734791316
0.19348819518078508
0.20126269287041157
0.20685333607630402
0.19607438329480936
0.20683003441647985
0.21130653974837618
0.21024553637179522
0.20362009497793743
0.21952610411380857
0.22734623640583265
0.22237459306417778
0.2135991250848957
0.2082569004355233
0.2164504227685512
0.21099601184145816
0.20294312680568088
0.2010589743042253
0.21195353854938728
0.21291521006139008
0.2146718221862551
0.2140865440255646
0.22257564073369424
0.2282082676190238
0.24044858896183074
0.24865624197255617
0.265835889376842
0.2727526151130909
0.27668374540182916
0.2753710849692894
0.28534505392458837
0.29914250828508393
0.3027151888347194
0.30223683520715394
0.3187900430617662
0.27301383910479465
0.324035343583185
0.40442629015906884
0.4699330791572131
0.41301570695220835
0.3647746810618974
0.3306662822550994
0.3168348634518733
0.32133757272123165
0.30880445285778846
0.31565607204212176
0.3257088401797843
0.32477455580669917
0.32685808672876404
0.32038276893915185
0.31276866530396963
0.3101103046780466
0.30585746884416515
0.2707171908276474
0.3602611710410427
0.49987342892280223
0.5985579728263515
0.5745222165074733
0.5765493083473476
0.5879554707798142
0.6121599538108282
0.6416314287519513
0.661200126866138
0.6694421685691185
0.6703954660134006
0.6756571041335718
0.6709686952065217
0.6637308929553076
0.6609534320927961
0.6667133790471366
0.676528568667043
0.6912640468695874
0.7113118908081677
0.7236795699550949
0.7314804191103698
0.7372780824619993
0.7427012548443196
0.7498607698179471
0.7597393885821974
0.7760899203765002
0.7890017620476196
0.7977632540221444
0.7954530081143504
0.7899876611686094
0.787805894017359
0.7868378645172097
0.7867447056148021
0.7906555644011664
0.7983746052515748
0.8018771542643153
0.7986944993832163
0.7986556263599505
0.7973547214735024
0.7974545652825167
0.7974120337849445
0.8036468213432847
0.8133963779497027
0.8238673540034076
0.8300604392317799
0.8277953308939504
0.8236717319090237
0.818689466136313
0.8146949526965265
0.8170326153715011
0.8282004240069387
0.8399615887168701
0.8473417664453565
0.8521254095727231
0.8546207549892539
0.8522796710397753
