0.18226141690407918
0.33903419278157854
0.5974435761183037
0.8131467562260379
0.8866012045726391
0.8919956818348801
0.8609915819989198
0.8585231241220653
0.8729634137302079
0.9022157697952322
0.9235997540527338
0.9458210068623678
0.9694108784763209
0.9648822236045675
0.921766269845651
0.7663297993830174
0.5059280064842597
0.2580948696329184
0.14086246844101905
0.10948441428733119
0.08497526721432899
0.06901924338784242
0.0682277023309369
0.07600575502657052
0.07859932381862553
0.10442066798759084
0.22975781280449253
0.47164271504249494
0.7174791480765716
0.8693874544529827
0.9068467605997491
0.9004997500728608
0.8978439308578747
0.9214921146685761
0.9417327802270494
0.9600521715803847
0.9727910444859615
0.9759521451454466
0.9573539822333306
0.9161753595264988
0.7473242880918936
0.4822155261015417
0.2566866870090497
0.15917458909209278
0.12131884502053913
0.09938659478195674
0.09700231859536974
0.09273134018014352
0.08798430252699829
0.1179244740685898
0.23039392893637886
0.43888443849441566
0.6593847977918548
0.8212941268255285
0.906124584715805
0.940109270483339
0.9371898516074223
0.9256461569654585
0.9240331504392048
0.9445983609768046
0.9674256555304975
0.9852052323012295
0.9685528629988188
0.921160859245649
0.8073120373220618
0.5824606799296682
0.3291913777825051
0.15853644784794202
0.11547377509606713
0.10206900849221481
0.0985369413144658
0.08553341312000963
0.07742413939441035
0.06929494919447425
0.06629468315225784
0.07534978999624055
0.13223666194338712
0.31103003500361337
0.5657631683405369
0.773840802516621
0.8743852471864492
0.9152939930808188
0.9376103493598055
0.9468113184373966
0.9538739934024032
0.9614798811032034
0.9639463824198036
0.9413780781995021
0.7758541520249943
0.5028566128409429
0.25701538497480403
0.13898001136419325
0.09232571131980963
0.0694695999578668
0.06519000945419925
0.05964281269719941
0.06372409878039105
0.06883741403244645
0.0645733643734928
0.07904954188529525
0.14760277041752962
0.35590744071119396
0.6182472581752675
0.8261214267693735
0.894971654669424
0.9135713019826065
0.9083587841220407
0.9146530064904423
0.9284642383924435
0.9445383500832121
0.9476123592176188
0.9587258474418611
0.961395108880199
0.9157157661068349
0.8367378394395609
0.6743187215286466
0.4384133180600434
0.22033470037009054
0.13052789735035708
0.1118186304788411
0.0934056489721227
0.07860445383971154
0.06819196788550579
0.06716682819265526
0.07006066157202309
0.06682851843714838
0.21534543383315685
0.4385410886356899
0.6577918091911688
0.7636552133706198
0.8638153879483301
0.917778088703559
0.9489478591873416
0.9675497262997508
0.9775761801827547
0.9741596131943846
0.9582312003666209
0.8412913692326777
0.5922867054991938
0.3070698710905811
0.14018293737977394
0.08327728011122049
0.06497051007270345
0.050550731678494096
0.03727377312580031
0.018279519110405155
0.007729637526290942
0.0016044366924793775
0.02014194074123555
0.07309563217768641
0.2644278248036025
0.538021072720838
0.7663678609897795
0.8499745948177428
0.8840686733413551
0.9167665072846001
0.9280694079478431
0.9282514849578676
0.9354487048300593
0.9527114542190641
0.9699671185677563
0.9538597868371903
0.8877224990871722
0.6429124247402686
0.3523007249732968
0.1456219389588783
0.10801625586248526
0.08912729731372904
0.07697139678221153
0.06736890599366988
0.06309851157166699
0.05879935233001319
0.0732505401660504
0.2279213890233445
0.43815660331838685
0.6554917557113451
0.7864657029985029
0.8915118915348837
0.9217378149843602
0.9345974069293592
0.9408391229711657
0.944281983545723
0.9526924637976907
0.9586099186126751
0.9655097594244915
0.9780552429286717
0.9885749956394565
0.9941974610114441
0.9796185625684104
0.936248791387408
0.7772747523522856
0.5191959049560846
0.27535336485730166
0.15713635752484006
0.10968334596809666
0.08120632737988835
0.06453864372952957
0.06107914751151133
0.0558485926416092
0.065743862133251
0.11179847526104288
0.1990647375185168
0.4302943806454258
0.7046549541382735
0.9078932396915005
0.9503618161955254
0.9679373937219682
0.9666898961225986
0.9695840942431733
0.976048988237741
0.9909464326492348
0.9703025594664905
0.8458845676141726
0.5782075484524651
0.31654125783743997
0.17225893942984788
0.14140272356128675
0.10776762781034083
0.07848173376012284
0.06552013338100547
0.07601774155901024
0.09382753081022831
0.14675478854278562
0.3223302084744036
0.5520634705263199
0.7593687144731084
0.8685679638044912
0.9363686432380398
0.9558214691822255
0.9676989320322502
0.981171858983936
0.9899242220777877
0.9869593751002127
0.9659058824163158
0.8894001050517982
0.6826873968105246
0.4358966442489165
0.2578322035563393
0.1894221860633153
0.14899110535338117
0.12026830199889477
0.10128989337731485
0.10981394177599152
0.1424204241071434
0.24464361755846192
0.40853542475603644
0.6014604249506952
0.7635375606977634
0.8832782044007788
0.948299709998718
0.9707865907895057
0.9793307231867703
0.9749672964309157
0.9774429693746821
0.9782191453373446
0.9544718232557972
0.7916224151294117
0.5077070822582717
0.25511617990573543
0.15000755659994153
0.12158595211875778
0.10006367340696033
0.0901515183401575
0.07806570809966158
0.07922320251828553
0.14974663502341617
0.3463521180059087
0.5802948478330063
0.7679503698631869
0.8698792437345017
0.9357142658076444
0.9556295558485011
0.9592171542482628
0.9594585921519085
0.978495736299466
0.9834980186964746
0.8940121490273967
0.6815852833712706
0.4374828377230767
0.26898103648409033
0.18589379915025217
0.1418451623387829
0.10890925729870522
0.08992584175244546
0.08023983201160186
0.08406795922404514
0.09125207227500567
0.17082763347524296
0.34829753916679573
0.5659994726612098
0.7212503529027372
0.819568209627626
0.8893228490569438
0.9233340217639129
0.9261962058116529
0.9315228634796985
0.954631350093488
0.9828715811411007
0.9979237803096346
1.0058475467387114
0.9576073027837686
0.8575914549101764
0.6592681302807802
0.49393439882575924
0.34575523399371233
0.25464391724053603
0.1667531704218632
0.13550099838761193
0.12723963920590503
0.13089061619937403
0.14469730275845938
0.19263898269170182
0.3349964259285213
0.49736246331982453
0.6661307920939702
0.7833770053003444
0.8917549964187902
0.9369029749732791
0.9678585898785136
0.9631105168784039
0.9640163036940526
0.9795929035603963
0.9943351564037536
0.9884749951502543
0.9154098455060338
0.7223623774313338
0.4397028581349515
0.2344534668492406
0.14420584910027825
0.11686735837887496
0.08415073884491563
0.07219488623626545
0.06810833223558072
0.07367645276159263
0.09256463378467397
0.15006266756790354
0.33357749792861485
0.5572884960140594
0.7523112102624575
0.8509132849297248
0.9227668138611744
0.9501147509277864
0.9640776354239607
0.9680673178234226
0.9760705926215736
0.9931191166656302
0.9461763956927921
0.7591914335831654
0.4749302510926387
0.25657658437566744
0.15269023735003184
0.1133851661913467
0.0848523265625677
0.0723847199541885
0.06429520303277833
0.06376382631071832
0.07408223131320718
0.09445817826268114
0.15496357391674864
0.3263108261910714
0.5390629834905658
0.7204419495319379
0.8196827877114793
0.8850964910191585
0.8996436304595441
0.8982426652987452
0.904057705525937
0.9159186934428372
0.9308819392100799
0.9436709895425787
0.9191702382639431
0.8393540647844079
0.6576924929668899
0.4350894577118446
0.24595896485281127
0.1570859112176011
0.11024038513443968
0.08243777131297135
0.06932119154193939
0.05883856231714108
0.053351298907388794
0.07009332559613421
0.17053302354758726
0.3781289219134649
0.5885137178577189
0.733006097608698
0.8241977254477202
0.8988070965829079
0.93310297538004
0.9487290828460426
0.9691556406899675
0.9755097499712383
0.9847987859248502
0.9820410140699141
0.9386071513568301
0.7900692533280623
0.5317006321570737
0.2927061491067998
0.15380550696308465
0.11303693950166124
0.08329525107370579
0.06963104564101796
0.05961982042473156
0.05946192367168148
0.06235392640968934
0.07261729668858156
0.10579468237724574
0.238469507194278
0.4150622519136551
0.6095681152934015
0.7511077048386524
0.863128380937011
0.9077647943281741
0.9071444790796622
0.8877943627905652
0.8964468999288548
0.9209490130337167
0.8717057817590746
0.6564171396965062
0.3804153650798053
0.1882718541828708
0.14462323291231446
0.12557919301338938
0.09348533693084571
0.06006050183877437
0.05134444870259107
0.05209377636277158
0.0575251638885661
0.06712066765974728
0.1025037301591484
0.19803363542184596
0.3851681394089039
0.6077902088416338
0.7685063632935445
0.8326747966288452
0.8411835988867427
0.8376558767436105
0.851638114941352
0.9033900942283352
0.9237770762199757
0.7904052706777076
0.5108431028491341
0.2624205014851999
0.15379286085638497
0.11369717717772282
0.07672638370408502
0.05204351494459851
0.05393850781635353
0.055041669062214714
0.05456246464526615
0.07625644744663473
0.22259222231928744
0.4222998758648475
0.6200311244927286
0.7450057999401993
0.8483794486438374
0.8891201334412019
0.903308980395995
0.8822209235448966
0.8581686731970356
0.8692401335430422
0.918661876067386
0.9484250661023641
0.9472985210356886
0.9103617442030739
0.8363957759164153
0.6241514079880863
0.36275038797043746
0.19010903817929511
0.1464053787559455
0.11581288440892273
0.08193560627202999
0.06924436193619593
0.06688539783584907
0.06955068954620133
0.0712111980135013
0.15435046140007216
0.34570262762467774
0.5473151170612806
0.6541872822311824
0.7383522535457201
0.8331052097346251
0.9076192482940041
0.9279226084477654
0.9366815962561053
0.9369335041308119
0.9553525267006898
0.9633665634249265
0.9095468871587986
0.6981227557212011
0.4229915268761321
0.22941945022635338
0.1853378686471613
0.16316998542419842
0.1224714514362024
0.07945157214548074
0.07453110400925052
0.07626077688630489
0.0838921286125325
0.20713284788844674
0.4276136986057582
0.6280058137575876
0.7362861371469183
0.8401622502010346
0.932922668509092
0.9750370526352121
0.9778664833630546
0.9792692516337536
0.9856469044834882
0.9966109451815058
0.9761802784130935
0.8419407672243091
0.5586021222101759
0.29190549491666007
0.15971249274699983
0.13704346909938422
0.11417330515277405
0.09794442490363825
0.0858394452752696
0.07964569667182989
0.08653216881493256
0.0944670905204738
0.22218848410223993
0.4174757590898892
0.6036929341308748
0.7220257340503904
0.8322815304376731
0.9169579833595454
0.9511024589145805
0.9672764184171081
0.966177992814808
0.9729489983414601
0.9802263336509573
0.9840033632515637
0.9758609648583199
0.9276555847304434
0.7944490981749359
0.5668725001937613
0.331142073931451
0.20377169918091614
0.16266191358279009
0.13297354272218023
0.09532591221974514
0.08325558280792282
0.07450873922526974
0.07417417910504419
0.0771062237191171
0.22413075826539736
0.46070610409788615
0.6586021404677284
0.7481805583797914
0.8260622953239192
0.9129130617133141
0.9512376985885223
0.9660501719018455
0.953751886841614
0.9697288360643175
0.9856532647261071
0.9838146997416731
0.8933647881255224
0.6636266455274866
0.3734118472764636
0.1876970191869021
0.13890049484246506
0.12255016813853795
0.08805548784551176
0.0704268912125276
0.07182958086614137
0.09253949541463874
0.1342495758190929
0.3041442109797464
0.4919343995639427
0.6626188611317153
0.7772920189581489
0.9000211278732455
0.9505839707254934
0.9595913808809489
0.9569128870278993
0.963408942026305
0.9813763217491163
0.9997324333546732
0.9882424207165669
0.9192321749711586
0.6756433586093338
0.3904676453584347
0.15627914811129706
0.0939122761138865
0.07948912224272485
0.09455489732346938
0.08242748093836873
0.07276609766073255
0.07976026961273247
0.13596806111915816
0.31984035183663356
0.5280366882394535
0.6523241123419555
0.7244608469436056
0.8176391651133006
0.9065391886675034
0.9460178430252301
0.9712141592503512
0.9649256884698868
0.9685303737298585
0.9816254410796915
0.9792417169950259
0.8493722642423032
0.5666943492349807
0.28895560071820986
0.1318420208944151
0.10296225770108389
0.08499798169694503
0.07678986171036711
0.0632464454189898
0.07132045662590486
0.08039078246362757
0.12207827110458465
0.30795133267854663
0.5066126329991415
0.6628252400401169
0.7537731369703431
0.8669143584271947
0.926165380860901
0.9470113877919031
0.9520929970868541
0.949506405091605
0.9532142798989891
0.9648351950755178
0.9540249379796022
0.8421741946964939
0.5742717054230931
0.27794462309528256
0.11222257215011473
0.06992783562165077
0.04489381533097947
0.01518685701302784
0.016173506526256043
0.0418984051867174
0.06909884268709819
0.1170687084858776
0.2926166681561233
0.46649209225607646
0.5968028693185734
0.690044908884607
0.8144415603327336
0.8873527156808968
0.9158805176124055
0.9329133164533397
0.926128578089317
0.927257100779242
0.9506123464068786
0.9620882077100058
0.9133129201140521
0.68726174661573
0.406067320560057
0.17280856678780387
0.09580036381531384
0.07402587841513028
0.07229404866666686
0.04940289779185914
0.04716734612536192
0.06764393587794959
0.09022767911841315
0.2069993612102244
0.4233894023346425
0.5739308824716205
0.6697898700289642
0.7724725654292809
0.9007214173066228
0.9362572027640785
0.9511076213934805
0.9486481615432757
0.9599728264665018
0.977865449185346
0.9688096771845218
0.8218933131404128
0.4971761207820341
0.19210769937461014
0.050054699416487165
0.044888769695155095
0.04910963595713075
0.05968230090453318
0.06744997350560641
0.08087452451865898
0.11742481586438558
0.24560391668386405
0.44382249770028936
0.5892830404660209
0.6908151138393311
0.7978963498535543
0.9086261349185903
0.9433821118035318
0.9524749527917332
0.9396055424478699
0.9470337145950591
0.9701750678637712
0.9515745876976454
0.7442600603761775
0.4314122977711542
0.19627289891771676
0.1265725390151089
0.11150569542622207
0.09314540478295111
0.08739872022051298
0.08161324088853922
0.087589506612113
0.09418855341224772
0.13961669504405805
0.3317840075985433
0.5429881968427461
0.6603052874560398
0.7203325846596791
0.8355427836276075
0.9258659706940253
0.9497462948826958
0.9491508011646651
0.9534996130311922
0.9715611773073222
0.9541585113761665
0.7665621094800438
0.457604220368588
0.23813913687596622
0.13594413820046455
0.10341253362421059
0.07836464063405396
0.09726387713287243
0.0896139518701212
0.08617133030263428
0.13047908242963338
0.2631598447974501
0.4354872622370519
0.5551115378307885
0.6664221683115437
0.7897009663498615
0.9001217173767327
0.9409871624265671
0.9353870798929759
0.9331404597702482
0.9543675769636806
0.9626210668046086
0.8322911950935326
0.5440802523297874
0.2577458415479625
0.1044324749264322
0.09527033913792818
0.09442626359607309
0.0927077287478966
0.07791489986995395
0.07790543973410811
0.10400666565873676
0.22380941429388873
0.40988920458461436
0.5677445415349878
0.6224833606626218
0.6891693074325689
0.788305574065465
0.881734538911778
0.9142970771093886
0.9265623089882685
0.9313184461563565
0.9408530204070392
0.9274831664230536
0.7893093778766312
0.5146906568797152
0.2525561778872293
0.11009194118704768
0.07671768916651908
0.08087450909318411
0.08976922855772182
0.08269875501555654
0.08618929139448177
0.10902974058114819
0.1196253332665381
0.14246078922174046
0.26603130906233796
0.4583793738610732
0.6020005079074839
0.617583524044071
0.6622019791983502
0.7603375126056164
0.8731263795701885
0.9165471339587972
0.9450354940983039
0.961475703607896
0.9622456400229035
0.8984669420937554
0.6745179490101293
0.38025437087553055
0.13925721631178561
0.05965641990668236
0.05241276597101128
0.06825242638301357
0.06027269120717071
0.06307189467170075
0.07588366622883225
0.08583525617511045
0.10410870644321879
0.16262665083843925
0.3269093322785005
0.48774883792657575
0.584291961733826
0.6618283258431706
0.7840662758177075
0.8664339597997779
0.9043943412886284
0.9374943627608487
0.9554113131920737
0.9560670026132223
0.9711527387079841
0.9627808816601597
0.8410934960858418
0.5739593824153401
0.2902496723808198
0.11410146852193008
0.05655342767919423
0.04820412126890853
0.05226002696721439
0.0485841225252152
0.04467796077393566
0.04625971424855954
0.055358046869019434
0.10997862175158396
0.27228261683707616
0.46846083872728433
0.5592326760669313
0.5997401738983094
0.7017042696630058
0.8358354196922948
0.9169835459306225
0.9576622720317383
0.9720195093477408
0.9613951457761316
0.9783362109279288
0.9888078203714094
0.944406147137919
0.7274472858916509
0.42503971864606166
0.17919768560249716
0.10252146779148169
0.09485198462877006
0.08976725080494312
0.07355499031090194
0.067485116130582
0.07288996744401807
0.07958204665363479
0.1047373881136051
0.2230056139472741
0.42619348076252866
0.5741288631909062
0.6340268626624892
0.7126329115754431
0.8328817336046941
0.9077471104438415
0.9373530612399616
0.9586601898403974
0.962972718001174
0.9629047978255016
0.9713842197269874
0.9545268571997109
0.8121481185622637
0.530215174625648
0.25304147045878433
0.10303682008690232
0.07616023713732316
0.07156017445027756
0.0639965942074797
0.05678719439580244
0.06427191104742386
0.08112324660419928
0.08951056321071676
0.22189139220935433
0.43102606751675515
0.5584611440309174
0.5673827343558264
0.646277061343431
0.7979973556697881
0.9001080318391163
0.9372781501960115
0.9578616217187025
0.9508361790847094
0.9492806274114396
0.9601675437749091
0.9037051404679701
0.6607179536134451
0.3267762744435307
0.11237734560034149
0.05759547547562206
0.05606213307601095
0.04336387147796113
0.04659234550468653
0.05733367256699195
0.08192591466271047
0.11444698072440704
0.2555124507071964
0.47187546996237406
0.6029354911078686
0.6313997793046897
0.7107581791741654
0.8378990681266764
0.9136278338968168
0.9365320376715978
0.953801484526081
0.9566524139226105
0.9765183212786651
0.9694204963641571
0.9047061861377763
0.6460299308224209
0.3123656693508289
0.07749308778619823
0.06295931499658158
0.07634437487708878
0.06707313204245831
0.05851789448191498
0.06689063970276217
0.06950853487588136
0.09717882055026592
0.2284047703902949
0.43313942961491336
0.5414084420824685
0.5977481321594353
0.6938507843122057
0.8400591597280439
0.9143770556245471
0.9525038379123025
0.9674682067155751
0.9595630251664891
0.9661664827071983
0.9414985406455391
0.8092885211332603
0.5172659992865725
0.2207426325001106
0.055526677003668465
0.03978369452361589
0.05016495101494668
0.04464284324068672
0.032545534091092024
0.03165820283469535
0.052000655198770174
0.07138041913737275
0.11569501943576535
0.27471304720042045
0.4761458894919156
0.6096142108663627
0.6803426826664898
0.7755997612795611
0.8606588616068632
0.9041407764069086
0.9299259740537503
0.9418478130052146
0.952327586059439
0.9199549014848019
0.6884648484519327
0.34555533782447756
0.09868346160123775
0.04515332114694882
0.037354100342772915
0.020137715666347946
0.007745579490842287
0.002093343513010491
0.009877055800788972
0.015721235252322874
0.021073139887026707
0.06019303363612395
0.22843180456244971
0.4080993080214259
0.5184722841509104
0.5471301049888668
0.6479513948118132
0.761990041063608
0.8525207132267749
0.8914424804172829
0.9075341984762824
0.9151304643856184
0.916162018572628
0.8430010928608876
0.5968811548461865
0.28267737403441423
0.08263478978066921
0.027820306007160966
0.01590011976958358
0.005235298210562614
0.007709868222768026
0.01863054247574356
0.031700924005818
0.07023079388845907
0.15983176283257705
0.3496925296677779
0.531941718458924
0.644453208334461
0.6707639143642635
0.7364059486263586
0.8125992219457816
0.878981161576665
0.9137114361893288
0.9351397547168934
0.955722674702024
0.980938287271053
0.9871063895286412
0.9028474220813172
0.6598089742220631
0.3385413770871723
0.10565539755986933
0.052608804438371404
0.06322805680403286
0.06443540545764555
0.05319204942901701
0.05179640395962414
0.05513283840151091
0.06340646124479636
0.07401783061982622
0.11006059623549568
0.26413370131832736
0.4538191616902972
0.5675415086952279
0.6275689909965627
0.7363161234409648
0.8466749870490259
0.9061851285411128
0.9449542913514616
0.9623397162739982
0.9781936209603008
0.9730177370504388
0.8687116684104832
0.5906100453951627
0.28205273429288236
0.09729795983471783
0.05464360654659275
0.056947724510764616
0.05745702968951951
0.057773601706157335
0.06191515329090719
0.06693422675824238
0.07361549266476393
0.12225352232150369
0.2946443786868642
0.4633798525682459
0.5635002678438285
0.6075638178535632
0.7181336126313143
0.818899291045426
0.8877034133063388
0.9223943851121705
0.9508863402650083
0.9720121094327154
0.9702727611612876
0.9142261901711084
0.7017202576296799
0.3756664839379344
0.12392037043972262
0.05860917633206449
0.07507164793953183
0.07183140157207729
0.06254794033024663
0.0535016952426519
0.04595863384329479
0.0515312598532592
0.07004492982138599
0.10755300391306796
0.24525559088482785
0.4349147791453756
0.5856738374880446
0.6032877539319756
0.660191598032209
0.7631334671135173
0.8743498201587043
0.9130272606159096
0.9414189015592782
0.9625881748458973
0.9588090402997774
0.869876673859108
0.6205218768087608
0.3169548762700436
0.11142753066344857
0.07443330111973283
0.06316894278398688
0.05113160369551794
0.04738669434736169
0.06990307074375868
0.07465163241174788
0.06911290489869173
0.09310576754488611
0.2231116395839002
0.4223252628705264
0.5859916034206941
0.6097086022217989
0.6291301771284681
0.7148402600470986
0.8332080566426888
0.8890958273409407
0.9232531338863577
0.9531413952328166
0.9805399063380966
0.9850946711454608
0.9468058881666227
0.7382309513165013
0.4346525653839696
0.19874562257802736
0.1297682335671837
0.10911382034611986
0.08268220712529208
0.06770389317420106
0.06981819773776413
0.07077949473147661
0.06920384350525474
0.07343497652129552
0.09899192524759817
0.22463237319841609
0.4075250311215522
0.558552521342774
0.6030981899149871
0.6525927446945828
0.7340117560732914
0.8284413862791824
0.8852769191151922
0.9161672694194927
0.9384696032631983
0.9528680689044668
0.9089202462100864
0.7464576241980629
0.44778575336874327
0.17124788646118216
0.04136790351892604
0.04360492890372923
0.04914246632471351
0.04034875343193531
0.03895004333369189
0.05395945266063831
0.0699951413710853
0.09396518762917602
0.13365978668496495
0.2706149965623429
0.45367379939141245
0.5968325889367516
0.6299779944813205
0.68637931952989
0.7747371494028431
0.853840085023101
0.8818523898019281
0.9061705352812413
0.9288721428540088
0.9041987508626534
0.7461030504214261
0.44728124140947984
0.1767019503309415
0.06295001188081785
0.05484710080876069
0.041638980680765
0.025345843282676635
0.01723423562563682
0.020548977206848857
0.03712084893321639
0.05583488905857101
0.06985853835835368
0.09158087965282985
0.22148073605192703
0.4086377756704582
0.5205173747037508
0.5316688660096924
0.5896326243251047
0.7242903928393439
0.8397539579344373
0.8966552003910666
0.9263979585315057
0.9452559995682299
0.9342261657761849
0.8472043347056359
0.608836205052754
0.31662112407547577
0.1134202061099814
0.07143140436049951
0.06408617836946034
0.056093654526331124
0.04394383334375346
0.046254744896530364
0.04960278930371544
0.05419857900900864
0.06313519396878668
0.08889608972106298
0.13315641832871225
0.2257767844954487
0.37982013053804986
0.5171558109958195
0.5770428089173563
0.6081506954567915
0.6947094530519966
0.8014298611679457
0.8631451951688259
0.8824171569684955
0.8943212777368248
0.8230206240842449
0.6005227959647135
0.32802048413795254
0.14693746108542224
0.08048360169619574
0.05693538844219882
0.05265211226302624
0.04306262361406194
0.03896726243950331
0.04209131059319808
0.05257688479782939
0.07072777633073646
0.09591125232001477
0.146994777025637
0.2551311228172525
0.40890043774320484
0.5427068018363619
0.5996859870926061
0.661714899236737
0.7584769213560548
0.8625300702458815
0.896210865270181
0.880202435751551
0.7362948513015948
0.4793531089747574
0.22437525346239723
0.10242482548952382
0.07220622656921122
0.05341141273571907
0.028639419047451257
0.030235638950388024
0.053440823518030936
0.07847646960338538
0.08700061021297999
0.12443391453051404
0.23511132624300687
0.4089655968916742
0.5423905298416707
0.5863840001380958
0.6373216294499828
0.733169557444749
0.8236743730342999
0.8693612391685847
0.8995118581976477
0.9130558025649458
0.8697672426592685
0.6752867374296345
0.39645291437990454
0.16783116237104873
0.08431457192251499
0.057648039202617435
0.04497797533317095
0.03829596542334827
0.04099864756935661
0.04666108133828612
0.05278226370867618
0.06918071828925304
0.07162344304786164
0.10046607924634753
0.17994231859762433
0.33771605630703516
0.4741769387740378
0.5386802186872075
0.5726655179073372
0.6591695151414367
0.7788222887548508
0.852688101509323
0.8984129549904318
0.9163420849325948
0.8426066533828405
0.6206767363446988
0.3461935149761062
0.15884612428387276
0.08736864844847718
0.06327116463974916
0.04843718454794149
0.03195833784731411
0.026776501691958117
0.03967398846597841
0.06347536443051532
0.09388091852864494
0.13966600383931663
0.2721834943725834
0.42684337855480786
0.5432746546197734
0.5811586215684218
0.6274416880528557
0.7032370432922017
0.7873515056233253
0.8468052360534425
0.8811892324789172
0.9118854181943258
0.8928101694521476
0.7220229955508431
0.42653271937853776
0.18287865734654185
0.08329538573852169
0.05461327054480958
0.022500005358181672
0.008218971798285759
0.004085174444014728
0.007072698074890943
0.018550017925542225
0.03600463927158324
0.051825173839493706
0.17873511838497003
0.3356822896763354
0.4986545726161504
0.5379726012874988
0.5517732675604614
0.5743814245946111
0.6858785279130191
0.8081049530832058
0.8771471835398679
0.9137294959517406
0.9411381166347308
0.9338945953306639
0.8262778678320936
0.5562303417108574
0.2725954690522555
0.0985862581722293
0.07137313494744883
0.06686845813849697
0.06230340956538431
0.04134502441266735
0.04162322482368739
0.049412744664648664
0.06198975691769537
0.07366159525735574
0.13617165564248326
0.2857803736317572
0.4522699816384597
0.5575664842040812
0.5872051266522174
0.6520535075212313
0.7482317747609004
0.842967667071739
0.8822593985239185
0.9014379334603204
0.8741275688681338
0.7074475304386293
0.4171885112769765
0.18314265997646212
0.09060456621812471
0.05948760253064496
0.03762576534865679
0.03634776572016819
0.03576658819573353
0.026699660074232856
0.02975617094844492
0.04255668166123218
0.09894998168810476
0.23788377111720396
0.401080230849178
0.5198792060841219
0.5782012036369344
0.6125835118139131
0.6663738933516642
0.7550447346840186
0.8400825426356776
0.8783062079521446
0.8996000493500348
0.9133406374526952
0.8751307917154347
0.6361778268125448
0.3344677540104595
0.12897666727049484
0.08902618425843797
0.06535834910226943
0.0503412206144107
0.03493066452037526
0.02520454173481098
0.03873958155057703
0.052807152908139476
0.06916203428166096
0.1276996904554827
0.23306583485503585
0.37708659548116485
0.5018849900290403
0.5698715568197386
0.5986546639180312
0.6764023144796965
0.7881976232961484
0.865490984480194
0.8919929048066532
0.9109533405604509
0.8612646843735223
0.633795467748479
0.36593250740933975
0.18318449855000485
0.11841997743696825
0.07612973474418819
0.06901732742626315
0.06758571363467986
0.07057031994641313
0.08774873878119799
0.09390570973997198
0.10147482732456509
0.1282466033767419
0.22942101454871305
0.362959425961029
0.4841283576194792
0.5262193267955712
0.5609699944964219
0.6231201340355845
0.7271750312996499
0.8169481056669551
0.8735122982979273
0.8901479239546197
0.8710240879239529
0.7255248470514233
0.4808166820806038
0.2555022585388601
0.13689622516187702
0.10654979951420473
0.09861519733137106
0.09885227142887935
0.08385132117301307
0.0930986285917732
0.08983828473905173
0.08910777112280507
0.10733641416512482
0.19164342137001544
0.32616553218981237
0.46107584681064184
0.5370966073024539
0.5771708161717042
0.637391628572072
0.7267629539518147
0.8152563429465001
0.8640355819522672
0.8880842213815333
0.9069885003153241
0.881521213223105
0.6965171284619729
0.4113050874073148
0.1681932047741893
0.09766721208986008
0.10083157335897333
0.10493525303258189
0.07700220886675611
0.06472851615967755
0.06741695148807425
0.07577771767658402
0.08649687020735922
0.10611795017163186
0.1406619051461121
0.232443438456318
0.3745664138936146
0.4965642721016108
0.5580168473775782
0.587988904456684
0.6564067891105629
0.7484201999377302
0.8323711122914274
0.8680368805253755
0.8909939870262196
0.882979191066632
0.8232545409284664
0.6165511334626614
0.35974011320456556
0.1656021551523561
0.11357689162968033
0.09516724152470368
0.07766305971575314
0.06390263150820816
0.06269263919293772
0.07178915805934202
0.08666971808450391
0.1046321545308267
0.145339495433792
0.23337236645726853
0.3788126141785219
0.5141121818206622
0.5797799688185404
0.6378239620923195
0.7316167504075239
0.8321405656276796
0.8790475645213023
0.9066524569873233
0.9121530895567348
0.8811220769923547
0.7050271616309762
0.4307682729172157
0.19832899982507818
0.12326420793798959
0.11134715949518689
0.09060599779085227
0.06549056263668526
0.05392797739689951
0.0650885270320875
0.07945786689342399
0.09750188025344186
0.10211912860136162
0.10085752666944277
0.21569471227294038
0.32078495373452875
0.4196543137535559
0.48688417203426937
0.5697041803239259
0.5977443950658423
0.6633247313922965
0.7839524004473608
0.8611372834604026
0.8900323448432003
0.8560569564028032
0.7103541216243983
0.460115314764617
0.23072273416505037
0.11690165507612071
0.09014251206221688
0.08505553486685707
0.0813429307875968
0.06886625644039421
0.0649452290176623
0.06654543146171989
0.08104733801964817
0.10755655889809565
0.1624949539373977
0.26305907256089817
0.4156704610779637
0.5125074757515646
0.5752742942047866
0.6618672443815499
0.7829877571926103
0.8488765199502534
0.8758493255020705
0.8894984995992251
0.8501465671535022
0.6788108058802603
0.4157052725860314
0.1789023094051151
0.07782273636212472
0.05248176238950112
0.04488738862977019
0.03209120749568553
0.040021609484054255
0.05050843884489989
0.05283009808311792
0.05345836791863969
0.07869491751993457
0.16175750256035393
0.2735190299194276
0.3943404236313315
0.48769124442220213
0.5539943184273419
0.6208572068603867
0.7225035885389934
0.8275197295478918
0.8940658292934639
0.9391690502175596
0.9496684268340302
0.9078971153186429
0.7782956700764483
0.5212647450762544
0.23944453363977874
0.07503215983518595
0.052291635583640375
0.06557151619329551
0.06563453037784442
0.06248610358767222
0.07578696503086867
0.08948688507012556
0.10275262152516978
0.1399897358406649
0.2566818252930787
0.3741198239656779
0.4880895159091029
0.5696592528071277
0.6006281968218077
0.6208294567832475
0.6957158046785529
0.8028169383360895
0.8568611501679266
0.8638239207217951
0.7591389979103411
0.4778267528627401
0.20313059837450637
0.06891579375690457
0.06787164444329374
0.055151522597420934
0.039555606003481125
0.037080062104790375
0.05610028062874926
0.07038943172947039
0.07532782965598264
0.09827789245337326
0.22187455711588688
0.3377071406738821
0.383436892476149
0.4199398362635748
0.4994284170459712
0.5517269070323852
0.5963358037486706
0.6958682167984372
0.7941731709434314
0.8360678090635465
0.8337077778245618
0.7582346138919678
0.5164124967781498
0.23826666787003137
0.07094421488097138
0.058720758955237345
0.04092754087921313
0.017298555823673515
0.0001399735277390294
0.007206748752040987
0.023204291421265323
0.036309029039985195
0.049305593137834836
0.06859790741880621
0.13631405385353207
0.22306760910167397
0.3247475860513165
0.42300906960264395
0.49670555299624186
0.548595978901392
0.6238086310264797
0.7351314550475023
0.8151666708867777
0.8624342169006436
0.8492431156865362
0.69665112659378
0.4074334337783792
0.16230333513563022
0.06036762005319295
0.06398297223918314
0.0600137835540061
0.04173825643333458
0.027397353113690088
0.03720442837702728
0.05298102995926388
0.06573658611353514
0.09456809135714313
0.19257202263653483
0.290062054021344
0.39784308816764485
0.4858472014666928
0.5636346389013883
0.6267094320159856
0.7006183047300368
0.7902026653131246
0.8425650942472321
0.8684213940592354
0.829883436923166
0.6413804415630967
0.3782133771723631
0.16984629973838525
0.09921692431651843
0.07679092152010307
0.07092644188575864
0.06551902847262461
0.06483574448231756
0.07117931785298222
0.07601645891534559
0.07543141257749382
0.07878997028295107
0.10400799920766364
0.14106686341172467
0.24627298254791402
0.36344469817513725
0.4597753501372174
0.5054434084190027
0.5667914222746406
0.6523069059307582
0.7491099659699956
0.8296120767495759
0.8459524665993451
0.7612962712546536
0.5688322542388449
0.3446488298753042
0.1896363936152893
0.12245253986815352
0.0920178599654573
0.07601434322141268
0.0707831841941304
0.06988761219635653
0.0685286927963075
0.08061555050667735
0.09460851439130959
0.11119855676822339
0.14019297924504154
0.19680090775689812
0.2880801788274313
0.4149334672298047
0.5251706890932177
0.5748633536168157
0.6197556250595266
0.6951350911298799
0.7808738797641788
0.8256852448612084
0.8387141877088079
0.7667414022492121
0.5601645759664933
0.33434413977337923
0.1835128615952761
0.11798005695264259
0.06324394729658153
0.035035795436137385
0.034716660949481525
0.04230875858072284
0.05668073488868758
0.07155680442114029
0.0906571855461373
0.08846403323494596
0.10238597987338616
0.19486481542463507
0.265230947283707
0.345067653515706
0.44798688376523343
0.5655974764714006
0.6078253718641096
0.6697695572941675
0.7679635698535328
0.8479584031394986
0.8837967998819194
0.8867286729066568
0.8216848047488928
0.6152499596539112
0.35525492529300673
0.17855024013603232
0.11616332039809397
0.08917757506670593
0.06952150409619429
0.06564602685569537
0.07152674761067487
0.08563351560013874
0.08705621385678727
0.09656045642773306
0.1845484056722133
0.28458036973832923
0.34955816895784486
0.4272429483190333
0.5393461889492916
0.6037196290768166
0.6398257687413622
0.7233323562841711
0.8171989368462873
0.8449689395868831
0.853623456732546
0.8772663971281988
0.8789481389565226
0.7599803843722428
0.48479688348565386
0.23203214901344235
0.11086842489906427
0.1141433571994833
0.0964419354262222
0.07611413511291144
0.059497134502639326
0.09495298298583438
0.11585212165364117
0.12298514146621642
0.10949411091226502
0.2113035442132341
0.34431960439290277
0.4623575389544231
0.5202325786482834
0.5570736822409088
0.6085847839777498
0.6961036007095373
0.8129230974155601
0.8710602794393709
0.9004374950015643
0.9103249109829574
0.863033507643304
0.6843653903067521
0.43249952316775164
0.2145251841062473
0.10715389669959853
0.06914607866803427
0.06740062179548867
0.06109359795082334
0.062343498764392574
0.08203319306499979
0.10638647035163923
0.15663793337729204
0.25169730024696174
0.3821332732671201
0.48659527633421074
0.5321657449085483
0.5490649272837185
0.6064842468567886
0.714572884544728
0.811418279952546
0.8605327372886518
0.8850878227689416
0.899681325132469
0.835277614910542
0.6007030873853232
0.3331220607433112
0.17366265867989683
0.14398119902238543
0.12316853015411211
0.11621759870634037
0.11002165606575227
0.10200786216273747
0.10126692808696157
0.11248527715571596
0.14600702242319236
0.2276406602891433
0.3693452471052054
0.5107664947419979
0.5722496103018495
0.5922536130446667
0.6475111801017247
0.7477198323452662
0.8343232358055122
0.8825289075874041
0.8856062216254884
0.8222855168163957
0.6619127227273546
