0.2285714285714302
0.35714285714285726
0.22857142857143078
0.10989010989011072
0.6493506493506506
0.10989010989011243
0.0
0.49689440993788964
0.8163265306122455
1.0
0.357142857142863
0.35714285714285554
0.4968944099378862
0.49689440993789363
0.35714285714285554
0.49689440993789363
0.35714285714285554
0.49689440993789363
0.4968944099378862
0.2285714285714342
0.6493506493506466
0.35714285714285554
0.35714285714285554
0.49689440993789363
0.49689440993789363
0.49689440993789363
0.35714285714285554
0.6493506493506466
0.6493506493506466
0.6493506493506631
0.6493506493506466
0.81632653061225
0.35714285714285554
0.35714285714285554
0.2285714285714342
0.35714285714285554
0.35714285714285554
0.6493506493506466
0.81632653061225
0.2285714285714342
0.3571428571428698
0.3571428571428413
0.49689440993789363
0.49689440993789363
0.3571428571428413
0.22857142857144733
0.3571428571428413
0.49689440993789363
0.3571428571428698
0.22857142857142107
0.6493506493506466
0.49689440993789363
0.3571428571428698
0.49689440993789363
0.3571428571428413
0.49689440993789363
0.3571428571428698
0.49689440993789363
0.49689440993786277
0.3571428571428698
0.3571428571428698
0.3571428571428413
0.3571428571428698
0.49689440993789363
0.3571428571428413
0.49689440993789363
0.6493506493506466
0.3571428571428698
0.49689440993789363
0.3571428571428413
0.3571428571428698
0.22857142857142107
0.22857142857144733
0.49689440993789363
0.49689440993786277
