1.5037167388712576
1.6973165054159698
1.2006432520677883
0.00026989264829607734
0.3670159530599993
0.013839411553974171
0.8641363872700402
0.08183371387154666
2.6723142664216284
5.634745678347396
11.472450785640307
12.422075433118039
9.806093070744758
3.9013622999216477
1.4230292368785682
0.973054247919656
0.7009490029524423
0.4794595043534495
0.6557442119659387
0.2912262150150757
0.16774755409993683
-1.2477138484719408
-4.438079485422301
-7.345874327251176
-7.049740167697667
-6.7851663631460255
-5.1520228069526555
-3.9313801417778134
-2.812770630066588
-3.0801515360708063
-1.542456673403258
-1.3225569577174243
-1.656622464809465
-1.038612082196478
-0.15599777259029168
-0.295662440104922
-0.32272961477592016
-0.12553503483909562
0.04993704196859479
-0.17656321671364883
0.023012435926039826
0.19289204231099805
1.7652062118517078
5.008584753465452
11.258218974133865
13.343639363274722
9.394871409673092
3.216448936993321
1.1826557488046971
0.5545134771572877
-0.15836053243720782
-0.6609980696054631
-1.5250934392500413
-3.0335117597367374
-5.709486507191357
-8.169556061522188
-8.76725815564155
-4.997052773855746
-2.2542855499522965
-2.907661225225578
-3.993039495405362
-2.467990367033387
-0.5352123528199424
-0.7955198774414829
0.06140440675607283
0.09034658120743365
0.37486565107315484
-0.42899189185596137
-0.12368842538943647
-0.2136509843810099
0.05992042367689518
-0.007464327930828989
0.08908527451619384
0.9886413783097738
4.799480695320002
12.89184808534495
13.90795563407456
9.03732938606875
2.8120347016342793
2.1407272259664576
0.6957250788828475
0.20608869108700986
0.036258673033835585
-0.6674045579551048
-2.4212931639757835
-4.451776973563933
-5.926928780876356
-7.181139743571236
-7.728035975124888
-5.776594326701733
-4.274771424460321
-3.194511232344645
-2.9098173777274847
-1.6216261504966558
-1.0859216322945857
-0.3701119960159218
-0.01994336480592976
-0.010637104799014512
0.158821105122543
0.03668673446525674
-0.044407950029653594
-0.21614053145050016
0.06154569790203923
-0.25552125470832776
1.3210453475814181
6.184654680652387
14.588418297099999
15.026701955966773
8.614256088256342
1.1847589046511302
0.17392449741024113
0.06314303936923582
-0.24516883352994376
-0.9334660342591705
-1.2583835094658502
-2.354783420300834
-6.443168947872385
-8.189048309121478
-8.266398733623491
-3.675021569160459
-3.9256182003536693
-3.0876875314411034
-4.36379332389489
-2.2451660421046946
-1.524564920246124
-0.011500104056164126
-0.3486772469647915
-0.540917220036853
-0.36156112922143285
0.5037719643347065
0.16211987247167994
0.4800745175841745
0.1661652316527113
0.6248400818694289
1.1068797908843386
4.863899761719631
12.080721739615498
13.92327960784442
9.398722002773832
2.814407820647024
1.9779881707899176
1.0830762842455381
0.727453425119127
-0.29250548475344357
-0.24478012960517634
-1.2547686245874434
-3.511216305435009
-7.2460460143558665
-8.84849934175113
-8.45722883214084
-5.590651735095832
-2.636588534693502
-1.6506352643401891
-2.091797330315374
-2.515764757766169
-1.5584966727354832
-1.7274724456077661
-1.0740695465047538
-0.46001733714657095
-0.10454648200059906
0.013318010985711773
0.257422240689815
0.33465579309865884
0.11811891958273188
-0.5094394415587973
1.0820601637000715
6.23289527618513
14.603207465700079
13.93781873579991
8.073049846917257
1.5610940037034016
0.043389172561565534
-2.10827079212348
-2.721843819179913
-2.347707192933583
-1.714393886960152
-0.47549763631154096
-3.0925799687878026
-5.270662010051096
-7.892258624189625
-5.935578550153632
-3.270754887967167
-2.096161450366509
-3.3973574573998877
-3.121889484789877
-0.9876117539236947
-0.7838624221026069
-0.9525399747101104
-0.607696956784123
-0.3154193589514759
0.22860660557600496
0.14792346097241751
0.23480789117449288
0.5648066084312415
0.7767867067619239
-0.3228875721524372
0.7046662640915811
5.475836907025194
11.86774885838367
12.63424351899818
8.935418618694323
4.496430328880783
2.180014682073591
1.106824636756016
0.7298163855679499
0.7697413308618956
-0.13378794737536606
-0.5665929385226922
-1.260539471615345
-4.006724100297369
-7.102718920194538
-8.724112082349011
-7.081246878125867
-4.866648726621962
-2.8606481346339647
-2.352979534740565
-2.2905577882162413
-1.801220296615341
-1.9009563140270798
-1.5048535724177168
-1.085278605681631
-0.4385602618153843
-0.25323680835458523
-0.1970519296913427
-0.4587973132528949
-0.2007289231360786
0.07707904661406612
0.13316675693692567
-0.7758233796101305
4.052972561098362
10.708241507176561
15.784553420599863
10.666248773142188
5.757233928052474
1.671973878342025
1.4835182249706511
0.7804323667076402
0.5929669165448214
-0.08817781502825227
-0.5561681995979504
-1.1940973151184628
-3.253624883369575
-6.974339750975609
-9.36361505549287
-9.418624033327134
-5.925383339854028
-5.088021606011617
-3.8247806242739872
-2.9323574417248994
-1.2082119575381554
-1.5530892829301168
-0.7201549241233808
-0.05650102541393357
0.277593298570573
0.14987006228296376
0.39472212212213503
0.40474350495769784
0.05740548902533913
-0.8550203444781901
4.2688949499217355
10.615798061056504
15.101229421865458
11.267187820986875
6.4650136908817935
1.8354786174107283
0.8616942438599082
0.45644628337255516
0.02330266834132741
-0.2498159794210384
-0.3214185587373353
-0.3728698324880644
-1.6348901771802606
-4.3139005910977435
-7.908182634368519
-9.831971930059513
-7.853355828296117
-3.667279559524512
-3.7324959631730525
-3.17530180896923
-1.9410078385633731
-0.6863557052895416
-2.0849935138582474
-0.7796295612415255
0.05836727989427491
-0.13760670127574032
-0.37324628353370715
0.23673831006256335
0.19017595384141506
0.44309290604025375
0.4408524851570571
4.840149367269956
12.780612540158533
16.053160765213303
9.593919071909022
2.5647018261012815
0.7165362571359605
1.0693459818034994
0.7255534991649041
0.016520832780728748
-0.5969412719980948
-0.9454119934175143
-0.9761991447474218
-2.279240476694554
-7.249557081462567
-9.812592616041247
-9.50461903839762
-3.5456030425824285
-3.279507985097843
-2.9988006223404513
-3.6223190013398705
-0.9079323787192699
-1.1130200111110244
-1.230125079766513
-0.7258889311752351
-0.31750166277433267
0.042857422463724745
-0.13506312800067746
-0.08169951393066784
0.16073194021108186
0.2567207056271118
-0.030344761189403765
2.7715104055503024
8.268753552982314
14.039617228365032
10.312901832903522
5.381075577743097
1.233226773144418
2.5180781828859433
1.0743486083841718
0.5136020517906399
0.29286314919135686
-0.06435574752855522
-0.42414971693118736
-1.6573423092405497
-4.1618100318334985
-9.21020153263631
-10.52860126624454
-6.965449832169098
-3.6690126629022966
-3.1267710947851435
-2.955257558539977
-1.4610050576750413
-1.5195906019489496
-1.1584727264068608
-0.7398777952070877
0.23702132094574863
0.11336161815440378
0.037146256399479126
0.02879060645217101
0.008118822192224625
0.35668277721906855
0.13304050534924053
2.8111778859408507
6.934313471684724
13.839664207196238
12.797332062773
7.485905251046924
1.5635753698853294
1.1589455307338923
0.6613737780548635
0.43284906761253894
0.0695596067997786
-0.5465287294249307
-1.4407503592360722
-2.66768472899857
-5.9521822260516934
-9.607648389830562
-8.864688074339636
-5.485972978694409
-3.323483377088302
-3.5509783930164356
-2.7177722292081925
-1.4992981430417964
-0.8218999137520295
-0.18819978594799347
-0.08251367992638621
-0.06939555570416725
0.03165595031299995
0.4565385725589915
0.5386135066786087
0.13432894236056417
-0.2781654709858654
-0.29199404084605024
4.281311234036202
7.462035242478894
10.706161955242166
8.425972548186985
6.681995550285464
2.327265693083693
1.9781432806594461
1.4013626920745108
0.8215524000370318
-0.3174733496794524
-0.12775578447688218
-0.5175598673831657
-1.8575341279443358
-3.1500878170977176
-8.034361241191343
-9.416559864519066
-7.0668294536632965
-1.7705934090965287
-3.6556304528534396
-3.776386580834538
-2.4566262411600217
-0.2533242733530475
-0.49746020437840055
-0.3148502717677054
-0.071774119707019
0.03345701400430013
-0.19580583380238228
0.07207516377272818
0.06979043190032866
-0.5236876319413183
-0.02438230167047018
3.517090987355625
10.401954214170162
11.728396250289526
8.498693866254646
3.4829041055789847
2.101528236635802
1.020327569302001
1.1775150288519607
0.7184944768765681
0.7893638534977204
0.9377641821070604
0.6787262212871472
-0.7234747838698422
-2.3124525362876227
-4.422013553142001
-7.92165427957538
-9.048524395981193
-7.404846565361732
-3.426419245269062
-3.5634880101981685
-3.667461293362149
-2.8986090207166884
-0.19134428924303626
-0.29924512635411454
-0.4221006078547755
-0.3801786281784433
0.2544725176721727
0.2540092364426536
0.540233699802842
-0.3839755270469811
-1.0916498900227822
3.3746332337668323
9.364310031399802
13.93547170653139
10.946135617379385
6.760260721723863
2.3523383572950447
1.3409760586031785
0.3244464294749528
0.1253954802486894
0.3930989940099808
0.228730565663727
-1.1519405385461097
-2.2423353559215
-3.8308459550097966
-6.133699792900593
-8.906701712274943
-7.911138711950219
-4.712399901676821
-2.330548439952021
-3.2632980711847233
-3.027228708074466
-1.918980371385271
-0.7074701080636311
-0.6924305777460538
-0.24878751387061498
0.07785949850723729
-0.07763189655075717
0.17138658143336907
0.3849531456209362
0.022144232782808648
1.1661057421229173
4.807020571646908
11.631175153328128
12.547180748913062
8.06771033847818
2.1778381418461583
2.049684652066832
1.8980553868745589
1.0094796193523057
-0.04772209158377776
-0.03674329185761089
-0.23650073416410022
-1.2205573175573619
-2.6312401950755158
-4.812166155372657
-7.26747601772455
-8.894143572650831
-6.360701132002024
-4.172329087969005
-4.195216281431034
-4.057709850882675
-2.690457452968415
-1.3317924906518959
-0.9031119913225277
0.3415986602658705
0.18570091174818024
0.5611894574358763
0.36500735762425146
0.6119854243978404
0.23238598360477603
0.17287629354105255
4.139078388368221
11.90267054513289
14.13718288656916
9.26224251911848
3.8243117446039196
2.1282867637156797
0.49069759854534334
0.5231437532040968
0.5472783898876465
0.34316231031246885
-0.6670843280775187
-1.6668291049167954
-2.929285261379575
-4.671115430710536
-6.563106157819285
-8.09841784373455
-7.262401272442327
-4.427344726026776
-2.398182755185344
-2.3382830011081506
-2.303370189982213
-1.1482152400597843
-0.8116274609808783
-0.572373042419789
-0.6615637581732718
-0.32685965012064083
-0.6612219227662263
0.12151454109396578
0.2201119421955679
0.17277976949385082
-0.1100596522205056
-1.1476985687328853
2.2584267094311614
10.171077493096208
14.931824328493082
10.11396812219193
3.7106137746431855
1.343029239009472
0.8039447589575435
-0.11434634179278688
-0.16797055383477155
0.10237266320663065
0.5658565806144089
0.6950288300131723
-0.060491778201704594
-2.5001227140307836
-6.07202221499548
-8.33903534802717
-8.80573939873562
-5.777318229639226
-2.954048999160956
-2.8386417631951213
-3.48047699882305
-2.130535843035939
-0.27443605447304587
-0.6131532041041969
-0.4026358379789607
0.06164993630960142
0.14810931242398392
0.3481286726399694
0.6593948439330988
-0.4600550457680342
-0.18742430052348114
4.3806910977557445
11.555627881130983
12.867982417580132
8.54665324221585
3.506542529294282
1.8345208273123537
1.017351898322865
0.5748909464911194
0.24330520384977417
-0.7360791440329147
-2.031142443612847
-2.103584800162836
-2.3084632184216574
-5.998722621909144
-8.541765104050235
-8.308512229801874
-3.925830779815344
-2.6926646950952575
-2.475660588212912
-3.113605390608271
-1.589091893993155
-0.7949622040803022
-0.5239180680132369
-0.5705151984355887
-0.4125044630868947
-0.08992276642576622
0.25730130600412643
0.415224884016852
0.8626802858271045
0.3054136371004993
2.6080725176858137
10.258491296065529
15.537190390950236
12.205949219890991
4.188639636485494
1.022030701868533
0.35468538257928073
0.9541107015892113
0.3117667621459264
0.33710863239011873
0.014597388806413642
-0.153660493684684
-0.6512685937720795
-3.659455663635142
-5.15179842312515
-5.837714722004842
-7.513677324145449
-8.978027846855758
-6.859792728774455
-3.973257265032182
-3.4789731079645394
-2.9093028650102255
-1.6411917855794824
-0.6713667747672294
0.20412144021012457
-0.022752420272168207
0.02972858617631249
0.2177778841234096
0.5247350671960687
0.7444143703124211
-0.33372393835015235
-0.12079425160921596
3.5219312046514655
11.723569603787896
14.26939779356657
9.96487399044027
3.73913137144585
2.025961227949242
1.8515997545906149
1.3848647151615145
0.33972310586881527
-0.834448880599686
-1.537952725264441
-2.002285793463195
-2.1011317825910836
-1.6900376551900027
-2.4400946958626877
-5.987651473202972
-8.546166138025022
-7.126104874804358
-3.3272892514259502
-0.806029372112007
-2.127972631702385
-3.3368811023590266
-3.3899977474630156
-1.8973112144861566
-1.1789124936288196
-0.4052723291333558
-0.060074249519391304
-0.10154106429700654
0.10922560330854879
0.13272034959461948
2.3199000643684053
8.009025215348307
13.901083299253632
13.827891212278784
8.498303759159379
3.122840617676408
0.7797153528437496
0.3201082110656377
-0.3075313397820236
-0.3043659401852712
-0.2815428874059849
0.33839016783576853
0.09257203263627761
-0.035916817188612435
-1.1888913154655576
-2.8650536306165693
-5.587510668079545
-7.767246818259048
-10.09144046835338
-7.8732138146816
-4.276059600820804
-1.6271423629533224
-3.016926930440003
-2.437541144513213
-1.2411123958146675
-0.3850815847811592
-0.00802378431495211
-0.018501697385853912
0.00013961901456805665
-0.4282251445885841
0.2806157315038154
0.3207140172732813
0.0933484246041736
-1.0893974437369782
2.412799974168569
7.203652348934374
12.703899317351116
10.775808610893808
7.210354333688404
3.0866536884267237
2.708058072474676
1.410567327075656
0.3933874964098565
0.22700161395821497
0.06789044895031733
-0.34714135937549623
-1.4234320304827794
-3.1741147542603794
-8.372637700747834
-11.442732767276926
-9.188607927780442
-3.4755882994529865
-2.1001425182811877
-2.7253775561483526
-3.1421476294219564
-2.0004452419694334
-0.9749812796597933
-0.36719972658146144
-0.7006967812544506
-0.7338013867456362
-0.13587934675132132
0.15678558831149106
0.13183526526454448
-0.20870622570393924
4.617188792670848
12.730116024001841
15.43330138996445
10.271570168035158
4.824727007478573
2.6540213152292136
1.218313921588429
0.49552548276380265
0.3559636622510998
0.2653773746610728
0.14888078379599415
-0.4705758429681871
-1.6180142253710947
-3.209488078780525
-4.521527052850035
-4.754695813226063
-6.828335799094007
-8.853406073457906
-7.632648682597433
-0.7785802800255427
-1.0551337307683128
-3.7826100256775534
-5.036289289923882
-1.5711622979950253
-0.7271307648956445
0.16690060069794402
0.5438993301261725
0.2997455397290631
0.3344079524145127
-0.17554711047345295
0.5159601670741997
4.272503843840485
8.525933989883459
11.25749394258862
9.303251630236598
6.227156971931954
2.7093715948064654
1.8719375692755167
1.1571951473100663
1.1193847327371624
0.9588228544614019
0.29735271755193826
0.10170751566007354
-0.41955755530834216
-2.1235258832689916
-5.203478561380371
-8.850914432994534
-10.478738421777948
-7.269221865009723
-4.0494548361768405
-3.5818291827729656
-4.0184251688160275
-2.1640784164670044
-0.7849362747912378
-0.20476475464294483
0.020640868542047913
-0.23670401001061203
-0.4658341029296424
-0.2586081171013137
0.15920434707202352
-0.35525605308097796
1.0992639189547602
4.505868790102029
11.370382676738117
13.333448116801522
10.155955683522663
4.029270024944739
1.688037296505514
1.0005938538088746
0.5197317543781639
0.606194037480233
0.5825430441316158
0.3392046589620527
-0.5056162204039963
-1.9875240515759216
-3.4148169323937396
-5.4014356760301245
-8.648919451585492
-9.056261840207513
-4.68542591057757
-2.2030753418279523
-3.929582175343934
-5.107955441621414
-2.6771489647318414
-1.1122709226652294
-0.2782912935301541
-0.23259465293942413
0.01036048083638722
-0.09700916712143642
0.0008275311683437119
0.2927570516548449
0.6276813433569574
-0.0799358330761262
2.691162100741821
8.234686825051517
12.50020127348123
10.025188451591715
5.644963305755003
3.317299398732282
2.132716256930606
1.228118376818691
0.7086438463329484
1.302114046036032
-0.6272002929816999
-3.1429809329648215
-5.557354031374254
-7.862759420696409
-9.948772706636417
-6.225811491646341
-3.2654302063684266
-2.736666345025971
-3.9639038388850367
-2.3429048508572587
-1.4301950494583842
-0.9674912561691557
-0.25865060537848195
-0.5161027619684287
-0.4704761797066688
-0.536304162028324
-0.18358815705178294
-0.14171373297192497
-0.5903675254018448
2.994019759120583
11.092703717331215
15.410182711685868
11.07790056630593
4.206568334611053
1.6126620305278456
0.9961065348574165
0.6842577952198947
0.517143245632453
0.25520729380563995
-0.0026941976775686637
-0.040923953716709614
0.021006223367693394
-1.1643434667435801
-3.760919615882084
-6.75898514480254
-9.096028593694493
-8.974932041278723
-4.35224235815065
-2.273742298120857
-2.3387446928144024
-3.9140320230806642
-2.2014850045315355
-1.9391603854748092
-0.8990454484253976
-0.38269918478765663
-0.05380284242717369
0.08146439102450823
0.30115053390817964
0.457715273630847
0.3682237759028939
3.920765235364859
8.744721656025867
12.32380297517459
10.007145019281841
6.234433244367316
3.004168456750122
2.5921857646997712
1.6061788497964558
1.0030773200187937
0.29955095993574526
0.14902417806614535
-1.2686590264484787
-2.383640280562022
-4.902949500241344
-9.63672623155559
-9.691957383270845
-5.702589251122477
-0.6232335794962484
-1.4727049624884392
-2.820468654405939
-3.170142813413608
-2.1144392714963214
-1.217592956729499
-1.6738562733158364
-0.8752734548699262
-0.024191035361067943
0.708731017209536
0.3159051206808032
1.023425299904834
2.1449217173713175
2.9713706073414636
2.4450126321250414
4.630071419096843
6.781545366447264
8.227077128826068
5.923437339663456
3.4911010782555993
1.4964421474544032
0.9325934811322225
-0.24973083645701252
-2.0102659458988215
-2.735336404208457
-3.261736637020307
-4.986170090624713
-6.836776413130061
-5.5042989253935914
-4.586974674849503
-3.643865715464241
-3.165052481261289
-1.4661903786871784
-1.5222547465088525
-0.4278703253502174
0.4514880055245482
0.40705387919622277
-0.5701140806425122
-0.4343047324662564
-0.2922244706757198
0.005981474234234265
0.4281573677232363
1.9934582189921275
1.064834080678005
3.825341550064176
10.887040989137233
14.350822788938526
8.699494469540282
2.7044518198040044
1.2013241943232362
0.3877662047912585
-0.21463183639727101
-0.3001996311583574
-0.6261020143152553
-1.1063071944979403
-1.7215524947137542
-2.625556679145427
-4.892747304125334
-6.655457612638048
-6.472033129718137
-4.649431040074387
-2.7698512614261483
-2.874538586334271
-2.469620242673633
-2.8144473248485555
-1.2364913001722675
-1.4661969301010531
-0.9267089618360874
-1.1839483761131082
-0.2720678336579562
-0.30735042754122505
-0.01420984843770956
0.05155846001902291
0.9540915467710129
0.683700376252942
2.889181549209091
5.633656051955611
10.761561771644779
9.312604762880945
5.873935045311432
1.1900779348678692
0.7106738938406592
0.0857881076922106
0.4699498230714028
0.7144261006799286
-0.7644742072605982
-3.6947515645159563
-6.612542451943797
-6.613183624730588
-4.4555732891003546
-1.853962371015434
-0.1929293881990933
-0.5353962333948696
-2.363083839189205
-3.5464000756741805
-2.9433051391378537
-1.5539785707323535
-0.9253962540062457
-0.44690039020774996
-0.08889997447273096
0.013324735262239743
0.05197035716471308
0.18365701751808117
0.6123063760915125
0.8052261421854964
2.304364871638242
4.0899950506261415
9.506584647361462
10.450027603281404
8.334569012707997
2.9030788943786687
0.4276177922486689
-1.763694145437333
-2.2085145868207503
-1.3563123536433979
-0.9317987622894682
0.1680266976715687
-0.23203445528321417
-3.7633643400751824
-7.539841391115639
-8.390707196714512
-5.0575727820986485
-3.067091657857101
-2.0687087410630545
-2.163308240801581
-1.138195599607705
-0.8745065744013301
-0.7527906808353713
-0.9111437193847579
-0.4557247416948366
0.03057330059603965
0.07919218724159832
0.3606782100796507
0.30661185519108813
-0.24758529479051403
0.025966667367375677
3.92394515530941
7.379968296849341
7.696089593877856
5.966890046450897
4.466505224625724
1.940085687632313
-0.6443954244475739
-1.5608264489216683
-2.2440242942774167
-2.7407082959512645
-2.8144788159297547
-2.071933634806542
-1.684553601902257
-1.7781756471631227
-3.1802006195061696
-3.068197772134489
-2.313766082064988
-2.2021138202122943
-2.7327017944170575
-1.6138970167061513
-1.1039573919390333
-1.1680844869227147
-1.141167300276275
-0.3695741654524697
-0.18968334671096343
0.2531809346547213
0.41441928220094815
0.6992887672480977
0.3612019058867505
-0.31899056360327926
1.8713027125719444
5.701426161214883
11.414076157489342
11.662788642336405
8.364265488610735
3.4262099076457027
1.4721398065716271
-0.19724161753912572
-2.671224913861839
-3.8244550661448895
-4.589164707236472
-4.043860192481409
-4.804683967325953
-3.7523631065630836
-3.047157181649933
-3.3669660821450558
-4.883750628006638
-3.5672244999286904
-1.420895361205875
-0.6857490119498351
-1.2045111859574644
-0.9074724042029838
-0.2429319831658488
-0.006372440650170093
-0.3085899542964985
-0.16285978610623095
-0.0911560873602953
0.2855129366873894
0.47286373527376213
0.2809857593887482
1.0021313026375194
4.9458755533497785
8.103791002234926
10.007837736517041
7.708038453051858
5.242589523123551
1.8006627692612458
0.8643999282321316
-0.903963911703121
-2.168264907466494
-3.035408846637789
-3.8744950770126922
-4.6131428547348685
-6.099438931070571
-4.351975366892219
-2.98991086695395
-3.124878107284672
-3.66744111790657
-1.8526618194743962
-0.5725427961510258
-1.2269406220011685
-1.0269494462456785
-0.5592613438339423
0.04684326732432453
0.5024130265968104
0.4151832471580386
-0.014170710210515108
2.6164286025725403
5.662564975089497
7.827678487754186
7.402313900485443
6.132730160118626
4.209688987562398
3.0209816246049956
3.05418788749827
1.6500975727817195
0.94730655787378
0.2957754470275344
-0.43445662176107264
-1.6980254189830413
-1.7599134133553365
-1.3989781503819105
-1.648067856371001
-2.6723527854412907
-3.696247784986883
-7.031744892662791
-7.041067572038276
-6.227347143822702
-3.0000345356201237
-2.1821540771879704
-0.8863569700787542
-1.838128696172084
-1.2116633445028724
-0.37706701806519727
-0.05411602055599126
-0.05449339869038153
0.5163453241611003
0.16616547465307774
1.5572502223176896
4.391403999273867
6.98429098304065
8.52731758958728
7.649287621057277
5.157060660775881
1.8987875111421295
1.2733736417902999
0.8050703285580758
0.10762922335141036
-1.5617560308149425
-2.958304733740424
-3.659493567529065
-2.938441803503318
-1.0566044470822633
0.6667287074879692
-0.8478837268321733
-4.306264734968784
-5.1787868478159105
-3.6697271095286874
-2.332834112404431
-2.7547975782701486
-2.043174668565436
-1.9941595291141136
-1.4524601463299234
-1.3004755569990174
-0.6178882786907148
-0.5351316855379131
0.026777213925410073
0.09281923434638767
0.1591018949210406
-0.12350442448526024
-0.35340879159478933
3.04726621633182
9.946923898716358
12.94842765691708
9.433168566129872
4.847692369915015
2.8924486798961255
1.5370002327458738
1.1790938123445165
0.5872793298131486
0.16481922666338944
-0.3587710315204044
0.08243644333105118
-0.2997425848838546
-1.2927568641828757
-2.15058129499176
-2.558647183508355
-2.5243630429579014
-4.6906428829600895
-8.246355464388465
-9.134524334176197
-6.307018239280454
-2.9961514900383874
-1.6206804685638398
-1.0346187677078833
-1.0242088498892363
-1.0300155888723663
-0.6788717354480209
-0.4799774467667351
-0.3502990216962073
0.025645371559731914
0.5655185782806738
0.40635631023862895
-1.0256478224653032
2.8690423482456087
8.105423408101041
13.849646550303136
11.040162244288561
6.562718568385211
1.5733104007290761
1.237902847699652
1.0112650715927949
0.6473741127989586
0.44382662525059924
-1.12190201138739
-2.653747022586188
-3.5921805085503222
-3.443414341052338
-7.949542917949258
-7.7284779358256905
-6.293727784820294
-2.146404238436172
-2.4211671168200333
-2.1022495312082707
-3.390994972460441
-2.4877287196553586
-0.6554169063970268
-0.5097169441431377
-0.7032349513722952
-0.2544777801533095
0.2153725277839941
0.11309484795927892
0.19493697143810493
1.5940510892420452
3.4129613027868726
4.767701613561295
7.927825729760503
8.679655707953755
6.865864163354962
3.6270711214267877
2.527529528191541
0.8312568188547316
0.3723190087010287
0.6927360440822999
0.5672940309881126
0.2239839932670756
-0.6572114960205218
-2.4894686941863227
-3.911264232089492
-4.521269812201
-5.263154473449398
-5.672104631831873
-4.870797804111571
-3.387976987480992
-4.045328919837558
-3.642879792789483
-3.0654773283653887
-1.6488926314881025
-1.2017918462300188
-0.04092898789579051
0.3795250653680526
0.1444806185269475
-0.2474376236644967
1.977127079894855
4.929566692465657
7.4723421633636
7.514407938122169
5.484580457722329
2.4856100992128374
1.1483998358695988
2.1134941336341733
2.708502283253945
2.0700808828608985
1.8981745458316004
2.173635830364673
2.117363131881445
0.47550150035426547
-0.871905095283428
-1.9725856104519648
-2.4968210246352385
-3.3207112163916963
-5.087516797322513
-6.95079901911249
-7.301841548969614
-3.905630828441209
-0.7478258326308204
-0.5790182053221722
-2.686349528378687
-2.2744850222415054
-0.740884683984859
-0.286186469895874
0.01860545997719504
-0.12754425570139175
-0.23589193847468246
-0.18002734221143038
-0.6156977105607653
2.9757395332736176
8.35254425029911
13.202261635909133
10.343709064879986
5.720914993995066
1.5596238383699321
0.39008168577887353
-0.22764379744876623
-1.0122774237360204
-1.187504876238453
-1.4137562558671406
-1.6932570945384546
-2.8275432984721705
-3.5389555265232633
-4.453553942665707
-5.566535687603558
-5.247529491150172
-3.885585183403953
-2.348191135615213
-2.601002864156222
-2.404511593972897
-2.3560242660159845
-1.2940501342054247
-1.0074523099320034
-0.6905466359968758
-0.6895264799003157
-0.5055934419313672
-0.2641621452922891
0.2735625235195671
0.7008764625952534
0.16478739075861704
1.8655941715467594
4.312991655013077
9.319134973258192
10.195057869378957
8.459131692896003
3.8488540323690392
2.4675213950600154
1.3919441050005399
0.9925603212951692
0.9563487401031978
1.1160901865142505
0.5185899557105988
-0.14606193212095717
0.1446508404118967
0.3207210390143432
-0.14085359298952405
-0.9055598989799378
-2.7795262036228
-5.436178773712911
-6.4085752156936415
-7.481747478845561
-6.875457589124662
-6.286040714013631
-4.165063918284946
-3.7225529582114527
-2.170121023526205
-1.4093575336314168
-0.7298340301171007
-0.21173346790505737
0.03818689524607913
0.40197879298854
0.6750501151897405
0.23280592597667563
2.518193650814802
4.682869112504485
13.0110974376439
13.877568288287522
10.46639728483045
1.6933962660262756
1.0106892351812145
0.428981464501954
0.6074043758100817
0.0380572491211017
-0.32830521178554095
-0.16880941956209064
-0.15086100329341404
-0.370964949274345
-0.9747054418366273
-2.0154544296721015
-3.425957900670335
-5.029039421767669
-5.578538385605587
-5.166470367410937
-3.7087395780757437
-3.0426715779141307
-1.6903596412016426
-2.920097640151745
-3.9286792326513678
-3.912903283452607
-1.421200084674971
-0.8885972638960282
-0.3088677513812691
-0.2274131857179464
-0.04642903317923937
-0.37576460722022337
-0.08113153336548012
-0.06163737244647655
0.09267373632838244
-0.15862404254066056
0.08824049344933695
-0.5119224573415717
1.9806471519462567
7.8385356443786804
12.788988011415272
10.379099180313627
4.985515630179648
1.651692025892549
0.7258722266894426
0.3334218810142276
-0.27241545984810317
-0.5519356667005496
-0.6235022243554432
-0.7456395411889949
-1.4815276354386684
-3.728003982837421
-5.514819601887684
-5.6797720853285165
-4.609489852350137
-3.330628255462866
-2.1321422008130595
-2.956674043582911
-4.46407864147994
-3.9647311109105727
-1.58868317136134
-0.7880202300953835
-0.5268386299903305
0.01960785828914569
0.3676791510186553
0.03352591564012044
0.05882967594688539
0.1874461961842273
-0.30735962628785884
1.1253629320530258
3.5181100512063352
10.109165438288416
12.415776618601022
9.784217707974173
2.933858420443412
1.657756737704717
1.8546433902866422
1.6876965530319836
0.9117030829162783
-0.20288521329278655
-0.9320908235212607
-0.6843807526642676
-0.7828158257318619
-1.753098951527924
-3.8557006284223867
-5.188719079712125
-8.828339637876923
-7.517986227543387
-5.4190220375434945
-1.914724369531805
-2.457776327652068
-1.1165078411343623
-1.3130463818028684
-0.8384916110456307
-0.8848700885675491
-0.34089146942750775
-0.1958433477318239
-0.03051342260357366
-0.4553851365528432
-0.24175118802782988
0.26787958312686455
0.4583418188775689
1.7654937780087119
3.9584774112451937
7.393261913467643
9.505012171101558
8.43637211338824
5.461887146082291
3.1003709666836063
2.3436897872357987
1.4362488148218495
0.9854071035727535
0.1621840936765343
-0.48809145763219075
-0.41453721403909816
-0.15258537576479303
-1.065223318625148
-4.486878046645765
-6.664040399056471
-9.015856432905567
-7.182142940494985
-5.429898460265853
-3.193061547015534
-3.6229841842664174
-1.772538754318838
-0.8232992915399359
-0.9543302608896919
-1.2589526195542078
-0.46486990181897453
-0.04943202635207037
0.09162127713926625
-0.09226744956595258
0.11375659005087727
-0.4025859602029659
0.4178329493412801
3.1782287229013013
10.357968467386067
12.956601024188057
10.016198668278282
3.990718311248045
1.576945499130212
0.9521527964010144
0.7707791829889427
0.9166753113783065
0.4125478499319247
-0.12203319931276574
-0.6477216263008021
-1.6876202049856053
-3.532202192494612
-5.0921525372478476
-6.0547047154179925
-6.661362767174851
-5.108344563259099
-3.610652707610338
-3.610446749916981
-4.33220434625894
-2.5700212102785547
-1.3232854793110818
-0.8505961428914346
-0.37180229107810275
0.22122251553630493
0.22541963869086606
-0.03249079767080294
0.29025993514956255
0.07912367674341897
2.0431186950675166
3.76111798642829
9.763657517194003
9.817824489893882
8.690395358875913
3.5476234379211853
3.0597971329135607
1.1394183554421082
1.114750447494569
0.6308281371059835
0.22381364710563229
-0.6515194271629813
-1.9840051349644878
-4.149038555610536
-4.8809255046897055
-3.5494416379197617
-3.73520042346304
-5.145294367577459
-5.150488325935361
-2.5884222553611664
-2.959006393350278
-3.1023442688920553
-2.869042663199677
-1.5203466596060788
-1.109304618692453
-0.5444845452876694
-0.2338255309710969
0.22984682928028996
1.1460133505463672
0.6175269463518769
-0.3078459019669573
0.04759343940212317
3.22864061082059
6.0302753450865945
9.471595653433685
10.220636742900654
7.946717280131693
3.702936027534604
1.4598867633797634
0.32534570250296674
-0.10838756946514211
0.43311413157838596
0.8596343766472869
0.5302221040544531
-0.3296562595652729
-2.619046458517215
-5.022001430624451
-6.110898932765979
-6.101444524320161
-5.159633978186039
-4.424356852066857
-2.133988531446163
-2.038208806903426
-2.703386777865208
-3.10114619206698
-1.9241552829991482
-1.5124346091239194
-0.8669944466468281
-0.039521274301799775
0.01625300999249605
0.05346582706762856
0.755628829451713
0.9698754781462084
0.012974304425051502
0.8038521441420585
4.436251234078634
9.549901853417923
11.281726564986373
7.773722768050989
3.1820589792696983
0.8587434504542935
0.6191017214545211
0.4753884843221327
0.6510588002738485
0.46017038483056666
-0.007039060431693898
0.28588831472259174
0.8305240413755627
0.0037489919399693503
-1.6399010032812935
-4.3361236442253075
-5.739764662337869
-6.863160739810616
-5.719390488692875
-3.7504292247942472
-2.366501390012039
-3.3990731151944824
-4.111499446010757
-3.204723834810354
-1.8416562332891626
-0.929103768807922
-0.38294872592604456
-0.3191706439473156
0.150262687235714
0.28390372331938646
0.5717852427854362
2.687962197992116
5.251726675212675
9.716195321550845
10.746164078248391
8.028387941713431
0.5970718747372227
-3.5478261577082955
-5.086666345942087
-3.9863279522283745
-1.7440904616039026
0.8950482340047226
2.1864398702163546
1.7345580119815627
2.5296768413721082
2.684527125469604
3.7383673080574904
2.7117082601308393
1.9041043869144914
-0.7370559296207154
-1.9742821573726077
-3.0627971967704
-5.159737488897663
-7.11079667931404
-7.502000462119725
-3.2456343267027488
-2.2238451932411896
-2.5150689150052683
-3.785140938029044
-1.3883229012683802
0.06747187992518605
0.5175799033580225
-0.39264899443679735
-0.6006833743931749
0.576796876894492
1.6952109998869938
2.668834725101796
3.0645958497634127
6.953063623709063
8.860094288645692
7.5876526999042015
3.549419757150742
1.660668313970789
0.16296978807769408
-0.2986517434507085
0.40852930249820274
0.4102475555179297
0.30275672613101434
-2.644152275960396
-7.309750392289409
-8.234741587420153
-4.768576453234831
-0.8187549643109403
-0.13868586087588575
0.3006444414220337
-0.4075524966806039
-0.8072170171478458
-2.0417097755093945
-2.0523607935074506
-1.1218956183625273
0.4332077981861484
0.7572986069077734
0.3639501414430209
0.28036148394219146
0.4325544980352282
0.09366551748437346
-0.17464121645128605
-0.11070909893541055
-0.023461267874538505
0.23049175463868732
0.42342480808467964
0.6583859245090081
0.4523085336670076
1.2216808840338296
3.03678477985252
2.9812873777585445
0.2209655973738737
-3.0161196754691204
-2.077428943120296
-1.5646257049369396
-0.2627486491602243
-0.3896898121362448
-1.1618642137074147
-3.5787619416421594
-3.1951700459519357
-1.8592748506942267
-1.202645528335455
-1.2210791645001484
-0.47167461377654446
0.3644958400239725
0.5002996028333707
0.8030505451453364
1.362168565505428
4.625076256647846
5.7997949096095
9.493232734329782
9.377380233424812
7.840350462579852
2.837149545714547
1.4248818229984461
-0.43336142427298774
-2.782817529232489
-5.7224635238267565
-7.107422706676183
-7.0280882481134626
-4.119944923400842
-3.165013475351276
-2.148683196282536
-3.516165811032883
-2.995049387603484
-3.0194045638421407
-1.0671184321068952
-0.2438108635485847
0.07490722312784286
-0.26943565948047676
0.1446723559862463
0.7795145044006923
1.023339394528878
1.217618986163707
2.499983017738543
8.55194946087938
12.446667236739316
10.269941498781803
3.629324522206566
0.4817593069650779
-0.785322721490276
-2.0485990541944306
-3.071504946547078
-3.1737382617694947
-2.360942655132013
-1.7731427348897615
-2.241889070640369
-3.6065865026656416
-5.544793543336772
-4.366576426702622
-2.103573411747196
-1.2360783509022135
-2.1704660602641357
-2.2041035941364013
-1.7826086217349482
-0.7770880967522751
-0.32895502506834506
-0.2225055093561228
-0.730792183471795
-0.15231961236576697
-0.20351197016805916
-0.30713007983721036
-0.4539012243039034
1.5013464092275979
6.1278683637053915
10.359615389021249
11.416569024155576
7.430088942610974
2.1553908794608505
-2.4554239747832236
