0.6392973822397228
0.6266019314343338
0.5317684624088699
0.4138140990822348
0.29274909570617347
0.21664112844502756
0.17820530656313358
0.14204673707118032
0.09055983038018811
0.05274423232933432
0.04379048354337517
0.037341792643562965
0.03355944145767889
0.03318795799504563
0.03445203811185773
0.04037480747765556
0.04847945327051621
0.05840405053238221
0.06654350270626291
0.0711834987148421
0.12892990425336087
0.2331740934172571
0.37545558942881463
0.5455186159883371
0.7194483616920435
0.8299973832710644
0.8529866560035484
0.8468688943640452
0.8279841482366473
0.8243233744383239
0.8242614513982176
0.8339785639328722
0.8419445643185473
0.8539018270121902
0.8637858812871186
0.8707784234190312
0.8725909328767365
0.8710755891062849
0.8749706692312347
0.8794942933809222
0.8885855497915803
0.8761111134651418
0.850794707596179
0.8374774748608478
0.8307710271096627
0.7964725539775845
0.740794591822143
0.6348143004454283
0.4790092053410518
0.31121074705842383
0.20547226649025566
0.16824596303725847
0.1683877393663208
0.1468846955574753
0.10676256372440301
0.07697041047638399
0.06451613276095539
0.05609831583229916
0.06223291107790178
0.06629751934726938
0.060485102979821015
0.059967466648761576
0.06393095588552175
0.08737132061730395
0.14208918809960414
0.24000811113765066
0.3809002479361947
0.5784570176370156
0.7591370562845651
0.8561888271248503
0.8572411399643429
0.8489585863668028
0.8412768809127308
0.8496845036971085
0.8436105844114887
0.836967945243435
0.8307900642077939
0.8385319459463076
0.8478239213694503
0.8499393315611588
0.8448332720447052
0.8457383861851016
0.8381213927684632
0.8207167815783855
0.8027876582694642
0.8021872864909312
0.7767447397965943
0.710984040997876
0.615855309732279
0.4964763882456479
0.3572853404485681
0.21924391575904137
0.13580407061161348
0.10454034362204609
0.09632093354107849
0.09274132152261122
0.08459659699207575
0.07733077293008923
0.06853625860778219
0.07422144014933969
0.07463356039907863
0.07908962045088747
0.08415766050077242
0.08648013110943256
0.09949846125523881
0.14579105149040375
0.22790883970615056
0.3381853372457202
0.4964611291220322
0.6598419642259987
0.7701724055922796
0.8222612976765058
0.840349806070148
0.8375095538198952
0.8161596235979869
0.806791585988223
0.8096656638409927
0.8190326344047869
0.8320959668483364
0.8396929741579583
0.8454505621472553
0.8452200480836292
0.854127851207158
0.8639300839488127
0.8585759513681851
0.8315012908237535
0.7926277191202704
0.7328257096728851
0.6301861455243065
0.5007619049734597
0.3471914806130547
0.20065654009091816
0.11456530724712162
0.0987298652582243
0.08284196401418986
0.05451432667616807
0.03519526120891085
0.02816795097927126
0.01696195046004074
0.017881227960580684
0.026230223840916226
0.0418798834347719
0.052682084136825694
0.06655586556144111
0.111069025260566
0.1966846740861214
0.34659811713909683
0.5584575221509749
0.7512198722209137
0.8500405401950302
0.860559384125072
0.8553888430374614
0.8514090033128435
0.839879889706039
0.8264129322266345
0.8164988937768796
0.8179473034231551
0.8151238973203747
0.818962718292942
0.8235859254638549
0.8160717680998466
0.8021729912049178
0.7975130367396902
0.8278441477535248
0.8522204318210439
0.8172384869819047
0.7138479829146948
0.5915824634837565
0.45219249227248587
0.2987087623465604
0.17233546652506723
0.11508091402631557
0.09269908064671391
0.07758200702955183
0.06403175064230338
0.06201271997828006
0.058479479354012105
0.05391689657383639
0.0511952320775165
0.051982650412873393
0.05613736225124172
0.051043791696073065
0.04877839846492017
0.04931980694557685
0.05391949061199863
0.05820156818577357
0.09734669169445252
0.16378592676112758
0.24607618799032177
0.37607926203749914
0.5719664786710211
0.7440466548798925
0.8396193544813347
0.865684797753304
0.8723522762062375
0.8611680700911436
0.8502510392855138
0.836836975377036
0.8312772686255301
0.8416587482371786
0.8511379213321952
0.8584527504615326
0.8588923424711529
0.8695996016468324
0.875028380322753
0.8754873898686447
0.8715549494055712
0.8754670639120691
0.873077515518431
0.874214866674024
0.8648734421420934
0.8687659562851251
0.8550250133171304
0.8578796514462534
0.8333129789711777
0.7720820170765007
0.6429187793126778
0.4888881871790999
0.34802464383034737
0.23448291640527497
0.1564190821888897
0.09422800701101172
0.06917013486665671
0.061595343386118405
0.06921680201106849
0.06592910558041437
0.06522024075395745
0.06450806978977777
0.06996923772279462
0.06846775964829219
0.06818731856190047
0.07055370987202653
0.06754112401994143
0.06998013074606363
0.07292794312667845
0.07772829145970414
0.1310280398098162
0.2325412744956715
0.3670246572632411
0.5402602444900585
0.7324164703055787
0.8522324390986269
0.8684954645976148
0.8783882454947614
0.890422554102016
0.8988703855611928
0.8847442393684662
0.8757466579817113
0.8551410938877959
0.8365940973487838
0.8276545080929645
0.823160495341001
0.8181267425772907
0.8197332869861131
0.8221353898823549
0.8250409499450667
0.828758817669798
0.824615217573939
0.8140429311252919
0.8293779708344439
0.8667270165314335
0.8890699680764708
0.8754654132895658
0.8498761221910714
0.7945788715182476
0.723287342950363
0.6041006489515951
0.47026539703558645
0.31365043555201216
0.2122287043097301
0.13553022682315202
0.11573844556701407
0.09983601024479005
0.09523961526231946
0.07192834871285396
0.06660122694206262
0.0619190052031187
0.054594970076334404
0.042889191614200926
0.044164105975339374
0.04927563190831598
0.054018849890834
0.050198828320051785
0.0428626950903055
0.03247739146117641
0.028216869669826408
0.0306727020949147
0.0529180705236868
0.08138764500136621
0.15082012244151635
0.2699394484647235
0.4403535906478845
0.6112351704651904
0.7482581395079899
0.8438267312810281
0.89214459798925
0.911510276709896
0.8927879819720739
0.8780407334888696
0.8681976491045124
0.8631070889037802
0.8529793638918166
0.8466893290824025
0.8529668292634566
0.8574886784212177
0.8480574052608908
0.8200457675521429
0.8101493136731018
0.8396652040841214
0.862841746079642
0.8474168783726148
0.7786522829222318
0.681701962549799
0.533701013845302
0.3974302798268801
0.2762684471870127
0.2023899258472281
0.1460166386698788
0.11521987321384927
0.0815033100338639
0.06702904189666221
0.06013139557186621
0.057500316326893966
0.04882488284544205
0.046471935739142704
0.042975481601664936
0.045950547794156194
0.045435008842715015
0.04786787307967711
0.04857760816087926
0.05338142094017964
0.06287094248134936
0.09586611517088056
0.16259784154779852
0.2739687376953888
0.4130932074038023
0.5937506495789643
0.752694032537448
0.8562847044652593
0.8893053365124518
0.9068207230462026
0.9084790071769238
0.9002110815025943
0.882250448478282
0.8656995795165153
0.8604809751276953
0.8581444479450012
0.8545651359148024
0.8492559331184282
0.8427003673495745
0.8310387507068413
0.8283571996169456
0.8500004187891796
0.8727911159407129
0.8530685400422438
0.8002372304728405
0.6953116284216295
0.5472497246081341
0.38763892822270385
0.26374017891665646
0.17593670519342183
0.11279610976901124
0.08698939632017169
0.06926536692553262
0.06642398479763484
0.06453417762256128
0.06823047260613278
0.0665316376347164
0.06084115811346151
0.06258258252627968
0.06875435882015259
0.0775462089980684
0.07836240069073842
0.07644382835018632
0.0684289289095166
0.061121726023439404
0.05743221980710494
0.062325526501376426
0.07339926028126245
0.09582864674622549
0.14456970498943472
0.23842086811790908
0.3817099911584887
0.5454328032277501
0.6897578190543993
0.7954275548086408
0.8628005604501788
0.9018655743502025
0.9096282946570383
0.9173786278227823
0.9293917046905606
0.9398198509231513
0.9370896079882612
0.9327986646223672
0.9391119366625352
0.9436325324875863
0.9553207071869256
0.9624529276338639
0.966142921958024
0.946295625016963
0.922552194725336
0.8864845276314548
0.839528253422387
0.7754364290452791
0.695784119726733
0.5910974284126116
0.47271711042066167
0.3634753646342648
0.2700236036885192
0.191350504386802
0.13360358184124999
0.10400719827152605
0.08967812964552305
0.07340173597590871
0.053787315834687446
0.054406648142963254
0.06192161247097654
0.06928057613163394
0.06765033773387291
0.06536928809593484
0.060137320952583284
0.05719065781734771
0.05689893031542012
0.05750465307743981
0.05934138055675817
0.0561497535730617
0.05192027133938457
0.05666985056590409
0.07394431222997569
0.10102796817606825
0.1532408857214226
0.25583247332429404
0.3875164312850615
0.5266425113528495
0.6695882137929772
0.8075078344699804
0.8962744974013828
0.922540283730688
0.9178562669190202
0.9013386752262166
0.8818943640904574
0.8648342784904285
0.8810920419597446
0.9045381230293911
0.9223239398782572
0.926494637449245
0.9318842068199011
0.9279290604812417
0.9331613449635543
0.9282825708132614
0.9313582230469986
0.9231014990935742
0.9406638808037284
0.9336767052414311
0.9289297154713544
0.8815149821125011
0.832763746173706
0.741588074754115
0.6317498486411567
0.4861547811801366
0.37135138441016613
0.27575052608000156
0.20346791940800843
0.1485240965757068
0.11611622773429431
0.08964473230039957
0.06469661568395123
0.05650315470921848
0.056047645534784266
0.06144969409498613
0.06476328068049177
0.0660860761436188
0.06651471064914896
0.06758206074917206
0.06527891856937618
0.07300277322652034
0.0959873040680446
0.1404855562562055
0.18593202827031502
0.2728883219943629
0.4044397463844386
0.5687167767671044
0.7115757446733448
0.8204908185541812
0.8934477855459132
0.9105855829150099
0.9084590864667585
0.8950068808107038
0.9037203078313626
0.8946541031080205
0.8934860347860958
0.8904633292923014
0.8936961793549214
0.8878885850449529
0.877494002346006
0.8760044587321677
0.8770174943344459
0.8784521167227979
0.8942566373481206
0.9155372948467999
0.9227001259594388
0.9166183900619707
0.9102011399652111
0.8838166764053415
0.8231937806720712
0.7397829077837089
0.6381103636421974
0.5275554771870854
0.4109728052447916
0.30515347757011924
0.22747668975849014
0.17478078385100515
0.14221140750004493
0.12481548810307368
0.10292752562484386
0.0778666839223964
0.06141602180830949
0.05951187008455495
0.06777559796857581
0.07486463855175968
0.07708977187375918
0.07134926077227612
0.06922663404082374
0.06227657043718002
0.06470279495961218
0.06624832094010558
0.0664974773655529
0.057797158369615374
0.061712578593410346
0.06667938683881183
0.08345426003271132
0.09333837201950243
0.13590111417968082
0.2116473669239155
0.3455931854193035
0.48980999178024665
0.6477013918932812
0.7673911102566202
0.8570255626870242
0.8913130975799476
0.9151588394578188
0.9215220170536398
0.9359940715430118
0.9294934180452026
0.937069650585308
0.933400471145273
0.9360290975387616
0.9285674264517634
0.9354103454920611
0.9373948819376723
0.9485349501667294
0.9523696268479308
0.9549612942516924
0.9490046157553703
0.9172517043480017
0.852009760016587
0.7843094412088836
0.6948218600299161
0.5777994911091602
0.43658782472325003
0.3162184087134101
0.20556752913563864
0.13177400695206998
0.09207507499700697
0.07853396921891419
0.06520022607773461
0.05492648175394513
0.0544828859870323
0.04895043477088795
0.04116880421808709
0.037831253213501816
0.044001181657451933
0.04952879160473251
0.05897322530703884
0.0674741410937689
0.07668766692789916
0.0841093706024882
0.08853417603957611
0.10408991767123879
0.1419039167469148
0.21693900391300036
0.3155027798687009
0.4580420197221753
0.6130587132999683
0.7563113172849798
0.8450593251225829
0.8669174195433317
0.8672313241466372
0.8875913219518532
0.9276064769637062
0.9336527448948976
0.9291885691102437
0.9236437839851365
0.9247874458196885
0.9212705012741086
0.9229686171693479
0.920695965372514
0.9178379327237047
0.9039979923550993
0.8746093083254193
0.8532575650847539
0.833216384921634
0.8150354806977163
0.7499818984729711
0.6398851809347845
0.48789774075050724
0.36864061470795023
0.26794937382439055
0.1771261496452925
0.10861577061288719
0.08895486891953712
0.08321212334547971
0.06047937097614254
0.0442297735704798
0.04707005023541188
0.057576014491897504
0.0641708482042801
0.061695297468849955
0.0582730980200505
0.05226915346913048
0.05674100659732484
0.06404642310112864
0.08053893114239956
0.08210858814143113
0.06683503021742276
0.062778008739963
0.08775637724813176
0.13413784551716612
0.19598136680436318
0.26751690000300055
0.3591444396303301
0.46913744523567336
0.6148670360835308
0.7338707444511439
0.8152397323607516
0.8449438224013299
0.8741071821216765
0.8966154502510109
0.9187022699716495
0.9294594172652455
0.9259989390689055
0.9257147348418595
0.9279157464130672
0.9288154999299076
0.9161237307537515
0.9084675005758637
0.9044738972549002
0.8909809349861719
0.8552555645050527
0.7802245954899776
0.6935850760109934
0.5850130517501032
0.46995621571293106
0.35863400201189144
0.2702882047137114
0.19900474172642324
0.1393663279131827
0.11487660417070361
0.11390329397591038
0.11224298211660626
0.09286682435445676
0.07498333673165303
0.06976501939466451
0.06747185949011215
0.06745889204039118
0.06990846397048722
0.061942187644550756
0.0635044581332393
0.0704321245222034
0.08077784939992141
0.08130998637951287
0.08665043836443748
0.091258552016939
0.10270629960923729
0.12087632596080052
0.1735998134480489
0.23972979097032704
0.32632923895454474
0.43286991970475475
0.5611167350484347
0.6841248673040617
0.7799760115594923
0.8546808664843795
0.8801597046551008
0.8840624530703609
0.8858068439133956
0.9038075620722008
0.90747764785068
0.898340213878791
0.8926725243071524
0.899283483526694
0.9052821031518701
0.8911534338107712
0.8367135407886572
0.7539514799743922
0.6482579707904494
0.5239073446918596
0.387527197340376
0.2672232290064056
0.17358322457931874
0.11292336359440638
0.09640166702718377
0.09491881282358937
0.09176052160482112
0.07947966886622956
0.07691783619482463
0.06931064757272584
0.07027756273383998
0.06813777101694482
0.07023477055187163
0.06383928255368437
0.06475671470168391
0.06161935776289319
0.06663273685215952
0.07771326195644708
0.09034817158651066
0.09281308959595118
0.09050925327666359
0.11009884500710274
0.15255973216756696
0.22739477201912994
0.31567726193746815
0.41847470777196666
0.5359350521404199
0.6830674351337498
0.8074221938883621
0.8828889265354839
0.9115984936745919
0.9336427519907976
0.9316331511248652
0.9242198764083646
0.9263851420071294
0.9507392924970592
0.9482605915912695
0.9330106241442897
0.9286560794838319
0.9431388708799234
0.9454431786443411
0.9522266607095513
0.9513496266256025
0.9532949294329531
0.9473113570492347
0.930446030528267
0.8772358859318253
0.7936692603768536
0.6769356552490877
0.5424789427267599
0.41575924810286413
0.3034523969300788
0.21881027336583003
0.15793059373242788
0.12810379172188127
0.10675696609258636
0.09184077690774611
0.0766735839372776
0.07469842690672285
0.0808082382640577
0.08004539198982279
0.0657562939268838
0.05394533525042047
0.0579862730571408
0.06330880719337408
0.05649992472335614
0.049651941512690104
0.05952606003408366
0.07739758348048481
0.11029936964054422
0.16673702905203586
0.2370909317933792
0.31925571072370174
0.41570198601063435
0.5424388963706972
0.6579466421639439
0.7541257352119188
0.8181605256500339
0.8690562728179518
0.8996503550617424
0.9072451325784001
0.9026291248676119
0.907447962637408
0.9284601695443861
0.9378469250550844
0.9355489459615862
0.9332352312639048
0.9321635619057317
0.915478187421395
0.8816014002419895
0.8228489868658141
0.7566653820755413
0.6685025498614101
0.5515698685506161
0.4221318617994712
0.30907653794447404
0.21823013126716717
0.1517413985087675
0.119884813832484
0.1117359085248085
0.10117712231993548
0.08335720213470083
0.0676783567537613
0.06528427041593747
0.0594825366596325
0.05745543095615166
0.05584347391650489
0.05647540883376143
0.05634918799136149
0.059093703445614876
0.0568978437762148
0.054267247836905286
0.05669996442459897
0.06415793424658019
0.06818116080912517
0.06767829009901297
0.07326410627443233
0.08706078209395468
0.12965149538093637
0.22023413356991703
0.36151813289201357
0.5071650684424167
0.6567057917276569
0.7775724689284428
0.8653028925466213
0.8893141767743451
0.8974819097262119
0.8944365123812765
0.8934913199317027
0.8794216439625289
0.8781604142777567
0.8999802245007106
0.924496464976925
0.9482416664125608
0.9525305866545508
0.9587786128855025
0.9551669979596118
0.9527868819894382
0.9474613250725519
0.9464380441705391
0.9410906110592717
0.9254600562063
0.9016933160092583
0.8412932994479644
0.7692378274364391
0.6993223398113487
0.6323858080670635
0.5422583352329953
0.45799141885536504
0.38113295740892383
0.3115569911974937
0.23831763384211657
0.18234972564542967
0.1511451643277893
0.13343887544614982
0.1260797433748256
0.10899836463186191
0.09097376826861248
0.07495607862161766
0.07578693537669404
0.0756679422021978
0.06834579741788703
0.06359075062182638
0.06468027225212952
0.06628371830528493
0.06616254057680761
0.06773202720126095
0.07039527277286697
0.07359943060807814
0.07289919723085836
0.07409474275536386
0.07334962200735154
0.0747450549458877
0.07640792227222584
0.09193046377369876
0.12326812514294233
0.1860174548874008
0.2716366606515773
0.3634597965967841
0.4428825384682521
0.5473897215813184
0.6955536388602841
0.8166901494322263
0.8788107407059955
0.8949578141841079
0.9118203020897072
0.9026621380320996
0.8944628606842201
0.8804154635571173
0.8747018608349078
0.8732423445218325
0.8780228528469352
0.8876992418394316
0.8989656973159469
0.9198391056684578
0.9283914687437222
0.9432660002937846
0.9527190744071481
0.9781223523753012
0.995487668033644
0.9755639596407325
0.945396225621863
0.9251027807970303
0.9218754698405499
0.8713388096315178
0.7845657174302125
0.6370078590486248
0.477820149036172
0.35452285621322477
0.27633073990028034
0.2161507419335884
0.17127473316966035
0.15010269624605188
0.13511714566233457
0.11249412694357687
0.0891431269172557
0.06733662030286887
0.06236165584113186
0.06072957439146956
0.058237791530296956
0.05519890857920009
0.05405304313729686
0.05237035373835583
0.05590170861335171
0.05977975190157379
0.06349765429178872
0.06819544662641616
0.08681972362006071
0.10698661337835745
0.13576002272645726
0.16797262440252497
0.22941541977561614
0.29811014505080835
0.38029008492231886
0.4437219922007597
0.5536475155743424
0.6763592276429071
0.785382515891302
0.8375071050794061
0.8744513540657922
0.885764319533444
0.8773561017261822
0.8687026845953775
0.8777396912649013
0.8770345511455151
0.874142169203756
0.8871473764065045
0.9050396891417534
0.8978819854499359
0.8521487455221892
0.77916934257925
0.6986927421595417
0.6056496669485858
0.499254024399408
0.3870608273100884
0.30408204684792084
0.2332167024071383
0.17768336160084103
0.14157229215249426
0.12447466950604971
0.10737995268834756
0.0836391296025157
0.062242788090768095
0.043782709877172574
0.033596856971685685
0.02742655863102711
0.03619675930227366
0.040418168260516404
0.047328677147692046
0.04082841148009213
0.035915483353030325
0.033316648556982256
0.04421330170210909
0.05970376763171564
0.06920364359918196
0.07636614662257235
0.08744808721692476
0.12407507642589759
0.22646716214684642
0.32695006981290364
0.4408961161613674
0.5765305162465133
0.7577563658865829
0.85337889926275
0.8701384937404232
0.847326331765031
0.7757230158332785
0.7687211571432724
0.8158592152041617
0.869909682372215
0.8123332722983001
0.7321596090662698
0.6269721589007228
0.5036220059671696
0.3830694164702765
0.2987396503523221
0.24566921577087458
0.20138606435322381
0.16098357147917233
0.13299086178786276
0.12116658630784369
0.10744315158381201
0.09849044914134782
0.08888426140417922
0.09925790655907937
0.09721190800730717
0.10289394724624873
0.07741515939722024
0.07934919453318116
0.06957613496760795
0.10492629090745628
0.09510847269737305
0.09720970682121799
0.06665707714693117
0.07080355105775363
0.059523685142722584
0.0646093048312244
0.07490656205615968
0.10166121879777852
0.1458322146075926
0.19731717082230962
0.28778317250774377
0.3868490662456006
0.4821577164372808
0.598469833756069
0.7282756278145419
0.8220591059095123
0.8547081999078948
0.8796140115442712
0.9069594217185009
0.9168790988042602
0.9174677077321678
0.8985975292825855
0.8898059525446724
0.8886573930348608
0.9065485499095894
0.9193368307708933
0.9134559069801748
0.8975121925007516
0.874445946845908
0.8514368814320595
0.8201938867166412
0.7789789701582921
0.717012108297587
0.64045134931445
0.5660097927232843
0.49348630122957904
0.4208871152848414
0.3575444382341525
0.3003695043897222
0.2438643665133183
0.18878299521255343
0.14725709684571014
0.1192572853227622
0.10671393765991222
0.09729627483466151
0.08486754992622096
0.07209303111739757
0.06823873938872735
0.06518414863574479
0.059906018120372106
0.04181845537512256
0.03371340160079542
0.04278290616029652
0.05517047858953715
0.05132182413451107
0.04676413503500178
0.049110641358042786
0.05550311126197487
0.054815252198512424
0.060273570662450156
0.06890049126553513
0.07841058388522298
0.0930166444375833
0.14282196306057043
0.2033901750860643
0.25442077199201885
0.3170237282355385
0.39165635062474935
0.4859217319034397
0.6103747218605797
0.7264229565305002
0.7772191749314614
0.8128469869546848
0.8657893817161795
0.8945173704558136
0.88142013912871
0.8646033073492969
0.8144992180356455
0.8010841074481758
0.8163673014579671
0.8435418218633446
0.8253881450859804
0.8298267454919234
0.8412269315964057
0.8417776024049779
0.8516416252727165
0.8776804987815693
0.9040596902002374
0.8960303821056324
0.8724838658600245
0.8202127949928967
0.7334425673368475
0.6111992941955859
0.49876686847968904
0.4145359751582276
0.344563014097787
0.27826911157188394
0.2158448817786332
0.1713126272883969
0.13424881340543598
0.11396507146294943
0.09897654994559314
0.09232768415074355
0.08280944686337269
0.07791982700169345
0.0767640032471758
0.07854018024685139
0.07707487601194085
0.07857279795555316
0.07586843874487548
0.07226812677420566
0.07231995917307739
0.07494103522402001
0.07666760759823588
0.07681646156203764
0.07703715809728728
0.07441844179602106
0.07705917402680731
0.08573070823562605
0.1009118954282533
0.13605127558392088
0.19593822774717776
0.27285191805728704
0.35360697446706174
0.4319317008249426
0.5309146169796695
0.6446011833734875
0.7599444662460714
0.8411619380017993
0.8833792179084854
0.9003809594332738
0.910080395969881
0.9107494029586571
0.9091986124593809
0.9042861000602077
0.8880636123409993
0.8750175365992037
0.8655514723111726
0.8807850058234616
0.9013681133060113
0.9221309566565828
0.8973065157811967
0.8619177800319293
0.797648937482337
0.694258367494925
0.5412206179263657
0.37231868189191386
0.23281704806926284
0.15839497249411463
0.1296008373749721
0.10591524873175596
0.0878432770668028
0.06950075298402936
0.0564477824148901
0.05091546586000226
0.05433508546016694
0.05396655340222441
0.05128599025536072
0.0436182963289731
0.04044351111004084
0.05297424707505391
0.0638690446794139
0.06893690646818375
0.0902024420516452
0.1583844628327804
0.23969003884216547
0.32594143819219706
0.4817126760328322
0.6956494565788979
0.8367621273698027
0.8800470147011458
0.8882822995848703
0.8788177799710877
0.8445595367661164
0.8298347967020419
0.8290260905969935
0.8390236107528382
0.8253215354771207
0.7741188749980683
0.6828920056791867
0.5729583985785125
0.4309707322823534
0.29884499061176584
0.21072932642387793
0.16584577520900584
0.15010382973785147
0.13941190080086663
0.12705435689667055
0.1097890570820458
0.09442922040800657
0.07058843615875565
0.06918660298340988
0.07595447487875809
0.08696344483230481
0.08839745593775317
0.09358441594135951
0.09235335516205978
0.0873976378428386
0.08372455969384718
0.08749490449012655
0.09399629241755805
0.09234677604404405
0.10872721048923359
0.1382420884599418
0.1786636016559539
0.22733197989503523
0.3058764399692384
0.40691095690208523
0.48774613737255534
0.620610118982996
0.7543134734642751
0.8705740123463701
0.8869180147579526
0.894885971982766
0.8932163914842008
0.9059668664780784
0.9038536307359479
0.8951946450959767
0.8871422850168129
0.879020370642486
0.8671745405990543
0.859367774748044
0.8601270544790532
0.8615595438254837
0.8667290298024791
0.8684601057436132
0.8595435839079465
0.8637844242541322
0.891918553564231
0.9167255061286281
0.8825811746072885
0.7888546920068371
0.6523383623935957
0.5005986937002227
0.3837211418615788
0.3074707639927312
0.24588405991242449
0.17831968898714057
0.12051813750733598
0.09333829189846601
0.09876233779092836
0.10730894481273902
0.1027772739044947
0.0893625076685366
0.07430712764503816
0.06618097180017694
0.06932012854041798
0.07421645420737852
0.07404774192681873
0.08190658380459973
0.08458915244627574
0.07734535729644061
0.08535857582839274
0.09990302637979256
0.10550784197288807
0.09890502172775144
0.11588558007757546
0.14929896428703004
0.18825236657652974
0.23480249529595226
0.3339658222933228
0.41549808462650084
0.5124153054027661
0.6336639186425925
0.7629564465376393
0.8281203734243555
0.8567919803336312
0.8751235424317936
0.8759441266109582
0.8799554995367226
0.8914166846926996
0.9027756282655681
0.9091599991902664
0.9156162163162515
0.9238306656749918
0.9306214241823507
0.9346136215942646
0.9399120411954792
0.9300207312468544
0.887341173378613
0.8179117588567368
0.7286428681567192
0.6488920421170143
0.5716592521100352
0.48487725150774463
0.3909879884078862
0.3148568396032636
0.2549670222941926
0.21503310430269884
0.18906974739945331
0.16604251082509608
0.13437616756373197
0.11829951529030638
0.10238243819622893
0.09433857215000763
0.07672791612306577
0.0686995622087259
0.05645114338546442
0.05688032032808372
0.05810415599380087
0.0635311875483405
0.06886140851105485
0.07162725886449822
0.07430045444526628
0.08038572173490191
0.09103676668064008
0.10000998285003078
0.11937666567859125
0.15893271447637555
0.20620138608770755
0.26237150184537844
0.33161680049172265
0.4188167851829141
0.5076305064156807
0.6253694416649622
0.7302433225570645
0.7966435347099633
0.8320963868257846
0.870165223612155
0.8992537558070889
0.9006731355039528
0.9089570713289121
0.9200826548170614
0.9275883187116523
0.9206047680038694
0.9273992937162824
0.9395007053349702
0.9546697193220054
0.952740192209468
0.9506017034962886
0.9426840089032886
0.9364060176264334
0.9011438388534051
0.853931947713557
0.7790084173549945
0.669551800204939
0.5594006652440585
0.4785748138377578
0.41803689163535973
0.3508209821509689
0.28294534495570256
0.22312634798623168
0.18436404404756504
0.16226505663261453
0.1472674555572454
0.1393059814482846
0.1318250235709839
0.11435343944066001
0.09961203200250764
0.09464718771286956
0.09364916079035282
0.09531348308071542
0.0996716213690663
0.10632170747645389
0.10553061141183595
0.10455047979483445
0.11105585553615628
0.12028536082599453
0.13300301955962268
0.16193670945592523
0.19835351358875042
0.23014549013898494
0.267936837957224
0.32362081294738965
0.396746262797203
0.45707769889068084
0.5223112219224989
0.5695544214280253
0.6148843538258401
0.6227437503359158
0.634255842788992
0.6200890297650277
0.5839537995455228
0.5222976947342189
0.4686645086112342
0.4144698825123388
0.3530650800053621
0.31402060251216934
0.2711465084208458
0.20507807191694702
0.1318936942176647
0.0995148761603872
0.09790558155751668
0.09757243748685715
0.0902980059760736
0.0802886699526382
0.07091318237914127
0.07120964465131249
0.07455840646160944
0.08009340319298007
0.07703767483921316
0.07657716457365149
0.07877602140916601
0.07488985037828066
0.07066130625923793
0.070922975369044
0.0780700632414846
0.081625483710026
0.08571172042803019
0.08102499379086553
0.08152042301062759
0.09537780604303886
0.13114912897342113
0.17695787372627036
0.2692999646144013
0.40559581355045404
0.580643808968202
0.7547536181304407
0.8849903689818415
0.9507236227156044
0.953086207057865
0.9448072176340916
0.9445421681747086
0.9680398295892318
0.9790609366139709
0.9787171600455703
0.9737905404056916
0.9743749971935621
0.9762538729305681
0.9768679949675654
0.9738035639084177
0.9774758166806063
0.975325726843476
0.9670721877502485
0.9594317453137603
0.9549746872201554
0.938038505818612
0.9206136656704889
0.8951085228742235
0.8285645169262373
0.6921139577659421
0.5268929973668267
0.36939728938914884
0.24901545364239763
0.18065678886586792
0.15448606583430408
0.12358698207035212
0.07862651435487068
0.05995228086157507
0.0605903392059572
0.06134386817364464
0.060362295637383
0.07360098689281952
0.08372294018259144
0.09187823055968991
0.09675848811920132
0.09851099642627298
0.09545549652552375
0.09412437870525353
0.10723938529737721
0.14311850891378847
0.19130722621556778
0.2651843355618074
0.3690163071496804
0.5012433915558318
0.677878087587755
0.8463322331219926
0.9263076171541335
0.9050726532824588
0.8901033365839994
0.8873844224416396
0.8854618436830192
0.8831407617487876
0.8979261398945075
0.8968120983104337
0.8887888191873111
0.8774084793169818
0.8763798522240148
0.8803052543924968
0.8979343594990954
0.9152039697821319
0.9231417494457542
0.9322702049470016
0.9359274254999961
0.9378120406167532
0.9327641624762946
0.918794601740583
0.857428753686444
0.7553996222537914
0.6102757346104519
0.4513999800977474
0.30767345585826905
0.2097379244001674
0.14980860935431325
0.11204132688168009
0.08765335096555163
0.06574913171446786
0.04510740894570073
0.03592546041897196
0.02414853724924902
0.029778012180448656
0.03546493894610915
0.042629376626715405
0.04070506429853364
0.04855659053096851
0.05282934067259437
0.056701374004245284
0.06744145006341752
0.07851939224352569
0.09437232708999287
0.12184492356459363
0.1544919431535247
0.18858469645377313
0.24352082704587352
0.31438099995059615
0.39725132528571794
0.4916756243505907
0.6031101079724043
0.7039237629383266
0.7861153754122555
0.8374343397565034
0.8708240858736619
0.9052286530470884
0.9249408080436233
0.9336955380617403
0.9312000546011501
0.9382436759559888
0.9393217289862972
0.9514689686582964
0.9612514151062721
0.9476765096138442
0.9143061162516242
0.8738504878410481
0.8135753995673924
0.7264898457200946
0.6048574749481778
0.4812025208968299
0.37346442924414647
0.29300177630027047
0.24240699772646496
0.21011623545017938
0.1773050075962454
0.12872758005474075
0.09023577108114436
0.0736093623919022
0.07054395969648213
0.07477836271991196
0.09895716771711244
0.17839071340906948
0.2850556822378007
0.33418985487033825
0.3541145609064026
0.3025438669307644
0.27175318835702156
0.28765692791303293
0.2886905190342128
0.2206296447326142
0.19337225962219223
0.22015273678744335
0.17979264905747538
0.12296857146907056
0.12435336440839916
0.1558510919738622
0.18461687417956513
0.25292614814662917
0.3328402655093393
0.4335986704486182
0.5881071875499232
0.7648823761728856
0.8960292222032809
0.9366140650017881
0.9541940131532902
0.9362638716759326
0.9122868102929343
0.8808421645695423
0.8668994203943081
0.8749191020520484
0.8855568935906515
0.8988340509350241
0.9117220866828156
0.9154493147906476
0.9047578996587184
0.8854298605474475
0.8854562069077383
0.8841143963988818
0.8878969551689221
0.8687454909357314
0.8236796414494918
0.7270164368941097
0.6059393746684765
0.48349300060075634
0.36749600997062015
0.2729606320388045
0.19031154122045973
0.13355275830794702
0.10501193909468845
0.09749404557527752
0.08493950172631509
0.07245535822524955
0.06722590338928591
0.07165546538437825
0.07737850140287869
0.08812381625491719
0.08947933938380818
0.09187008073679484
0.08713338137668572
0.08165752107234693
0.07967463598413023
0.08430325997064386
0.08403057402350769
0.08154884467502074
0.0801202082185806
0.07688821243080149
0.07150129591351212
0.08654528221733619
0.12261365234441671
0.17437968293897993
0.20166335147097672
0.23791491453231958
0.2972642385374695
0.384774057000787
0.4690033476534369
0.5502909672455549
0.6637576550863026
0.7591491306074559
0.8314354953679378
0.8720078095114047
0.9216006931153521
0.9268549059504846
0.9251914308339331
0.9147570384319834
0.9170137632485934
0.9192858511148707
0.9453303154222505
0.9549174073112014
0.9496806181908243
0.9442294401534118
0.9508139763417655
0.9541594893975411
0.9569535535580134
0.94746880457504
0.9331605702744414
0.9162459093371257
0.9083425865839492
0.900422986563218
0.8920813316916718
0.8657875823678766
0.7917898772747762
0.6893513976192394
0.5813903100692385
0.472468802760626
0.3663301572497349
0.280201877051256
0.21961998779894376
0.16117132135930595
0.11885352965802544
0.09150965305983172
0.06545218919460732
0.031625216550781224
0.007465492631566766
0.0012959096698967197
0.004364688412719245
0.010062594577593235
0.01562562423190106
0.021718678053997294
0.02863978587856339
0.032461374652908465
0.036986186031810864
0.04728444207178636
0.06743925534333889
0.08192154610801844
0.09664227471274559
0.12322201182565623
0.16745942859276128
0.22719685994581612
0.29177242782705004
0.3720350266847011
0.44775970661693354
0.5322688011340819
0.6441019042276848
0.7332520103068196
0.7919007128335116
0.8251788309927491
0.8597770663990089
0.8672381231701429
0.8825282553554055
0.9058080783151198
0.9187455283845557
0.9275084993090121
0.9361405765968205
0.9576736564294895
0.9774243509167112
0.9763495999942191
0.9597039403278781
0.9530318070792554
0.921633656143409
0.8529516530776975
0.7583694894557145
0.6370606268022893
0.5091058216683599
0.41200438086310776
0.34336207667148594
0.27439242776531575
0.20787760670494068
0.15978552183485434
0.12271076918224237
0.09913277641397816
0.0700814891263433
0.048448647124010244
0.03623450206191985
0.03699008760473894
0.03538652587015173
0.03085862305803203
0.028926490367092186
0.027199665172355322
0.030382502837577763
0.030365135689176086
0.030012170602778512
0.02836229032089629
0.03241804601319635
0.03832550159195667
0.04096956961793774
0.04348770169196979
0.055746185530113596
0.0757507257733773
0.11704539808904345
0.16468637031750208
0.21313999977046827
0.2653205125432666
0.3417452999950755
0.4672257415426861
0.637526352255085
0.7945647033019227
0.880374409118519
0.9320017258728516
0.9622318468161393
0.968201318220093
0.9542384797064394
0.9529107587864507
0.9545155133293248
