0.11711550423202599
0.6171330778832317
1.0813081382088265
1.6821436124836102
3.1669007102970763
4.840083560843735
3.9337653822785197
3.9999908865495124
4.709811130057643
4.148690321052172
1.7065146087387981
0.7657121392338586
1.24780316176641
0.23151310718020573
0.30331232983518147
0.2811641545315036
1.1960077769505053
2.867126708442889
3.891939924940485
1.2102494286535983
-0.5108202675242347
-0.4841563302500636
1.40863656222491
0.9297979328000452
1.8577738031187434
0.7177376940428594
0.8320604017778079
0.09497580623388571
0.2493142605155763
-0.1926268184640783
0.6871078636502117
-0.042455921689037314
0.06131798133939958
0.6527237806522914
0.39594991814042496
-1.3221288386591847
-2.0577184612115778
-3.2936790752084586
-6.580444844411865
-5.928996709565796
-3.71694126836259
-2.1420650717420853
-2.543723162885536
-1.250616834063612
-0.10236851983540264
0.3789076904585822
0.710779766846219
0.6143332529025214
0.2805246458517443
0.21976668119342146
-0.1587383262609649
-0.07155846886701703
-1.3358573559960598
-0.09711034763170846
0.8810282866699332
1.7280440870840725
2.0228666613318773
1.197192896379695
0.4514526928875248
-0.06436556495226253
-0.49817773332938753
-1.2573019359837145
-1.2903190164056746
-1.0918163477209923
-0.49676822936803383
-0.13441211928734867
-0.8793802872857013
-1.2846751717493257
-1.1359685164129063
-1.092184869521115
0.12356793516867737
1.1127740586576158
-1.3138753282293218
-0.6916047529129634
-2.2491864644150583
-2.127789479933765
-2.4544008676153304
1.0319629218543462
-1.0583122192961474
-2.4039722444821408
-2.9769431002256335
-1.7278941013571443
-0.7575328718049422
-1.2101470711066995
-0.8737212003027381
-0.6972326069385062
-0.32443498269038423
-1.0341625591496155
-1.1351351118687454
-0.9558756223012161
-0.30468383596490267
0.04295630147465883
-0.5054753831359555
-0.863589003805113
-1.0225985285346963
-1.0839760539608079
-1.1759567394335437
-0.20023310963533467
0.3727302113547314
-0.16027298928886777
-0.2439236090024632
-0.0008350824446202333
-0.2711116411710565
-0.580393833217092
0.6261021882310759
1.4418031272579999
1.8086414262564754
2.6157917135653297
2.1095747719943496
1.7009633392049945
2.707880521782563
6.614067999340186
5.312080390014132
3.0104238818703095
2.1216228405135813
5.079735913260935
3.4108406920604692
2.4156379247710444
1.989915955899975
2.630981541677602
0.498908404076301
-0.3242017403313325
-0.16033765607251413
1.203795706455317
1.2290927438462251
1.3439475453707366
1.3484231359198255
2.2716605902202827
0.3863508724076406
0.6752161320636676
0.04343215555077228
1.1100231775569753
0.1677166128917024
1.1993712283569067
-0.5005315509449599
-0.6408835810489523
1.179453751831676
1.6318939655689535
0.2400415176179713
-0.9064119142222148
0.7701874404706427
-0.41053944534254516
0.004288489998363081
0.4838694436833308
-0.44799257800852416
-1.2087402003667589
-1.001256283748523
0.1144913382770922
-1.8600612447371634
-2.449453058692115
-1.7102174937415542
-0.28748579977712174
0.5113142786200935
0.2940067523221101
-1.212511637750777
-1.662341451493709
-1.4210883943816295
0.345957037247261
-0.14381869291273436
0.3311745164110336
0.3867135877793814
0.05725254861292959
-0.7902995154198617
-2.0107557534868308
-1.817606568844685
-1.3897919240488026
-0.9602739666548467
-1.7879140598386076
-0.7334040439205162
-0.2510652061099914
-0.28917342455962886
-1.780858915703611
-1.6530703843230534
-2.0498528116022046
-1.0382447842179114
-1.0096041668597466
-0.41376018716686425
-0.8689570026446478
0.770639357080623
0.6988204169341707
0.6691569111427943
-0.2036310683560501
0.5080789854472949
0.8177569549898085
-0.1146777522292934
-1.2178244152850624
-1.2563189049458434
1.7157893507369175
0.05044321559242189
-2.1468737445058017
-3.0085191504815363
-0.09422720513523919
-1.7428801825695768
-2.3192677593183104
-2.670079726409496
-1.5543961824720631
-1.7274467884821938
-1.2867841988347393
-1.3795706511674493
-0.9473380407662579
-1.3321357372421392
-1.18999286831989
-0.34492161218338213
0.576825110863036
-0.03456405113566165
0.31332907516161357
-0.1880048417157799
0.04522730684313652
-0.618285605988147
0.11602212018768585
0.19050803075019784
-0.2932720680160849
-1.1169542789584332
-1.3610242637727674
-0.6116527721216971
-0.587998260662947
-0.3212516862794693
0.027940157710077785
0.0213227504031411
-0.1773282710014696
-1.7631925443917222
-2.093447075479093
-1.1138995210231335
0.09720520625540281
0.5893718341518954
0.15798584607415012
0.8928014635757558
1.2061489027940395
1.405886433144425
0.6486881889757968
0.5097886328353913
1.0486914324200483
0.709921965512938
1.4489713933526345
4.865109479311231
6.010200838802468
3.368186303277469
0.21520025219989936
0.5536594274330262
1.723041494341336
2.1893095292318523
2.6990128621515193
2.4258715931351866
2.7095676613095163
1.7993500590560705
1.4937865888858601
2.0073663841718203
2.7811990790266337
1.7869550881892924
1.2544038556542847
0.6677974058466619
0.42711418663217077
0.12092867656023952
0.5009447104719373
0.613634613433105
0.27858361904277695
0.8601711160095102
0.5730014413163984
0.2610648204574338
0.24665592209378007
1.1596401482642669
1.365887890531173
0.735968656851445
0.18221007711910106
-0.38792641445348247
0.07903665501909157
0.15645164423193691
-0.19957217967992175
-1.1259228989129184
-0.4327008350067423
0.15003432770957223
0.6781964334031179
0.00781109072866662
0.05057490585465026
0.2637348148867434
1.1106352308444074
0.6794462057924062
0.040321230156184086
0.20258056095655413
0.6020241164499328
0.053153683985798415
-0.6347319075719882
-1.1231846662347973
-0.0684798936700817
1.0624148326997045
1.5256809888977627
-0.2609719877612103
-0.9149644345008899
0.08605106871257626
0.8164080868337182
0.7556977882166209
-0.36691984799518135
0.020301457808440466
-0.0560940378435528
0.22392553613670732
-0.1852872803297385
0.0820012528674144
-0.00585055685805138
-0.24866464230683816
-0.28615670072155475
-0.585082325681816
-0.27216605750636985
-0.04100760469303092
0.2280472033863953
0.3401182506647039
0.12737544405584433
0.17645263771119757
-0.36008187683993625
0.17776024762839857
0.0717886408943749
-0.3202322726527307
-0.5428093475315295
-0.2586876969982464
-0.38104919687657857
0.6298582506138906
0.09294175245508274
0.35567164881075714
-0.5584044526701024
0.6065835876434921
-0.41923048936621504
-0.5955650867249961
-0.01774718850393287
0.27670569424177993
-0.07585382644689691
-0.32518664975974004
1.4960851964884578
1.2967282164956397
0.35935827622715427
-2.0632561854152818
-1.3364368784387162
-1.4158197675407254
0.08225365914347445
0.08930957342783628
0.4922598894098069
-0.43158342494692126
-2.2492012826794108
-1.8944965071048938
-1.0904987948241478
0.03061575946043071
-1.0664549162552521
-1.0611353731140187
-1.404777399566504
-1.560632295510237
-1.7328842810659069
-1.209023004578906
-0.7439570554462209
-0.5946656211286981
-0.22545954782492297
0.1749552040117492
0.07137411921355444
-0.8653782733133473
-1.9954633420298247
-1.4303091888170234
-0.8242390550956908
0.11865692425450144
-0.0029479822902267576
1.4979008372142841
1.0612041983657365
0.9955415526724134
-0.7560332704302968
-0.28825100663360737
-2.5685606081542915
-1.8805263569244923
-1.3676230608595934
-0.430912202201416
-2.344944480887026
-2.473604950573566
-2.172222079353828
-0.17860187630893984
-1.3765709709724587
-2.04486605307892
-0.3201176347199042
3.0098162736650798
1.8027968152262717
1.987424566945452
1.8642693404203614
-2.3859477203542463
-5.5046924479483135
-3.5602209040184443
-0.6933518525891504
-1.166377753835974
-1.8821440882775582
-2.321548613379013
-1.4282330051592895
-0.7219389871566737
-0.8035969852282594
-0.8166164907009417
-0.39030959417208383
-0.4317648859594957
-0.643913118933845
-0.8947455398812986
-0.619795554450997
-0.5056219673174277
-0.24085301751124544
-0.317580438078373
0.11411903483126594
-0.12620195836583897
0.30630343818271993
0.21598398976332556
0.44319448538034395
0.16633264060119282
-0.11587133586590068
-0.4257675031212819
0.17030190933448602
1.3803130789197438
2.404330981323594
3.807387595285674
4.573814527276696
3.0372316167510047
1.9188718633245885
2.753641632981656
4.152686350467896
4.046162284316363
4.067891549655874
3.4934636821495237
2.241520169979058
1.4310466925259264
1.9014602319144491
2.4687027731038613
1.604656572775657
0.7696456491751019
-0.04541958296728559
0.31725751435052296
0.5153297905450911
0.13274610184482552
0.5619724998459394
0.42081591087933873
0.411211727145239
-0.5009650976998965
0.7684921038084075
0.49675414111616867
0.6148891466020134
0.5212829419047168
1.1052161736864803
0.38959087920105967
0.08334003942319675
-0.5056944961545247
-0.3986397307004378
-0.752101813095754
-0.2898937385389055
0.08538352941522417
1.1034556351706033
0.14710294459731096
-0.029905981338833706
-0.27594977731164916
-0.10639782084488829
-1.6183769187252852
-1.668940738363504
-0.43299000599468385
0.7792358583444453
0.14038725291808435
-0.19321305948745218
-0.4740089541214271
0.13720328808941412
-0.5486049475917751
-0.17885771441079676
-1.41610812094585
-2.4886801861872554
-3.336472383162844
-2.113671964210656
-2.6697295115501434
-2.8231743138685985
-3.370602376249275
-1.3736312497513308
-0.937412975501023
0.08588545452692417
-1.0498258646882612
0.16375614766767913
0.13991793630652444
0.048178407745222036
-1.050106820188113
-0.6898129677228172
0.43877011931167487
1.3916429507783727
-0.1168568933038043
-2.360154417554821
-0.23074643213560647
0.5554420665375235
-1.185736709997027
-2.513498974141463
-1.0349808133196536
0.15334130384923164
-1.9602656125067646
-2.108817393725961
-3.0721945667192387
-1.8598815057843745
-1.9026864369231067
-1.2855593400665666
-1.205346402694766
-0.38525726243388264
0.1623560440228942
-0.7200718871114716
-0.7634812689929938
-0.19291760328141766
0.17036371151440896
-0.10622363885223966
0.0855434616512842
-0.2967290301289762
0.04306201355180846
-0.1017150494365104
0.07667744388052435
-0.42814655596152623
0.04954961113353588
-0.20415880107250756
-0.11457273957062515
-0.055671210631462575
0.27337057531318515
-0.199279533077363
0.0025244893422919764
0.46689205468889644
0.6174568204331708
0.07090280865041024
-0.09718032216068481
0.09044051275815973
0.3348125857115088
0.7653341981853148
0.5482237423027027
0.3522778224861569
0.3390601493655802
4.463566654420482
8.126965973334558
4.328897808740503
1.8045981913993152
4.284955036956233
7.99134665089088
4.310426834454245
1.293051030051191
-0.01940964628511232
-0.0008826997052290957
1.058141826671464
0.7557365610900925
0.7513642911889878
0.6359107362889554
0.6712904084964282
0.6833978411752477
1.3361021441962033
0.8822503354030192
-0.8315319950949991
0.0006058066229530344
1.5700842215952933
2.2489045868682913
1.3430343932821274
1.4516174224234573
-0.038636154021487755
-0.8691908525863218
-1.7782163593232063
0.5761463256908533
1.3494942939927674
1.6816343190208793
-2.7715002345228745
-3.5036333950904166
-1.1972433525066744
0.7212207347642151
-0.9456616025606985
-2.3647319386213472
-0.881759701952899
-1.0430813106341654
-0.9200902700447501
-1.0392084876558265
-1.2662576784999366
-1.5009807329069123
-0.5565853877082244
-0.2860823122005631
-0.5819284683467083
-2.4214637170240323
-2.8001089245512225
-3.5936885723736713
-1.961147051904462
-1.2981829202228543
-0.284442779278187
-0.8921157860957004
0.52092962979944
0.7185981764389269
-0.5060490963834144
-2.7129259031400577
-3.4038358497033467
-2.5020076450094053
-0.3798552656733756
1.094365826869812
-0.34063384846520023
-2.564036015700485
-2.84165017147998
-1.903601849379537
-0.43072187236935644
-0.011528176676257032
-0.35801775597138913
1.6050632094852075
0.4577869010323237
-0.849147618314543
-2.3617805381466006
1.0298744357669591
-1.4319308425080872
-1.7732015955401126
-1.5107768964718424
1.2427579749002198
-0.3177880084425247
-0.4157189309677516
-0.5623302802394878
-0.20952197690311383
-0.10339441415803215
0.5421669601443244
0.43916871392610785
-0.3950322744090676
-0.33557269720608124
-0.3832887238179018
-0.45470498927122144
-0.494328022506316
0.1251617641789703
0.022220213516779705
-0.3295179857662145
-0.22628234869987254
0.07438151999006594
-0.3818446141957261
-0.8482669322044469
-0.024327362676766672
0.5650973601887542
0.702542801692567
-0.19817777818702853
-0.45012834206324664
-0.5996005633663389
-0.3450716677431465
-0.3744116171594854
0.8427702020784485
0.6502042125223451
0.3518175445724289
-0.21660862476298876
0.4886251802459358
-0.17452283379384223
-0.21270885134566123
-0.3281716004909211
-0.021642678305072837
-0.3811088769374665
-0.6950224253132443
-0.4067826668290209
0.22858505543722868
1.088311242681139
0.5507003295991483
-0.2911834002432689
-0.2852500365679343
2.8332731350176656
4.907799146161402
5.604654287352952
4.922624556418463
4.980265809587784
3.8161227581594805
4.485391265590081
4.061719326812326
3.911526141088069
1.2324125905175274
1.0714900468903497
0.24679300746272997
1.287460067266828
1.2144579648170213
0.3169469224972235
1.1341228342613476
2.0824550475535473
0.4263687244833446
0.0939919811496779
-0.6687507341004584
0.39519738206227817
-1.7423861067805215
0.9208983431552639
-0.3260166877688694
0.5159949552127495
1.40186088029407
1.5697549063214429
1.3477684219512909
-0.4393277716690628
0.18611303029698548
-0.5375025373187258
0.6275749581563118
-0.06828652329184164
-0.5277887894454525
-1.2828448961707746
-1.1667032088156712
-1.1589590498842266
-0.8206783947345166
-0.9588248581623361
-0.2991412391657018
0.3820872313414631
1.377514170186194
0.8381531029474353
-0.8032801288111724
-2.1070314159520542
-2.2992480379133204
-1.7260588811549464
-1.744525103120673
-1.224040702215013
-0.6850339613494897
-0.6985379380962627
-1.638912877270815
-1.6557334032633084
-0.4122254277308869
0.8932670042544766
0.8286678123682538
-0.37732265281879573
-1.58204507142229
-1.1464425677485386
0.673024227685915
0.9889234683275357
0.7219776539830447
0.07421354405746503
0.6117402521209684
-0.7713029908482743
-3.0718563010308046
-4.772521315097962
-4.704547629324282
-2.8679147979981634
-0.691811222431169
0.024329248623533858
-1.441189124284829
-2.142462522905265
-1.806491903660219
-0.5828251983211472
-0.6506127824152729
-0.759865228837303
-0.9462181768195295
-0.835706793595393
-1.639460561944936
-1.835712295312639
-1.3122132364095298
-1.1014400319084912
-0.5817377535491622
0.21772194302908693
-0.1265909204247456
0.04336973352221669
-0.3254541252129202
-0.09320680575576704
-0.311622090013211
0.3203105223095228
-0.1114002017518686
-0.06223632230439226
-0.037575442972573786
-0.36413540035075653
-0.8593796882373258
-0.7451059441872908
-0.3121634608398255
0.03026788645951356
0.040903262927645866
-0.4191572730572684
-0.5519669046770712
-0.2497318135400212
-0.018497008081791357
-0.1311159666181638
0.054763754141420366
-0.06477849435763079
-0.41091964007387666
-0.20316965275323703
-0.1840449891827864
-0.11760102631643536
0.07188793890064749
0.33658409799218125
0.21267083523159303
-0.03151434262661966
-0.10483920601886866
-0.38564807609927304
-0.44062668655922127
-0.4239319448296264
0.0821500421757953
0.37811950973799613
0.3713094113283884
0.1662782823443582
-0.0545484142850002
0.11290011320206066
0.4252126061391675
2.007622652929644
2.4543624249997977
2.167443802133131
0.7241045130038105
0.5260588267525111
0.5811814544867899
0.8497485695608342
0.5978006595254306
-0.07370477817958107
0.7183332954187641
2.439683555429629
2.4284843468273136
2.925127885012014
3.86789927847997
3.7322492368627143
1.9216583143520487
2.5724035902952056
3.22630910662988
2.54467658408541
1.4273087880316415
1.4831931290652696
1.1476217211546178
1.7198483605513204
2.6906009825751416
2.576229109402897
1.1417693038734371
-0.18762997603336284
1.0872220958600516
0.8201495681876972
1.088208694737264
0.5472681735413443
0.7578363728143644
-0.04836342967365956
-0.009218077088572571
0.7636150358143102
0.2409410345598375
-0.6921840766431246
-1.3357689381898143
-0.8996516087370267
0.3048699193977881
0.1552285548803533
0.8080212584870681
-0.21460373069728367
-0.013193799167285258
-1.2398886394042967
0.48976928606036096
0.6710462063561605
1.007575266039797
-1.0607984540086672
-1.7121250507463532
-4.3897090164771875
-4.377164663671458
-3.42124606785655
-0.3174851597096831
-0.0391871256896506
-0.31277976300640775
-0.581307299393452
0.8169296727786899
0.39598869267868403
-0.5122803931263553
-0.14230998066736697
-0.007857705617548448
-0.635255771644157
-1.4880686453471086
-0.7556910645135736
-1.8356658884567676
-1.8393973251671893
-2.0645351323519407
-1.149734487254269
-1.8510927184157489
-1.1820023262599517
-2.2461231556830255
-1.6200308335048696
-3.0180435078663232
-1.000534581302205
-1.210287789715514
-0.6138644273562105
-1.3120226592810749
-1.2752797636732502
0.39131171528937975
0.33667529340950064
0.7408531994261568
-1.5369047825853213
-0.4194566839461139
-0.8783087284206644
0.06542351775736072
-0.739070847063391
-0.286252056799219
-1.4984672407072368
-0.4667199581619864
-0.2609754228760001
-0.3121822834115817
-1.037317902929444
-0.16854644532851787
0.09330955896599244
-0.03571671840645152
0.0017208988477036425
0.34917343353287095
-0.3643978661632942
-0.15072047132396155
-0.4444271116341783
0.3555111566034275
0.04620751093780725
-0.2040437045437547
-0.4490245062740732
-0.0012710101683317155
-0.12606492710551515
-0.5115400842298481
-0.27554195480854654
0.1390649452473043
-0.004748263179178744
-0.19041828419428614
-0.4707822306367925
-0.12510332933408908
-0.031867912471150256
0.10275426144436024
-0.0911567341378088
0.07373785931413443
-0.21537045281271966
-0.1402229153838194
-0.03743913613865465
0.0679094447662917
-0.06827862316272054
-0.13261828134505305
-0.059286600193857494
-0.04933967783116226
-0.22773576747814012
-0.4214023789355113
-0.20228594841946457
0.6349284646953877
0.3952397214513276
0.16392327859980088
0.1972723785944437
0.7250382958234056
0.09023846233001283
-0.3986023991309583
-0.035093213454654354
0.575471720136943
0.6143344706849768
0.5406936096345774
1.834133853689259
3.002793856643873
2.98416311427461
1.9146647826727015
2.231528456514158
1.403617048391401
0.44751999979230733
-0.6593286398762441
0.09463608782903062
0.12507770629357307
0.39528106907099986
0.3888791444578872
1.46963856721557
2.440347615586392
3.0941974553099443
3.0751610233673015
3.311959047759651
2.1855371154562353
1.7041654612469594
2.2282980979881373
2.39566048281414
1.4644490235603063
0.4060239460700452
0.8645852124674939
0.07749030419144823
0.7252084297541707
0.38837666834710416
1.3358501301546615
0.7691986884932084
0.43314967367052115
-0.3003336653742423
-0.21723776617900717
1.8379608739917659
2.487291650516158
1.1340687018986086
-0.28860775479181067
-0.22776859341836686
-0.32828196038843993
-2.009392775616823
-1.226470343333731
-0.833000747731399
-0.23616884320461987
-0.3736670230543772
-0.0738355450428959
0.1378509417596419
0.5426084174126841
1.0676553903734616
0.32647169774694323
0.10888787518664686
0.15239343089884191
0.1159123916609172
-0.21904669090610637
-0.11437014122550365
0.07118839391007416
0.540403524960071
-0.05626280508409307
-0.36014632543369723
-0.33025971827472234
0.5727178165670291
-0.009802961889189965
0.04784430438775461
-0.5935569768997966
-0.6940960795358903
-1.002786325692878
-0.8974031560052119
-1.5124040657333053
-2.3241686260073466
-3.5837152661779776
-4.946556552868787
-3.1905622995881546
-1.29140061243225
-1.8628012532520748
-4.377129855543035
-3.6777923655993807
-2.3063898265834917
-1.1433009533930123
-1.6009029810784814
-1.2826238902963867
-1.873264028362094
-1.0399275992587989
-0.4974938275269108
0.05803926745627682
-0.5364514949870475
-0.4071851179086637
-0.1737740134350595
-0.030596505400054753
-0.2872546739981049
-0.08439783893464317
-0.6179489960724123
-0.35371194258042327
-0.49886613334391655
-0.3986624037299079
-0.9307907438022541
-0.5455598000568526
-0.3043455241913391
-0.37667278227878276
-0.386516117950512
0.1126309820966455
0.471120638879879
0.19504283728432434
-0.005721149736478631
0.0033644225688563537
-0.5748952465115524
-0.6413798998091333
-0.5058354384270917
-0.28656178412240874
-0.5963240379549833
-0.18663356211721194
-0.04696852300005093
0.4042998322557636
-0.031876467642677354
0.2732944095274076
-0.12211867519232233
0.08578812914318155
-0.026289112642295217
0.27460172673630306
-0.3524839210971537
-0.3555053358137727
-0.33535731575376554
-0.2552315964435065
-0.2507151715185894
-0.20410199757495523
-0.04454499053027559
-0.5016909964269988
-0.28361792558266624
-0.6912836410442975
-0.4776650082310743
-0.1519312963421791
0.8487335001838331
1.4235480994937737
0.9906626858314238
0.4792266882246685
-0.12834989801192584
-0.5500015521468409
-0.05320840896773927
0.6097319846824031
1.4371633886410868
0.6694994164150573
0.3377533284695749
0.2369091465026503
0.5976429038204235
0.31573051915321576
0.13523976890770223
0.5166431098953284
0.8255139144992838
0.6076338057429619
0.08974279153700038
-0.521840612181352
-0.5631266005837097
0.1825101214542444
0.4571583534238026
0.887344594070884
1.325324196684922
1.9024024838985405
1.5732446835155152
1.836194742883458
2.866388004452681
3.530015877153374
4.031426847281982
4.854678252596708
4.454044107621088
3.389187895563967
3.874887828562921
4.25360373272051
1.3042489552750007
-0.9309084401739028
0.24061432478409675
1.9178871996774685
0.46738831941571823
-0.08871203169193602
0.14493345549461292
1.1523024284636774
0.7506761341706517
1.0322105632114384
1.110397099277328
-1.1130900049258954
-1.5386175200748595
0.21972682332292243
2.2820103918250587
0.6208719928366253
-0.46813329310373625
-0.003908374944130655
0.420935269704747
0.3468713626707722
-0.9331292330419447
-1.1120735667538029
-0.7563242167988146
-0.22252345570953866
-0.7984091520521895
0.30083972336741804
0.2910119787046173
0.5259051501619748
0.02562448376233352
0.8558672446720703
-0.6785374095223956
0.21236492160293094
0.6765225636840151
0.701781696592425
-0.49266806184825
-0.8088245763489847
-1.0230549272566418
-1.687100976741092
-0.8171525337287765
-0.352123238897395
-0.697614454309616
-0.22880209267666293
0.04021038243545056
-0.23392557651772392
-1.2325254151848077
-1.0089913018777619
-1.2007672398874984
-1.3976292146898635
-1.1320031015837828
0.3508147681459646
0.06828111106122525
-0.47233160040163225
-1.26737085041814
-0.8936304955825249
-2.1920081702041965
-2.7798300336604957
-2.260300125764538
-0.4321623253885411
-0.2148972146816519
-0.15884566254844593
-0.7862765613473336
-0.830522407786019
-2.5239607419431067
-3.965920857463291
-4.506556148574451
-2.6064072777944607
-0.7649559921324558
-0.9240526788766082
-1.300868458091564
-0.4543397446321065
0.08988426120420123
-0.17144448565094988
-0.40969802123953736
-0.2710409872551388
-0.8998891797345144
-1.0326845543408592
-1.2604975953765225
-1.1715285006557612
-1.4859238168178797
-1.0420766491710822
-0.8175972740015035
-0.6405844416333631
-0.5798506605464107
-0.5029025595091832
0.3001173040150272
0.3182109062513697
0.08931165955647682
-0.2315128665526926
0.06204819428099437
-0.10048799929431629
-0.13095605535308535
-0.07538027193180709
-0.14925326582441628
-0.05692408661209532
0.08574844460899364
-0.2213338749238903
-0.1469203838120939
-0.2088423763106822
-0.04188619419756939
-0.29957014393652487
0.22071001761958092
0.49957246471483296
0.40404161974704805
-0.05319714274073681
-0.22566568447884133
-0.0880678588455126
-0.2130762724662057
-0.09801876067195654
-0.27796533230153825
0.1480369817560505
0.2710445702066701
-0.008823164849580902
-0.6663709239797881
-0.45260076646347847
-0.36598837570877507
-0.12214454147575354
-0.08495131731879689
0.006057562436939179
-0.1955067889854234
-0.13103931268625518
0.021760054616108068
-0.0509478885887994
0.06372280343661192
0.250299107832587
0.0021559611692694674
-0.0998087992519829
0.011537409488667872
0.1545965110211874
-0.014993509418424632
0.1390565838534212
-0.22039934246198936
-0.6021750768833419
-0.21902518227460224
0.3596982556310079
0.22257419530159572
-0.20773810157472872
-0.22983170162676178
0.08226988912510831
0.25879173340641354
0.746187613869934
1.2773308701727828
3.2462546884406636
4.293354367229556
5.56425429149097
4.619600748306248
3.0334137545365305
0.6697162559048183
0.3203643293596341
0.37377785677684033
0.9742128424132589
1.2723554012947245
1.5201600382578115
1.5973357872549097
1.568433641054881
1.1079861564953686
2.0250143675563566
2.3449275502086286
2.7104100890966896
2.0043544325204317
1.6895885017937202
-0.09155414513264258
-1.016502688852606
-1.235166959110058
-0.5312696161973265
0.6235105942218832
0.4360431787049486
-0.14155236899628193
-0.1473080977910119
0.9836865960102807
0.7746486389433637
0.7153202493171269
1.835187757046619
2.162692877186697
3.43728526171861
2.5404805919896822
1.1090262712051522
-0.9619414755057727
-0.7942742162540614
0.4637504923811961
0.6831829755150232
0.9059979768798203
-0.452431081461623
0.015227862848175877
-0.10702836103568755
-0.00115730639325777
-0.15800179631919165
-0.07698528211137472
-0.3767806361075291
-0.9818178870700687
-0.7829891505845655
-0.10572572700982154
-0.39332288416031047
-0.9053553033914734
-1.3261717914977498
-0.36667628354720344
0.3187612343141456
0.97267575717747
-1.0095670097957417
-2.7937265680700465
-3.6393919448734864
-3.285368656121968
-3.578300175350059
-3.0809810166529945
-2.9285860073871213
-1.6235602845128985
-1.682270395581056
-0.6573428888487725
-1.6511739584836633
-1.5828911202764584
-0.8453646003577867
0.28515590932936413
-0.3576932594094432
-0.8187005104613875
0.4265238652415069
0.48101116166926056
-0.17356627647182807
-0.03468681061898879
0.27160119127972104
-0.3782345264525874
-2.829012339783877
-3.583047338547201
-3.076705125832809
-2.042215866340036
-1.8399250214828653
-1.3873853619362908
-0.7617320557637283
-0.6039005662030216
-0.14832479685940325
-0.3421806954818757
-0.3060055387252002
-0.4679855958264711
0.36956158429459085
0.3090847763467129
0.21008128308980625
-0.6166360446943521
-0.48192615496726393
-0.43127742503482647
0.4130833489607246
0.6806795438893697
-0.00785753269710965
-0.5092409213442404
-0.16866231318921024
-0.05729615998082797
-0.40587480615960214
-0.20693839024690144
0.02396661510053547
-0.1304048846872404
-0.7270610225353169
-0.48051482539140306
-0.27229959523483277
-0.1309487213284024
-0.13956717230450483
0.027244482947625263
-0.06350640955348041
-0.08894956885543903
0.1448714504868971
0.2592587968603513
0.042128716863622136
0.4054612160638174
0.3283309095412393
0.18976132220345135
-0.22067304018119882
-0.24980880499083513
0.23538806086190256
0.7505191403619296
0.5550433520155578
0.07238162284407969
-0.15935577395616202
-0.02735945144050944
0.26188426233776696
0.46561752945715235
0.16281266129826313
0.19615512993740708
0.30111214811707687
0.4936326023799198
0.02331119121582647
0.2765497110013972
1.155767005589355
2.5082855187647106
3.438112509042789
2.7170138884040385
2.1100106838642207
0.8508862529867529
1.8195159512445183
2.6344591442421827
3.276970874102862
2.9017726982378194
2.8075519344645157
3.1994581559073287
1.632212607941277
1.3062583789315405
1.1972790777464086
0.9142842674120142
-1.084629910535503
-1.6980779747347186
-1.9177820744668186
-2.038256552311898
-1.9967924739427947
-0.6272473218278974
0.37481723087279395
0.8634860935837612
0.5692163395135598
0.8054313539905369
-0.49648574481561725
-0.9917427294407459
-2.127009961378908
-2.0221864066081348
-3.0419993172442124
-2.651950793362968
-2.382238289771055
-1.5962864161560073
-0.5368082737031981
0.18952493740571363
-0.015608993306855721
-1.5696627620557861
-3.2230661836350762
-2.5196348748385584
-0.5029330280246295
0.5265776939428529
-0.5113137458998623
-0.4448396257503926
-0.054067522304509806
0.6269863748231082
-0.7055561065335844
-1.9156186291429966
-2.227336201729068
-1.017235241682932
-0.5015925314388494
-0.8242396722624284
-0.33989419536323745
-0.4733983850720609
-0.2681538724666499
-0.25719327677028464
-0.010378375647771589
0.21593366728447955
0.16634218125088782
0.2733168736976599
0.33944880347363776
0.2649927783689179
-0.05254201951399383
-0.538425322150204
-0.7980223729735776
-0.5793454304201278
-0.4204335527496406
-0.08744352953432757
-0.2585522571325514
0.1810070518011134
0.025208832751855748
-0.07758834641606452
-0.2012698335011594
0.10433367026184591
-0.04082824653718574
-0.31865773133328756
-0.26661591443251637
-0.3591890928801882
-0.5249547700039497
-0.2869519023373104
0.2967736245622419
0.4564471137803966
0.2978397410388787
0.10826795162278025
-0.07043746482819079
-0.017081750131161116
-0.1015688917699171
-0.4129161841571516
-0.7402692057146812
-0.9514732372876867
-0.04298251267056777
0.009489783220658675
-0.020444048808325992
-0.4478522166490125
0.26414482156006486
0.48692552045826587
0.4474668888434
0.5469870510258824
0.4441114635118874
0.3131256727678989
0.02572798472386486
0.12183825122102905
0.0019165620923913607
-0.07263927229653658
-0.10239760985386744
-0.025436280176530993
-0.10262577490482169
-0.25081211967867595
-0.16792760063530224
0.02666296506933868
0.04792725485027178
-0.09029053381077637
-0.15673212706515702
-0.34567910749367087
-0.6243408953661168
-0.40295058226027025
-0.12639346071557114
-0.10673221409626299
-0.04486677629126404
0.13185636660087804
0.2675275455825685
0.1768915878436904
0.10039560851647132
-0.030648611170260236
0.3690123993178218
0.9453787633426292
0.8746172840285058
0.08279329524102873
-0.42774624380644055
-0.17886717240394037
-0.04599869798421861
0.17100831150211077
0.35777578725933457
0.7219038944308749
1.5397007088008063
3.6393243427911357
5.572748722647337
6.385309103285847
6.103502642279789
4.683053124178911
3.954431219304553
4.1363082342622866
2.530070752349704
3.1580037337314018
2.4653215751031947
0.6541872494462869
0.916995067412899
-0.2773177026592066
1.6600304533396282
-0.697449541206889
2.648911114809957
0.6052666360739587
2.2581808289287837
-0.02002534244424206
-0.3123234673880648
-0.1813031843464988
0.17239750913473942
0.021999858713776105
-0.07745117088758924
0.30645223088967966
0.6911287631550749
-1.0320975734106894
-1.8609801439598783
-1.7114053880679432
-2.347112043454196
-4.44904252251741
-4.1824188367683925
-2.6780555240395967
-2.751886811195657
-3.3674603082821863
-4.046138232024448
-4.426571570337141
-3.4724326472987284
-1.5094276470102146
-0.0263200471894624
-0.08615391695082676
0.48774249638250494
0.12215587601892985
0.6408392674014882
0.38651047210598843
1.8715483158164778
0.37521615775957157
-0.9889735158028652
-1.3449603020351695
1.5413801460894028
1.4107620446770888
-1.9328676580540682
-5.18727388919513
-2.8798842149834694
-1.237873708629784
0.8456391029533376
-0.32841173644156374
-0.12132762500869355
-1.748592747986318
-0.25568222094861326
0.883458282908878
0.3609411691721611
-0.7945535220952035
-1.0059886327425511
-0.11136175752731606
-0.7762767422747365
-1.4473393656474967
-0.845135269232272
-0.3225306761651929
-0.6067226597760637
-0.59211393794574
0.012538560238330046
0.2104348027659457
0.09224194180274561
0.3606810488383796
0.40672198749742156
0.3309358247437501
-0.07721592770759506
0.1528915385514019
-0.1814558311559294
-0.4430046566128725
-0.6976125148714685
-0.22741950932140725
-0.2249973683590765
-0.15593832675174832
-0.3068877097480801
-0.27847153913465067
-0.24202671325293515
-0.24006154167142446
-0.2744335635967466
0.06643984270313752
0.13692628491287742
-0.019575486564736292
-0.04174623884476718
-0.08113027184511507
-0.2434670729520409
-0.3208195475311978
0.34127474325494506
0.5963262973810766
0.33979583758410026
-0.055781147524591575
-0.07353766230127125
-0.13694664630408135
-0.3264227028074334
-0.21589360094406268
-0.14959811482299984
-0.02803348496053604
0.01346279426008533
0.03297156162539554
0.10126330959311895
0.35592585697789414
0.33165962826095685
0.017716028100513877
-0.38650221078653413
-0.5982227144596876
-0.44268606678647104
-0.35403934253170566
0.24381491643294165
0.09064607973319207
0.25474176277386357
0.059025731458717284
0.35951818253498885
-0.08650169756418252
-0.29183580888365596
-0.34158643057538063
-0.4006401014114358
-0.3917996783617251
0.15368172254552573
0.42606686044189146
0.42863914557902194
-0.23506561985176688
0.04959363034649421
0.7633352730629006
1.6321125841919255
2.2441155462679423
2.5738114971348756
2.8063029986146053
2.2388329603439083
2.0439068947382273
3.4971406708570405
3.9776350883952514
5.35751406057694
5.5764568456665256
5.5934872192728085
3.9740148893981226
3.343293767922656
2.425770353033667
1.2475664208216202
1.024408400571673
0.4955483900162975
0.6967451432539226
0.6905239386168414
0.7792814125360391
0.02442642996066141
-1.339720800693142
-1.221817471952798
-0.10358893864134278
1.8763550291586584
2.155131091922609
1.0729426347509252
0.34977173242937576
-0.9431481355456065
-0.9730382385055891
-0.48248559226531895
0.2928733463647115
0.2526842583563959
-0.30400500157372745
0.6565797090213183
0.3704916666829072
0.20619495119681083
-0.5128729821349535
-0.015163216782661833
0.7841711975134437
0.6695000393414149
-0.6121755641917251
-2.2367785534854816
-4.2142447849743325
-6.394724137612508
-7.529893575580608
-5.181549324320535
-2.08659966157661
-0.6743117916806775
-0.5112638789847859
-0.3706284516626901
-0.4358873752717736
-0.6097010688356921
-1.0921081529965504
-1.632217730412196
-0.8947992689722284
-0.6713661574324252
-0.5829506361502976
-0.510115487849956
0.3203743948615977
-0.8413548591495935
-2.489643418484126
-2.187514844776288
0.5521337466094237
1.2969960766956727
0.23086805996932672
0.5741725072233996
1.0119780037744917
0.2912573405519624
-1.3162045967164286
-0.24923886193827227
-0.17334992456428874
0.9540545139189613
-0.12771031661893367
0.8515360413404017
1.0199939606324995
0.18584695757479733
-3.6455505537970976
-4.251574305770792
-2.515302445256077
-0.44263091270598204
-0.6136128023833421
0.4490224361171252
-0.6730938800149011
-1.410175625385003
-1.3353508859715524
-0.15924183381910167
0.5135222862133507
0.467001951058753
0.5505730833387673
-0.331844125744013
0.48259998005537896
-0.3989636972025223
-0.021640058935348764
-0.63653218846854
0.08341550411752471
-0.31543691390934114
0.20949904786454668
-0.14319251516580625
0.04833359618461372
0.04192083747611941
0.11037289907289766
-0.19861785406702823
-0.6480265725309561
-0.8970812195470894
-0.5776974319276258
-0.33210023274233
0.1767923266912575
0.46377776673365784
0.3176118066542738
0.11797136748593483
0.3186265687375724
0.2025565593060362
-0.07110440770185537
-0.06202132078289588
0.109788453782016
0.15996885662548638
-0.04798266744389124
-0.0013432667531188755
-0.2450962116147981
-0.2839022050610896
-0.5333969057476008
-0.46613991896699025
-0.48702105635528037
-0.3267784978891036
-0.023171788591962103
0.014859710067037965
0.09310408842561459
0.23665246384300384
-0.07045238711864533
0.062439798985045265
0.18378193292468387
0.2079644884408473
-0.028326820222165316
-0.2449532986393052
-0.574881030292289
-0.8397857741753073
-0.34060646098946595
-0.14227306595424993
-0.1828241720309033
-0.11855313827470204
-0.025515808968674843
-0.4593304956868041
-0.9093783191430636
-0.6631648006208583
0.03680204347845988
-0.07253416492274618
-0.29126054138577845
-0.3118766381363268
0.09761464854920035
0.39601051629628237
0.6982158395312263
0.5420994974242308
0.013377858291285922
-0.18072349019961964
-0.49339641053347233
-0.5692418047522924
-0.5957339025091598
-0.11611538410646477
-0.20505095183850056
-0.004074724643392393
0.2479064780247449
0.3990641085306944
0.28771931782241916
0.22604431056691435
0.3383466606997084
0.15343218162204086
0.26935834274913034
0.018758450696158262
-0.11178534992891354
-0.6161000358266097
-0.3568988380084066
-0.02509109357227608
0.2134336684153347
0.3098978917099043
0.7685366992321481
0.7694122119119762
1.1780583595384235
1.8862067499669743
2.5378878894782138
2.1078713555541984
1.3354805384526833
0.680262074052225
0.4517539815212872
1.0113659366955383
