0.1333333333333311
0.29090909090908634
0.7111111111111057
0.29090909090908634
0.9999999999999912
0.47999999999999493
0.0
0.8959999999999897
0.41290322580644734
0.5517241379310285
0.41290322580644734
0.3499999999999964
0.41290322580644734
0.4129032258064439
0.711111111111108
0.5517241379310248
0.3499999999999964
0.3499999999999964
0.41290322580645084
0.4129032258064439
0.41290322580645084
0.7999999999999913
0.3499999999999964
0.4129032258064439
0.5517241379310327
0.29090909090908496
0.711111111111108
0.8959999999999846
0.29090909090909095
0.47999999999998755
0.41290322580645084
0.8959999999999846
0.5517241379310405
0.34999999999998993
0.5517241379310248
0.711111111111108
0.47999999999999493
0.711111111111108
0.41290322580645084
0.711111111111108
0.6285714285714135
0.41290322580645084
0.6285714285714135
0.47999999999999493
1.0
0.5517241379310248
1.0
0.47999999999999493
0.6285714285714135
0.711111111111108
0.711111111111108
0.6285714285714301
0.5517241379310248
0.9999999999999769
0.47999999999999493
0.41290322580645084
0.8959999999999846
0.41290322580645084
0.711111111111108
