0.354297693920332
0.18073485600794262
0.3129472999349351
0.2606132075471674
0.23085460599333826
0.2606132075471674
0.2769324406573315
0.24528301886792228
0.2769324406573315
0.2943396226415066
0.2308546059933379
0.2769324406573315
0.3129472999349351
0.2769324406573315
0.2769324406573315
0.21725067385444485
0.2769324406573324
0.2943396226415066
0.2452830188679215
0.2606132075471674
0.20440251572326867
0.0
0.20440251572326867
0.3542976939203306
0.20440251572326867
0.2452830188679215
0.2606132075471674
0.21725067385444624
0.1922488526262089
0.21725067385444624
0.2172506738544434
0.2943396226415066
0.1594339622641508
0.09198113207547044
0.04905660377358398
0.14016172506738442
0.02910137511992264
0.06603773584905576
1.0
0.20440251572326737
0.06603773584905576
0.09198113207547194
0.054507337526204146
0.10664479081214043
0.054507337526205346
0.10664479081213882
0.07214206437291901
