8.088056807308858
6.301349902911692
3.773292971941845
2.082796694052452
0.6572190695820425
3.046767443280217
3.022847626582098
1.6935975742026614
0.23498896400031338
0.8369293121954434
-0.07209256246713648
-0.06837742485360955
-0.5011055820751477
0.6156419267777326
0.19938500430962464
0.35652332684376736
-0.19493798733383644
-1.1004523978521654
-1.582762567601224
-0.643997428988179
0.3836450174288785
-0.41418585851024325
-4.920697763527383
-11.846372772862269
-13.883529708294553
-7.675451813570875
-0.6302940733782426
1.2759221038632538
0.1295461461743054
0.4710906836984202
0.6906462534438075
0.128403090830712
0.025288431239248097
-0.4158943858964596
0.4030962175924045
-0.431598250073854
-0.16960919881828354
4.920345209942825
8.882132444238314
9.56462367591462
5.973443070642318
3.5898205674342383
2.312701427604777
-3.837177149400041
-0.5150059886883891
-12.245835091015397
-1.572881387078229
-10.260077912555765
2.0697506479424224
-0.49190449776041434
6.666571041604833
3.0917685340989696
1.0290088150874568
-6.151292866307366
-1.1545887896517877
-2.977027841964207
0.5295288576299592
-0.580878529736895
3.1541140538092205
4.649761282730972
7.972030401795684
8.393911210212902
6.4334218718583145
0.952936675054032
0.8313717007507234
3.2660311396718527
-0.3290763696530886
-1.5981415012183322
-1.7081053176884946
4.784392396141146
3.934810260208182
1.021866006951281
-4.912653899683823
-10.073193024591369
-13.598295866554398
-9.947223080617162
0.09183626725783578
1.5940930597941276
0.37255192096356715
-1.5383390865571689
3.3172830836525744
0.23102816350928673
1.5027198635859504
-2.3820931191663304
-1.214970408416997
-2.8492244288867794
0.3013066847945611
-0.4771108409326364
2.8290005299155485
5.76532559505854
8.649302752556935
8.333337548315077
5.541012205819357
2.60193173571218
1.6155008242578597
1.0453251456908927
-0.09171986715260459
0.04041767310912118
1.0830962739243504
0.9297589817112881
0.5073712163590312
-3.754209404916933
-8.078236562965396
-11.485329113676224
-5.067780040126378
-3.336592036983172
-1.997401262546124
-3.520722365361335
0.1835821343589845
0.07907037953459178
0.987866092313965
0.32221164968286536
0.21582107069324674
-0.16302922681798507
0.023573213689588396
-0.4772185325092077
-0.3321634670874774
-0.07906362833552866
-1.3380795366290952
4.063152834311764
8.970614138232342
8.74108049634146
4.173872144092241
3.5416750499588736
3.2071871444897764
1.4650112763330843
2.2191084911036243
2.8141362634552043
1.5007517231561294
0.19358118903683622
-0.559896194540652
0.5767201813766263
0.6546917158541256
-0.17705300685417377
-3.7741078916455217
-11.161728861879942
-15.086629652703781
-8.674451187754093
-0.41882651338253013
0.33769327100233626
-2.4720876600376416
-0.8418963024144818
0.759825666748877
0.9941622369193311
0.10932969722841174
0.17813413593861913
0.02743312128762064
0.16492256557904708
-0.6083258084357889
0.00726124089063254
-1.0133062629023986
0.3644504282734125
6.863297188351649
8.721778736672812
6.898421967860674
3.8015022270938337
4.036124128942854
2.167522503130573
-0.6153150169828803
-0.48909696600479674
-0.161979167341218
2.6410315766020713
1.662721612504147
1.5216504250240046
3.358611445645634
3.032108015555563
-2.492263868520954
-10.610795778931545
-14.630308603431333
-10.163900201337626
-3.539237202905497
-0.9442702730408469
-1.549153343613665
-0.32702964188112477
0.8342140548605977
0.5220640296641118
0.22595320889333828
0.2506273022733494
0.1107430972381444
-0.490244823809202
-0.5729596073504737
-0.03266508433726512
1.231724488710804
7.717537982511021
8.461951127913043
8.050336918852652
3.9636660978831224
7.31898691222846
3.4522829386178135
1.5047181566562027
-1.75521250684554
0.6998595740945881
-0.03892172248866302
-0.33315012798083804
-0.14556969650597715
0.47320417939619996
2.1787162906693722
1.3035619943369017
-4.581069140879673
-12.986369557552342
-15.236777805772457
-9.068430478863833
-2.838303578114191
0.6492643799538335
-0.7773757401239517
0.023384824795527143
0.7354170384948959
0.14846102001074277
-0.3596166940719954
0.38981378898431274
0.954290004704011
-0.061743891087246094
-0.3763208101608364
-0.518032786310961
0.3897366088242102
1.755595037110266
5.342002626492368
8.847387520855472
10.08857219251735
6.021441644444393
2.2537444661490604
0.4024309944111374
1.4990219559151061
1.1766500211376971
1.170469815700594
0.8098723416727045
2.3699272539300527
2.2796375413855077
1.7359172553988707
-0.07343774867367507
-2.435370183518992
-7.508892650163519
-11.371768613194098
-13.623840229830735
-9.762781211272388
-3.513209690055371
1.036394243837862
0.6192116599006919
0.05006201010853102
0.27025971589218695
-0.06785817723198996
-0.02830263288859446
0.5556030673514942
0.4940641585424478
-0.3360886037687678
-0.07888250081956621
0.15220770665919756
0.7504504950834239
5.5590361287450945
7.616491474624905
7.644413190709238
6.624150586244274
5.738335611350165
1.1956203897428839
-0.49430645540487994
0.8445295981408248
1.1829336374907926
0.32923064526557805
0.07699971559371327
-0.030931393852919986
1.15794500062776
1.7655511868626301
-0.39751204117128097
-5.433057037499983
-11.637748726346908
-13.567413981029336
-8.861368253243441
-0.6066886309649698
1.1286379499324986
-0.30894882539981294
-1.1111922639396687
0.5730523407278274
0.3313454123337834
-0.30842139703377125
-0.8249667923604188
-0.1210043248906477
0.5113926741140319
-0.46934433251105745
1.0058992622861271
4.979595190050304
7.309551511119963
6.715828758380059
7.475253958168544
6.851364347990001
2.667182816506229
-0.5473253150984478
0.18579668754584788
0.980355771822511
0.07457477554200036
-0.5501052092049228
0.9515741009149792
1.7515947241440917
0.9107765603327077
-0.07991881367063886
-0.9425348098091113
-4.9689935077109855
-11.263663228418018
-12.939280959926943
-9.653896106134294
-3.270536766954014
0.17724657629051185
1.5660262141731618
0.32919019401678246
-0.212639360676203
-0.1620492499876908
0.47306735494098084
0.6947212843892516
0.23927053676411045
-0.34590349987218283
-0.4015670707941824
-0.10735904372355852
0.09674135440961774
6.785208313577018
6.387682992408521
6.131787123036016
4.101141567665047
8.826325887911901
5.067327949953766
3.700040853803186
1.4788020407324507
1.0175700574993365
0.39575767135284906
1.0579875029848977
-1.4672366551235012
-0.8158742427275973
-0.47516958892176964
-2.3057568680232556
-9.823390912122578
-14.02404257822901
-12.794752214640601
-3.4830494024540193
1.9166060617289185
1.7509448303577753
-0.7571779808381667
0.27191446010902715
-0.15002697284787256
-0.5053491805874706
-0.2040040037297493
0.37685515354311105
-0.02874477222826476
-0.6008344779674653
-0.7788455482330459
-0.022929263951600522
1.6308733616882622
3.1478996615753885
5.637574515029392
8.169785324361076
8.946858205653294
6.656848269604489
1.5338723907613272
-0.38027927853587684
0.0832451488962674
1.5076913523680266
1.2607942817263162
1.2650492996555163
0.3883717759658041
0.5042987025566221
-0.9151329460197154
-1.012983635787167
-6.915561761588436
-10.052632243711113
-13.072851350186808
-5.683793723406727
-0.9238426016187196
5.590385837981541
4.580704356493209
3.4824888257709263
-0.7064314795601526
0.5860364716570253
0.32617245884894347
-2.7773293698863273
-5.163911614411564
-4.0359308294210585
-1.3019945424778436
-1.4584172423636006
-0.9192913527057299
1.3416598113675062
4.389368147135605
7.018943462302288
7.65052613938627
6.816037800791117
4.071087981386249
1.7661320645348262
-0.033401172606364445
-0.43419660936552185
1.1581781493844858
1.1600593601629947
0.5686279256095281
-1.0009715878249272
-5.145639659816699
-10.06795511164789
-11.914068291388077
-4.66640503454025
0.8588966800350081
1.7934900944274
3.7738827495806007
5.439243847774949
4.666645694379536
-0.47939654105604695
-1.9882175636541604
0.22357146025208993
-6.0315987374270215
-5.75577660667654
-5.394175878252123
2.752192684378836
5.947739548017577
6.224127638299116
4.3594462300749495
3.3033665677460182
6.867693835670618
4.6323120529584125
2.7310370172681395
2.742894007439539
1.9376664829569636
1.4322224404794832
1.5602925112607502
2.0306351751651945
-0.29435674387220495
-2.6530631050127456
-3.1926739632583017
-5.405359173621835
-10.610784052553816
-12.417682703144386
-5.794698074840448
-2.2807929295539466
-0.7015466095677538
-2.066552206895903
0.36318436249856884
1.0974698937361245
0.5635177875084361
2.713792739090148
-1.3787644523939828
-2.0087451059407964
-3.84831176210297
1.3594664036007391
0.4358034307550822
0.261018895492343
1.516726580290941
2.3684774820727643
2.861964679072512
4.8428537822328925
8.306154514517315
8.502193520220628
5.277133971110929
3.327163236902687
2.6829303797540294
2.173904359121591
0.670420693471614
-0.7789919079939384
-0.9353585277950593
-2.6354936561449342
-4.8669855078996545
-7.388848930241669
-9.083214198555345
-10.497187611287
-7.005914873389269
-0.5061764229351252
1.5702488837745687
3.1795680302618696
0.01168078166388424
-0.4207916472719721
-2.2184587860384815
1.9528716208356642
0.2865902499179317
-1.3078195251304916
-2.3700056527701423
0.004282300376429753
2.232412932318749
1.5954762353138126
2.181299298904464
2.3246539252750473
5.707474895950576
7.565175726986462
8.296625693730325
5.167671707475915
3.1074802800700554
1.9175408530365368
0.9442382786615381
0.06997888365983902
-0.28115325493388177
-0.19771124566443937
-2.2577450562356933
-6.433915358468154
-9.483830622216118
-9.601621417475116
-8.9516283555219
-4.804509351937157
-0.13226856057594336
1.9733622041714556
1.2751229244015503
-0.21228612693219948
0.2993902510306763
-0.8220353625856093
0.07053652248622404
-1.4086557336275853
1.6035183031052749
0.09653079809615488
-0.43177150527286673
-2.206343563696168
-0.31236569791992796
-0.20776934787585322
1.6176749901488667
2.9604086357918606
4.757606161902205
5.957972350193615
6.636143555330536
5.587308144406877
4.450901944956411
1.4710718973162984
0.7274916468554817
0.6091835876733994
2.9533662043096123
2.280289048317443
2.1780839931809486
-0.6543398350598911
-2.7295161276253617
-6.002842626632662
-10.496913241888718
-11.92773956521468
-8.552707917254285
-1.9486205020889134
0.5524194970755784
4.107386065247085
0.6616523557303726
-0.41552622125736655
-1.8255646493375013
1.6635646058012101
-1.6624677189392396
2.4124966759299182
3.140313151878754
-1.0648900533442065
-4.939849601022551
-0.9233432727488567
1.586368550138568
1.617574140311105
2.628422651520062
3.83547357851496
3.7318455314748102
6.699515035305819
5.2071953829420545
5.543335112842002
3.3174255550950327
1.3013491007436513
-0.6707044602433188
0.677646903974752
-0.016381911929312116
-4.689116383502026
-7.134864173625264
-6.686791813075977
-4.3997271374562965
-3.6311128940716806
-4.070849213017289
-0.5572079008352476
0.4279557706540092
1.3011507815808716
-0.009375871632820254
0.7682418194017419
-1.1031988597431825
-1.0240185888446565
-2.692992017629515
0.7957174763477264
1.9021607124480115
1.009599041008916
-2.4697826713965414
0.7711054413527757
5.695626248308813
7.551516456025498
7.103850572155057
6.111488255272488
5.343772101690638
2.815269438015142
0.697514943175996
0.32529341375220283
0.543826600269139
0.566202306196778
-2.745849868178146
-5.166721538894184
-8.649734212768406
-9.15764220219955
-9.961652350680684
-5.05962473042984
-2.11830497246225
4.816298795486666
2.7273516215043836
-1.5983831003936164
-4.592931129853117
0.8887745487138193
0.4663491909104307
-0.3167567474205183
-0.8806295220533273
0.0011192495026440261
-1.208048444137517
0.09672317855181374
0.08325137097700082
1.3188873009558622
1.1677864812756398
2.34254080462408
2.314942750894327
5.152717936108878
6.086132128763193
6.943321935538584
4.8445288091832905
3.9411678610568575
2.350161592161196
2.022418540690351
1.452919432150489
1.0707483436277152
0.5745884185143083
-2.7296243910309466
-4.663355857911818
-5.6661581658731635
-6.948513495846079
-8.792054035479921
-7.997362801379985
-2.2719598611552327
0.4280492732244704
1.004565092322655
-0.7025079295651054
-0.2249339937694327
-0.5788747425675745
-0.29477293551672035
0.5709979516998633
1.8407829227468941
0.6258983619660508
0.3588753219225903
-0.9934185367114322
-1.0978772558414471
-1.463770885900884
0.5757457586951006
3.910829148610156
3.288620754073158
3.2364471436156945
2.46576120838595
5.8628434819794375
5.608586300412473
5.4923425470236005
2.7883486007763567
2.25334633690658
0.8950761590145604
0.8639502819028958
-1.098742164722193
-5.068031629298416
-8.543368595529715
-8.921476482724003
-3.6968192899223276
-5.162411409242541
-1.9862864379317742
2.105924196817099
3.682187733241067
-2.4661511480338474
-0.7585205200846201
-0.6899124407187144
0.6129669247050457
-2.678867341421245
0.10701264874822503
-2.6341983116135217
0.49609884431999124
-1.4168357925904296
-0.41496991541586137
-0.527471476235335
0.9829999687702923
2.835773739099688
3.4185689041717113
3.3406556017710467
4.024876145859575
5.483032345956476
4.336107157636633
3.1414601977959413
3.3361222064594607
3.1320034857263197
2.4738876793282913
0.7559497801177263
0.24825440894052775
-0.0461761125570103
1.9013159945248252
1.292123272746564
-0.2436580186184739
-3.714130854737338
-7.929800733406392
-9.468670889266269
-3.8669889452066104
1.8679857625718272
-1.5602706172821768
-7.180067771108979
-6.652568485676921
-2.67129038730423
0.10615356128067271
0.6795403112323243
1.148002403728296
0.13868375853837833
-0.5059117122464044
-0.43945749668534706
0.1304342545962996
0.29738192106865313
0.32154313799121864
1.478084656773623
0.15229272490570855
-0.2001441704849183
-0.8323321153231051
1.9470687228821502
2.3843837152223624
1.4994472683329705
-0.8305778630456367
2.097617688077661
4.031434480026858
3.3775924303545066
1.2057963827986926
1.2564562674674171
1.7719726670268516
1.0218543104205051
-1.2884280382744386
-2.362038573739247
-2.170346593871339
-0.6938581808719485
-0.4470134028517336
-0.708495580033576
-3.0239732958829584
-0.8832089145668622
0.4576807108073949
-0.6969738453957804
-0.7552766891395792
-0.4791382206409673
1.0012404870755633
0.32244106476883977
1.8488523422142928
1.6685053589473855
2.7546206176067423
2.633885746211475
1.4020527136112346
0.10543122968596971
-0.5307091958382739
-0.4179445730692747
-0.6777146154127286
-0.5237754927573463
-0.019705801134902733
0.6253373160736064
1.1585752524120367
0.8088482567644937
0.2586537317737263
0.00762123894354082
1.1953038624128136
1.2450509842720912
-1.5700717561688289
-2.9908079797977285
-3.4367621480850863
-3.764001450796299
-2.583885254428196
-1.8432100640486941
-0.4267228975085656
-1.4678582884666938
-1.2067236128398517
-1.2739326684361594
-1.0103249389911875
-0.22540406763575482
-1.192684814886028
0.5122294389848243
-0.43192242793120683
0.6048890734508104
-0.5208796712115706
-0.030253961831254887
1.3388036014035827
7.576462781554512
8.283281678955792
1.3063318301085551
-9.388462699865528
-4.780827494041923
1.440140124624034
3.022701200781635
2.0159224116192638
5.301744796070901
6.501902623794747
3.7545148284937695
4.835841640962756
2.924945304850201
1.8099684299235175
0.5948754589016275
1.0046376269636614
0.4475768538248103
-2.3420604825714433
-4.447845857971049
-7.4521595633891895
-6.3903880404670375
-7.9210750768882185
-7.632634553659846
0.31969030751640853
5.619633130542055
1.3150852123547656
-3.7199838555089473
-0.9596319199848614
0.3474364710035676
0.9436702186651361
1.80987901966972
0.6038114574944996
-3.6560982012071643
-2.817213488558728
-1.45267531415186
1.6190801216989557
1.185946313803948
3.7961503066778133
6.703067372081666
9.136145879395288
6.636355174339799
3.9383585464891286
1.0978013846473103
0.25590968378343354
-2.035018489069753
0.9217099460624975
0.15542079412661497
0.10622115234342781
-0.33641590977987823
-0.7430757191397127
-2.1665495441181757
-2.1768745066563016
-1.3209830716515256
-5.851364640534075
-9.317070534449684
-7.265592984923163
-0.5655624142446188
1.897124113179476
1.2308613053825421
0.8276087254300317
1.4298240764487213
0.4105959077309518
0.11636067711178842
0.6024157465621913
-1.2905850681735156
-2.908341341197479
-1.9989835792656412
-0.7310709101001813
-1.8144195401372758
1.2021508419727618
2.907773950176825
3.149022996112001
3.114675149846477
7.404041798092333
7.549332327498284
4.685505515147366
2.8594865273192465
1.7760236639422882
0.9468921069217978
0.2362299951652618
-0.12300844520918541
-0.5515146867851431
-0.49087089098055925
-2.1667110388615405
-3.0120013070267917
-3.5989433471602554
-5.068649279336798
-8.229784666539539
-8.037708487129452
-3.1284173916622593
1.4360393218089325
2.4861389456964558
0.3759608907541114
-0.5479060761806388
-0.06416748872793324
0.37604024399499975
-0.47607082221828373
1.045969372138862
-1.2861121758769987
-2.3863716116072378
-3.321743457850244
-0.3475268262955727
0.7016940954330285
3.282803349472518
4.47401912863517
6.138554929629566
6.319423103637842
5.477374730194471
3.8879439508350835
3.543044186600665
2.5682436714080543
1.3163699702869491
0.6133910161885564
-0.6458145087897472
-2.5541227744632273
-5.2122697478563875
-6.260510720462546
-5.058895352665812
-7.086820040856619
-6.974842628822875
-1.08635901728582
5.549077439184512
0.6956427034269805
-0.844855089368807
-1.4973626524083838
0.18045039841699279
-1.4821594197887362
4.86171648420667
0.8409429090142763
1.152741150792394
-3.9867347027624356
1.5721119457504946
3.5470288425385084
1.023122521180441
-7.7347272052877445
-6.0335088208664285
3.56122344182805
4.4662727516644365
5.555053892856201
6.138289115015393
5.275558216903187
2.752599656087019
2.431541253334516
2.4167601922510324
1.0717872553885743
-0.7098900404508893
-1.3454857048078914
0.23777181284229806
0.2597036608521645
-1.1930425937175826
-2.6442204013076283
-4.6961961013428075
-8.895109549658468
-9.136820890581207
-4.28186746968862
2.02198883896405
3.1307616391781754
4.685091206902211
-0.7537954356745142
-4.236357995027025
-1.8873254683642189
0.871522448094374
0.0393157533756905
-2.7649925243256646
2.1484110818302016
-0.9700800794936776
0.6418568776717869
-2.799206893092034
1.4589966877292546
-1.9694080460461103
2.380055010005051
1.0182828324626474
3.796853295035103
2.0247125435767006
5.966624377207555
5.25798573791889
4.222048467841871
2.868257211537136
2.233281726659191
0.3005948518265138
-0.37200372751198624
-0.9349525045558859
-0.5879010377543877
-3.7906726086016262
-5.866361785572335
-4.6550061265009415
-2.8499656894767913
-5.872979130302946
-8.016248801024906
-6.369770584547833
-1.7357373607912527
6.110360180400987
8.297494142482279
3.816196300811129
-0.6603499683088507
-0.1446011097638038
0.4395538305834036
-0.4615463448260922
0.3554483110044506
-0.7229913490603534
-1.9754862299866902
-3.3562545641966235
0.006393004738598859
1.4720478639124843
0.11559215878301211
-1.6381284838480668
2.288883034961543
3.379981405760234
1.9136411878801884
3.2192940183792285
6.461469939313479
6.813491999172759
4.651116947151868
3.8200126127113516
2.7842546408440487
2.0806177345502843
0.9186727977531206
-0.5947376285989164
-2.6543514531136907
-3.984262906657672
-4.789182555507402
-6.170645733436226
-8.588717079495826
-9.186327237631685
-5.512306865537137
2.3947856630804862
2.930145863756815
0.16119611622165714
-3.7967390719057295
0.42803673921373175
0.548659727448971
1.0151586513303856
0.6134256398007325
0.6334053752537858
0.21519682639703944
-1.987312062366222
-1.0017113834896354
-1.6801559901124057
-0.5641613553060297
-0.9973931244858415
2.199419058455396
3.643981046645992
4.729949909283926
4.65013142854003
4.86419327595157
4.000768689184478
3.7798042383622183
3.577090838773599
2.2015579374891425
1.0570648239714144
0.7338672205533965
0.6812832030367054
-1.3877958088272064
-2.3467202527942943
-5.60285211847812
-8.288163170213219
-9.857957589739847
-6.420725843892285
0.2637802050865562
2.920446229093587
1.3714827478955758
-1.4628019400251877
0.4213624570488789
2.029212142842545
1.6455871528608204
-0.4893695848092206
-2.1549658959220968
-2.503437597199036
-1.9341886568675382
-0.8640890064960107
0.41352492680643854
2.4956770214023294
1.167882293919965
-0.40440009334613525
-0.5888092521415768
3.6088179654218164
5.154088565538661
3.866317825776747
2.7606901764297644
4.447713078109237
5.519899965900635
3.7633711726424743
1.4318549169811194
0.3152489812613181
0.09958797351916748
0.20586037174471777
0.6345869447994276
-0.26131479699104054
-2.8501990195028726
-3.5519751436418256
-4.595803922881886
-7.595404098060765
-8.91445356084875
-4.895051525854621
2.4137802899784284
1.1333171638008954
0.9099676173525979
-0.9663206135436396
0.8585268402404345
-1.59228380317415
0.2671412155120497
2.1186134193795465
0.40692767230589105
-1.04408365780638
-3.20691738497665
-1.6489098624642433
-1.8088486345406836
-0.10308822476871513
-0.02130468572137223
1.208060163076165
1.7481351269915613
3.2251151089670627
5.521720785727325
6.144399774454939
6.205607223496387
4.538812132864796
2.5003638963876496
-0.9071578555390518
-1.988325488523148
-1.5882227311871226
-0.259764973483722
0.443714619027756
0.5708707608785981
0.12676352019940457
-0.20910985727260767
-0.46841050364162085
-0.043947786030709424
-0.39631276886145117
-3.7661248903681397
-5.909980958713504
-8.020937825637201
-8.551216109086456
-8.771223924359518
-3.8858131353047094
-0.008639638242790315
-2.3733357405115014
11.58696803360187
5.305026392114313
4.514800055197162
-7.822604245676451
1.4327609611031271
-0.12895378686913356
-2.254134847229812
-2.210436172887422
3.25134857977028
2.3496643278521225
-2.954386627759843
-3.262081076637883
2.0835626729567567
4.090475784663683
3.7921009079499437
6.938970118338728
3.3910871303345895
2.9092691333256435
1.1765636217951128
2.6213863400685438
-0.43620075029445826
-1.708395770963717
-0.0009268425874079545
-0.9459365161010956
-6.476439109094444
-8.864864124807562
-7.912644058398446
3.286005248782768
9.004023808267611
5.90548668025247
-7.001757273485066
-2.4742652736340007
-0.4649121968893139
1.2298727859280645
0.0009334353117452207
-0.31680205066656497
-3.17851751470334
-0.9267910798548334
0.2931826214388056
-1.8848292519367977
-0.6210502722769641
-0.5534552189076412
-1.1512482063461298
-2.1013646569057376
2.9207094759404946
3.519625185826907
3.8762669008242483
2.4045571024485084
4.063953000761113
5.004408799716824
4.495297826274916
2.5802931348270306
1.2779971689375274
2.9666312290130947
-3.2225313495289774
-0.6012262233507722
-13.035463191904183
-5.8568781484179
4.090558961391522
4.615917891756033
0.485374290175201
-2.427294049771868
1.2286202376396327
0.9704731936775232
-0.029882689182618195
0.20318976233773256
-0.9082077850469367
-1.5471525127637356
-3.05589903825034
-2.138741426294449
-2.120379331323358
1.167826201886172
1.8151409172348358
1.6249477281483447
-0.32821867980326136
2.756321350232364
4.509422320974313
4.349227887909344
2.6500144917512176
4.045028093181079
3.961079100207228
1.3244637366370868
-0.5731658300417611
0.37179271760653726
1.096210300694433
0.8846893504588152
0.7592032208925336
1.1971357748405733
0.5073309557206802
0.09977966029827047
0.03488931116342829
0.640511851881622
0.6409435037120979
-0.6025895635937061
-0.9169376864096966
-0.8476251721321167
-0.4193972374124349
-1.5812382610635611
-3.4263994050489983
-5.2893769363693
-8.45212927193768
-10.622692392126867
-3.4088731207282144
2.4075825496943106
6.16292567657072
-0.09865984199228252
-0.8632462469603899
-0.9077863224672839
0.3581038251931305
0.35005966550295164
0.17409004266805908
-1.4406569485123797
-0.1873958254587167
-1.9879360918217237
-1.3989760224245202
-2.565412867521296
1.528453894962196
-0.1465048077303764
0.28421534001560894
0.0006702319174889773
2.94644568992944
4.789132769395519
4.591187918117859
4.742619796952302
4.180874417305842
3.746608799710771
1.9244906496864174
1.102554863270258
1.2069512475447852
-0.4535988536108828
-0.4159305074902445
0.3537784741222728
1.2043167790599156
1.0241285774997992
-3.902476254353233
-2.758413560938367
-1.8363852940544467
2.0054832989103146
1.1020588623725587
4.072668945295593
-1.1938872044147844
-5.086219429930243
-8.404700973626742
-7.742392368186112
-5.294523852247538
-1.1300100400625628
0.024993639895628837
0.5207476728417428
0.003469494671852215
1.1690958124656357
0.007256183571292953
0.5811883487753686
0.27310419424127547
0.13197384027494014
-1.8840547965422099
-3.285217045669249
-2.4541502105848343
-1.0668616879856665
-0.06378240937771314
0.07944708771762822
0.0750075586802194
0.15588249049677536
1.6606919487276173
3.4504244813512703
3.462451810470958
3.63225375650275
4.250656128889347
5.253306888020062
3.7610484947374516
3.0133214101605725
1.9880763939559085
2.486575713681225
1.2764702866983495
0.5278808418690761
-0.27104407494735955
1.346141628881038
1.7234149968224546
0.8041440018256409
-0.15297947301647957
-0.051837718697514586
0.24766789421385513
0.31545289710543506
0.4660464053203688
0.0622045594985101
-0.1965038734572811
0.42526872391818155
0.5616917165701861
-0.26870997325274065
-1.5363319477214883
-1.8768044983989516
-3.253044568311381
-6.659695881201028
-9.727912113373002
-10.293787028177055
-6.2750939331105515
-0.2497205399851907
5.183800512875655
4.5821916562998455
2.3464917821068023
-0.8400676086124703
-0.963407982332846
-0.5759069665483573
0.9367526593070696
2.1680375634507745
-0.6868809566478543
-3.9080913472219914
-2.722226739237497
-0.1337591745223014
-0.7753207083246719
0.8957912584793503
1.7136348961975343
-0.15626083205920294
-1.9455009488144548
1.5139385314162563
2.4056621316332274
3.4165391085295327
2.744249384316639
2.6753906742475397
3.4817241228212197
3.5600413080613555
3.034672134858395
1.7659638738944654
1.7302101775130014
0.9167842960520988
1.483474116968766
0.4432211034548813
0.5578292080683995
-0.4082865093213123
0.1783853281351834
-0.8321780132053387
1.4869127230456238
0.024794428248312027
0.7800452177595351
-1.0503457115316193
1.0325181131426404
-0.7557494576483478
1.1920297008015945
-0.33454715844873156
0.7277009187020383
-0.8497650042719779
-2.039418916593732
-5.303950057734114
-6.5198805349902305
-5.877363704509406
-6.989797645820201
-6.424568572685307
0.7038469152779985
6.923781366132249
5.196321939333102
0.21438521546345715
2.6580434622217197
2.5484374973380146
-1.3648605299603798
-5.767199752981095
-5.263058392404488
-3.072175276904778
-1.2787725339572553
-0.6324013534848216
-0.8627260317688592
0.33691169360684253
0.12569231437849207
-0.6003354193352117
-0.41911506083687927
0.39178182515399124
0.7191883671716173
1.4303995931648326
1.5325422056211047
1.4775574470251946
1.682316719663224
3.331219692854874
4.798304728137081
4.223248073898871
3.5345746187684584
2.745671802535788
2.724130823239443
1.9672796826401693
2.1066866231107597
1.8031050854036361
0.4852365315817951
0.14331556978667706
-0.13380548665448894
0.609898330491542
0.5998415745767279
1.219246059261954
0.6561494889665771
0.8847025174506321
0.17247765161380582
0.041308669939910315
-0.49973736844210537
-0.13398351989484564
-1.029694549913188
-0.34382648442385433
-1.2386870000574628
-1.840672185526815
-4.065106182896878
-5.032231395219098
-7.646902294666828
-9.17270360550193
-8.323665071522438
-0.8095199524300066
2.238085723166246
2.0879880740842736
-0.4382863582628935
0.09168259293822112
-0.8810670978921021
-0.7650535559001256
-0.5468464244519672
-1.1321671920529934
0.1262603075895968
-0.28050301203018546
-1.283746103176566
-1.598224299917754
-0.37661617893271915
-0.02545764755966508
-0.12471020506134399
0.2869087530886163
0.7877580699846068
0.9193969304366306
2.960272281052703
1.9651400182359893
2.5391369085826203
1.1005894221527723
2.4236028609518168
2.543127128103209
3.206215831199091
3.94414425464791
3.3118614576849765
4.485002415496804
2.0474310547642167
1.6980175493680416
0.6415247550753254
1.7968779707315208
1.1701556454928688
0.82148937195355
0.33315357709846066
0.5689731889381923
0.1793074370070044
0.00947940522123379
-0.16924551809701724
0.29931842108028334
-0.3928452351513624
-1.1240915592148966
-2.852655900658241
-5.845950335418547
-9.948713367622625
-9.17813924921835
-5.8066544618025455
0.5932480280876035
2.51953647842468
3.3584900489514125
0.7233095834519088
-0.14797293909118012
-2.5770355909765716
-1.5043352102528984
0.7919244096187178
0.43212128463277055
-1.3886135179887134
-0.9234899093772267
-0.03331428337865961
-1.572268307847231
-2.5269587595355385
-1.3513640074805124
-0.15722219704875182
1.0215643665675864
0.3848506340205279
1.6737306668945875
1.753745867376204
2.6084529149436335
1.7812987026044094
3.6381217635367964
2.3767343485898036
3.4448885031928493
4.2307565821629876
4.53430890143644
2.385881569680235
1.6325682386363045
1.918631232191488
1.485938076456664
1.1015175092233225
0.21062031412104473
0.0633249481334444
-0.12372379347722681
-0.1723694088153014
-0.36542166499588713
-0.38907043374821004
0.2582826133833085
0.8088685621068208
0.5423673714050612
-0.5500400513776478
-0.6560863736530682
-0.5779970597419055
-0.2196226529035586
-0.9838362285497099
-3.504277012841232
-8.485626121320758
-11.119797263022232
-9.051993811016555
0.42871406373499005
4.88203239858173
4.497974656396934
-0.5351011846396085
-0.6202649214810061
1.2012174122370696
-0.3379859518289967
-0.8792800835470382
0.060596146454677924
1.4364002304723773
-2.0003954552652705
-0.733014785684894
-0.5403025438932859
-2.352808397070369
-3.4512354630421855
-1.3952444590497504
-0.7035615815585267
-0.41260484163736
1.1282049056235386
3.259331665827981
2.4968595177666772
0.9470905903593714
-0.007847732534106868
1.5275326783944256
2.633075137204884
4.5840809753576535
4.857920799388069
3.6264504956035077
2.2047393218317577
2.1230543781119473
1.674070302500332
1.7544030673877062
1.1693649668483446
1.5720527533619881
0.6125655713176263
0.7510780862319405
0.6030015716047589
1.0678948847209686
0.7319146113905911
-0.08171520571540046
-0.2008282503320055
0.17371903115759857
1.425851492552651
0.6232730909599659
0.12364561346607526
-0.6810311534253498
-1.0375635840992672
-1.2847811757464003
-1.8833127301552115
-5.95246462201665
-9.717345975763699
-8.710401868186311
-5.097384319508109
-0.2911193664901467
1.6835453162699368
1.7326793886830727
-0.11626801224497435
-0.21107226189771433
-0.07529378418824934
-0.26343214250865044
-0.08526477222778146
0.706269559545434
-0.08300784313130562
-0.6079572220966979
-0.5981484999253313
-0.742164788622901
-2.956191816590706
-2.347288748744275
-0.7413138174244321
-0.7804345593351514
-1.2130109620985587
0.26791705862107407
0.9126469625945984
2.139244207009627
2.8337649689113698
2.9216483871496686
2.90600535658563
2.3049825106969095
4.163204907619523
3.5121841855896263
4.405610880584023
3.3474144023621397
3.752859183431674
1.679500950339241
0.9426375000907264
0.6941584052376552
0.3336608564756517
0.15259786209820028
0.24891063670660823
0.5468384343686006
0.5324911229555421
-0.10423805204171337
-0.13665645986046776
-0.07191336694374072
-0.24088881532178288
-0.8289801972976245
-0.6840741860444585
-2.955276392493681
-4.7043992165362045
-7.436237714840056
-8.05450868814296
-9.025399794673355
-3.880840166725604
1.7213988956952
3.8253450074233752
2.732595381288863
1.3147247085978724
0.8375004489528782
-0.8646315304033861
-1.046074054425626
-0.044645264446985564
0.5557713304034636
0.011914051520369295
-0.6914104456277019
0.8078466319062121
0.24809558300225362
-1.3549123096749631
-2.061941688278808
-1.386829506697978
-0.8969228447145419
-1.39705931754676
-1.1906938240649512
-1.0211277028907282
2.129027390034612
2.808265274766057
2.028730196280016
1.1478007863769895
2.7476183186877643
3.155025482233355
4.056166806556978
4.147524943063419
4.408592334893459
2.5993058112473
2.1948166300774634
0.9246957114188279
1.2348273477176632
0.7320710711625361
0.9288366710043308
0.41607164811338004
0.15540558194125692
0.88037133597357
0.7919825773531769
0.4624402265042723
-0.09613813096076443
0.1813920354137691
-0.3780579331737374
-1.0965450384407818
-2.1645580026862885
-6.105938193740684
-9.009655262727247
-9.25133164271105
-4.339553658202902
1.9357507370038634
4.997529356397687
0.8572321655875391
-1.7434164008337774
-1.4494959203437208
2.1367664106171262
-0.8599488115499654
-1.400650653711548
-1.160065422817424
2.320317051280516
1.1856068694019848
-0.8997922700672601
-1.7900462924381655
-0.3708984781097191
0.3404849326150588
-1.9155903474338234
-3.2095232117608474
-1.9984679778229018
0.2165985137677119
1.3715520049572199
0.7042704758011937
-0.09011878603832914
2.9004036002376576
4.580889119605885
2.9514709815289732
0.6670774293988637
2.1968121360175723
3.615175207093003
2.561874174932232
2.2341151490248428
3.023190149752118
3.912420641695447
2.236775213477831
0.8635901535991033
0.8759336657289837
0.8989306499966321
0.5366123833816422
0.41353261170306593
0.23022636537651528
-0.18049381053725805
-1.08002181406489
-2.471006782109742
-4.816241484040759
-5.192866624879581
-5.368234312480029
-6.090166796828068
-8.774149348528514
-4.735189050710482
0.7505397464019896
5.956989001633337
4.978909260773788
0.9640920642256383
-2.7674479014299775
-2.9375747809228674
-1.2475898580104026
-1.4933856431123176
-0.2861816192268642
2.382003926620692
1.369860352279796
-0.4559814576522285
-0.3049680401767341
0.20096499498234477
-1.1295334120677056
-1.5575026630298119
-0.20367267793033864
-0.6644660653846035
-1.7377078067191198
2.0029138447647554
2.073000150705487
1.9639126963224147
-0.7764308728261569
1.4815512817838536
0.8674896890721072
2.753118185647492
3.5498907012381427
3.8494485354995054
3.8032542049098925
4.440239134161483
3.308153760688032
1.315320099190783
0.9720335458163663
1.477390713758035
1.1408025977361707
-0.00470957378482166
0.1372967423658922
0.5806032390387769
0.4338845151508066
0.1717404855627012
0.14067093566152122
0.15057485782741875
-0.1986797260705098
-0.41030282692903763
-0.42893574032288434
-0.687192807663898
-2.3104447866717446
-5.440611609708062
-8.932030475658507
-10.403327681664887
-5.082888007952666
0.6007614103460444
3.2410047202224335
0.33432078721937664
-0.4882562132986204
-1.861568117141175
