-9.596942176373428
-1.5343793518159041
0.7207503436965019
-0.3345957570488168
0.2283338946705278
0.4266396793209469
0.17051165810759053
-0.3820534229621537
-0.1872736750025328
-0.05552986651095161
0.1352573998166635
-0.014472949970367192
-0.06189201869187978
0.4579371288805882
0.10413743011925827
0.36727487246662505
1.080238557784263
2.6465636774025207
-0.187440636274987
-0.02082925810897363
7.440753500440619
14.156103828722708
11.247168877368665
4.305202564726439
1.216480372148039
1.7965839432461732
0.7576919109708882
1.2088708807096407
0.029109530810851332
1.0680706375012339
0.037410410266887205
0.21277669921639197
-0.32116010404183665
-0.9332935145678183
-1.6414952561990495
-2.524660915317881
-7.459994984685727
-13.459998136544225
-13.176170892860346
-6.68235621320092
-1.2530776572171374
0.6076160593118479
0.8393008589138692
-0.27454417932592234
-0.38883922021437245
-0.2710255911079913
0.6841536462980753
0.568085292291474
0.3026834966871191
-0.41568964562442506
0.11461748242341827
-0.05192605279109993
0.5345256064499532
-0.40061402695262405
-0.8715255951153692
5.431207423859283
14.31929480394949
14.438908452617564
6.248817418417712
1.4834094902998771
0.5945784342251135
-0.0703492010992626
1.614027108535884
1.4979037991649489
1.3404360105135062
-0.5840086050006298
1.1929215016491932
-1.057933796197234
0.3296290305534789
0.852569268156503
1.1983370008980063
0.5470809361020554
0.660063994072462
0.8364117955681557
-1.6898683058947455
-3.7742214184654963
-7.636948355387705
-9.507920343499631
-6.990772216913318
-2.9883917537742253
-0.555689293282736
-0.8271379378267458
-1.0324593788445506
-1.371574734180503
-1.3065517431724574
-0.6725726141617419
-0.15046658302553303
0.4710810921756113
0.83476754145231
1.1296424849271032
0.9254974961126082
0.77505016592268
1.0691695752997914
4.363146819261793
7.73608964433502
8.261746391359305
5.022892382876991
2.652122440717542
1.9109067704795804
1.775017081413261
1.0606724293887175
-0.0010294941252619908
0.0808963779752495
0.496417714651995
0.28180350310382896
0.4278860198366677
0.3310070464582349
0.9242889905740859
-0.10154888772894424
-0.2705842141581978
-0.34138156781338924
0.45155313593266905
-2.019440468054328
-12.128433646628643
-18.562409988262047
-14.890352659314285
-2.8655241120052266
0.6557490771997417
0.5557312890531122
-0.8841349276451874
0.6899288690049024
-0.11293863102899633
0.04967088376745973
-0.6778081383137626
-0.489927317071352
-0.46337346638323285
0.09126437289599697
-0.1518575749854417
0.029117687145414177
-0.10565233279448398
-0.18171050072781106
0.7166897153840027
0.26943424624786977
2.9983227673889448
9.589911907294576
14.11300673284299
6.705542670843207
4.300094656937501
1.37316575974098
1.8561292220461123
-0.2877593953230738
2.553496075497601
0.5422965630962758
0.2713312803818178
1.1906313329425842
0.7386719800997061
0.5535538830469287
-0.07697127237089624
-0.4442713336416275
-0.3570863330425102
0.8195988745892386
0.9407275177973118
-0.29392338016096076
-5.848513390601294
-11.178491973048674
-10.655914284437369
-4.576460425082762
-0.5338745599894476
-0.18300621007844195
-0.7667054665062406
-2.285001850337292
-2.171749141046415
-0.940567876288313
0.3842398111652548
0.5084400502757576
0.6322065449012948
0.3347398181248063
0.0626470845614221
-0.3867304787787476
-0.4643580032447897
-0.27822010175167156
0.3782045332661801
1.1773650590127036
2.0961897629929425
3.3164509286500197
5.569036204113957
6.229860215571503
7.086720525638251
5.970745205365832
2.8221731618344505
-0.4763788760694937
-0.8289257133857516
0.8539423816396499
0.5987317426998894
0.8929524063379667
0.2913123377694237
0.5243776671856423
0.47229054756094013
0.7331107658052031
-0.2502702086544448
-1.0771662889895146
-0.25723295357696774
-0.11687653657315208
-1.524809896255824
-2.237872780710332
-1.568100824276587
-0.6336260792350212
-3.1618209094749687
-5.226204172907909
-6.780688577483516
-4.086961682541741
-0.7109783478652824
1.7949945042716362
1.3417594488147857
-0.39942704797789086
-0.783861282169623
-0.2461144380115341
-0.11340226472616051
-0.7006968210748001
-0.8617168865574185
-0.25191836929527067
-0.0450919485871794
0.2702194218611613
0.5627981466696894
0.8569131121392523
1.128808198768589
3.2558419260950737
4.13830047998849
4.303501941985997
5.575797566026488
4.165431410756576
0.35272324332997446
-0.41290111436332355
2.0294095249127446
2.230920668734492
0.6716355680282083
-0.2855928532724371
-2.2226745144812794
-1.0689779709675145
0.8453780812927566
1.3215896582139888
-0.42617458518805423
-2.941088023426161
-9.151112618880246
-11.556930937811053
-7.3367790296577375
-1.724637395990411
-0.032788504995876606
0.5115643594297243
0.7871325036733628
0.23564016884561528
-0.18481012793849683
-0.23644507572842394
-0.35315447267181627
0.2721080190189305
0.8665512347271918
0.40671111429793494
0.9509040768396271
3.0704459232759707
7.392730580979798
9.896820161504735
9.0692759786067
4.22578845109405
-0.22217724392584592
-3.063807729766199
-2.882808971192067
-1.0649048416300826
0.7019071507764887
0.7567701481994598
0.231010186612782
-0.43504092123256943
-0.89475491042301
-0.7533379526119615
-0.6911451116485503
-0.10167543052154873
0.07160752121292216
0.633729751639982
-2.787131897183158
-1.7658956234820828
-4.634258288098648
-10.489615721326372
-14.954020058505808
-8.526328932849925
-1.7810337272249794
-0.3053202591829865
-0.49836651562551554
-0.27119102315564175
0.21126181849838158
0.8950884960846607
1.0015593655393527
1.6471086999890774
2.2180722602708505
2.1828022203309883
1.8651639751821902
1.9040426058522597
2.1272189416940646
5.06772217451651
7.595213995392722
6.817100482022869
1.4391533701966026
-1.3982537568915703
-2.389462918503021
0.608254596516644
1.6526401913180813
1.8308341713078067
1.4639315580634056
4.193749697103463
4.052251161942198
1.5464649553765086
-1.4020344288727564
-2.831170691495856
-5.6300449136485735
-5.805883095099667
-3.0151465695248754
0.8989858920781068
1.4468405729961804
1.0064226497942952
-0.6380157979324341
-1.9812194020320244
-1.8510122690454356
-1.0106460948265652
-0.609033328913977
-0.47336971074210366
0.28631739507238063
0.19769927988390348
-0.7905395843956303
-1.3143337419751058
-0.6042901721647852
0.01858305594542926
0.05464700504157058
0.04950890795715663
0.8799481161216289
2.453531146294855
4.583471951599332
4.956366809795663
5.403201153817847
4.440369573768848
2.479402172053362
-0.6778607338718914
-0.5665897122213412
-0.09640045548323685
0.943192558060556
0.6681999767748682
0.6539814493975494
-3.0349654273839928
-11.358606413778887
-16.210806415406445
-12.061771263374634
-3.789905174307917
-0.3093195155339637
0.27541322952616204
0.6042986609314948
-0.07496510776313385
-1.1507661378541851
-1.7759267197270934
-0.17957369304208862
0.5515542533580914
1.6590285902201551
1.142731377713009
0.297184393449103
-0.5763376493155873
-0.24023071608384267
-0.2208499047313741
-0.09455435523642924
0.5029121373989974
0.8428871464626466
1.9064185293687603
8.92367679014399
14.407781863862294
9.703170804918374
-0.2618180377452282
-0.05831418921671071
3.24149861036172
2.0264581936796016
-1.5170893782466952
-1.2987976791304636
-1.3806613472961862
-0.8697718122706952
0.6642563591119212
2.4596974604734068
2.4145254673422607
1.659185055603604
0.1061154134082724
-4.820810546602143
-12.300397477712732
-15.851874870093493
-9.852103015798768
-2.266919197780753
2.285013447165206
1.1290470893087852
0.1678341362843733
-2.047739441917947
-1.6949897817503246
-0.6090351613763322
1.7344086831049095
1.573663942589456
0.5005795370664946
-0.29331508973219284
-0.36656537441523546
-0.43390672562223886
1.345898810618794
0.5132836654008123
2.4618486898333347
8.220035782597039
13.515814807749587
9.908432402163031
5.170080846491354
2.2103996708561082
0.48991282504396055
-0.6424429358772344
-0.362762810390508
-0.3157650965628178
-0.13793910808052529
-0.2402591411165997
-0.13413377962088016
-0.227334015911019
-1.1600115515130958
-3.919481103398948
-6.007706423825136
-9.06325846677857
-9.682753622026597
-8.483648257269502
-2.5016665353345524
1.0599527375028859
1.8476342577724658
-0.2912292378064479
-0.37892395768260834
-1.720287891791616
-1.5567729090802618
-0.7141421600334097
0.8925986303915979
-0.05510332491056416
-0.32517772606360884
-0.41777057307155346
0.3323248332165197
0.8252883550317193
0.9666695169419622
0.2734405021553198
0.10056927480681357
0.18463630718206014
2.7157910579866043
6.503401958413077
10.024683334394739
9.362038434025756
6.6355302454834
3.269947951025394
2.0710862329697175
0.4282497811750711
0.2920088248648944
-0.3457488680049038
0.4559625003712425
0.23872756388701932
0.5757922269961899
0.5977242389707181
-0.10715921938264687
-4.082471039893955
-7.6882851948865865
-7.936678823927916
-5.412370226742026
-5.086734483857551
-6.867612523483596
-3.9074357299843254
0.43471995201927505
1.148332852474139
-2.4691757129791103
-1.965522772891851
-0.812879520456957
-0.47350839965185937
-0.44933145312393113
-0.019556963924781748
-0.1531486555788361
-0.01973888839080014
0.027165780194772324
-0.16581383444378237
-0.007203867493114661
0.43993289241679434
0.7718303793584586
1.5152119989538435
1.2767192800588378
0.43720781455628177
0.5445972613773888
6.441138746566969
9.85810966472885
7.276304315630209
2.467307948737061
3.318570440275782
4.255707983329935
4.392166180634252
2.8672947803541406
1.6373490410571885
0.18201668205537405
0.5155360217364479
0.9836936300231796
-0.5035638577986983
-5.359130190900488
-10.396248058166904
-11.565979799785772
-7.31495536527452
-2.135952187547282
0.288924413677123
-1.0695144202762994
-1.5313211722516389
-2.1589641871875225
-3.366484149297444
-3.2858323640798197
-1.146625731405959
-0.0392649124478428
-0.06608525635146177
0.3280919235182523
0.8688766462680098
0.5898714020583393
0.036531640272343534
0.10775693483843127
0.70158526734992
0.06530766604551827
0.6944252677886404
4.658428556719589
8.039743832521507
7.861404806901532
6.397616520034031
5.268374124011543
3.3249578013924466
2.42709437571129
2.78997092311147
2.4037634131965904
1.1257247655611664
0.7166269203207517
0.3415091166835834
0.4420553644704646
0.8384333045331664
0.32130488725890244
0.1421462386429924
-0.934684214974315
-6.209616034138841
-12.372582164205078
-13.359410308328657
-8.848209320633584
-3.965091226659385
0.16584039881713372
1.8893697154405384
3.768529667497992
5.165129909163691
2.198224233370207
-5.5913046584105075
-9.538680295147639
-5.152083447985138
-0.09693099806820944
0.6821363614289779
-0.4836172519921057
-0.1495257518833768
0.2787139153563803
0.3558280523944849
0.4927354702306111
0.0037765559174111406
-0.4977909790262325
-0.34911965928176647
0.17928100108515524
0.7842224766151841
0.6151409369319196
2.27049632845301
7.25294328817935
10.136006371963235
6.71513046794397
3.225016294623668
4.474125708281708
5.833988701033166
4.042382552770855
2.0977105328536223
0.9927078370105663
0.4241133978609787
0.6051672179313515
-2.1269278392517097
-5.043226750959522
-4.478134032919618
-1.1087620035780792
0.1596782805518628
0.13880507949769225
-2.2605223954376603
-7.1607017079648685
-10.67227807865398
-6.771205110487898
-3.173726191389146
-1.7783432323105586
-2.5736903217873084
-1.3384022820652548
-0.980108878650019
-0.48891462028460375
0.28387396857907093
1.3526456884044709
1.0761745272176206
0.24093878594832954
-0.034430817418177835
0.7038217398633082
0.5136778177968715
-0.012683807700851125
-0.23869889892581345
0.12215234365632713
0.8463110163639429
0.8554884180906166
2.0450062843701438
6.971764505274436
10.403012682686999
7.742276124833756
5.958682847002178
6.017292880594375
4.869767000701912
0.5224117113036926
0.9401490196524677
1.3251712644019882
-2.2104211594810828
-9.077555541469229
-12.471508516761737
-12.739114273017316
-8.65933952667933
-3.4757227339591443
-0.34380615726304975
-1.5345339905509188
-1.4058496325136494
-0.1901333038120703
0.6531584250059077
0.43434096531675764
0.5374407871007685
0.1504816066709463
-0.050955548100666236
-0.7057176595901303
0.04434319277645262
0.1942602420148335
0.490700082915622
0.5327725735326637
0.9384650947359524
0.4528528740507997
-0.5169074033233619
-0.6057692032373234
0.41240182008471776
2.9993379685104626
2.547885649781841
2.2325765825108075
6.142630759293389
12.229377288280677
7.083824904907082
0.47310091513716146
-1.0130154801414932
2.665228338271875
2.363810652291949
0.09373822217736283
-1.4053158805318067
1.057539845818252
0.006630317470510353
-9.735639451589075
-15.716136268093315
-10.341513506182334
-3.3800481404533063
-1.6069119625061525
-0.13372256333873567
0.03493479668098286
-0.14423809511959498
-0.8383086354900755
-0.3100626289719524
-0.6173229833213176
-0.14079271689172593
0.20394448759262648
0.1869346209934752
1.1705604663559466
0.5033427874475103
-0.19143229203629117
-0.5470867254142084
0.44719074133412245
1.0322813767670038
0.6051484545854103
2.801409123860156
6.149827450127132
13.208976941245751
9.580524254319718
5.256084014314684
1.0664330424999153
2.8531569409382818
0.5561632713667969
-0.6356132078757554
-0.7574248258586844
-0.7464217189458984
0.30432456996862545
0.6883770604329866
-1.3200286866846773
-8.489571811496948
-14.070218933723925
-12.020479635496532
-5.804619310146449
-1.7435937015448213
-0.5319156410845166
0.15102556972262743
-0.3182199581723864
-0.5066029578620277
-0.5024682202494593
0.26893151672814447
0.7827542683450067
0.7530426103036022
0.2964909010154349
0.5874008930913039
1.4069357193799796
1.1041322208270488
0.5855792934626247
0.060754318317307356
-0.309086683974049
-0.6459631590589505
0.29043157227836885
0.033920931884492946
-0.5269924877815713
-0.4274769784910466
2.054317257546879
6.165533009403925
12.202653350296645
11.737606633963258
6.991266743498656
1.1292559272774432
0.5659138660686687
0.4417234589355086
1.2681992073941841
-0.33398007418062103
-0.9185165030851815
-0.6503690901307905
-0.05974463176490566
-0.08580915201743132
2.101266797753334
-2.197594233843008
-9.915450888848492
-16.57485743017398
-10.74803083096786
-4.277832705790032
0.13276870972614505
-0.061422432617376926
-0.04302086588238088
-0.6518795930753428
-0.8699103810635478
-0.2147652759079184
-0.3014591817577204
0.011998200303440884
0.39409643571484326
1.4901585378668842
2.057968998533443
0.878765779882794
-0.9349098756672143
-1.0193229592965545
-0.2615545526421255
-0.1276521018742373
0.8211132904414804
1.3596455741060163
3.5979573137369716
7.871052906655617
10.617324790813814
8.781266003502614
3.636782861774898
1.3998849510235996
-1.5055309766466236
-1.1475022490137574
-1.464072276437474
1.7403188330853805
2.208780250203354
-0.6247475228008259
-7.19900343979509
-11.941897564750999
-8.137068083219976
-0.8196915385304968
2.392871932423692
-0.4209954278857621
-1.4052386207580814
-1.987842332453848
-2.760358149069554
-2.6160578825391605
-0.8725326642952904
-0.47401165848816734
0.16570679061377794
0.4233193571055444
0.145341773953026
-0.1114620294341523
0.024229425974081526
0.7534477155181866
1.6172974621239398
1.4379116474997773
-0.11647190734216471
0.15536066212383787
6.312571877461733
9.165413945227487
6.959872670208665
3.205492697808048
2.5654963534238786
1.836358872018704
0.5015799816353311
1.821080990627474
1.4017345600594946
1.1325647624956017
0.2601608044875451
0.7329988136527024
0.3628842947187445
-2.709711574052621
-10.065216565935527
-15.356131383153906
-11.393022583434794
-3.3747672529186024
1.674668389431625
1.5662903921626457
1.524743128233731
-0.8937472934126661
-0.519272294628598
-0.5317517305827462
0.5752298095755206
0.007329604131646877
0.3131957383102826
0.556946392747778
0.3277721658337127
0.31156662550701814
0.5765410646702287
0.6196357226249224
0.468098188547691
0.1853751326604136
2.1816605473662904
5.606066601196945
10.299027258871972
12.255928173529789
7.817750496427706
2.462642398449288
-0.27501715727175535
0.8376838325073593
0.6676213985746473
1.845402645695197
0.9602935476877863
-2.4066009066755334
-4.335416053414082
-2.7656895408171156
-0.04951575452098182
0.3913267148149729
-0.07037706772084995
-3.5679840726821843
-9.705538958053456
-14.694603051262032
-10.05396241994695
-3.422993069304103
0.10174459527957001
-0.7787981372501761
0.1216834738104492
-0.15315608966642522
-0.19365411048826353
-0.26288894197202994
0.09149890329472501
0.04786987813985644
0.1734083766541061
0.13249837095943215
0.04375843109147047
0.0831570021277775
0.7762887646441367
1.3190726645554929
1.8767112171199907
3.0509178212948784
7.759799699492827
10.474977781794955
6.292695184177059
0.47790638985205036
-0.4674915260472789
3.507077470806442
4.283946240134905
3.2218675875919796
0.5853536311645602
-0.3656837887230786
-0.45567397700757944
-0.33197734908536963
-0.6001207290989486
-1.0357559195628097
-7.390324982226234
-12.848601445842837
-12.676198954514328
-4.562147722731033
-1.18864531187605
-0.5516956472008058
-0.8011781262534137
0.12033580432026421
-0.005275948318783656
-0.04607156845129035
0.05432663905379533
0.29732065851618883
-0.09544268723886193
0.27406856130368346
0.16488432738846948
0.22674157784221838
-0.27516904260474523
-0.2276146585492162
-0.24502949956773634
0.14096510294899853
0.48272300500040605
1.991789618755979
4.180153306930589
8.724087319550696
8.283027803990299
6.327349468496489
5.286180203443885
4.566913426298068
2.5145084820749166
1.503036672116237
2.4455750421508453
1.0264925555853772
0.19390606553147874
-0.4905540750006411
-0.703709864833762
0.7999443045966481
-3.2084318918261094
-6.578454228863092
-11.477348754961913
-11.697889418624266
-10.00818388779895
-3.3608173768693796
-0.1499687936013067
-0.034445152281114506
0.2817596202656416
-0.30543639742579043
-0.7703145256348567
-1.0536195526809802
-0.5236613411428519
-0.1776872300174994
0.46187350460248267
0.5558569541615317
0.113355898704248
-0.0060998291245325815
0.4233456127319534
0.9413777709289707
0.42895461652248024
-0.6011336385141637
0.4215662465590426
3.2126155194960524
5.520018670253007
8.738969319685003
9.684825738814245
8.138032384927225
3.4645529011731777
2.419184525019862
0.8368243302032169
-0.5667235592805875
-1.1286693486117765
-0.1439523312907058
0.8108068714258373
0.15231322312271733
0.06313378788376808
-1.3012889002956116
-8.862032239999024
-14.458887989859294
-11.821851148378034
-3.036444031836631
-0.9022615645548107
-0.9979664664152197
-1.3730631721637427
-0.16239230915877823
-0.054537707142219054
0.04157494860199425
-0.29882764789878147
-0.19231229989109852
-0.118489941165612
0.018017342080306413
0.2505197283954826
0.2389032523878752
0.022171761438180566
0.4791593957751829
0.8255182675096262
1.267213953453499
0.6026696437980494
0.13746647225349523
0.14267994255656402
1.773329371616488
2.3558975887531184
4.342870150911821
6.632762620544627
7.657590516858623
4.493169076382795
5.396593220353898
4.052790821983931
1.909499951145721
0.20738177720327336
2.1777224700369597
1.0690708597119662
-2.3853792783933248
-5.1492061974643955
-10.827990144432027
-11.84857965993024
-9.010213806097408
-3.14577845167802
-0.692185476834654
-0.5464114321216554
-0.9569717675624086
-0.9104856946239981
0.1442997659135487
-0.28826144693381545
-0.24099281973546838
-0.09719056256399805
0.01247239544268127
0.12475995728836302
0.15329909337352035
0.22610537611424864
0.1409073044736044
0.15548103904364668
-0.06705349558827976
0.45687841734017065
3.3682670045255376
9.147770775393479
13.025254501346359
10.636325102737787
4.3754219227290285
1.7245110216280815
1.1586759256519013
0.5169682166919234
-0.050614052202549546
1.1025009184983285
1.1848639233589349
0.49398915645840363
0.04243601414076334
0.35792001401957524
0.008804221030070336
-2.593638492928777
-10.609942587851865
-14.603577318476695
-11.641474043855954
-4.366573489150481
-1.3325068107409752
-0.5471549542972959
-0.26716264042172577
-0.12012353651319019
0.016873087359133412
-0.17700007217353853
-0.12145142187094743
-0.03638249964957525
-0.108074225163225
0.10663285605575441
0.31043973808938563
0.31111013080253597
0.010570398782314739
-0.09532132495521659
-0.04031151087296632
1.5484620939884977
3.2587692479603034
5.95301715673757
7.27490333275078
6.852729485279974
4.37592908975605
3.4791802229367663
2.7944418310178567
2.386165622014209
1.726034150816616
1.860536285771881
0.9000493006560363
0.6594652260074694
0.3577025742463121
0.0015126127760335146
-0.018480769562073614
-0.2334090417827394
0.17824091712048562
-4.027621842480567
-8.661633712072648
-13.053536147374052
-9.258721324194388
-4.019177809739366
0.15811304784751967
0.024218903158022265
-0.14155498652207785
-0.3460470763223352
-0.44117947710284944
-0.10963486357480186
-0.027828628681714124
0.04067351654527327
1.158752846328078
2.2322865699617602
2.4564401116302808
1.937626619043322
1.8215021841771852
1.8011734620469992
2.241729864996734
2.5068705075594826
3.859919492641774
4.733337387052041
5.022365356940527
3.5878946444407585
3.287820626634849
2.6477065490266045
1.4232268424686199
0.939207234089985
1.2371794321864857
0.4716732321332497
-0.15880997812360423
0.4597405593286625
0.9634447809618244
0.6811695587357024
-3.2935381354547952
-11.136273137465798
-17.285803425652706
-11.788782217793623
-4.02142132437083
-0.32400733723018954
-1.2000212660152738
-0.9595672106121483
0.4330868680920719
1.285559013655169
1.0374248765432543
-0.6557348109250689
-0.64065856534719
-0.2576882224616497
0.19896650140076985
0.19334783458167237
0.2441823462742962
-0.006824941260098237
-0.1914924290835227
-0.1512885257434024
-0.05215657735715102
0.5629573917008885
1.9050155421758939
3.384760833904533
5.9592486337852515
7.8136038310956915
8.83550532569692
6.62535508050737
3.7603954998498406
0.33135720971842025
-0.33858685420570617
-0.6637449843152754
2.022985279184434
2.527928989567931
1.984260484437081
-3.416786874711991
-5.582011804298467
-6.898795778170179
-7.713382216412718
-8.462958013974196
-5.926051891695325
-2.741546398843108
-1.6513162130162535
-1.2155133416379253
-0.9751819210136097
-1.0644911802149502
-0.8200264499198152
-0.21875728757124646
0.001496133700004761
0.4963116720467601
0.16470136347698788
0.23126846944925142
0.24786215224304722
0.8542278274535747
0.5853419466303043
1.069029569407827
0.6810546612687008
1.553750125798412
4.349273747904821
7.379553491454399
7.876183702977004
4.753401271381752
2.2911356225934316
2.3441743610459964
1.8454465645281575
1.92595620219541
2.084059167510367
2.4688740564554417
0.5149704840855867
-0.001966985051797513
0.5401706105153733
-0.5846616871684994
-1.4142943565673254
-0.6054857601559712
-2.4500925962222526
-7.827767471201646
-10.344816317146524
-6.478099747236996
-2.416407532938775
-0.4176503860249424
0.6215629198134104
0.5914836552381079
0.31825400112135893
0.21922854571913145
0.1319823432599481
-0.7397169132725677
-1.7628164344004336
-2.234143451513191
-1.1964551232336629
0.2532060100767874
1.4629773443665028
1.6626354830661807
1.9521995048406122
1.7836162038227725
3.619466561687025
4.653745780831589
4.790348555133134
3.405625449264545
2.980793604620201
1.6411564415641122
1.1704957221932455
0.8383140488069417
1.2832018954294795
0.2824352318886206
-0.035505025461201954
-0.3392537597092741
-0.2288105469565546
-0.10807405109508038
-0.06827041178949
0.5314150273596976
0.3863495412843605
-4.184047831927902
-8.819386484545277
-9.392768142130405
-4.986990741260375
-2.2806329041783076
-0.6634164660002007
-0.12902206966049223
-0.2104207923047978
0.07294235483848359
0.5800563560770774
0.7568822638305509
1.0707244120950397
1.7508382902868982
1.4892206889368356
0.8339002940244351
0.8569648540867579
1.1143636702326654
1.1324710134343552
0.9444836754313346
1.0704373640794893
1.043186831459391
1.2113276051754296
0.77287658619304
1.0523240049684421
2.326993793937512
2.879663591087673
2.0543120897263076
2.1013404515073137
2.8892464898332104
2.600768227555803
1.552867721343076
-2.3325171455298017
-8.669403955420838
-13.063311635571951
-9.260993095656492
-3.988513985095697
-1.3382745389740613
-1.285116669755344
-0.5951321790130069
-0.0527034843716335
0.08989789985003477
0.3230006866239395
-0.04575128527191854
-0.2574258268232527
-0.35692928034634586
-0.16942052568745125
0.8145266152056588
2.56176833231193
3.6199805648528156
3.6758248960709508
3.7139414591137085
4.395295618721112
2.9387439085064386
1.9277074921020072
1.927529063599614
2.808670642096014
1.7563203460409857
1.179738891268654
1.0886850717918837
0.8408607373163042
0.03683056079515788
-0.010844854652057373
-0.8571509794422826
-1.7125999663966804
-3.409914370876233
-4.399238532773196
-6.453921493304302
-6.137486756891141
-4.091633144872236
-1.2638850232221874
-0.31437924469610534
-0.19297123313017897
0.017515956167539645
0.02645044465172203
-0.2019991028463481
-0.21799333914979613
-0.2687434125591695
-0.7689377578392519
-1.6239308176617004
-1.4875421518077578
-0.7366535811740911
0.13669439384656715
1.165874312617805
1.1943192480893399
0.2564876400260845
-0.40428755034144137
1.1113318733464985
3.2854264172072316
5.159747762856046
5.528874113382941
4.801390270903092
5.648938709385945
5.743997209139021
4.510251489432057
1.5458974782894233
-0.11352848489758462
-1.2598434865371229
-1.423070986124792
-0.8540609074953484
-2.1864659129198616
-5.8723540158602905
-9.651885501490709
-8.520589752154113
-3.7716244948394264
-0.18760997933782506
0.419165080356712
-0.131203390970592
-0.46555044485819413
-0.2543888190250498
0.24598456972242538
0.22114322396376043
0.1440993021329305
1.6365224152207514
3.434175270037392
5.114043121042141
5.397411340182434
4.088269388611028
1.7352472532917715
0.1813191884136803
-0.5913019783867121
-0.948840820189077
-0.5918544444075328
0.2989744176328494
0.610230847352904
0.8940653935183127
1.156930469319052
1.193124789079566
0.6091848681546621
0.20633727757023498
0.31638423300614194
0.22308863545676896
-0.7383263155266695
-1.8212018751668926
-4.297533455951624
-4.897393520660595
-4.339941060519785
-1.5417998610822525
-0.32903188348491635
0.5367073005772559
0.08629006203540614
0.1489263186261132
0.41018061320388766
0.653121548252269
0.44621396112001094
0.2492168745759446
0.5212995373029502
0.6178761083497664
0.6096028911346498
0.3092643488381595
0.589494807353057
0.7942859225021289
0.9125451227428768
0.37423467414499995
0.14215856311806105
0.16650682819510046
0.12046013088699255
0.4019628004737392
0.5451958295641026
0.6660911713373542
0.4602960137686258
0.6441033867085733
0.5561650680819582
0.5516533728105524
0.7943263929318364
0.12475545253401603
0.14627336927400314
-0.13486354628442598
0.5124998300404695
-0.8400973246434437
-2.8777090639030627
-6.38456822039336
-5.98481379726511
-3.2617921051569794
-1.0265858592570394
-0.7130270335004518
-0.5279085554142482
-0.16257011142995503
-0.5638979881293942
-0.6358941368712138
-0.8506752356885263
-0.6966078763938748
-0.3868637242047781
0.00884355331098383
0.45731701490679316
-0.04816100918636972
0.18782449331587084
0.4023974497264397
0.5622960354152499
-0.23098018982499144
0.9636656938899655
1.9282007680237165
2.976299013112978
2.367859530478521
2.707543825941202
2.2690559880044976
2.6844583982700927
2.1467740315991577
1.8718776888746789
1.9677424358789841
1.9998522124472011
1.7016580954743146
0.9337964872048241
-0.36345567481555024
-4.372006478807384
-6.304980452282402
-4.9969012815384
-1.5607311032876023
0.2296879647917141
0.7352566587453192
0.18713702330146204
-0.7943566601607362
-0.7570847740933815
-0.32487673863504446
0.33864555321158984
0.37922993230475255
0.022250598571199754
0.04827300027846256
0.13101239910589707
0.5145561442472705
0.6429456873201171
0.4472993172196492
0.028328432421728125
0.0215959453627902
0.251811859104517
0.48627824983313145
0.9252258851357336
1.7741416233310279
2.39473743522573
2.4409104881861747
1.646259964350342
1.2238056091048672
1.0789792817085566
1.7009509317653977
1.6279449911971604
1.7270889417900208
0.6193271425797727
-3.755055309115446
-10.641071954646748
-10.589518170052491
-5.490302386915239
-0.584319632752149
0.21169225059793417
1.102541278278345
0.7440169449106337
0.368117363887384
-0.05490067347908974
-0.045387512708714245
-0.5689622153359191
0.36964766312995717
1.2596445532455538
2.895389601395572
3.7016513506225093
4.456348872703377
4.4411778599536715
2.8377111943219506
1.435705323309981
0.49052193684100087
0.9994814812494703
0.3997837631225162
1.3669611634669743
1.9222286106368085
1.9873484674304118
1.0942998630483403
1.3278302561499933
1.7052855869822519
0.9989777642905596
-0.8060389340889113
-3.668434241136007
-6.627875783239016
-6.7485921305018275
-5.045845533594982
-4.264780702879083
-3.4744372404977977
-0.8333282911806771
0.9320973618485769
-0.21077320780300063
-0.3733820287408969
0.716210008216376
0.8004276626784895
0.431095686034696
-0.1823980138255597
-0.16723421712718006
-0.6105070012898137
0.4860167121902308
1.4234806424057462
-0.11228475152805756
-0.5800963739691242
1.6782593343330088
7.931748477880516
10.329339264721439
9.013774405094876
4.932728480580069
2.8776566615600805
1.4411915296970255
0.7714812856182712
-0.7133120915097707
-3.0480643856999454
-3.9617270434034233
-1.6667243397769098
-1.821452063869053
-8.710366039991653
-12.243313318296261
-8.635478510203232
-2.70616050158197
-1.1361973218305517
-0.20103094263351556
-0.01708782092237876
-0.4854216065777602
0.03128127114805476
0.3592895495581093
0.7568340755122622
0.4318492857029444
0.30711356115257143
-0.36373578947048624
-0.34358032571979946
-0.27360186399849956
0.21255449473051385
1.8492588896232323
3.7493216318465437
4.748159623168152
4.580831582278262
3.776036143965196
2.8302368894435532
2.18050567411283
2.376100150327924
1.847750963191393
0.6742020502570324
0.002348800409342067
0.4808223468967594
0.7724470202723324
0.6245272739132246
0.14440441025525597
0.31970922780072447
0.5122503991062465
0.6151556800293884
0.0042611198736699695
-1.2023445136638462
-5.4280560655831955
-9.90325039156869
-9.956308644595007
-5.273447334893986
-0.4680511754883813
0.5368436734728794
-0.002396826938223376
-0.6590066827961569
0.12230201381302265
0.28977983762189197
-0.07124029344891414
-0.04829552638113793
-0.1617042031820959
0.08225656080507109
0.2777887949580458
1.00407235443489
0.6132870869644118
-0.2839866430800098
0.6095941677257662
3.5686871093438324
7.125122648701258
8.82979383239198
8.561351638305547
5.628431322562546
2.582690862674118
0.5572669322073215
-1.4067581678103247
-3.9134273485920583
-6.24680736944053
-5.3724417772237
-2.154005254823765
1.2874815869086131
1.473245832157825
-2.0477912268985077
-7.108925397891101
-8.722144384958764
-5.262684657753406
-1.3000078549716643
0.370642277640994
0.11883722033485862
-0.15210552428691215
-0.7322478512366964
-0.2912659432698327
-0.0017665935194189455
0.29144157691719724
-0.035498231896444674
-0.019598811178136586
0.10285480066365511
0.3315003229887737
0.41812840212026464
0.5152852044549961
0.6904803436684886
1.6281188290463149
3.9939658445821844
6.640909438993066
7.796826134279423
6.73685925076064
3.8327246528637575
1.7359837763110684
1.917235116459626
2.3215325737897032
1.885251567334903
-0.6790751148832639
-2.6272577448842287
-4.721846736172059
-6.9701912750806425
-7.633590768845563
-7.012747035697862
-4.066331729136697
-3.1974261313316474
-0.8995029284885895
-0.4417572335201713
-0.045052660961526554
-0.18977458393083635
-0.14445227251555187
0.06893596774134833
-0.190507345038511
0.20650207787661892
0.4724854400772003
0.7171995807927599
0.7632827363215495
0.7785315910555101
0.4411994277482527
0.5477213094047662
-0.06049014201989206
1.362032731204758
3.163736942306252
6.311661680286569
9.510720450480001
9.67667702658632
5.888575249919809
1.134950301324358
-0.34719176093093584
-1.1393561754570873
-1.2341055886921939
-0.5765655527182861
0.10396434385397871
0.5064229968922181
-0.6504666036226251
-5.582350579433719
-12.121207438590126
-12.828014847183344
-6.213063024267647
-0.5124171275172528
0.3406540397057902
-0.09078165136147713
0.10110010625608212
-0.5862194053240303
-0.9961630217275187
-0.4753816202183172
0.9763346623462673
1.3714711138396016
0.7230745749598496
-0.23640549012201123
-0.4526400657665935
-0.02697975804791323
0.5301093409081447
1.4677576639978513
0.6496193166726042
-0.23221978408754884
1.4108327222673132
5.305398667982408
10.195887147549382
9.9182318687683
5.651901382548474
0.5497871535649935
-1.8040222956114809
-3.2687222677895584
-4.0140505425555
-2.357783414379183
-0.3925929857508782
1.0033640915673145
-1.4140092838354916
-6.9111312863233945
-9.018869621147905
-5.613494503864741
-1.7244855274851274
-0.35801519282655525
0.20335073161693018
0.23940380831900482
-0.21960406761528398
0.010533839820882395
0.631003063570118
0.6667786771144358
0.0836056001122826
-0.1365396976404093
0.8792174876937592
3.1436046036676553
6.288123145418484
9.076684186564886
9.062663068627081
3.833593154556681
-0.6456330515904408
-0.47939489819713693
2.795468106927002
2.625805652269824
0.7200092843786475
-1.196499368367538
-0.4508239274348681
0.7222812368616272
1.5683764233244273
0.732151124824053
-0.21898694397394136
-1.9131610445488212
-5.441517631114022
-8.718645320156114
-11.182695731683841
-8.78742858448389
-4.384724925080685
-0.5058858166909418
-0.1443331833460407
-0.7641673231197293
-0.45744632017134257
0.05244550134046094
0.882847081466474
0.44988470330113317
0.1417182866851601
0.23213993653670342
0.6026235876592214
0.5031261995131853
0.45571335077947345
0.7170194300378147
1.0922474198890544
0.6491933743577551
0.022705370035751352
1.094184968986361
2.3685081629744436
3.7311712012935536
5.6247988700626514
7.439910934769129
5.593174942964227
2.410566961697587
0.977911025313616
0.9554248333045511
1.147042303176967
1.0309955978905547
1.0100689397320293
0.6825357347788362
0.0030381527112634593
-3.188067472439199
-8.031318300759848
-10.845844782587156
-9.27873730100314
-4.80080847522808
-1.46356203446123
-0.20505066841972647
0.07996447635616923
0.17130259917224863
0.12483968546567818
-0.4080380959124291
-0.28085475489058204
-0.43750970460140876
0.1344626104361353
0.1696548204912606
0.4335638971737898
0.7845201598869409
1.297111193043317
0.7845618128032342
0.11020350697484514
0.9461832638806355
1.7512216966842713
3.1017379542346277
4.085365106588195
7.683989663712481
7.740243765109372
5.740170675923584
-0.31737236187671575
1.1035090187370682
1.7730666461813924
2.794152615863335
-0.7503081964338603
-5.128925783643426
-11.948274683646911
-10.783256214678428
-6.444956479966659
-2.579475245455319
-1.5164027381077854
0.5551861416345341
0.11339125546296047
-0.25749956583510514
-0.03665871287225199
-0.08310188722371228
-0.05000396886695034
-0.056151092362025506
0.14934305339328932
0.06163191171630351
-0.1254288160924765
-0.27270519745416694
0.259310162007905
0.4885007742870047
0.9041993078191771
0.9038953509899039
1.9544071444547155
2.665442664304941
4.2811211838479215
5.043813577569889
3.7491440105616225
3.1494967117605612
2.944938041518684
3.118269500418217
0.689579502406931
0.7221537382845644
0.7066121440027856
0.2522174070418358
-1.9013337008653923
-5.794419765449141
-7.785720150765075
-8.360534650370559
-4.985742299981602
-2.2416817179923925
0.034851791627738375
-0.10450822001980842
-0.3295679838302269
-0.2557887353256492
0.033291078944086214
1.1041618224163467
