0.8991008991008992
1.0
0.4378478664192951
0.4753246753246756
0.9999999999999989
0.4753246753246756
0.3055767761650118
0.7038123167155427
0.27128427128427113
0.6720779220779224
0.4955044955044951
0.6142093200916735
0.5877551020408168
0.947532467532464
0.6422668240850078
0.6422668240850047
0.5167464114832542
0.43784786641929574
0.5877551020408155
0.47532467532467604
0.7376623376623377
0.4955044955044951
0.8126159554730981
0.47532467532467604
0.7376623376623377
0.5167464114832518
0.6142093200916735
0.3878787878787879
0.5391365391365385
0.5391365391365385
0.7038123167155445
0.43784786641929574
0.4955044955044929
0.33077126954677993
0.42041679250981745
0.4561292366170413
0.25046382189239325
0.3441558441558436
0.5391365391365385
0.0
0.42041679250981745
0.3581099751312504
0.7376623376623377
0.9475324675324747
0.7376623376623377
0.999999999999993
