0.8328087854564177
0.8913689193269073
0.896911040446678
0.8884626575620764
0.8903066331087771
0.8902946155139886
0.8884157664802189
0.8956734958650931
0.897026805870588
0.8959656268760536
0.8828939012935083
0.8842438023464071
0.8741779102095147
0.8750924311086911
0.8673488356943533
0.8706165404945905
0.8629544716624687
0.8594738799978681
0.8581795538918231
0.862249169786756
0.8659202117821218
0.8633028218881713
0.8601760005921328
0.8544803976053312
0.8567074830065579
0.8538453867611051
0.8471590489978628
0.8423068499612607
0.8402407575556039
0.831213481498676
0.8303602037279004
0.8275266141235122
0.8202390427322837
0.8275445858456789
0.8340117435908977
0.8419448042665401
0.8277813247894682
0.827075634326063
0.8290108289378982
0.8363580939551875
0.8324793559882152
0.8211643324765796
0.8181214519587883
0.8116290127692112
0.7986261506678208
0.7650131302334002
0.7062247551796061
0.6074464688185903
0.4930328079521571
0.4057890375727964
0.3572070826424013
0.3197547896608432
0.28624474159895996
0.2689361815203566
0.25524606822362134
0.2541941352961309
0.24472070570406196
0.2412157462865256
0.2341102589192706
0.23715987094418228
0.23570333884599468
0.2309692379058148
0.22298081370856657
0.2157876556780291
0.21172601279216968
0.21312983061643864
0.2144422445809417
0.21516648320893358
0.2213037653816607
0.23636170010406712
0.247172876351906
0.2949763645898168
0.3502318087939371
0.43155056907294553
0.5497933536695299
0.7170431225863483
0.8353425194664851
0.8754958096247447
0.8666923480692634
0.8615826145857512
0.8616624683479084
0.8645855177975625
0.8612246501948941
0.8673133244601685
0.8672567714681463
0.860941296908822
0.8496631781369768
0.8451756068452231
0.8480261373798533
0.8501951196876687
0.8463188508754135
0.8443654140806929
0.8470954656190888
0.8537815214838106
0.8568254656854987
0.8503247022119867
0.8444808913245476
0.8473736483422494
0.85191898597557
0.849583853308863
0.8415167808265779
0.8412609780843223
0.8407163587059732
0.8405012123318177
0.8445604011220003
0.8453336390634052
0.84030424230607
0.8381654461740338
0.8459476158385644
0.8407208225691088
0.8230153768066324
0.7379600030684924
0.584629241879504
0.41138491148364437
0.3002090768096628
0.2420566635261716
0.21840076257745927
0.19942017553600014
0.18304691515613825
0.17474302233286698
0.1719339470961279
0.16484862232294725
0.15685993298919274
0.15541601607562222
0.15471704398173475
0.15470752625720263
0.15521350377799015
0.15696342372180247
0.157356879697444
0.16015119634196218
0.1582565586202891
0.154918925451003
0.15003328875436173
0.14972541166842881
0.14634797651286102
0.1536770580673777
0.1662105652284187
0.18136696165455826
0.21070671104658714
0.2538432642010717
0.34088054067737195
0.45835073121580605
0.6327957011516664
0.7784377532393753
0.8701791812231717
0.8958316517322187
0.8990290078586533
0.88910368656454
0.8724759154390531
0.8723412327147184
0.861265502362198
0.863870897231182
0.8623200378764517
0.8758957783296691
0.8815870755716027
0.8926013383620109
0.8990352643966731
0.9056512056046155
0.9090708836687647
0.9109816284085143
0.9185848697609267
0.9243135139922507
0.9290102212792877
0.9287585671062608
0.9270561365037521
0.9202722207254387
0.9205631706280188
0.9239835202460254
0.9274000977358194
0.9239800054756452
0.9228561534023267
0.9276107686946242
0.9283553465872034
0.9254510174946887
0.9174521704031101
0.9160906276531673
0.9171997480093301
0.9234974849237435
0.9244310057244585
0.9222057113029918
0.9203785854016622
0.9160642595443318
0.9131806312083117
0.9119646521595595
0.9123607505430045
0.9075736051885501
0.8962362184348399
0.8760401173302423
0.8428304043869075
0.7920308976929793
0.6904588823474096
0.561899809745113
0.44074971702078797
0.36541213745722223
0.31746843941175173
0.2860950671613688
0.2561658869765653
0.22903859978807647
0.20192158532956278
0.18289257738197395
0.17748508317549083
0.18059482838597213
0.17978742078565232
0.17904110568927456
0.17814836514473995
0.17739545545571153
0.17681878765072903
0.1786832962352945
0.17995524994909917
0.17945254535449973
0.17976021587832472
0.17678258894545212
0.17718988771649075
0.17598081794221604
0.1755223860009074
0.1729310877442184
0.17956688636136842
0.1844557974093213
0.18619105092256835
0.18797674499388842
0.20303753376843692
0.22215218098096334
0.2550163594058743
0.30701524110913714
0.37648117193536473
0.4737934486109542
0.6152273085118728
0.757014582205664
0.8644132729994962
0.912103780599747
0.9268614751661977
0.9165255046461056
0.9159922564998324
0.9152646875094984
0.9163053307335373
0.9145840849506646
0.9118457897278663
0.9088213878873135
0.905977653077607
0.9054657984992723
0.9048234775025816
0.9002959153241521
0.8971481071070357
0.9058125662529388
0.9146040644001879
0.9102875464332812
0.9064954537729505
0.9052856574948723
0.9031534435544298
0.8981597080348456
0.8982192590829748
0.8953875743218458
0.8952945658159692
0.8912605794318569
0.889446185436471
0.8918747040533026
0.9005128400101806
0.9092072171882888
0.9178134770970926
0.924618641533237
0.9285006875187533
0.9350971154936241
0.9412448791631468
0.9439942523799344
0.9478097640258987
0.9550032373829037
0.9634925405886329
0.9607814599334907
0.9356843865411356
0.8960322269063333
0.8367953549302318
0.7059563968350746
0.48779069835674926
0.2725109287494316
0.153021026863521
0.12419619996746965
0.1134883878073906
0.09726008148437033
0.08030150880819442
0.07083456405151461
0.0667294300439496
0.06426187105454004
0.06493853573564046
0.059171841149927906
0.05705129495601488
0.053586675504090284
0.05495636002717876
0.051965339260551364
0.051331252852952966
0.04794623419031457
0.047536537643271135
0.049382725160728676
0.048888739123781895
0.04836122405294584
0.04608453075770141
0.05157129706174322
0.05618280735792616
0.06864946324156201
0.10346320887203017
0.17847878204111361
0.3051876646018572
0.47043201834301146
0.6613210069963873
0.806860409792173
0.8917116724171967
0.9223031321297848
0.9471616095900428
0.9510445945150429
0.9505233171601419
0.9461224227033183
0.9462517881429215
0.9446427898044438
0.9459896692572305
0.9474056827029492
0.9415793861549508
0.9352138030374653
0.9319908700689918
0.9407805165069818
0.9457403931537527
0.9466168566242995
0.9439881538128185
0.9421285684039098
0.9362968616107779
0.9264106984901261
0.9201398329121996
0.9103058950682852
0.8953582948462353
0.8630888355250202
0.7630532418827352
0.6040962991438747
0.4438984165760338
0.3220104027661984
0.23502310402157706
0.18673972673568923
0.15837647225189133
0.12679252461690155
0.09689449267834245
0.07841409623439444
0.0645884961533019
0.060552973966683125
0.06142354309934169
0.06006818066314423
0.055340943583449285
0.05086719247510148
0.05247086843803287
0.054275823219988924
0.056681483405554754
0.05765603016987124
0.0591738464310398
0.061511252903408226
0.06519392494454673
0.06830573019914904
0.07467125403031022
0.11346288933474433
0.17829609059463275
0.3108809078713206
0.49866501838480876
0.6983328006951359
0.8258556371880023
0.8929994853055078
0.9276185887139337
0.9483493867956491
0.9642254349855877
0.9608098882471001
0.9522167718224375
0.9388223244513768
0.9460608813034397
0.955560848304848
0.9594070503581265
0.9562866322896885
0.9522093675532832
0.9474232488729659
0.9327999802466611
0.9268088436077901
0.9231167452856557
0.9258265502185685
0.9331413219329314
0.9325038969691675
0.9308789680098264
0.9265930873609456
0.9277648563707026
0.9251777861238291
0.9274865610064451
0.9184335480908702
0.906020150935434
0.9109885811564711
0.9266547389636783
0.9343067856328084
0.9336868556988103
0.9298853300465337
0.9212543389853446
0.9066600878065831
0.8816815972712413
0.8424999473154285
0.7880172396359352
0.6941315761849458
0.5687844387103407
0.40917469258448574
0.27710256798410104
0.1946081504856966
0.1688720665272492
0.139640461382951
0.11261912471290575
0.09537937708028335
0.08613588303209062
0.07805713068243691
0.07351860430197978
0.07484549634272047
0.0734379606469191
0.07391383446071075
0.07456631342914241
0.07696402328170436
0.07301495531800974
0.07141599999970133
0.07110783869463999
0.06955369087648955
0.07030567147150502
0.07514104280670059
0.08024683715779976
0.07860410980182747
0.08001150041487154
0.0964601225961479
0.14656404104184728
0.220041594738185
0.35340743442991535
0.5453004620103157
0.7283418651528641
0.8375474510060046
0.8836872205458672
0.9101021914775419
0.9137598551317835
0.9138727899224597
0.9131561245652362
0.9210867242147911
0.9237331417070757
0.930292846111017
0.9511469356566464
0.9608944673348485
0.9540855330549474
0.9404875880580791
0.9480614149220055
0.9517999361193272
0.9591755002136223
0.952179852677935
0.9499633716553806
0.9472499432192113
0.9507850896882696
0.9475276430672309
0.946594742444911
0.9445423930919421
0.9420539458200173
0.9506125410606389
0.9655751630865701
0.963230739065844
0.9365734086274344
0.8852053383270453
0.77727407793522
0.6187160506192356
0.4577876400919515
0.33062771193289464
0.24916537518462067
0.21121767869578323
0.19939653111208203
0.17862035710113672
0.15738558243421047
0.13866158724972596
0.126066293672225
0.10987340176402854
0.09236021023065077
0.07958873844576987
0.07434592576965092
0.07205122545825196
0.07029455794914857
0.06881592872210603
0.06604796690758832
0.06455048179874917
0.06306139186225695
0.06197387686741049
0.062407232038399714
0.06929243395362603
0.07598300001056373
0.07813502886819915
0.07875087101664241
0.10680643040143936
0.1554613708140709
0.23081426157615256
0.3343049398279516
0.4744993809419954
0.631686833707858
0.7740289618887266
0.8721762708576454
0.9066285575006855
0.8861515320079555
0.8683903136967808
0.876881992628854
0.897818396655497
0.8868685707008688
0.8649242121044978
0.8484561189076744
0.8277028822060538
0.8027702643404376
0.7932353233219135
0.8096173489085094
0.8258645452026785
0.8331072429067834
0.8376555969057886
0.8423691899661768
0.831467850962131
0.8253970293125021
0.8342142337446161
0.8567485741429495
0.8620515894259467
0.872278388786665
0.8811192767702598
0.9024561672223652
0.874772666878981
0.8626004094784121
0.8732482432514639
0.8807200904102565
0.8610559180674209
0.8777480768801713
0.9359565515315353
0.9524290262184285
0.9476446666565752
0.9299733909779361
0.9096767692259313
0.8747873067602185
0.8315977344257324
0.777278867560285
0.704168185709701
0.5960421974868202
0.46751604827625287
0.3351326699946331
0.21838843449765075
0.13842682465145095
0.10463955431897265
0.0864615243443045
0.06683297977299829
0.054382313941988496
0.046227738611342585
0.035140301302204476
0.025870013400605803
0.016579430252568146
0.010995971075008116
0.004677962782525727
0.001990132399386544
0.0011230597710412394
0.002179470833945134
0.0026221761198190895
0.006301219190468102
0.008260400101403356
0.008787026675890923
0.008098365796460057
0.008826818468005143
0.006004780044198389
0.007109852584881573
0.014349005914241193
0.0426280652447263
0.10216644565296987
0.19651778891272842
0.33441271403568523
0.49817057269641624
0.6661082263235459
0.7893698323245266
0.8693967918604296
0.8977364188539368
0.9068760144400997
0.8984494467456813
0.8972425113531617
0.9013208479830018
0.9091872766227125
0.9125273709045719
0.9153204894446887
0.9198659742310356
0.9240261720104597
0.9249191866403195
0.9257634268526348
0.9284086304021509
0.9344170321984328
0.9394032180153201
0.9474200980421205
0.9377701058826717
0.9118617024793773
0.8802515633057973
0.8825092297986359
0.8897918098982065
0.9061125183020516
0.9073967005060698
0.9108851098410332
0.9084743458483906
0.9103486083341417
0.9159880529517801
0.9230499848370446
0.9304512276863672
0.9443308737681909
0.9558399305813743
0.9710858711438611
0.9757978786656637
0.9784484691775487
0.9587607365552084
0.9319303923595517
0.8670967081294958
0.7566034671173129
0.6027451826184693
0.4456076342873432
0.2910707037638138
0.181393455538557
0.1262063148009677
0.10533081300850698
0.08342601689635429
0.0629693499048616
0.045825515117665486
0.03533440445119859
0.028225759024118058
0.021459475379708735
0.012047483210208744
0.00961857155045563
0.009996403561250849
0.011644576271780536
0.011136644742904801
0.01220416950392502
0.012433437556170011
0.013492856090197965
0.012618797672239751
0.011395795946887319
0.010256937477344866
0.014614658790661175
0.018502995251806872
0.028227564709435216
0.03809990679390214
0.04934261660579647
0.06799592778622326
0.11007434423337878
0.1809916911595377
0.29738046146235647
0.4512568409300864
0.6254420381915506
0.7672094134052068
0.8545487300977758
0.893511539343509
0.9167143353109599
0.936539631932151
0.9323196511987085
0.9333211198256071
0.9350135520119357
0.9340956355302729
0.9190876680611586
0.9164590079852241
0.923258420962827
0.9323976932271756
0.9367503285090376
0.9301717870838884
0.9249254013419921
0.9176624563074232
0.9269902804968342
0.9314392234613358
0.9344578469202782
0.9232837098259791
0.9146033297173491
0.913638177507804
0.9204834632687857
0.9343791301384848
0.9424972759491798
0.9412347763412772
0.9373986925641256
0.9354180000638335
0.9414477174552955
0.9426559644758672
0.9450913098130161
0.9540759111904479
0.9597549798947723
0.9659154714682063
0.9703255834007105
0.945876990583014
0.8805206941674828
0.7709357169205897
0.617416512626215
0.4343981414578091
0.28809491121083974
0.2132535628081515
0.1763171000611142
0.1442795697714146
0.11050863676614947
0.08641616954739714
0.07182756027099887
0.06107891829112003
0.0521877584719312
0.044508412378466394
0.040118716865375686
0.03948063658676722
0.04071573534655873
0.0439718998072649
0.044203270705602954
0.04458583675388082
0.04755461780196571
0.04837857352748512
0.047502674538892536
0.04816097117887688
0.05298443033724779
0.05490137492719063
0.05935826895923081
0.08862067366170351
0.15482954696472087
0.24680884012203508
0.37441096713914923
0.5379839746319712
0.7149365717357419
0.8321833316002671
0.893681835756501
0.9186449720940667
0.9341209248902603
0.9314236824645923
0.9309072804579132
0.9435749829545166
0.9550490593357087
0.9573769363630803
0.9544661043214996
0.957510493076662
0.9546044229063222
0.9450683328653449
0.9281825899082086
0.9171232852855267
0.9166362732335445
0.91452516230993
0.9060392791366214
0.8980474981221962
0.903736884451333
0.9035128522249487
0.9060636561536255
0.910635064982524
0.9243828986597032
0.9322657091160071
0.9283906800880537
0.9058483862355191
0.872196180284039
0.8014484637431394
0.6607123119655981
0.5116429415574818
0.40716758888497906
0.33935715693103596
0.2694229934665853
0.22016256044659652
0.19108974050906144
0.16266207925669823
0.13460688724182782
0.11134020832433879
0.09840056852177778
0.0923385606821929
0.08963453634935073
0.0883288179832312
0.08398362829924978
0.08122008131602382
0.08105262290760146
0.08076718196202895
0.08078375986293546
0.07874781290919153
0.07890663575010623
0.07863644811422268
0.08003330112598657
0.07989913792202104
0.08380640454888923
0.08910815432170303
0.10347522634950236
0.14542238469152297
0.20753518228778206
0.29080696450771815
0.4017100581342424
0.5761043311970819
0.7500189752041435
0.8764702828676881
0.9168119163692086
0.9254966621685766
0.9168243774927739
0.904472567670933
0.8946116877192178
0.9006838512521073
0.9116585157099921
0.9201595212478739
0.9236722166253214
0.926696107252757
0.9173227295342059
0.908987291772975
0.9055226448746201
0.9037479560090383
0.9025320593471168
0.9008828740647291
0.9014303719912745
0.9003503649449898
0.9077740290458531
0.9143535260251391
0.9161105159901826
0.9133707196269382
0.9157562922421926
0.9153680239131996
0.9196804913830788
0.9167961232704099
0.9185211325264759
0.9146113845145724
0.9200503085015298
0.9199323712473729
0.9191893049165828
0.9200588329021898
0.9291808187894826
0.9276192863661238
0.9056436480352891
0.8764923582582076
0.8452685944916453
0.7776442636691384
0.6374698545193065
0.45907483854191516
0.31457468933432386
0.24290704192113646
0.20966298279272844
0.17928195499620436
0.15079956228819152
0.13318684423619148
0.11695720830574799
0.09532364043242707
0.08013083929640204
0.0746001436710135
0.07229626989365821
0.07186578695786944
0.07192116069965808
0.07048695744525893
0.07065241741138144
0.07266796065395735
0.07771266777170044
0.07684833628126034
0.07685362009634114
0.07563021312515153
0.07779312404068392
0.07608396195332086
0.0775178939149774
0.07843666058106798
0.08642597177625083
0.09560892492416152
0.10570036743957509
0.13272199801403414
0.1905325054889157
0.2912681274002852
0.4229658682233041
0.6030129860375351
0.753306338516418
0.8452909940110064
0.878554792174377
0.9089994351148245
0.9235895703661877
0.9359845713100763
0.9436152283344993
0.9453189020662902
0.9454994741686191
0.937590081492896
0.9385335054042443
0.9566084791717677
0.957672947224193
0.950528758601516
0.9498721823181943
0.9581952640336407
0.955247628850365
0.9537229339182904
0.9485998795286902
0.9407857359443815
0.9427907545778257
0.9406951740688426
0.9412343083222269
0.9513695758641413
0.9562713202641864
0.9601826288804396
0.9554232357999375
0.9590499928951995
0.9560624317585247
0.956716958379569
0.9436715764763683
0.922071637405244
0.8746062057248895
0.7995472124711498
0.6539063342973537
0.46276512268952386
0.3045642614792075
0.22859588912552123
0.1846754699833701
0.14720655793533466
0.11304323935541452
0.08732123495533223
0.0699205282397676
0.06436324419587872
0.06020458308125317
0.04952911824022657
0.0398799615778356
0.04070008971701673
0.04832252919744421
0.04762733689819845
0.04101209153800728
0.03842858097617602
0.04359679886371611
0.044730146822330494
0.039487991722451155
0.04166317048691548
0.04614997917536678
0.04952612281935129
0.04562607522916537
0.05174103856129627
0.053698071713001165
0.06861924035522643
0.09757829186512691
0.15253151509001234
0.22068091447098964
0.30784654119713645
0.4255090409313211
0.5734807231700122
0.7148005497234515
0.8191706104171174
0.8807921797739343
0.9143424772072433
0.926445728553406
0.9385036083117033
0.9526353649867196
0.9570678256643215
0.9594093440945397
0.9656159688713656
0.9767510389787243
0.9816013309717498
0.9820569062570307
0.9854836532107427
0.9746529742944805
0.9666825487748996
0.9653042263949609
0.9789323437377266
0.9805416189471301
0.9799862340215597
0.9832758929440167
0.9895387835217081
0.9863050345699431
0.9904051477211603
0.9911578567636478
0.9937619233305031
0.9865778125304205
0.9772467567129242
0.9673739636967645
0.9717169284637948
0.9802499306414525
0.9770234668266348
0.9716807906116193
0.961301162853925
0.9382850668999518
0.9043295215609547
0.87356617666154
0.8034836045267245
0.6601186762115034
0.5474886497991647
0.4674566245491737
0.3881145867842125
0.27488871870037224
0.21096914329864436
0.17540411401147796
0.15027686422099004
0.12755654267283
0.11019990099951442
0.10266167727209485
0.09749188245776935
0.0842473593746202
0.06802951338210711
0.05911296780662637
0.05989965555301965
0.06295555847048812
0.06164428124394204
0.05980559451963076
0.060679482761403905
0.06570877949179565
0.06484931809278043
0.06532814950043911
0.06561594682003163
0.06550354427110748
0.06316583718581792
0.06484921955621048
0.06883907444234243
0.06581734218364577
0.06809278694804427
0.07770839002340885
0.10238600991246181
0.1349854899877279
0.18177789610350809
0.24894178956178237
0.3704093196068929
0.5392009398095077
0.7057493831974351
0.8138811166571981
0.876996543380583
0.914542299807251
0.9355785289875376
0.9369985208131141
0.9395388825164679
0.9340109079961196
0.9240254331858722
0.9186195883323623
0.8991301432845145
0.8954216994736169
0.886223090581915
0.899268357527861
0.8920589613834936
0.9141044840392509
0.9142202350333551
0.9219480663586328
0.9123015572262126
0.8995769577790909
0.871457836787666
0.8726482796846312
0.8890071689123509
0.9109538052114164
0.921254774493718
0.9087659464681079
0.896988761314921
0.9036001787332792
0.924768472112266
0.9223953610947728
0.9015276799398471
0.8436860785187192
0.7727617279435945
0.6730739838374423
0.5708104446298417
0.4473799248196396
0.3425826895168328
0.25919199080822125
0.2133368041410855
0.1825085694179848
0.153368225893484
0.13432845997153414
0.11235953511721686
0.08864686322083463
0.06947724315573378
0.060688753458703476
0.05727939939441886
0.05199173699834593
0.05047164540021216
0.04809152341931828
0.04930012951324869
0.05176972218974759
0.06225138819612731
0.07058174662611692
0.06906567649448532
0.06438562665516978
0.0644375633117018
0.06685915637908121
0.06817994239698949
0.07048219467191427
0.0714728828275173
0.06722791737408201
0.0710447800934261
0.07496058752337122
0.09206214471815224
0.12585256896852043
0.18260680385045727
0.2834570602707248
0.42524681000353326
0.5948872747549296
0.7311645167410326
0.8278991835685281
0.8738801359753621
0.9028819672391073
0.9178909640573006
0.9247319267247258
0.9186835912077882
0.9168142698071302
0.9041376551569344
0.8785189688416738
0.8666482699405272
0.8748256330261435
0.8850128921229717
0.8646566751978573
0.8514881010508596
0.8481534959314238
0.8574470666562465
0.8554550140265611
0.8553459987071806
0.8602058136567955
0.8640194974639515
0.862634686723284
0.8614419719500455
0.8665583525340275
0.8773695271969526
0.8826157494855131
0.8799163345192177
0.8761941678320022
0.8695561944898929
0.8491017369332527
0.7989518070398294
0.7088824532213724
0.5693756861107961
0.4129089284147075
0.2909185536353259
0.2225733430537807
0.1821257340759962
0.14292588911757867
0.10638868982236085
0.07938427161286937
0.06378496739274542
0.058977597349256984
0.057696570740353975
0.057713174223076216
0.0543548850955308
0.05130486041223621
0.04599449722116409
0.04149284882856661
0.04331185175607941
0.048168712699781124
0.053051453183045424
0.05095418372771729
0.05009169001750012
0.048605379076979385
0.05175513967142888
0.054218644816338354
0.05759556731828392
0.05714753116710768
0.05951585597809037
0.0670142741639742
0.07936399229714489
0.10153811575373298
0.1448513173793465
0.21469864353649312
0.3272315268972481
0.46910994918045335
0.6157688265578187
0.7330068712192762
0.8176165042254803
0.8684125004250923
0.8954079516305578
0.905750868006097
0.9032608784169597
0.9036055299319743
0.9087418982325031
0.9109405611606578
0.9078396949943671
0.9092673677170897
0.910315133570708
0.9129984667894961
0.9097520610522715
0.9081524188210209
0.9029592059221692
0.9039254494184483
0.9038099870825964
0.9022091502699412
0.8975521802196789
0.8923142371116832
0.8868285613233898
0.8885283888271667
0.8891114190253708
0.8849170925995995
0.8599074374680845
0.8045136016532686
0.7302890406616368
0.61798428159423
0.503802298500599
0.3951529021047976
0.3293579149662703
0.2661398111108553
0.2243301498969364
0.187132375740391
0.15782947963901076
0.1247551231602393
0.09661406985894655
0.07514493491578872
0.06840593166625292
0.06600579468902112
0.0685140663926414
0.06554177348363173
0.06540418688080027
0.0661057898645134
0.0686922664874533
0.06663074622202375
0.06673396892706045
0.0691355457144594
0.06494311489507808
0.06347737281712254
0.06816976788440136
0.07485415094443379
0.0787777628412436
0.08123642627542264
0.07632644372734018
0.0693253005243642
0.06961660272103512
0.07059555063300577
0.09764778233763888
0.1572049284647882
0.2590032845156465
0.37349902608148733
0.5170437113917034
0.6661091783398801
0.7829677501929333
0.8463626906001436
0.8718756878273799
0.8872888538025284
0.8856388100650545
0.8815175604782567
0.8743420915513069
0.8707084976748809
0.8685612079302356
0.8742795874470634
0.8790988075358063
0.8819199606661794
0.8778475423170239
0.8725814598351461
0.8698933122928665
0.8704937946316011
0.8729534683656439
0.8698392717040263
0.8683136620368712
0.8604520441107351
0.8539596193624532
0.8491194968777965
0.8538538790021908
0.8607878486438636
0.8642366698549195
0.8609983489767465
0.8531194516724461
0.8309830017065225
0.763895634352381
0.6278058565375106
0.46623744809739986
0.31418505247858625
0.21626440488861626
0.15619741544179755
0.12924015941611838
0.101849344355416
0.08196779382623665
0.0658447069748785
0.05312820789046875
0.050527460904685476
0.04990284231065648
0.04984561760050041
0.04565531173120367
0.04345600566414352
0.03811888600867132
0.03514078401754511
0.03201681721283415
0.038816781672401504
0.04842176010648243
0.0468420509156912
0.03592517158871382
0.03483584081843261
0.044934523906612914
0.04447380143930218
0.042540712523719604
0.0428416853511071
0.05026039498522062
0.05373294918887958
0.05532615129512253
0.054618182565749775
0.06147867304929186
0.07682189046984175
0.11445780504202366
0.18947571254000004
0.31654387209364987
0.49334091051115236
0.675475479063316
0.7964994075439723
0.8544426332716851
0.8893985324821663
0.9143713912367526
0.9286274601987499
0.9287304847512112
0.9235532892146315
0.9086614378170369
0.9052393159544455
0.8997420620690105
0.8946807522366012
0.8962164399752031
0.8929054867990566
0.8886924610748289
0.881098436047651
0.882053590329724
0.8782851182648876
0.8797622842690765
0.8812073002936686
0.8819551589940404
0.8859773098466588
0.8870185638268164
0.890546812588782
0.8908822931673752
0.8862881531994644
0.8771212251906746
0.8612337893667203
0.8114953742485987
0.6896255121870368
0.5477355224613639
0.42077272506926416
0.3343029678564932
0.2682238490536279
0.22355303096232115
0.18331654783075146
0.1470458535315146
0.12973230230968136
0.12014194958419874
0.10785115277745844
0.09365476038169271
0.08433388946451695
0.07580690425258003
0.06461957898921764
0.06044929989794099
0.059815656995946834
0.05899298646686775
0.05487078874315669
0.0530362775259256
0.054789605902814745
0.05807749755478806
0.06024792778514536
0.061316630190587806
0.05928756047690655
0.06522862822195234
0.06877935238450711
0.07115278886557572
0.0716238958944209
0.07935670731061067
0.07711454173519372
0.07533208109827683
0.07646200520531354
0.10772185835853082
0.17450010919543302
0.25798812080804767
0.36976235626895243
0.5340727514655248
0.7170758793689923
0.8389562259110201
0.8955011268096562
0.9135678342921691
0.9130093382447944
0.9090735217566739
0.9021213521687309
0.8922831028921745
0.8840383368876185
0.8841060826762611
0.8860410414083906
0.8846218957269247
0.8856556475931527
0.8903574839097019
0.8927770840833766
0.8925646110506109
0.8918312029848929
0.8906441757814153
0.8846499748281863
0.8811204741690256
0.8817791526341754
0.8768113393254933
0.867899978822174
0.8622733613879947
0.8649755234235451
0.8638177550850172
0.818779401598347
0.7170657763428938
0.5559369616125562
0.4089413977021415
0.3121399353341278
0.2677795662262721
0.23217708315990765
0.2025051786056584
0.18224241319045717
0.16443399705738987
0.14187741307913315
0.12599963611132764
0.1139334234726494
0.10768412605044146
0.0999721259808999
0.09956855872290378
0.09739339579087902
0.08744043360005266
0.07614271836158185
0.06653898570388261
0.05918786961207086
0.05092008945310104
0.0520734887505725
0.052828944672898184
0.05322397954930855
0.05708059977830245
0.06607044889822081
0.06757007762926956
0.06646521251553289
0.07029795886750313
0.0742867696548556
0.09816547444621274
0.14783996366946114
0.22124473904004258
0.2904892811091191
0.3833721540483713
0.5210888139381398
0.6932921348614061
0.8152600565428395
0.875704414350102
0.9012515702333965
0.9079717358650509
0.8882217098178391
0.8769316313458313
0.8879962585382228
0.902737339778092
0.8996625355287375
0.8931857067664457
0.8904577843821317
0.89083405932714
0.8837760814677086
0.8801340949834625
0.877702866706821
0.8736339622387401
0.8742587150036645
0.8800007561908367
0.8827735037412876
0.8832081888180466
0.8805184440203191
0.8737267371811541
0.8684962336949749
0.8685215166334528
0.8721229361042283
0.8578488832730449
0.8269161948147058
0.7725363658269452
0.6989884701909114
0.5877980315183857
0.46713296868699045
0.3663394921272242
0.29442854950355435
0.23691517784676458
0.18616152571999278
0.14474667313860984
0.11213426743517277
0.09224483734991336
0.07878526228773583
0.06945826480733841
0.06527047897672257
0.06681583826766396
0.067292135273547
0.06920598265595326
0.06264253833076826
0.05605167429029526
0.051778400867730896
0.051203882185707136
0.04642691132348085
0.04376040114164084
0.047384567747831965
0.04663948063587994
0.04518864856520646
0.04568323983541164
0.0479335240953312
0.04965830734966413
0.0481955448882602
0.04939694433269088
0.06060528703926937
0.11163704521976721
0.1767462022655836
0.2616677872343094
0.40708873913788834
0.600615346663945
0.7552969601816584
0.8383350819621158
0.8835191280016542
0.9136589403607379
0.9280021056163936
0.93663093499404
0.9325956979443141
0.925794944496403
0.918974540100185
0.9144047610822424
0.9115263971716442
0.9136835553755549
0.9158224942977633
0.9216979719192488
0.9256738200395912
0.928504681025813
0.92393110159992
0.923515435604313
0.9208224389767867
0.9159353150742584
0.911079256862153
0.9096837243147023
0.9004985602366645
0.8916132056970241
0.8843881015355228
0.8855069203413708
0.8733571430791051
0.856829907345012
0.8062248103727051
0.7053329957880149
0.5624935126846491
0.4217217750824825
0.31613016386477066
0.24930284717878615
0.20584908188637663
0.16150149551574128
0.12012103285189407
0.09366389726753084
0.07952884431868054
0.06680465866165489
0.06237209478435652
0.05946285934088527
0.062222761071390235
0.060834909418226356
0.06701376177369633
0.06987111427266718
0.06866718689730095
0.06643294849431902
0.0653481396823252
0.06838312570098512
0.0672591876576894
0.06380712839544332
0.06522642707171095
0.06741948784706131
0.07040733091915388
0.07007216020157767
0.07220326457627423
0.06882283100849348
0.06669746729265856
0.07519335311288389
0.10345663654586121
0.15252764611216865
0.22235346393772593
0.3078095053054124
0.4229058888068857
0.5591153769443983
0.6967020592391726
0.7956729051225508
0.8631294756491102
0.8932293501623246
0.9001923244902739
0.9044231870752941
0.9108620133174545
0.9091287227317764
0.8968870680380091
0.8875011928975816
0.8763863239721839
0.8741643888973518
0.8778731895913635
0.8817710241835747
0.8843776856196007
0.88648651947716
0.8839188759470671
0.8790761014891278
0.8760006483044771
0.8777929661082376
0.8773001970795017
0.8758758580210197
0.8725643589887988
0.8632039320198867
0.8522877736695361
0.8274599320152212
0.7793664222373876
0.7165992810893353
0.6574397856074328
0.5848605042654638
0.4971125690633332
0.4144472177292008
0.3636604986780604
0.3166548384067008
0.2720336317167347
0.23132751548721256
0.21088786351423222
0.1995473566940993
0.18802159435219348
0.1778020984824197
0.163605331406957
0.15745452606238586
0.15016883600248204
0.1417129129157999
0.13177520032632895
0.1312902715571562
0.13650258960902423
0.13946634007370792
0.13773766139144147
0.13544226917161012
0.13694553904897955
0.1346460930477743
0.13342661711756165
0.12916893981495442
0.13003415978766794
0.1294781397271613
0.12979812275402136
0.13093097793826924
0.13204207888250682
0.13594116190932043
0.14320731928687758
0.17544617902727144
0.22214903271127562
0.2863744643695029
0.3743566706441282
0.5053894032584516
0.6641168567877386
0.7879437695379423
0.8581848657700059
0.8830760734599024
0.9016822672877551
0.9026752919000554
0.9008411606660404
0.9044132234776509
0.9137383656664403
0.913066758193364
0.9066520073346209
0.9053896286760857
0.9059719752869082
0.9059727972208459
0.9017529424110928
0.8965111832092693
0.8958522516673212
0.9071398495067535
0.9139448453945235
0.9078815201612909
0.8978195233260595
0.8882610020656231
0.8819098695664574
0.8724521305890884
0.8630163931695491
0.841620004229359
0.8036286407487682
0.7430638875201612
0.6237732181456654
0.47247951479571787
0.3400257434105808
0.2674394483577985
0.20925829919225966
0.15874487264757028
0.12255230921912223
0.10149991774302382
0.090267745352651
0.08414336403441394
0.07971096031254474
0.06819706781216209
0.054416876508376566
0.04944740361908327
0.0561144713920613
0.05830801566193978
0.057521577546487034
0.05801354317068198
0.06271255208973373
0.059725264071813694
0.059006746786939596
0.05927036605571101
0.06012400477818101
0.06088459344623098
0.06272364116884853
0.0640879901847656
0.0637834075711094
0.06667445845099135
0.06781622612947899
0.06465383604868649
0.06456703251325965
0.06394067665153554
0.06592356195714498
0.09572786476231013
0.16346456659871503
0.24563445101720077
0.37433532075051396
0.5622072732484784
0.736350845203948
0.8280284570124216
0.8795914012280639
0.9190611574069629
0.9379635065688318
0.9375796246875007
0.932713529409684
0.9251008530360774
0.9207012066173795
0.9278255880218773
0.9333765061198672
0.9287374059882195
0.9195110582440573
0.9092406392685484
0.9054600692620229
0.9055566513631703
0.907032095507898
0.9067806924605523
0.9062231491791206
0.9085124056192309
0.9079655193841987
0.9111787529823067
0.911962545659103
0.9088616107786824
0.8883617429575072
0.8449198591241138
0.7601513777504183
0.618578021878118
0.46057954832247827
0.3351662550254556
0.25963352667465156
0.21001006985744364
0.17457263457304548
0.14344494074097497
0.11203866417861635
0.08920163828590609
0.074659410076613
0.07107511146106445
0.07019396337365955
0.06871202455217693
0.06656350801133515
0.06868067763318828
0.07105448583432675
0.07088427405692714
0.06543272089735819
0.06282817679582307
0.061078234194249896
0.060565148469429265
0.059111483255224445
0.061102078836777665
0.05662861589630208
0.05579851920293745
0.05686160799401767
0.06272695745697238
0.06341072990314477
0.06687552219104398
0.06883867142098152
0.09083478240321387
0.1495990111949351
0.22819035959797157
0.3294188899667697
0.46384631595303655
0.6339799711858856
0.7789326085089531
0.8628885937956123
0.8904239115965435
0.8819923675168434
0.8670865861440257
0.8535027136583939
0.8538318905675498
0.852004753231106
0.8483821378376928
0.8453123106180177
0.848873786739782
0.8539466607001266
0.8518050632910859
0.8434170013537065
0.8443055379545741
0.8417762869583224
0.8451828775757781
0.8408904291804326
0.8417526258358525
0.8403427588593153
0.8451294788619348
0.8479548488609477
0.8510701261884219
0.8546904079034914
0.8516850348350906
0.8309195598109704
0.7864850581025753
0.7144164652501221
0.631006838095447
0.5223783397928642
0.4121144975513599
0.3211148351060116
0.2636511465657436
0.2160232805474194
0.17919219590623942
0.1510986989860203
0.12371841311958119
0.10281713304047335
0.08960480170610056
0.08200454951286881
0.07277465643910425
0.06694985055268998
0.06258963842975478
0.059892703245633436
0.05932246254466496
0.06268701800061921
0.06592570692580021
0.06909154678281437
0.07255471012430109
0.07868041556934299
0.07987785093474029
0.07308256916485421
0.06427808043782238
0.06131806149009621
0.06230991443360825
0.06152159876405583
0.06024963250938971
0.05667674230984696
0.05486616439054708
0.05890273980177268
0.06962726601597358
0.09707746897817847
0.15534687392852348
0.21053504179712046
0.30650129154470385
0.4291469590542438
0.6023022176810819
0.7433011576048165
0.8517639291797728
0.8888796814417397
0.8927140409532446
0.8880356373956052
0.8892388860248899
0.8944595167240373
0.8886449529961339
0.8789868755251806
0.8770405876020876
0.8776043103373887
0.8745201531520166
0.876925501621878
0.8846331937646821
0.8902289012734115
0.8870207132956767
0.8860333690790283
0.8875308388505536
0.8910473352072807
0.8919716270606506
0.8845430812160882
0.8735333291787364
0.8671328410267173
