3.5136080322293775
0.3325272671862423
-0.5069029730760956
0.11063853280204088
-0.0007210556873116226
-0.1127309420261802
0.43546376309245416
0.08119860032969274
-0.06367073967206373
-0.7843035349527183
0.080994063173927
-0.6039535282135412
0.05487125395057914
-0.4646157248602668
0.1960622880142316
-0.4597241299273037
-0.20883549987604116
-0.07765956636269779
0.24417695369597597
0.22026251972194327
-0.15704339363702585
-0.18760927776230846
-0.34173617920809646
0.13362512407359753
-0.17172577472716502
-0.4011802657945408
-0.2911319421961234
-0.12396554433940835
-0.5416365634156711
-0.05119666624653592
-0.17001537626329002
-0.4372542834737174
0.4383325868037144
0.388029464713128
0.47598364053854053
-0.8498087686243146
-0.04234142780431092
0.11611167671011377
0.44083590103735165
-0.23272427801833556
-0.678901410698134
-0.18257283106748076
-0.38954635137462434
-0.7801717260834182
-2.0167812260652433
-3.527302503227634
-5.926697181660971
-6.8648196519859725
-5.234626222761661
-2.9149172958236957
-2.2471375788934944
-2.0106028837129877
-1.0385136047162062
-0.8214067978041125
-0.06311597564942728
-0.5684057755241338
-0.21029756505218286
-0.42632924203529854
0.1829767214947021
-0.08739192589125558
-0.28404605641079317
-0.4793054518348961
-0.43158948183224954
-0.24369857315156268
0.08422906945613792
0.078744837870183
0.04345431767951395
0.36823693036362265
0.9034760833443893
0.6486705748703343
2.8682092942746586
3.3153266522471867
4.879125616740523
7.0945670757950845
10.034986135009007
7.097963812808233
2.4091974094955866
-0.528207693328879
-0.3065840090107278
0.004791225729428045
0.1753829669792501
-0.201652056160105
0.3653204559164589
-0.00339317952133379
-0.3789284735594558
-0.6766871263107179
-0.2692542775052194
0.17103183207781542
0.1301389384689227
-0.23257612873531114
-0.11720620768323628
0.16380309230375426
0.40116335188331054
0.18263665210128277
-0.3900458084107164
-0.35062865324634884
0.17356542106210576
0.2727202579992367
-0.14010796000242293
-0.4840243489371083
-0.015348164535333773
-0.032677162700948906
-0.01290878244932574
0.24355132741095217
0.04639427648429572
-0.30176380544011056
-0.1283277679221766
0.4669301798718378
-0.3136075961673282
-1.0623267457485912
-5.103322424288417
-9.199845671339334
-10.394659823751478
-6.670550080438917
-3.4891447970094838
-1.4193540569227454
-1.1388352224875369
-0.982395622791717
-0.4982335693962776
-0.1685445142043463
-0.4251194863908396
-0.47932136002526
-0.08663501481423116
-0.04193832563324854
-0.0005710634719269268
0.030358651247251008
0.10499519662873973
0.02360735853849169
0.16765899867109138
-0.1136782633003826
-0.20025799015716622
-0.2931382017984773
-0.018472625155974764
-0.2026461093340683
0.43974489327100175
0.7520104296624635
0.9093837855683524
1.760384963521739
2.5881931892690844
5.222236588578031
7.048211432306071
10.466698196151658
8.738523125262562
5.504485679027808
1.5391482305427817
0.19184136758607487
-0.5955192776467987
-0.997666267529215
-0.008080963460082054
-0.6645438211512268
0.15632369213904262
-0.09305156128381682
0.8145444271930475
0.341477834516012
0.6608557674244998
0.38603556207973316
0.39695647247654536
0.20518068384894744
0.11464468438497728
0.4561944811447344
0.34371865387944245
0.2818024372222193
-0.015099250381611693
-0.10214583615052489
-0.4070349466988047
0.017456994154809787
0.2052209770803867
0.20499464938764494
-0.20520553561045612
-0.06743112439910683
0.2852769175378499
0.044674673554752235
-0.1742597455508827
-0.47993082549471827
-0.08169256499656752
0.06654722136977066
0.3778642148648039
0.05601124804289779
-0.1335176652880015
-0.10962755407977681
-0.2588595514398238
-0.17301770016120033
-0.07295874292513575
0.023765903006700645
-0.28722872126726184
-0.680243205222615
-1.2117660662758587
-1.9925827766000985
-3.047970401635702
-6.094320920734042
-7.713544356137823
-7.269005563459528
-4.52025477381396
-2.87662188272824
-1.8824023350229835
-1.7957508110882168
-1.6276372313092908
-1.6270208675108275
-1.1417404768553336
-0.32444965238898843
0.18658471262887844
-0.048444456019188405
-0.044778905782666016
-0.05356443267207708
-0.04517458134170378
-0.03460006829895014
0.11187051507392838
0.07631722282828074
-0.03016227567596685
0.018460231429499662
-0.17865761597235638
0.024437926262316768
-0.07254418645648268
-0.027505916478519174
-0.15547789540134027
0.3981479170290028
0.2933346628771743
0.10411521079482326
0.10714164427920429
0.9036473264728891
1.1468788327515895
1.9718507054946648
3.119932902195781
4.16795584957367
5.838736600535388
8.486031594055147
8.507236421627274
6.4439214476299576
2.861430456015054
0.8854616739870456
-0.6201582312055254
-0.03199488877639223
-0.04365413942003975
0.06243859344233127
-0.10327474697235922
-0.16429771336789414
-0.1814641104331722
-0.17062408858238792
-0.03071127470008161
-0.03853925980144238
-0.271653730705773
-0.18886849302698194
0.5198675487541867
0.5274898888349485
-0.2589910780144021
-0.22752555961983423
-0.07258777668468967
-0.12793283642655018
-0.2996241311750569
0.0035730628877561747
-0.1699010856677436
-0.0055805103525941235
-0.2420391830467414
-0.10886363972315166
0.1457111170098951
0.5182881574126826
0.5216626306864921
0.5163755945282308
0.40830986616866716
0.23292275913097432
0.39578567849222895
0.36886582017136593
0.16496239300725582
0.22893069875785735
0.4316084014203041
0.5093581923437513
-0.16266483930852896
-1.5058244035413124
-2.3791295780881456
-3.5542123185661025
-7.850337485709461
-13.089941908699567
-12.916786176439105
-7.169394113154662
-1.7294896137630875
-0.6424687296047116
-0.9736983793812192
-1.0175143605705583
-0.5680166854007904
-0.24630804045390176
-0.1480535393645743
0.04059988086602532
-0.34600167514275426
-0.12723277163478197
-0.20787716711547657
0.08218107138530899
-0.1794612459976445
-0.03804518445590404
-0.20310111975830467
-0.024581792822606034
0.11077125104744696
-0.02963916221680695
-0.0316509042501632
-0.13660159771466665
0.32920597824250974
0.2766906177709777
0.7479993530181538
2.0888247378280966
4.500934390145023
7.602532953644642
9.91466122446929
11.453339319202591
8.732364167747173
5.091075757501442
1.8354875827552883
1.4915086476154085
0.23297909550000412
-0.03127664129405583
-0.26405366740942166
0.007761926376197464
-0.09653990030866345
0.08081276716720016
0.08496080674312431
-0.34957779287990387
-0.3819349870491364
-0.19337597810840615
0.5273787862793996
0.2975925988062544
0.05258780823280925
-0.15772216868885913
-0.11157512453451868
-0.3499024075879177
-0.593169787239105
-0.3762519346755946
-0.590036270634866
-0.8968560133229962
-1.9361675592729102
-6.002135618537127
-9.537416564331659
-9.611872954070492
-7.313280828590149
-5.2192379246773
-2.89700263715328
-1.7017952690278797
-1.8950368580993937
-1.7938819163134565
-1.1088237866368846
-0.8295360048655556
-0.242131331197127
0.052234147959514164
-0.08132174617184783
-0.28363422478169786
-0.26842506650086945
0.09622055777588394
0.10829728691736357
0.14433961113395033
0.0584728058589893
0.09106897567011417
0.14024438834210584
0.2209603224683112
0.1867083152761291
0.3819314298696721
2.3274981182660546
3.889992075593319
7.9550890366013
11.267046630809329
11.980066938619673
7.651370189572007
4.028630887050345
2.077146204505561
1.2438478849029289
0.9525628913963191
-0.20493280430925315
-0.5155869854797608
-0.8036668422636424
0.4343134111237507
0.569998020084501
0.2307721231967083
-0.18722508410628014
-0.24463588418431523
-0.2871671208190395
-0.8773961175782916
-0.3594681983322591
-0.22152589932806854
0.162588295974771
0.43888630286177555
-0.03824549782583744
-0.09749573756046494
-0.257152838932849
0.07030614058542131
-0.15522421481240506
0.13852649295696345
-0.5431807749344971
-0.7448038293261754
0.2981058132622271
0.9399694684324389
0.4591228001478081
-0.03719579603989067
-0.2280915391365931
-0.5178594636713504
-0.8756550707256903
-1.498709432120516
-2.3508989973487733
-3.2689624607696137
-5.633139807059382
-7.520828248475934
-9.57658476755133
-7.92432747602311
-4.949665049904284
-1.5441650375068494
-1.7538963086578987
-1.6212802002027207
-1.0343848579573476
-0.5546096428915659
-0.4847251409792239
-0.2723115828274293
0.0796135224444422
-0.08445214174808288
0.02855242882749891
0.03914873810590011
0.1438625911537098
-0.2369440778216783
-0.09593731909850474
-0.01848967830368038
-0.09324886908902685
0.045118835700928166
0.2901222801117353
0.30634766106595157
-0.09856364135833774
0.0844434367826444
0.9869173308765854
3.0062351067419733
4.408653221780279
8.00195038150385
11.51358165482406
10.98248418855236
6.55233515118845
2.768386172391769
1.5848982559004854
0.21945981925449576
0.006776087440572034
-0.04299992143340885
0.4758359789732952
0.15878504953707406
0.3935822642364842
1.2512453727377681
0.584851900692127
-0.40853605679407023
-0.8158766998120999
0.45442961183558445
0.22431127183929472
0.4425338456577059
-0.41973885214123746
-0.1329888613532675
-0.1628057061701577
0.21210878814349762
-0.19544679726232042
-0.055974037339192796
-0.12314096117813689
-0.14930683631548644
0.5135157144372933
0.8977573215558775
-0.14066544124356645
-1.5994398263045797
-3.08208421802336
-6.475875623509197
-9.513481638959094
-9.655704631637082
-7.6295956895434385
-4.887740204896455
-2.2768617893302547
-0.7092688550220747
-1.2465704406567228
-1.2740864800155793
-1.1234397110690741
-0.7557176146500609
-0.9715735144917904
-1.05079149200267
-0.7662883070928569
-0.31456876056713823
-0.13768201868393068
-0.10540005054620365
-0.08871775362255312
-0.16607770887106274
-0.08984910653034948
-0.08934539618953329
-0.06525089969078825
0.02600131025935366
0.41311211491355815
0.4014339634162848
0.12912173145811887
0.03695052890659788
1.6833335630877333
2.9192964247580586
4.521173445724674
6.209440695108296
8.411666466842208
9.431247165952296
8.540527690851688
5.88883853813546
2.067137198582304
-1.2286215295638703
-1.0656730986704301
0.50950073592437
1.2561842415986506
-0.6569895572776614
-1.3166615157823351
-0.9880855918093553
-1.2451942020973037
-1.4959570719368964
-0.5720964611114813
0.9829215351957088
0.9748317776501979
0.43456186224627275
0.2729012399403285
0.2828155836232786
-0.6540803402427836
-0.3642492989777165
0.5290322659268124
1.352060423900078
0.3181809169798197
0.6136079616431294
0.5304532790156637
1.2802134271263972
-1.6610100206029683
-0.7303354440341774
0.6388700263830753
0.44831082952757945
-1.1798503405700758
1.001529528765083
3.492508479081668
0.9883484812136463
-0.28706157371118385
-1.060276540718295
-1.2177973051203543
-2.093367747942663
-2.5913743400693177
-3.259132011926682
-4.38664091103529
-6.487559293372524
-7.711568952634478
-7.943002696896792
-7.004654129819339
-4.797696590771749
-2.027236219948813
-1.0906817984800348
-1.1777126742784394
-0.7470399498605506
-0.4892745198387303
-0.6652462385483244
-0.5562172740958927
-0.557434988882291
-0.3350075506535851
-0.3790804975489649
-0.16126982298834297
-0.052024357700721245
0.06338466377423053
0.026562317152438834
0.22074258423892976
0.11755085465612192
0.03159759446925248
-0.04131965276585428
0.043707160292702996
-0.16932230542839682
0.06630435244099478
0.4343491997615556
1.6967435598292029
3.5723028244944364
5.661080595585835
8.273695507376997
9.825471519644418
10.07625921762728
7.395696360059262
4.801617572153941
1.7003776196105302
0.5483757351697431
-0.5055940616651332
-0.07241612355117194
0.24470019779039623
0.47198571838266606
0.20040565691155646
0.1675871124070156
0.27272908718079836
0.24961186676546096
0.05358087779158538
0.050654412738922565
0.1587122129709605
0.3605041077769294
0.29917114901322717
0.481012801608048
-0.5789995295668949
-1.554504204197757
-1.8966083504147002
0.1354599895703056
0.43695480597426156
0.9792425042306597
0.07705093224109388
0.20930456009779455
-0.14464583955856525
0.11245574914505836
0.33836667705832524
0.42371591311584855
0.4440745709593838
0.8327787649093795
0.6905434087910416
0.9147564337491654
0.2827204513081699
0.1590354307130913
-1.181263957340356
-1.609820651739498
-3.8900210538031583
-6.6295944607313535
-9.231497069930153
-9.428252899868104
-9.272215831411303
-6.5806348935157795
-3.3112284442551942
-1.252530107547714
-1.3142877667290962
-1.2274000194896313
-1.0286300872317156
-0.6294666399880494
-0.42651872562481086
-0.40597701866453917
-0.5647195301700316
-0.1457346995851796
0.02266992064771441
0.09889036263177631
-0.030475891732545803
0.06405148566120997
0.01375608313470023
0.06356511204167403
-0.0524435050774958
-0.07338010352114228
-0.06833150817255107
0.2614632787989655
0.2333001876687551
0.5834741674576716
0.5923405250679861
0.6745625887136979
1.1191986708255521
2.5247049868294744
4.255040815569323
6.983326218169523
9.232582768063336
10.45111183568845
8.506042512818944
5.240359001554438
2.337768554743879
1.3921677580471328
1.189517797271403
-0.2531988440065602
0.060088117613909316
0.10154593117971339
-0.05507498889977349
-0.9004780481468108
-0.15771960455608144
0.4079647786561532
0.548356335860949
0.26115811691170865
-0.394712485508977
-0.31478314451376155
-0.4357767020741602
0.5596694513646338
0.2669365778701112
0.18111740753653724
-0.6704482256579872
-0.5208228065177697
-0.05790913257270814
0.41071714565892875
0.8337400121819056
0.48708874864172297
-0.07574997647415162
-0.23016502662910973
-0.11884155001751959
0.36178304348774504
0.07249482123429546
0.14612072022894548
0.5390760826458771
0.34074412225948586
0.3696294944060224
0.2646067159502658
-1.4669155690617177
-3.921377784931677
-6.575098634813959
-9.211152257662025
-10.981102270104978
-8.778193814817724
-4.49048090416155
-2.2161877648221275
-1.9222518173820857
-2.0262559803158067
-1.445548033125222
-0.8753165565838525
-0.6449185187927675
-0.5334695891513029
-0.46076076560791474
-0.26338173078542937
-0.03828481671650623
0.0741059255874949
0.1953698676423607
0.01388225390028387
0.02295396289667098
0.17812686288510335
0.04943734353116212
-0.052553939315557956
0.039497798399058794
0.289407549502271
0.11501667539656477
0.26741364192242595
1.7557442821482745
3.9725323981812677
5.518757589438578
7.656127621026468
9.814380449569878
10.61715582622571
7.0348055918719155
3.6899102493738454
1.49778818025403
0.9285571677715714
-0.16183454554009188
-0.030984120400746176
0.7600621497962489
0.6884445828714938
0.13967262164230293
-0.1746499224948341
0.18266332530975687
-0.1743642102203815
-0.5721654024586114
-1.0131445774282353
-0.6635582773608809
-0.029220723118933974
-0.1266666554168631
-0.5091529903985427
-0.479506860865489
0.34136317974823027
-0.013441933583059782
0.15304823572061624
0.2742845297338966
0.8248700206308015
0.47296862737821055
-0.23250174167722004
-1.352537631152008
-2.019132357088706
-4.244862992454219
-8.444169106652057
-8.944162224487487
-6.268521160349852
-4.068625917236817
-4.19604980786683
-2.9556259811994967
-1.7443691962520178
-1.7056596751418893
-1.6833115208921412
-1.396000735049421
-0.7763783881536218
-0.36372047037511357
-0.1622414599705221
-0.07834310196716819
-0.26071138103889957
-0.16581281899354963
-0.010047504505342213
-0.017126456734349572
0.0009946740543904109
-0.1221568172246296
0.009529370454882655
-0.016211258153011915
0.08381118070583786
-0.008049792237931496
0.23443599761210465
0.3181049863688126
0.8620243216680086
2.516829500521111
3.7267678557753605
4.99630693319645
6.654185617591123
10.463656383770967
10.434878640423175
7.5870784598131085
2.420498010091105
0.5210847479621136
-0.5203370805481374
-0.7411085893104973
-0.591652797102879
0.3643298119733858
0.6584798674730591
0.510060332272937
0.21076172264683785
0.1814334376461256
-0.5624026631130961
-0.5001262656738299
-0.2078788139013062
-0.1064813319348992
-0.07295379971529818
-0.09895111694325505
0.0328498755927261
-0.06480042277708165
0.4454198460518275
0.39476981875713724
0.10541939790261456
-0.16438778179465555
0.14313435691527246
-0.023296099739576977
0.2587480481927411
-0.17306208676014384
0.10350055536395493
-0.23458488071422812
0.32633543921743047
-0.007076235249412879
-0.0445839798474057
0.05217167913642425
0.5473191532375371
-0.09369194540153147
-1.3185382998500172
-1.7490773866249882
-1.8734258259936465
-4.057459849350642
-8.410464548989497
-10.703700958642948
-8.670008952455971
-4.30005884479103
-1.994643547704595
-1.8228616677913538
-1.7089435624808673
-1.05676308311995
-0.9737781558266649
-1.2980140723991906
-0.9115680681615537
-0.3318417375232956
-0.1382324266413252
-0.02582897614732526
0.0033224245073186997
-0.0860521952639447
0.009927597967349993
0.12093259455456161
0.30268242706457027
-0.05185988942640902
0.0003170289048481776
-0.07340441827138085
0.12977465493193693
-0.10254972524178951
0.08603591769938845
0.05512599996543752
0.4793586717109474
0.5509771888746728
0.6054865509247838
1.6212978344676354
3.4686304484927213
6.044137314681868
7.901864449381585
10.802827068853318
9.017601148733492
5.519079329675026
1.9958278898023532
1.826678576426757
0.8754081150818425
0.7437000566332771
0.4578394214654063
0.10222042390745026
0.0108343261397354
-0.47456356054336263
0.056605434680899624
1.0844984260513517
0.06386808314551644
-0.4286513173606487
-0.0393945769993012
0.49938490292681775
-0.17685811099653845
-0.09148169592447651
-0.30738326337600014
-0.4688486150585458
0.12030111800664335
-0.12573483053899098
0.03234805520305367
0.6081160525148989
0.294104664002691
0.2346785169752064
-0.2855635848301121
0.21760542571571256
-0.17925366820050212
0.03927159726266032
-0.7827229141920867
-1.295996344267396
-2.8479259008214353
-4.503539595224155
-8.738452690428264
-11.468472696469219
-9.492051672619521
-4.55810234122095
-2.6352251485292184
-2.248134722882014
-2.049799114795325
-1.5433202640048609
-1.0440424029338256
-0.3334370426333522
-0.24951966687752036
-0.6405278904616323
-0.5789493997434296
0.04920768835087091
0.4573463688256259
-0.041711537954747815
-0.3969147216114507
-0.15501063370988435
0.31009307325239016
0.0680008775168668
-0.3145293059927447
0.1305107258678669
0.26920852130706446
0.2025686186390605
-0.23400285541116836
0.3668977999278358
0.11742198910230041
0.8952701185334714
1.7375430905941278
3.2971933934929614
4.0889639628588705
5.2299376035685485
7.0597499840514795
8.878300934321025
8.479189593206842
6.262203641619639
3.697294161409227
2.013017845998437
0.7261950807697287
0.7234727854978795
0.8479054005009368
0.2659476406561252
0.1404911058130872
0.37239748660957367
0.6681042064414889
0.29101751958155
0.02733451711684906
0.20560481722273374
-0.6498407349757006
-0.4782255311748834
-0.0826993427963133
0.8176870405659885
0.0965565125642028
-0.033323095534221754
0.1973795353474329
0.3757734346614629
-0.19402493710590987
0.24600678907301773
0.04516254254925113
0.15624399401131028
-0.4310466480049758
-0.559863349049755
-0.5923675809696108
0.2605778860218004
0.5119801306594931
-0.19358782888905393
-0.32056057290094797
-0.6227776654616269
-1.3809657572383196
-2.0373327203399443
-1.845800693964789
-4.204954328089169
-8.601895698912836
-6.75780158474071
-4.80192151499922
-4.760522265897942
-6.793552085030079
-3.835174524103891
-2.1339017572298777
-1.5076349874293606
-1.3632192928895341
-1.0413985003989945
-0.45229342364515146
-0.3101876888595477
-0.7946713849888247
-0.973070759550841
-0.5349927345288746
0.04720126478359917
0.18335417504807944
-0.07867663359276886
-0.11032120345868329
0.05243329450639177
0.3017578038234578
-0.051567683940916695
0.02872988445952265
0.017267839175552507
-0.0067441529354481675
-0.14026242511738166
0.1010029422235594
0.23939129316787938
-0.18130393552180993
0.13652668586391803
0.5769361845219073
1.4806571933429467
1.955968804516077
2.8075443669469697
4.029833607496686
7.288051802705492
10.127497212157463
9.992906603276213
6.48790400758615
3.786925603402501
2.252745385600209
1.2621737508172666
0.085199509534577
0.1524217022012373
-0.3316784712209142
-0.5991284886148825
-0.324350691210538
-1.1693667028709396
-0.22250662865386395
-0.5519165335021506
0.7827160167566436
-0.4325637686620711
1.3227313593455146
0.006945059646253199
0.4636698795165869
-0.5787905479452422
-0.7634759668273506
-1.6871472594852293
0.07142657381791835
0.9815333536632357
1.316798177944009
0.6180581569379939
-0.7493296815366439
-0.706631109191256
0.39668504510151725
1.2700976027390056
-0.14238666104959752
-1.2520608692956172
-3.4704960852678663
-4.2554610345068165
-5.981264646369473
-6.135812352456389
-7.405831188610964
-6.2878341181687665
-5.003441922516977
-2.7513112000283018
-1.849694083385753
-1.7484206114701468
-1.1423859553170568
-1.318135491259112
-1.422760313782711
-1.1501772039061167
-0.5273093818218483
-0.20456124385708857
-0.3172597437643262
-0.09120549588803156
-0.14280731885364084
0.07251636563581344
0.1481755605899423
0.6288999603828187
0.4998215057994054
-0.09096420789788194
-0.28080299035894835
0.003116199391921714
0.1452955840427727
0.0792471610744842
0.13813513649549478
0.059441289336185414
-0.25469792720613205
0.2290117631606095
0.23494844579672022
1.02609343168692
2.027425455021774
3.405254092916404
6.051015385216396
8.50738498396899
10.178427885082192
8.17663451916664
5.804080009650062
2.7588571444101953
1.7401098758244415
0.9005398090916518
0.4104577600455339
-0.3629001310162778
-0.11215928403946164
-0.7605968790117889
-1.5371211789157266
-0.7122419340686822
0.49064178513700163
0.611235545809731
-1.2213730155069376
-0.7901144488197374
-0.20007630716616182
0.5576142434893955
-0.11952315778112968
-0.006540919162826374
0.29158889697690754
0.22882102842937094
-0.08308864444005054
-0.07156288639430289
0.30698283503893775
0.6486704797755452
0.3147733373135827
-0.16196489797773583
-0.22333000123294136
-0.39827840052658425
-1.2272674533982144
-3.0089957936055733
-5.404161229107723
-8.370406026635054
-9.388005461763852
-7.31942248676331
-4.100712634892946
-2.426856538667209
-2.3519906975046836
-2.1922319577131937
-1.620265092569581
-0.935958253207291
-0.2884422026093224
-0.07686159653418491
0.0009962089633345228
-0.20149734765269364
-0.18300148099768557
-0.31862179146434544
-0.27009890355586413
0.10914017565075111
0.29141165662211926
0.29296442899587466
-0.12583616731969527
-0.05174962261302203
-0.08917865643124918
0.18898563566698062
0.14781030869454517
0.20261535011674547
-0.02688216907057575
0.1420994886589694
0.449905091152959
0.7409830879902837
1.3304474073953612
2.5987920975369594
4.1908395694281415
6.751973001645683
8.512705336992799
8.799532642642424
7.034282679686349
5.076577980372532
3.0477597719768967
1.6197270723276724
0.6205749825323934
-0.14939937534825104
0.020679090900878116
0.30818209803167806
0.13191977568929175
-0.18605196997745158
0.08566036336336057
0.06286595121708943
0.16099999312729568
-0.19478434423349175
-0.09597853387503731
-0.3115927739310577
0.057974609776753026
-0.006927740151115141
-0.0960502087592979
-0.2794182030157558
-0.314276586479756
-0.3291405472976226
0.1019896502265945
0.03498181189225157
-0.2516595855462943
-1.5005793078909844
-3.3236301488884368
-4.45347365949816
-6.73828554404479
-6.850918985618251
-6.518963783747065
-3.9476992283118606
-3.7930862313251184
-2.5085796728347405
-2.231866449392851
-1.758173766082914
-1.9844613887264
-1.6884631980773013
-1.288148096589543
-0.4043401949721711
-0.14400821863391575
0.15049630221719323
-0.1783375745405906
-0.008255196169888094
0.042096179022790454
0.15518859737636964
-0.12369121592578007
0.006193362302202096
0.1440946072439147
-0.25154584916289374
-0.08794452467733721
0.2815437040367454
0.40106298360188286
0.23541671380860224
0.14751980605075077
-0.29459895288496446
-0.4200685921784934
0.017478131800256362
0.05873687471824208
1.623133902278079
3.5734287676284007
6.107901363051846
6.869744493950838
8.612681118611615
8.943928016891116
7.011514311183587
3.803696424432833
1.53077983363394
0.924789958508964
-0.09900262424843995
-0.2472749752078836
-0.43052813561691816
-0.21801563258557438
-0.12883738467872452
0.34310277100968406
0.2891532053245297
0.16926918782239694
-0.24434510094934414
-0.3159649489126165
-0.16128885253678754
0.03602894032408193
0.14758042404257438
-0.18685179969702725
-0.09153658002931074
-0.4716970755681961
-0.38954548489693147
-0.29040734907935695
0.2840629274636714
0.41603817850039226
0.20692927266336825
-0.19429925269034937
-0.47273383825805504
-1.3281869979554894
-4.025242041247864
-8.165386668892683
-9.694104506407198
-9.123143737129336
-5.8752388553972805
-3.6040193668093274
-1.6174353615408419
-1.6434489036422366
-1.1928930317505746
-0.9673852110815437
-0.7629899450646284
-0.1560448191470054
-0.03747711564173373
-0.0034334826093646584
-0.2514183521578185
-0.13195836402358863
-0.3202271793283501
-0.1786861194675825
-0.18743800828266846
0.40799786757397755
0.5762987060448882
-0.0947825514474791
-0.65501275961868
-0.06535984621686217
0.6059209852908525
-0.0276433480386457
-0.11598533493496106
0.018058369643246898
0.4451225780468366
0.20835325221954948
0.09559212637456187
-0.04247812376236759
0.4116294290125485
0.9205930452330459
2.2581548743305615
4.501074449878838
7.624089573219424
10.607822305050753
10.928074113128107
7.261435708839794
3.476593543662967
2.0973539526289877
1.4983715252749452
0.8553641377198848
0.006181473147682044
-0.310631732194733
-0.8935110838557289
-0.20532731175549493
-0.32983523312611773
-0.3036785899445152
0.09214126431611981
-0.1986571905688008
-0.25278154345367393
-0.4556415016306013
0.057309256924379305
-0.2261083238901924
0.08862996025133911
0.08670096147550742
0.04487152202231426
0.24132905115711573
0.062475238809448726
0.21169492571794551
0.020128834715594825
-0.2756483980746639
-0.5500156805273033
-0.9532461494373088
-2.984304907087466
-7.312191723694131
-8.513399383539044
-7.617767843526418
-5.188185432766552
-3.9647471281721445
-2.6802490854779855
-2.4141889878943186
-2.1762416579543364
-1.0388130733098313
-0.5754211635289896
-0.7374478084044603
-0.8517835437459921
-0.5592522550304583
-0.5116191127162438
-0.6712395158017821
-0.25021674547661293
-0.03801857411964346
-0.04936023174474782
-0.24733186342267752
-0.11007067303387173
0.10519970261333215
0.19727349911841022
0.1302258138214452
0.06412214432653687
-0.12174418282088219
0.3564640647027677
0.2130434497532981
0.14240618886409423
0.028266421730712917
0.4639686849714125
-0.13452993452502493
-0.1069476382149969
0.06779544642220689
1.8755911891931432
4.0066950502143595
5.009280696756096
6.706454127654666
9.858623711794902
10.980187674206334
7.3128207925220865
3.3926940539183565
1.0840024489508377
-0.03350976284248217
-0.2361489892872416
-0.4171301752766025
-0.5902949565934181
-0.4946859602732849
0.004064747318559778
0.1160975239277739
-0.08514874088795517
0.06202511197367063
0.2821101789929675
0.1451760104204907
-0.01274838196594153
-0.04400448394308115
-0.0712216322086619
-0.3596520571937605
-0.21177003954960824
0.03952070790898879
-0.2980687985209443
-0.534681630199189
-0.3375970460507021
0.16212972213303345
-0.0694661003116765
-2.702301209200371
-6.102817515326234
-9.667728883820804
-8.819733834625385
-5.808087742079913
-2.6616221464714953
-2.1361489839819874
-1.7803142732550565
-1.2157659249118833
-1.0685049679840988
-1.3533950386954798
-0.9526666180683849
-0.7239727583205814
-0.3749578453324975
-0.4627200041725201
-0.02421403547976846
-0.13050977592146504
-0.5971777314496158
-0.6778629143082873
-0.5762239594618639
-0.4410669655087301
-0.49606680953821775
0.06920395784829174
0.04532735533953391
0.02370209258462315
0.23139721373964747
0.5393909471951319
0.08997772386291106
-0.06629190682420394
0.22996478111822763
0.23932864724116182
1.432722287481204
2.980469353395074
4.404286522235136
4.154672524143941
5.572972376355451
8.262999593386576
10.332199255396565
7.318075300884863
3.6266614684359584
1.532829352997756
0.40320993789928333
-1.1850015628325208
-0.6774047083205067
0.6638776315435302
0.8844648743922005
-0.18448825496123925
-0.38860972573753194
-0.1636753430588471
0.022576496700491357
-0.42347867156590857
-0.21851918905477685
-0.14587369659850133
-0.244134268084812
0.03748516589546327
0.3445224712303548
0.16636485302706175
0.02608110460553795
-0.16138468786366186
-0.40750241034992124
-0.3138302091707735
0.0015169763086750735
0.21608516824654375
-0.8564431698710548
-1.8559613075000543
-3.2627897392658225
-4.412873738162279
-6.671426320351918
-7.239903769882585
-6.047608593586317
-4.314656557420437
-3.450802299407582
-3.045219127605832
-2.484891154883118
-1.9567443422063353
-1.1933658051156324
-0.8075745037305254
-0.559619848823877
-0.25126714983696463
0.09272155745646904
0.028577820352983466
0.1148308429443827
-0.3938066595111227
-0.3954518424283179
-0.2563964053538766
-0.03447112092142755
-0.2866182517335936
-0.1599906109103753
0.21744999637147974
-0.04470522671712389
-0.08704992424041376
0.029675476212306175
0.13501705559518107
0.1034869952599817
-0.08776574768422198
0.07208396666584481
0.6725005623947479
3.061905490830044
3.906549422748373
5.095295098123837
8.725257114215234
11.61159645156406
9.280896811061352
4.98228730682773
2.7110427623724584
1.8083887415451245
0.860589915339208
0.5177297626588145
-0.242114222983572
-0.4080452068746016
-0.40922426377310356
-0.27418674107656754
-0.17270183463590533
0.1294294922346226
0.1283363353325113
0.3525286572891529
0.23855088722055465
0.16985165917327913
-0.2744147655535945
-0.024939959736417803
-0.1615797976515879
-0.29322743415165353
-0.291363492726343
-0.08373195284704181
-0.5511098446821832
-0.5331212723784576
-0.433506249690099
0.06712912835088174
-0.7289866357358303
-0.991634144045642
-3.0363058183385845
-6.053508875081756
-8.57036898620061
-8.446304256130476
-6.335496673063069
-4.009639001159299
-2.6072259175441634
-2.660855182238272
-2.4828277598309736
-1.5874281350615458
-0.8481031769310662
-0.7634511394215827
-0.2659538326379171
-0.17455412660824765
0.16559410383030726
-0.08327109918983751
0.37073114132821977
0.17144114993822385
-0.072235642521978
-0.13405430417892314
-0.06508852871963326
0.18209916111956698
-0.06743628259774698
-0.20712355573477653
0.08515792057604417
0.1315836465210293
0.1792705843255645
-0.020110243054574126
0.12786626248177363
-0.202826014066856
-0.1275218229501027
0.5097531492135485
1.6957970059783742
2.944260573978614
4.189549069533674
5.12736248206148
6.905783010087317
8.172569288251221
8.25520093768693
5.938250753001766
4.0473942315937945
1.8059924707929658
0.4177784596769778
0.2538517551011757
0.38632957452964667
-0.10399743514069618
-0.7344992816260771
-0.5631525084255647
-0.6668921355239
-0.13331610448992984
0.22252804164071427
0.23387007553263292
0.1563996861615724
0.12653003145356054
-0.15405861180554792
-0.2905664674763707
-0.1845271910790552
0.10753906822563886
-0.029566141724153103
-0.08546034350892115
-0.19868994193326792
-0.561625618134761
-0.6549695010209298
-1.4896704992589818
-2.885610586670177
-3.76602846888335
-3.5495697289136
-4.354756880518388
-5.2648761121281344
-4.959921080047168
-3.0472031430685975
-2.820339616281737
-2.6772724013981155
-2.442366973770948
-1.22637911837889
-0.6804304092080147
-0.6915457405143876
-0.6131697521863307
-0.8518060245278115
-0.36904832067428883
-0.4371414035942538
-0.507355385200849
-0.5962627553682914
-0.029095726150366586
0.31273908311203297
0.17782502788103183
-0.10372072093599284
-0.1377235331898891
0.09019619264215162
-0.1379667600723223
-0.07316855581276344
-0.2554606381564485
0.051913198362803156
-0.03336120363040063
0.01919898161160503
0.06797131105487683
0.06666605665424442
0.23394498160882957
0.4359694426534536
1.9343315844233295
2.80217122104041
3.8535258994938575
5.278932376477816
7.861963956858176
9.52364721175776
7.429614765012647
4.214465773924052
1.4934724613935566
1.1163716296712303
0.05958147673801656
-0.1100478740409057
0.21432376869659578
0.559508531327398
-0.04029644838457809
-0.3848850515245259
-0.07574271951211506
0.034940796649349556
4.931603626135153e-05
-0.25319128858514434
-0.3145055521094321
-0.03953589251688652
0.6772558703659789
0.4082997532661331
-0.3637995139939772
-0.6037198101139151
-0.5735112756262188
-0.3810679499498785
-0.567464338642173
-0.5661442451723897
-1.2837833364112075
-2.2794818088355804
-3.633885193716626
-7.1574401624701505
-9.077622200995435
-7.947226283108677
-4.355177703167185
-3.4908689499325276
-3.030805592680889
-2.1715538057070067
-1.2631434885659767
-0.6739303434224073
-0.36746287909416614
-0.2659442233121674
-0.6908335500229983
-0.8268114782270021
-0.2981683733576146
0.4000240663787044
0.13161265619271625
-0.047186286927157324
0.02951793745169866
0.28194053514312056
-0.17923728107521206
-0.043111037092439165
0.01581715612628577
0.051218323348202754
0.045635320083001155
0.11034286335703548
0.08186094095502909
-0.01827495681937345
0.17346305279288995
0.06850606070926248
-0.18974340484756072
-0.0052082121256105856
-0.037581351703441186
0.11897311833657341
1.7882581683100105
4.064202110184525
4.930193065108374
7.72205218399923
11.272317149878509
10.448614317328769
5.500656708507553
3.093776652938716
2.3681853707340763
1.134140949711953
-0.02303291287986695
-0.291965716669017
-0.4567605824164238
-0.26397878512182876
0.4274628842698912
0.3330550858794135
-0.2783460078988778
-0.5535808646496455
-0.6162251385305724
-0.2268342003915387
0.005794926068843128
0.08852664868364617
-0.015084182840744167
-0.03345259688590087
0.13735538640659312
-0.03281317410193294
0.19279401588649034
0.047027560607780135
-0.18605609282520175
-1.2299920692705812
-2.606513030003754
-5.086108882422021
-8.494401352336693
-9.479908413338919
-7.524797597821788
-4.5319637010485
-2.97740740903201
-2.1262461170640106
-1.8676616299243367
-1.8843765937412222
-1.3702215535626938
-0.8725336925576348
-0.21505791693292559
-0.0528688852442858
-0.08891632928896226
-0.12891099245051396
0.12703017731119481
0.14242849206828606
-0.01021270664397697
-0.3270931895741558
-0.15627264609211572
-0.10499655609437424
-0.03078514348923958
-0.08721991285229418
0.11943573489317454
-0.2684077764285503
-0.04980580160188075
0.06378532746481676
0.3519209677772275
0.04102634677034572
0.20788753727396458
0.117788953796259
1.3197666589337347
3.5258537275034745
4.715480904182456
6.073711822128233
8.06564555917475
10.208019313971521
8.697158239384546
5.037359117198768
1.6521190680559668
-0.5058926447820377
-0.8943468823691145
-0.8150323491377778
0.019750614549355353
-0.10962824018663399
-0.21735692360480688
-0.18418963318047607
0.21368856730586855
0.3043724376206942
-0.12849584454245175
-0.5032837162426852
0.05331219605206076
-0.15175505977510914
0.20439543704731247
-0.2575469037207503
0.05173179932520161
-0.08459201859223811
0.28720320015712403
0.16952219994078663
0.1869166396484618
0.21721690290417942
-0.18032238410401757
-1.2459285014472818
-2.6660701025038596
-4.324115571147435
-5.004577629279726
-6.517709898155339
-6.615830534490632
-5.459979746720047
-3.447821312416273
-2.8576719610996157
-2.2098650784709246
-1.6856098152128836
-1.6428171519864396
-1.2540768047465416
-0.7927398800624122
-0.45601513159383383
-0.5537935844259055
-0.3494883531848757
-0.26161272737612723
-0.16181611104725516
-0.034214442058110583
0.20187332735726657
0.19432133551082992
0.18995039142086026
0.20778980048921497
0.36754232670253495
0.07184612192382632
-0.4077169061931875
-0.5282693236219402
-0.1776011368635803
0.05951117661071314
-0.04729894017314778
-0.0763179752799716
-0.21437341197257692
-0.10863467515797581
0.24219452467354952
0.6434715728520904
1.6470121777320361
3.4961642970208993
3.311290072116007
5.7579749848553305
7.358740050571249
10.389315517610877
8.459936395424556
6.507766294497749
2.226945135717662
0.23006157069030728
-0.28070421345837854
0.07219491775708431
0.313237841948799
-0.3488738236742271
-0.5794846482572288
-0.116777275385564
0.033823364118070444
-0.18504943112233882
0.1443209081916923
0.46246152856817313
0.33574245052378293
-0.1924912786640996
-0.05924065299890539
0.08984818629150498
0.21098978140363966
0.055457511202193596
-0.44571275067377103
-0.6605851222410031
-0.3840292891211679
