0.8075335328026121
0.9259706428946018
0.906145638089531
0.8194458988247693
0.7258824378130433
0.631064734422107
0.5499296044904877
0.4416358229289785
0.34620151813773725
0.2790728947192565
0.2337750679639684
0.18665823109399612
0.138217253130992
0.17853755792823495
0.1610332883574388
0.16707648907022876
0.10049065052882386
0.11604009507059784
0.07182881128487092
0.0540067830883751
0.016422000718727278
0.016965933555193526
0.02737478112674257
0.04300211226384782
0.04594518376171787
0.038868335348604115
0.03230745540513216
0.03600237686875748
0.04526172294542764
0.04891232989657249
0.052221003216374295
0.03053461140622782
0.16492249374673176
0.2949844729375597
0.28641313097943016
0.1513174194579308
0.20405162757852857
0.38682998297802396
0.5645763294539913
0.6784089337296075
0.7648657794948507
0.8326145136153532
0.8737846807488769
0.8850052596270055
0.8869378095449374
0.8863707548560174
0.8949651450993446
0.9023217359550966
0.9142183599474543
0.9256352520804005
0.9370318376325644
0.9326660197833043
0.9279300207283872
0.9323098577986928
0.9433929450796462
0.9445226476417351
0.9428408509612466
0.9407847649841596
0.942028702962683
0.9293206993077823
0.9112446878429264
0.8626588530433669
0.799343526642025
0.7232948283027287
0.6330522370970445
0.5090660791427037
0.3608263313211567
0.2949885851711933
0.24141523002207083
0.19727881776818362
0.1273721608931292
0.18738033840828716
0.21118938646979077
0.16464292526621266
0.11337576250161237
0.13118677422010355
0.10774263392273116
0.10387763820843057
0.09917023694782348
0.08189118494029793
0.0469707585229491
0.06920731807333885
0.05272644275549106
0.036060896432368705
0.04195971472857658
0.07964239916780015
0.07263717343249923
0.046550213509315236
0.02499653006666683
0.07214842459372688
0.13118116684192033
0.17912097977432997
0.2343493521844736
0.3526441890529771
0.502660460937792
0.6170144021423556
0.674057850043675
0.7165755960708234
0.760138897411221
0.8069688185251664
0.849210513905216
0.8777099465979515
0.9011942124590184
0.9120538184768181
0.9112108798533125
0.9124756717472146
0.9174883497832348
0.9252863573036924
0.9207556524502241
0.9227315029838645
0.9279763330084798
0.9432379150298932
0.9463524935457126
0.9461568319478834
0.9463428842213104
0.9396400774542188
0.9284266132722949
0.9249102899305657
0.9229433323183588
0.9124366167362771
0.8946153371960679
0.8834609819212583
0.8724716941357958
0.8173917771877973
0.7150102066083298
0.5968696755386875
0.5040112483069286
0.3935923666789627
0.3110067550468133
0.2604264983677514
0.1819611775364246
0.290793346721173
0.5184616997444439
0.6585233176893327
0.5161591665451577
0.28581072786804074
0.16408400072332585
0.1052439842333841
0.10046371288327627
0.08278515459095262
0.08787995030659729
0.06701499286531926
0.03375311602057347
0.05652857418403804
0.07126619997016587
0.0884247050260619
0.06634465477575906
0.0984408961990347
0.11203819483723254
0.19506227382059121
0.2187194935714967
0.2548416493340175
0.1880737038996202
0.19927709293592458
0.2993919780192094
0.43529250875330633
0.5302532062933599
0.5815658090079496
0.6393365185185607
0.6806394072988334
0.7374720521360842
0.7851980822415718
0.8212902428877106
0.8448460921434386
0.8642364594873357
0.8758866185921514
0.8847250887608893
0.8744472481273293
0.8676593774414421
0.8710337311287922
0.8798806158441507
0.88551778283891
0.8884340660692848
0.8899173573167911
0.8873452961164408
0.8927880478229617
0.8919658061119516
0.889359407412539
0.8875802168634708
0.8783371748725878
0.8350113771353526
0.7460225442891623
0.6419152959520501
0.556200904328929
0.4103189555378115
0.3008160804807937
0.2897798409130552
0.3837815631719177
0.48860337623283434
0.5033840454439459
0.35863021592670963
0.17777765290093978
0.12124675263928822
0.12410271997959196
0.20838639212753451
0.20764641661986333
0.15204789147706071
0.0587989968456965
0.08450630831690971
0.07775833577904676
0.07102902590470894
0.06855852917935606
0.054144713026473466
0.06866283893623518
0.07824003901399859
0.10756622721735054
0.08991266045306187
0.11796469834518059
0.12449809715036096
0.1646642326362967
0.21766427581456965
0.37760013939270626
0.5555491701850639
0.6894388555766255
0.7588826084675953
0.8076557460114758
0.8587462044010252
0.8867781116594715
0.8979639632027001
0.9068731042922347
0.9277704835231895
0.9428496523731142
0.9550521324817165
0.9609497924821567
0.9671789115043247
0.9692315329418433
0.9726900073898264
0.9731199501214359
0.9724949726949292
0.9747950057509449
0.9810541003338427
0.9816735800878028
0.9824132101264359
0.9859484953852776
0.9874284899173587
0.9906927499176725
0.9915702554647133
0.9922168386799022
0.9839585488828047
0.9821219967528239
0.9766578814993738
0.9717321415286254
0.971459047976964
0.976281854602978
0.9710036557682424
0.9564758409034106
0.9358931637599102
0.9037693213013359
0.8488205953750328
0.7709867335708601
0.6727343345139472
0.5564644260618965
0.4622766564045588
0.3729387384779051
0.3018871404835883
0.232608408037483
0.22181686337857875
0.18703745797454724
0.14752350733149952
0.14776730056508725
0.1444204029128511
0.11225131128869335
0.061202130968696464
0.06772399870966164
0.05734170774525266
0.06774099249715121
0.0684215168073997
0.06495992435357875
0.060064654684476707
0.06843409197007602
0.0760158252673939
0.07071531693485628
0.07043581732550841
0.07499474438740637
0.07949280436427844
0.08811876117692241
0.08625608435595622
0.07913085026161289
0.10666712970265826
0.22816177891323583
0.2570566263042142
0.2077525804053287
0.18099186194534134
0.32292490771375004
0.44839632503033194
0.5707694633191678
0.6561209648065172
0.7471201260625733
0.7970192673529302
0.8415724897201486
0.880251853190833
0.9053231175494246
0.9229498469863295
0.9333775242880783
0.9479536751352313
0.9518154675800422
0.9501154403367409
0.9478998768188529
0.9520903695364135
0.9600914780973264
0.9626079289763947
0.9651787350669638
0.9697609256718078
0.9754513184086205
0.9776701218678049
0.9814868380410059
0.9855440121277667
0.9789780344095527
0.9668878160971481
0.9529855118232509
0.9399638315141657
0.910820709041956
0.8767173577190283
0.842684628420109
0.7878735551074096
0.6941475729604181
0.6054568882500128
0.5022326176435421
0.36206037061790497
0.25165879339603475
0.20878752106933057
0.24852284028078997
0.21585442803536914
0.19650159524775535
0.3576521853839162
0.4387903217402408
0.2930414375132102
0.07786267349085321
0.07875581443770732
0.09530865095881558
0.08753061633501943
0.0851735963015107
0.06833487235642721
0.06120738295961656
0.05407208678403182
0.05184035540259793
0.04891246726555982
0.05057400554208458
0.04963708205317309
0.04798526132573402
0.05192355685410587
0.06773166738504666
0.08021895085706715
0.07708206279637597
0.057501661875407555
0.09835053712153632
0.1587578537008852
0.19313061761749273
0.24183849820702566
0.3652896314950138
0.48416634609209236
0.5652102154257207
0.6427989205485516
0.7092013577867382
0.7379337391285654
0.7766449370431816
0.8191427490024459
0.8665467584255275
0.8848008510700174
0.8964583126792286
0.8996359718124809
0.9109695432562208
0.918237568031416
0.9227550643003306
0.9261947034305054
0.9276294270304823
0.9334947835409494
0.9320130742690875
0.9354783029872713
0.9373310918930405
0.9429607784672754
0.9404512164473346
0.9346663381913851
0.9272183937153945
0.9237029022862585
0.9234990631545774
0.9140074494144838
0.8975885973545388
0.876911200097002
0.863849484571632
0.8543294418929107
0.8491514969167544
0.8418064950634296
0.8224029108261217
0.7622158241044066
0.6581389332763976
0.5600459121186847
0.46757352979859645
0.36405631655287973
0.25075654698884675
0.16046024401188214
0.30947951237237004
0.3213232912531354
0.27744632888410464
0.15255298783695037
0.1910651506293169
0.1061869963090674
0.08968752732988025
0.10057289397203036
0.0945401663945918
0.06343496378647084
0.06461011037720249
0.06230757646664954
0.0587841780395324
0.048054500619879245
0.05405199902929089
0.0575053769646763
0.07144347674431852
0.07559578862835836
0.07399980315108587
0.06749567905754483
0.08215244408919989
0.08369139839534649
0.11554672905850163
0.1123454010638284
0.1855260821647744
0.2170499023056674
0.26675376376499216
0.25174461417656896
0.3463253449298781
0.44280490106894593
0.5286704175920134
0.5827253830491405
0.6452915604493191
0.697465390058599
0.7367221581403365
0.7823134558449603
0.81338891298201
0.8421695305197137
0.8717038658496652
0.8958720263981204
0.9043946139674106
0.9068999564318342
0.9162805148094697
0.9150944292922598
0.9215596116677124
0.920939225860601
0.9291146384673671
0.9290203665823784
0.9320286143956933
0.9311165576558362
0.929914822173004
0.9207921922651275
0.9159778694835559
0.9154995833535684
0.9188288918182147
0.9159554036364312
0.9139860462583681
0.9062741212013423
0.8949038566696522
0.8725567538259638
0.8259329860250658
0.7700839223262972
0.7244013945013974
0.680028852517318
0.6026731952625628
0.5583575554417659
0.4484457255502747
0.326440310030655
0.2269390584438452
0.1947508173301867
0.1763759727897707
0.17296923245157575
0.15593902388187042
0.10623967688916769
0.08775569489901247
0.08118286183863996
0.07036257737555246
0.06784670605218626
0.07026565876354927
0.06316947617434104
0.06800084090492424
0.06912606647861712
0.06846411311419391
0.06832900151492229
0.07140349939379255
0.07569957770360167
0.07368978689605075
0.07738570917568266
0.08372409371470761
0.08579001622279078
0.12987105147441774
0.14054486764350088
0.13395162693275772
0.13264591111792784
0.1892348960096628
0.24128314683755628
0.29861891397259555
0.3941081748847218
0.46856222611374665
0.5135081383213604
0.5451833315521742
0.5992233207550426
0.6461790638444194
0.6851352678151477
0.7277927183410128
0.7643683014858522
0.7858083602427886
0.7991736201637094
0.8170084193778413
0.834890596840368
0.8527910803344245
0.8642922135236091
0.875353011293111
0.8842186088820512
0.8882561659101116
0.8875122925903093
0.8914154071622926
0.8990043892142441
0.9009236068823463
0.90148371271998
0.899353900123244
0.9009680535171896
0.895651798958151
0.9044866768949638
0.8997785128755604
0.8909352479874453
0.875351118542329
0.8749326460224486
0.8469850488395336
0.8235353682047939
0.7913605586340275
0.7383845032782139
0.6655906457376115
0.6300609300013653
0.6289124155519181
0.5945053550637801
0.5055278639253187
0.43440871158731875
0.3323526840562552
0.2919259858250398
0.24297235116045407
0.2879221210338312
0.24134857899324608
0.28249988356533545
0.2125670120771931
0.15405199718856827
0.07055330728226367
0.08976887161543978
0.08757178033981887
0.08271251051570691
0.0835228388731811
0.08235143756025125
0.08281943332606191
0.07976344884085093
0.08387393049717601
0.08324668553597364
0.07880149857543732
0.080938587812451
0.08220568175173326
0.08108401679675652
0.08414051660869201
0.10174806512214626
0.1463975144034505
0.19982210172683718
0.24117307164795895
0.27619979643481796
0.3051790531341894
0.41488671232988295
0.5097292870133298
0.5586703758864875
0.5528920819961622
0.6136083841860199
0.6826154353334402
0.7326335368634549
0.7686157634191569
0.7964772225996579
0.8195477988172384
0.8409200876472329
0.8592283627787735
0.8677754819778972
0.8738915375607712
0.88292628100041
0.8929404705982183
0.9032707944267009
0.9141893495671018
0.9256953461694785
0.9202504756404823
0.9228573578391169
0.917726459663625
0.9188762113460667
0.9118775484008875
0.9230810295899214
0.9079441100082963
0.895473880398183
0.8757346073528809
0.8667735983859097
0.840725314644913
0.8202078266685005
0.7926788141009438
0.7561097847167548
0.6994803438473112
0.6350279806883914
0.6035289792150789
0.582440534044076
0.5068668530166456
0.3948601049050422
0.323171980659982
0.2882854092840722
0.30342751611277163
0.31148729835399647
0.2996447071480355
0.22765079096350477
0.1898936995610978
0.12310616207724868
0.09987417422367612
0.0926447859061083
0.1048571425817498
0.08345609445970949
0.08088635994805812
0.08038520242015837
0.08092968413211327
0.06418428308842965
0.060302448938305206
0.06298522107047745
0.07789472011728969
0.06688911944343164
0.0697252519921847
0.07633651224444687
0.08695034148810932
0.07347778348036714
0.10032319783985952
0.1336460262471702
0.15860074319019463
0.1791207275266652
0.22442416064021453
0.2854882317602059
0.36502429409872306
0.4556124080631988
0.5034447066497508
0.5355844674677881
0.5949310796536003
0.6513156281562203
0.6849511119283578
0.7057824760885645
0.7388184753825916
0.7658170557984978
0.7946832421058649
0.8154488296652034
0.8385424184268904
0.8517448814988349
0.8625582836686089
0.8773289407441428
0.8928108027998891
0.9015879734016365
0.9064094516605034
0.9118001608505046
0.9174733778049287
0.9244917461107832
0.9243681251888591
0.9209988557813746
0.9319942097702922
0.9314757431245747
0.9217675794226265
0.9113460422156074
0.9049358982589318
0.8963832949366634
0.902701885488447
0.9028465016369712
0.8787576677449818
0.8399031036642597
0.7785478523885712
0.6925595597522048
0.6213842143394395
0.5686657113784876
0.5112254913449032
0.42456861138787483
0.32711698620295426
0.2752707394879468
0.26797667435767314
0.28619100070484443
0.20510936700232052
0.1289486878026357
0.11154630525872797
0.11934896540330835
0.09067389328467924
0.07254204548493623
0.09029324352982682
0.07912350510683443
0.07259830561057541
0.0706580119046789
0.05937361418801081
0.056223754252041236
0.04969800124080816
0.05517747190039494
0.052931565606618894
0.061264764201375714
0.05639488957650368
0.05651068422588554
0.07892107699120735
0.08464985883156083
0.10019496904635511
0.08489055265817974
0.09188864337924435
0.09989129929986165
0.1754961512183043
0.22677169892671045
0.31104244469738246
0.4082332519409792
0.49705283378450393
0.5306394923022265
0.5792441268167701
0.6379726611290166
0.6830397067201528
0.7194311923198772
0.76444858138414
0.7998368517463759
0.8352787454794373
0.8506691041623667
0.863855229478831
0.8744190526068112
0.8923259356951094
0.9003088493814704
0.9127237186323575
0.9246179712888647
0.9262731298330403
0.927252131901015
0.9337044405677197
0.9388459345486808
0.9397040048537975
0.9443878161063148
0.9467459959245581
0.9511196466753113
0.9488658404242067
0.9414277369896784
0.9367823587433697
0.9357383965539063
0.9302825188586876
0.9192778172067707
0.9038695071997395
0.8891893015660284
0.8896941335651727
0.8901118356494919
0.8367309797625306
0.7210566198745664
0.6120138310421104
0.5255514598420217
0.4300803817912488
0.33867222185390927
0.27645572118259043
0.2649782800125098
0.23266431702935167
0.196621116757956
0.17975788338694618
0.16023172629738705
0.10819201063783218
0.05551298988536925
0.05214003324217245
0.05081900177206565
0.051186659427621226
0.04765372800990914
0.03837172108358356
0.02654276447369122
0.01896716005400416
0.01387740233928089
0.018066103077992196
0.031422269112443994
0.05068405932625646
0.06488373044478492
0.0772052850909368
0.07257444050228029
0.06824993818955381
0.1064427807568818
0.13360439494596485
0.16881710034187802
0.19999222759117224
0.2502208921594647
0.33550907730273793
0.46799005528797855
0.6042184942417212
0.6652998073132155
0.7176540996094455
0.7511899867105838
0.7903295626430245
0.8147448854142778
0.8510281160369833
0.8820578501503173
0.8986556566714198
0.8998847232951109
0.9053690551812004
0.9149068016800963
0.923208500997313
0.9363300124044294
0.941471440890446
0.9418828659383294
0.9378696288905644
0.9415913029006298
0.9419201947162317
0.9481421645968375
0.9492193539003118
0.9534925707701635
0.9481203640126226
0.9445457456838668
0.933042708987034
0.9185704199039427
0.9011816617002384
0.8779004136939595
0.8363803332527433
0.7568497425309122
0.6776500977845901
0.5897377365813554
0.4692547850225023
0.3189164370374177
0.2604929908873383
0.24048584085201302
0.22195456564776977
0.13370785783095573
0.2524208821147098
0.2763612619526007
0.2308603035835802
0.07067303474032216
0.08457512022409505
0.07077853604037557
0.07344295007159214
0.07077949591887181
0.06897863170311458
0.0638876620145146
0.06381013639439963
0.05986840528388364
0.057324611946885824
0.06321023859134886
0.06685530457764022
0.052566007884552374
0.039633390454244466
0.02730392000856737
0.036605655322513565
0.04381876510575454
0.07052683443251498
0.08477764665307949
0.11362111795425152
0.10548243100843313
0.1228258042729043
0.16153680005924842
0.1989681260850137
0.28130089073221654
0.42085981503252945
0.5647754688247122
0.6341597150138341
0.68511254967819
0.7164950117933713
0.7584936950769894
0.8078991831342988
0.8590334197457538
0.8900845714361644
0.9109377812153927
0.9135580364315168
0.9231778414013596
0.9296018898969012
0.9389407902165918
0.9428019528655328
0.951055264448107
0.9472971191859436
0.9490647043596715
0.9491993080961073
0.9530298994443365
0.9530822203157634
0.952485391856579
0.9473367921651441
0.9430223546109993
0.9413230828487974
0.9406374568221878
0.9428036422155491
0.9416516115918131
0.934381566447668
0.9245645952019731
0.9098512495988724
0.8759436165168872
0.8326750714694133
0.7754724219551417
0.7013096718990606
0.6234025172500252
0.5785657751150243
0.4939689241438192
0.3559705298366798
0.26178272044926826
0.24339821539060008
0.2538892782233334
0.20716194195361445
0.14765450999097116
0.17595754174433348
0.17725640053357403
0.13454823981575786
0.053932198545251345
0.06558982814486233
0.04861899542573586
0.04400807685828925
0.04201844195984322
0.03748374737459487
0.03348569694984996
0.02421906232927505
0.021455220253227308
0.014520245632551729
0.01618170683909436
0.010636119876173952
0.013338055033630506
0.013718363447310885
0.010637466779822038
0.010731381834983776
0.03005576742536767
0.0560744671749712
0.06896554524619042
0.10040750655217225
0.13042269221476133
0.1433863798690293
0.1483717557625236
0.20114601346891145
0.24736553784689236
0.32283731949549066
0.4356525358075086
0.5402198134053429
0.6114259593749494
0.6654998875843106
0.7155735095258404
0.7225398386401616
0.7447643845711353
0.7763641657946364
0.8254943627570613
0.8567856995783618
0.8743979767221348
0.8848447990211195
0.9008042262683925
0.9106212561607225
0.9129988888696119
0.9121857312618394
0.9140347481915403
0.9238287189716672
0.9322444680879808
0.9365763322400158
0.9308447890110219
0.9298416644286079
0.9306632612059603
0.9347367140851998
0.9314297214494515
0.9290299084692821
0.9290560712043721
0.92790691395755
0.9239598849153761
0.9124211548158816
0.8808867138650831
0.86089423291835
0.8444401891244957
0.7965229233946238
0.7168024578449659
0.6220574668399594
0.5342982723788852
0.41248383628101404
0.2992574873966002
0.24272758713115378
0.23068647741303525
0.16886342656388423
0.19456796648469868
0.21780039404069157
0.17987446924150075
0.06651062127926871
0.052085570877905454
0.052468254858431415
0.0447762254633748
0.04587934791788134
0.03470602700301226
0.024099265495134
0.016809016041592746
0.022090930485307518
0.02063375792330885
0.015295235356206464
0.01309202421965561
0.017672186859429954
0.021549371350941423
0.025839088570524135
0.04100753936462692
0.05342036542752495
0.08487177597587306
0.07543544924406537
0.12732316427223322
0.18525223932255372
0.2541083906291449
0.2763788287191512
0.3172618868720168
0.35985644221233504
0.4225666673793476
0.49648345576478436
0.5463642291769459
0.580923652985975
0.6199351862583056
0.6597364222762998
0.6968295932849438
0.7242028022643303
0.7440822497294706
0.7602114582933581
0.7772360879779686
0.7937420504692891
0.8022364747096346
0.8097795288001592
0.8225763985514649
0.8328052976522462
0.8330196703257764
0.8336278217552977
0.8376187129105976
0.8471886370605123
0.8413676804613707
0.8341766652626573
0.82424936822116
0.8275193788855509
0.816700357272789
0.8200241019094077
0.8146841054115354
0.8043241976332609
0.7808801685476211
0.7648699269720517
0.7431522248682693
0.7360019391627489
0.7188505386629318
0.6950373648686029
0.6643996482645231
0.647673242760143
0.5482347961116649
0.3963633475114597
0.2650640441295354
0.1881186955334589
0.3056497906259053
0.36267280564226995
0.29826040452092356
0.08461468320584645
0.08075281998461079
0.08542481148336156
0.09608497426357374
0.08251576114781217
0.10613763623468228
0.0923939628931616
0.06950211623928752
0.05564674799470622
0.06085158682701124
0.05397854760532975
0.04761006364037375
0.04491381276095963
0.052522595053321915
0.05472058998073567
0.06784948139971461
0.0718073188318184
0.07256355133066622
0.06124583542588842
0.08645662219177844
0.10373636606773876
0.1431172342243374
0.19138568394462158
0.23320111250383038
0.29565388123576064
0.4105651299019685
0.5416733443297757
0.6203061644568295
0.6817804257952651
0.7484937522486541
0.7968960922864631
0.8233059640153825
0.8233824034040716
0.831329252366853
0.857258290171284
0.8878183686388421
0.9110621530230293
0.9099233025378479
0.9184547631918314
0.9204370617400337
0.934879527418326
0.9366186155207763
0.945080346171182
0.9432715013233408
0.9400008696445702
0.9360515013258073
0.9298077233468103
0.9242927608178665
0.9188620903818485
0.9164953527681118
0.9134248854715195
0.9034972383581504
0.8948410781512761
0.8832365755839278
0.8927697475520608
0.8793155710399272
0.8486599452265835
0.797020329762129
0.763989826910658
0.7297231917431514
0.7046482839114825
0.6521679572255401
0.5755066511850148
0.4844451682213723
0.4151128518728671
0.31806334749239773
0.23914349828141906
0.2507282699297769
0.2466985268838872
0.18816203160773945
0.11362540365675586
0.08868218938744907
0.09343179831710091
0.09032614189024182
0.08645090504425218
0.04732513693460991
0.04552616081060655
0.05856215848841294
0.06944424535732402
0.06871384658218495
0.04911833338622302
0.07159838220746971
0.07815478534056045
0.07195402618614669
0.0493815753754339
0.06122301984044957
0.06997169572959479
0.07216874695673955
0.06482194767682277
0.0654929475871607
0.11695686315198878
0.16882097813996905
0.1860365237077607
0.18775306914360995
0.23965627300015946
0.3072663513965574
0.3695759321106207
0.4385423974706144
0.4964205903462114
0.5569928338918986
0.6090811917485095
0.6614366473299946
0.6904465209971358
0.725153074426927
0.7562156979139737
0.7812010066030546
0.8049314816299309
0.8228801282422856
0.8383064364973859
0.8466037810725605
0.8681570794363309
0.8858630375776004
0.9039285709491099
0.9089526769227456
0.911296023707127
0.9030735165355113
0.9059896320086129
0.9090151129573993
0.9176529451541761
0.9095299680148237
0.9018379631034668
0.9027286140332875
0.9124410237006497
0.911515673094905
0.9045757802088594
0.8904699794660594
0.8665512438891212
0.8572399675121221
0.8407431155503313
0.8158201927546833
0.7766257005480148
0.7160187851456247
0.6489632290974492
0.5940097530456976
0.510205635080315
0.43146619902446476
0.3491324627367077
0.3151061489557573
0.2336091942865078
0.25143474159654944
0.2080635974088838
0.16087757664818772
0.08702547546067488
0.09297365066234067
0.0947632427085747
0.08352945898878925
0.07763821044911663
0.06398485394361214
0.06876928918235009
0.06431241109881583
0.06643324228453147
0.05855117811029986
0.05667278575176796
0.055785896612247234
0.057368709717675034
0.053214861972401675
0.05543097365382968
0.058243338744230724
0.05546975349487393
0.06057833812032721
0.06584948155308165
0.058520228236621195
0.07203281502033629
0.1793576314884225
0.22769121389761213
0.21854473018229414
0.16825230408624461
0.212049547081513
0.23240734181161793
0.28957145996807954
0.3694792845233029
0.46425778292366643
0.5302742444587869
0.588052676137617
0.6448070083981546
0.6836944982924215
0.7117309353840446
0.7370871622397986
0.746918596900242
0.7519143348348649
0.7684295039576463
0.7864969710452896
0.8130561914267678
0.8368772087581556
0.8606906123770831
0.8663862145878919
0.8807559822228388
0.8714719096597214
0.8739677167554881
0.8857998753342731
0.8963824558041797
0.884140986396893
0.8796450525117419
0.8893100250641939
0.8897129701447093
0.8869103640453233
0.8913174515325597
0.8958356619943959
0.8879599244833015
0.8599479152939762
0.8354968287727994
0.7993053644243023
0.7306452833798883
0.6671559261002131
0.5792440159221588
0.507269185565734
0.3987548304851195
0.3089457748240634
0.24600558342162793
0.1979358324287004
0.24846049790996982
0.20013076447729666
0.19356581958755772
0.11007428379009264
0.13048509005691006
0.08474123761868702
0.0919038121789477
0.08271754373864093
0.0757077941339886
0.07869442654083288
0.0808193319795573
0.07284743731390217
0.062352880707702264
0.06317736293745126
0.06959886642193291
0.06561655922504306
0.05819368280078688
0.05493261589513053
0.06061699384926979
0.0708255833330583
0.07068778114395777
0.0847898580247637
0.08375157304523653
0.08365083304567478
0.07082898232971865
0.10290876836698744
0.09555902074481236
0.16435184066862163
0.24028632691450635
0.27944687174499294
0.23831327043572728
0.2641282145467708
0.3528978756527869
0.43582307968188966
0.5171522941589047
0.5858209809325674
0.6458708326712492
0.6758335819867685
0.7081396209431767
0.735113278943783
0.7736883308303488
0.8052713909575787
0.8359651664167868
0.8437494631794227
0.8480212706741377
0.8629538969936478
0.8881009792143414
0.9015463305806645
0.9083836633935396
0.9189759476462446
0.9326790114190509
0.9288956802954718
0.9159025592699231
0.9010229118042543
0.8923416999466116
0.8903702750649183
0.8950110619477711
0.8932675019140397
0.8852401949310824
0.8805551446110009
0.8814259546927238
0.8752514798893093
0.8752589160608777
0.8700724188566695
0.8558174790276573
0.8311383692875259
0.7903932964979251
0.7393823117404352
0.6765873415925414
0.6123657896206794
0.5609615631543301
0.45270384999740354
0.3113832474000507
0.1867368519015431
0.24336480765826085
0.24064883984151975
0.25775265338469033
0.17822231856936654
0.13890071422296815
0.055558550426936096
0.054710740117653006
0.04603494869584184
0.049286697141417445
0.05216380962225212
0.03968697209511854
0.027019097581326472
0.02809513631776839
0.020406118250898622
0.007080959669686724
0.002240676603293685
0.004808015435696339
0.006621749960062652
0.004200442163881888
0.003265545338325634
0.010187464344764339
0.020797097230525197
0.02874104135870215
0.03684310889130713
0.048549345199561986
0.07428450602483924
0.12310205002612401
0.1730032549407362
0.1989851348398396
0.22180175757556603
0.28719400423452235
0.3718565890101112
0.46326137506664467
0.5125161883572517
0.5574390390919652
0.6018825158626144
0.6637583792012793
0.7067659286688004
0.7412790871195919
0.7694977731612003
0.7922865972049514
0.8178832878824991
0.8472561902120224
0.8657925457352692
0.8698717136242433
0.8766049547873584
0.8851237507942146
0.8926545939888014
0.8889971614091134
0.8880772810294847
0.8821941422390891
0.8860904013083162
0.8788895015935811
0.8773207278118649
0.8824439491787204
0.8809252532893812
0.8760428486902045
0.8772213081439894
0.8785705033533524
0.8630019753795879
0.8644223477527202
0.8602067096098693
0.8400160807645665
0.8066816115691777
0.772046142850691
0.7121691993797253
0.6436306352998837
0.562941540795092
0.45835432633049533
0.3218771925149694
0.2526014077962403
0.25784699041039705
0.25708814316590467
0.16341764242233292
0.2043280681568486
0.19449691971882008
0.1519027387991839
0.04241040219068159
0.07143351494532835
0.0577898757575433
0.05777777014520129
0.045554152546105356
0.03263798238332775
0.017698487463906037
0.019645557730521544
0.015792287357271964
0.02353485528564702
0.020356305683131022
0.018209823065366337
0.009641568491740752
0.016764369361189316
0.03239552378400838
0.05391997542997793
0.065553383039191
0.06995079353470111
0.09566866902422447
0.13174766612973055
0.18176360602611458
0.20330470719927296
0.22429386376366867
0.275213939018517
0.3983696032748681
0.5243145370043139
0.6061455490137075
0.6497609198851723
0.6960926071035243
0.7309753225663342
0.7584698214690948
0.7863133058154435
0.8288132150171363
0.8521451347345546
0.8720063416061897
0.8887745069858363
0.897129814157567
0.8957478461758295
0.8992727203481105
0.9021821500258437
0.9026747536408095
0.899170473042495
0.8950976178957812
0.8938772741351872
0.8982437916371726
0.9032843694823666
0.9060693843600711
0.8979140443455956
0.8943654034561566
0.8792473681721117
0.8553487047432574
0.8029457461692135
0.7483509001508499
0.6833128385297396
0.6569449149889084
0.6351863322801063
0.5989137919562416
0.5090371993138133
0.4028584594315588
0.2966854736177652
0.25252954143942585
0.18987968044391293
0.1644331228293343
0.16005350270804625
0.14739230988701477
0.13742071705591155
0.10812705037184701
0.09003205189310454
0.042799804628936386
0.05796210531142942
0.046035364080691726
0.03632000150077972
0.029642640215788676
0.0196683150773747
0.014475490982203687
0.013711195885313252
0.020044893238192585
0.0187585468653724
0.0167037583789924
0.012287306212184367
0.015586223488886846
0.01873851354702648
0.030232892026087154
0.03797958179938099
0.050363793148961965
0.057934771975668445
0.08120832306187642
0.09043248297562748
0.13323031016677508
0.16034507769476808
0.20015444964830376
0.21499613322613875
0.2717045238701619
0.37974084181732276
0.5163052778336833
0.6261245592877931
0.7004139337560549
0.7749737802061081
0.8211647995316319
0.8426807336870027
0.8635527066238116
0.8899733091203849
0.9147570501388097
0.9316127647836374
0.9438086958031527
0.9488069273806683
0.9493554094580976
0.9534227712738983
0.956666488069557
0.9594502369124094
0.96103418012718
0.967708028589981
0.9739748591264568
0.9800966634802835
0.9813158404561375
0.9853484415989584
0.987710831269736
0.9900428624813278
0.9845687230072417
0.9837356825245601
0.9828931523639026
0.9808253755098948
0.9742084542174732
0.9700227511458628
0.9657766729981876
0.9619790026992887
0.9594646953122864
0.9578133562830735
0.9397533699126508
0.9229012103977992
0.9091826939795905
0.8910834009413637
0.8502266414647844
0.7903595747353287
0.7009535310989428
0.5855447089666035
0.4927023301973832
0.41266749716254847
0.3224252759998966
0.23649958776152957
0.22385749268081773
0.19270883405149158
0.1689709005411535
0.0914612852365767
0.25177226820546644
0.34284387129491367
0.2858464831851248
0.08998036841852158
0.0559553554955785
0.09226729141533448
0.08506673221653901
0.09301362805150029
0.057759741755110804
0.0534187124753761
0.037900844202787484
0.045182509813043156
0.04742237493628837
0.05570660533423297
0.0545647265354098
0.053663025300452506
0.05992409387194017
0.06773299159846649
0.07536375332608686
0.06593695783578941
0.09432189003289443
0.12235667307745715
0.14688429845661685
0.1681018694531601
0.20053404369321864
0.21694997598055804
0.24489790129557643
0.36708472064998593
0.49043591044911894
0.5926898497968236
0.6414691724484403
0.7115615699483856
0.7663951029981373
0.821084317305443
0.845437366948458
0.8720376415113388
0.8891707011337177
0.8996744840252919
0.9022114639916814
0.9154523300307271
0.9283121088973256
0.9373920373557961
0.9408197151595131
0.9368150793439398
0.9351403552339121
0.9388352578183708
0.9415412221013278
0.9411752889232559
0.936798594160466
0.9285057830493761
0.928525239268573
0.933895558269086
0.9378133732513965
0.9344694712605632
0.9350093686319695
0.9358293481095572
0.9328171987698851
0.9223669871995068
0.9121163203608101
0.8978583692011498
0.8819708984414604
0.8605168145722416
0.8311454495170276
0.7844559444082015
0.7161415928904872
0.6408277705723203
0.5585474401939743
0.48073200735194604
0.39891136029160323
0.3131052118152808
0.24169883106337128
0.2408882196709707
0.237371760270581
0.19204157087347856
0.16871492771751967
0.16798862385022828
0.1457744865932395
0.09854919323545064
0.0930166501427605
0.07933959466395912
0.06212162804045334
0.056569360852588034
0.06028241027650302
0.06040420534779002
0.04984843167411421
0.03745268361817239
0.02677066287034707
0.02332008261947134
0.0195538799457436
0.019866708293200145
0.02799109690709639
0.038097945796740584
0.05192121569467943
0.062052178482634994
0.05896953867711048
0.05400595856030799
0.09856948331640863
0.13762743308678202
0.15790335713329462
0.20378814454662356
0.24202622182271605
0.25820592798397174
0.29845228230180343
0.427780450645239
0.5125789906662446
0.5600751281661802
0.603185377047838
0.6659661853644454
0.70137736607635
0.7248019468890734
0.7467286089642085
0.7748354722789983
0.8079106481585868
0.8322698045339518
0.8504000362954841
0.8625736440575035
0.882102294166755
0.8914502975165193
0.9033152798222089
0.9066423687192122
0.9102726374081505
0.9104951270810121
0.9151649822742998
0.9205855227798414
0.926076681769743
0.9293536672533214
0.9267009667686268
0.9196871349183282
0.9192023880658009
0.9207935423180876
0.9194977218547663
0.9174739517203703
0.9148968740332823
0.9091299055155037
0.9003955278569027
0.8924914574114582
0.8707965397483888
0.8186070611053828
0.7521261383454791
0.6964459484399452
0.6563369241943431
0.6160715863826078
0.5545524363160144
0.49851112977069156
0.40737681601198233
0.30223176608805713
0.2358952271518677
0.25215374887893127
0.23748624230663215
0.15525942367894657
0.09622046233401847
0.09414408601758828
0.1034973011573379
0.08365566186239201
0.07087589221958326
0.060745943793280646
0.05841414538861578
0.05748711454802241
0.06069121667829722
0.051864503038636746
0.04444099164675441
0.045895782680874506
0.046635963721373554
0.038483552217499495
0.03429073269388941
0.030961722626783254
0.03817692427463404
0.03978612850790251
0.04968553335757813
0.05092519022592054
0.061004075293040985
0.05358825662111636
0.05113043031815488
0.12052097429317288
0.18216141792637464
0.20919433014197547
0.19927204037808327
0.26291266374079914
0.33769896192670235
0.4247404523329278
0.4920364666997725
0.5332569872752894
0.5637084468910328
0.6073822941361442
0.6596885071771634
0.7016067176295185
0.7429722749399784
0.780051118204696
0.7899512417591932
0.798364573415697
0.8033413837081194
0.815493684467459
0.8230050059130819
0.8323561397609953
0.8293640011499074
0.8272660839204775
0.8379167817378991
0.8456873379454362
0.8549043975615598
0.8644065046495333
0.8618825680914097
0.8597447484328612
0.8628240254207034
0.8678360011646638
0.8595477674333962
0.855483745469659
0.858680185768633
0.8622248150766988
0.8679585650154313
0.8705863415168382
0.8734380975141218
0.8760212501487241
0.8758559319557042
0.8661265599531612
0.8476294039380112
0.833027473133483
0.8098214846161753
0.7913187572068207
0.7655720521643531
0.7381272282523964
0.6919615193862522
0.6309774648926851
0.5402321689331859
0.4270654492966371
0.3231656110823206
0.24385383219672777
0.2257977078303476
0.21053973199511783
0.1724623157764461
0.17029463066610934
0.2223810907471564
0.19194731864958806
0.09404231537895602
0.03869297418928212
0.04769251868081775
0.03693686711744288
0.025630640634559502
0.02664949148020749
0.02823955881694698
0.02400166025054496
0.021665944591902925
0.032351630673266484
0.03735989549865074
0.035657207493425346
0.03389561826587256
0.026869152091118974
0.023895097895902606
0.0336874351214357
0.044991236908286505
0.058855169718643144
0.06332946676217727
0.0800437898530001
0.1148799480616465
0.15668028568616713
0.1803333348601762
0.2125468777954878
0.27998777909916484
0.35345533389275696
0.42520736090749467
0.48504452864479053
0.5523372146642901
0.6028232536399925
0.6386551696076306
0.6677619575918692
0.728421612910024
0.7803275544293833
0.8085460470862195
0.8213395141965232
0.8359734872284896
0.850779423778772
0.8627884549560912
0.8716397685335786
0.8701165189125771
0.8729200831804338
