0.06793478260869586
0.09259259259259287
0.37615740740740966
0.3761574074074093
0.17361111111111158
0.37615740740741027
0.2670940170940178
0.3015350877193008
0.4595588235294125
0.4166666666666696
0.37615740740741027
0.4166666666666675
0.3015350877193008
0.37615740740741027
0.659722222222226
0.5050505050505059
0.2032520325203258
0.781250000000004
0.7183908045977083
0.4166666666666675
0.3015350877193008
0.3015350877193008
0.4595588235294103
0.3015350877193008
0.3378378378378386
0.5533854166666702
0.37615740740741443
0.0
1.0
0.2670940170940142
0.3378378378378465
0.3378378378378386
0.3761574074074061
0.3378378378378386
0.23437500000000572
0.3378378378378386
0.459558823529415
0.2670940170940142
0.459558823529415
0.26709401709402136
0.3015350877193008
0.8487654320987583
0.37615740740741443
0.5533854166666649
0.26709401709402136
0.3378378378378386
0.4166666666666719
0.459558823529415
0.416666666666663
