0.13725490196078594
0.2978723404255323
0.2978723404255309
0.10096153846153977
0.2978723404255323
0.6562499999999961
0.10096153846154084
0.1372549019607863
0.7828947368420996
0.43750000000000117
0.10096153846153906
0.6562499999999929
3.561965537339016e-15
0.5416666666666669
0.34239130434782356
0.7828947368421032
0.21428571428571527
0.10096153846153906
0.7179487179487133
0.597560975609753
0.29787234042553695
0.6562499999999929
0.43749999999999617
1.0
0.0
0.9236111111111155
0.13725490196078236
0.3423913043478282
0.43749999999999617
0.7179487179487201
0.597560975609753
0.21428571428571527
0.21428571428571527
0.597560975609753
0.2552083333333318
0.597560975609753
0.7179487179487201
