0.6304106077146912
0.774870409521347
0.8775770817722236
0.9274295310129193
0.9449847040392294
0.9594206573406099
0.977195677907214
0.9790629846835718
0.9821099141101539
0.9846734011500633
0.9922704304313406
0.9918020610024634
0.9942926612456398
0.9852359542283928
0.9867501540074372
0.9855075840734349
0.9932705937062265
0.9873085938199271
0.9898553847548215
0.9844850517764709
0.9929541607053518
0.988884277838898
0.9919341856089404
0.9844470992554913
0.9676294876754399
0.9385503287437125
0.90123070467258
0.8399917955151481
0.7285129076825942
0.5601656911875434
0.40203073858444965
0.3015942077222704
0.2704231637706084
0.24428312757706533
0.2004981552780694
0.12108902230121989
0.06348405327322867
0.051072547400341686
0.05433182231486479
0.06693244941834212
0.07044556543062702
0.07946392744047498
0.08995178600983293
0.11114175534751411
0.13829442999277197
0.17717403543759147
0.27466205631286955
0.3931615150265837
0.5177503335208725
0.6182749663287401
0.7041740228980783
0.7858600150166918
0.850427422527972
0.9084247849213444
0.9378106565466178
0.9586117485851765
0.9656320032326058
0.9753984556404196
0.9832220307380346
0.9865499149823824
0.9902234691219731
0.9894273925832212
0.98840132334059
0.9838353632911555
0.9801062896883967
0.9715309452071202
0.9661306885586213
0.9666564783846425
0.9649996156276373
0.9629499085503286
0.9600844230355507
0.9350864331635824
0.876448301872133
0.7962006501968857
0.7151753850584129
0.6057444258321378
0.46174570787770786
0.3232120948520762
0.21543498138025408
0.14468535436051694
0.0866290896828664
0.07796405143376302
0.07168762832282677
0.061393133741331915
0.035945136028756486
0.04949199703460754
0.05748834278188114
0.052694015231447455
0.04453593883785606
0.056514831642570255
0.08408074964933959
0.10793859662029072
0.13397199800390636
0.15241961088850006
0.2275796487444911
0.30796162330752674
0.4361617668483487
0.5322548821351216
0.6142568604105876
0.6620156342311413
0.7486458007759493
0.8192933464855703
0.867335209742015
0.9018769196427303
0.9324309758075703
0.9459023358762494
0.95253915882171
0.9537352759822382
0.9539705743009732
0.9558437991224227
0.9574910449495448
0.9579602547438966
0.9670443592996667
0.9772187436538783
0.9819368711096126
0.96487866369739
0.9374486983341916
0.892806342315208
0.8152701462520834
0.7206982657014878
0.6089288054448438
0.48767435064365927
0.3110021374933194
0.19455043952271261
0.1269884181079596
0.11755009580201739
0.06858293427824257
0.037696398075786966
0.04290589859431674
0.06879977716508079
0.07181089028580945
0.08006996233870817
0.11440661339490543
0.13221360413520103
0.1102765665565622
0.10429075009499121
0.12547475128563404
0.18258573079354026
0.24393280391465538
0.3206166327289759
0.3967668403045049
0.48897216562847895
0.5824878391616553
0.6824086796831593
0.7646675396385901
0.8458728850994106
0.9093049295631577
0.9509666928515734
0.9670623153639444
0.971925750255483
0.9733810991976947
0.9763928811577427
0.9805418247920951
0.9801949599241533
0.975758515879912
0.971832359280857
0.971242328888764
0.9744039761729311
0.9721767137055669
0.9503318105536411
0.8885838475398934
0.7961348179732846
0.7118617226419789
0.6404123329032554
0.5689368082949844
0.4565403000429616
0.3464633154175733
0.22479842726936589
0.1391271268988893
0.10802398960990771
0.10535671242925101
0.09221548104501384
0.06241227829099092
0.09888974340694241
0.12470247439680779
0.13079178768072658
0.11207292341821207
0.09424656890571974
0.0595641472622343
0.055047909152718275
0.1177424189068817
0.21119209919607032
0.3176943492899245
0.4258963568484341
0.5130426615563428
0.558034632521133
0.6005191058264018
0.6595338841319124
0.7296275909948935
0.7811579016100719
0.8187819543583748
0.8521044763830333
0.8790098877333508
0.8930839773997906
0.905025890097824
0.9147516779001192
0.9263594276056699
0.9315133548096581
0.9369398070077481
0.9381978945817434
0.9361714879854631
0.930055192519859
0.9233575750112506
0.9277956271197948
0.9144801736903381
0.8738868360194699
0.7964083679104076
0.719022602936917
0.6253789895964958
0.5511898306086057
0.41058884776717985
0.2769984435186455
0.17175745655586325
0.11438556828866216
0.08621993395069703
0.08993722491068451
0.1078698466532207
0.08639723623411025
0.09152466850601298
0.10186525930779529
0.1129208136712199
0.12884126601246257
0.136998028235083
0.1412549653502231
0.13231490264567752
0.12606679337075116
0.11085385080978691
0.09378891945941864
0.157156265613618
0.2836657963929416
0.40921826268044204
0.47990148170414615
0.5510371414890042
0.6175265665126931
0.6801214734793402
0.745758680087012
0.8062900033132261
0.8537494734264065
0.8844853817305729
0.8998634826194402
0.9154620594545994
0.9270746311273173
0.9375959209646607
0.9362254101294778
0.9467876464029414
0.9486831002772587
0.9489857643914815
0.9381671065169215
0.929239102043004
0.8944150246665894
0.8257896589298983
0.7542746983318681
0.6924888119312044
0.6137785125591939
0.5310203515329098
0.46689169868753355
0.35606075256258723
0.2273811219138255
0.14371506255718852
0.13302445996844525
0.13171805957303095
0.14435788752514273
0.14473222148265963
0.14712535220319373
0.1443245743717389
0.16728761228420252
0.18165322406755569
0.2015449373260449
0.1965601410369993
0.18593107338372503
0.18482107033417058
0.2370523958731015
0.2891557218709021
0.34409642455660844
0.40357992776817636
0.49231014451061667
0.5388835596746699
0.5939345221814765
0.6578952720241168
0.7306643232111655
0.783121250368054
0.832670550536503
0.8764295993734733
0.9068029982686219
0.9256451698129288
0.9374950166656912
0.9422857383897483
0.9409705267027363
0.9381378186043592
0.9418451853090749
0.9499061079232434
0.9513248989449073
0.949443552768568
0.9429484350495019
0.9439641478575724
0.9375370960091156
0.9258097939549859
0.8806950446548216
0.8014035980466934
0.7061676836576389
0.6086874488221632
0.49456672893999076
0.34089932762597286
0.22531058011876895
0.15752870155386478
0.1328627421430781
0.11367486197483334
0.11893357202458421
0.10990299191568877
0.10523986603363898
0.1002769459521492
0.1141766724579602
0.11511648270427906
0.1276282142914696
0.13807128790080106
0.15062746078734832
0.14919977247518393
0.17802947763555826
0.27009384400075587
0.38568690762054547
0.4479932528903827
0.49313438257493863
0.5710612657374097
0.6702960654461294
0.7377586993968064
0.7955510955724903
0.851932718379573
0.8991075662237509
0.9304399479353511
0.9499549238603652
0.9546313280448276
0.9568260921662968
0.9617300777193943
0.969810971035237
0.9753191602254335
0.9717665529236723
0.9643903588379287
0.950483795225608
0.9247112036011347
0.8654554185080454
0.7851605860392258
0.6911691202703543
0.5662087993809464
0.4324449230484706
0.31190012743804596
0.246435752918088
0.20329609007749821
0.17704090253007887
0.13831924934452736
0.12387770148463555
0.125625387044406
0.1416860216918937
0.14645645194192558
0.1466106375671949
0.1480029841075357
0.13475186685314855
0.11274585776467339
0.11932235624729987
0.1899585567907554
0.29732980801167763
0.3894555136142535
0.4765727072519279
0.535511540416407
0.5950134630523567
0.6511494661732717
0.7169719981081515
0.7618735500682086
0.7914495689736213
0.8240267174080366
0.8577672099066715
0.881546216151113
0.89194874535621
0.8981582315509689
0.9065629249687385
0.9005276016326481
0.8970120628829817
0.8893230781885562
0.8817572829102958
0.8654696625819593
0.830585420869463
0.768591185615951
0.7048352630670702
0.628254592704621
0.5433300791784573
0.3926007602195141
0.2668024682515421
0.162011204869003
0.12454836504560507
0.11114022499596113
0.131766846381711
0.12834267606487132
0.11168592189262785
0.10138246165259818
0.10159137663144377
0.09344944651537969
0.09644116012277923
0.10853431987248106
0.12655176940931107
0.1408668047708102
0.14059273605880673
0.1572572939936897
0.21050672226213943
0.32589118812821394
0.4442889064586566
0.5202951877127002
0.5712576120842988
0.6375025110001611
0.7126029235244962
0.7700272156916924
0.8130678520812789
0.8427219704861133
0.8634023145748733
0.8784721325087643
0.8910981509763691
0.9066223193961656
0.9186472743285257
0.9233491424629323
0.922039826363234
0.9186595417109665
0.9128221987058611
0.9080862792965565
0.8904479010069439
0.8439928726848906
0.7779103142542729
0.7104925909314448
0.6130551768504946
0.5029516029446175
0.35173738014048794
0.22148154363977252
0.11411058681417269
0.0585317175276278
0.038807314251820484
0.03438762861953262
0.04283275689331031
0.024027204392178036
0.023413492341294983
0.030837466490116004
0.0534227824376481
0.07417829793593901
0.090461485257192
0.10538954134966501
0.12495902526125369
0.13817110058935123
0.19601609053203067
0.27057621595103654
0.3491444584734327
0.39949274936385815
0.469235087403414
0.5436644775996053
0.608042226136064
0.6810183198147945
0.7438420303828968
0.8039210232549954
0.8489584386221947
0.885455550972108
0.9045507894899893
0.9226680695549945
0.9313364499593472
0.9319222671838454
0.9364690171045625
0.9429869376778082
0.9498500237138308
0.9550280415152402
0.9428369753741318
0.8870720113820046
0.8074424111834815
0.7237913725332059
0.6166402946749281
0.46820192632815216
0.281884803723674
0.14478578928445116
0.07556290824729091
0.05222493986632659
0.05053130004819126
0.06609419893927268
0.09107048196551808
0.0900147656508335
0.09438973016733054
0.09008425995756206
0.08442929858076698
0.09631013799512242
0.10591973069401811
0.10383889904024692
0.10828333412505588
0.19405859738715556
0.3028908481416639
0.40326627074428406
0.5025604202672576
0.6104163601642535
0.6987170806933314
0.7659353119510552
0.8205094478033855
0.8499929874220804
0.8654659122859851
0.8801397761339143
0.8905537890386499
0.9012814635140907
0.9074839988308191
0.9084486536169316
0.9077508626419475
0.8962796951675343
0.8664025125770881
0.8249612463140424
0.7778409752733451
0.7136711191217007
0.6185185142260026
0.4630962910808502
0.312195231889142
0.17304174584115625
0.0907177072914074
0.02871376250859266
0.015028393130497166
0.013824934123584084
0.024362608810845975
0.038613949179023686
0.040424913881636576
0.051969794858304594
0.07044636534462467
0.10039208769006616
0.1481866073960323
0.18522304453178876
0.18998972367730968
0.21503111892099022
0.3094610591855882
0.4112605717077188
0.48020548032235905
0.5455784164588489
0.6183339008600326
0.6856253863106241
0.7518605817885587
0.8059256121085248
0.8383623706734229
0.8537502594845732
0.8684009406484156
0.8780021215685845
0.8927621854547447
0.8994663817053932
0.9024520213160108
0.8963805864577211
0.8817475696440588
0.852514835247463
0.8035017236909378
0.7491829936512517
0.645548703282838
0.5505387381091802
0.42912902697667543
0.3169322745053361
0.18262044887256326
0.10948240152804842
0.0669532078017184
0.034871969994014915
0.013461913846811734
0.01349488914459629
0.03995702798957185
0.050545919710350225
0.05609673488872194
0.057212844258950055
0.08649755512341584
0.10816697591807804
0.11111447047918133
0.13320649553703365
0.18684796193421352
0.2545993884594828
0.3312849141911326
0.41445352098674193
0.4550377916840739
0.4997246900510328
0.5633871035742921
0.6380094144226875
0.6941894540447906
0.7565118150494122
0.8037660960035499
0.8432923833803339
0.873440850180181
0.8965161017097389
0.9083440754593473
0.9190459174035875
0.9245984306609316
0.9254554676679614
0.9188332376103152
0.888246507396107
0.835309342578426
0.7722501371064522
0.7233239604964136
0.6539503140412047
0.5580175029423365
0.4529096348868965
0.34529924809778445
0.23422919308389661
0.18997735042738526
0.16358216476541051
0.15029631417272998
0.091231522891996
0.09745437094318728
0.07916409599549558
0.08425016649486833
0.08499365295553618
0.12252113501201703
0.16958993217449342
0.19268598009483545
0.19616923806965145
0.24315094912941457
0.2970456070392723
0.3386753890617388
0.37209126782486357
0.42994708892276057
0.4505748046967741
0.45908898398845904
0.49189629132762425
0.527325308830703
0.5610149906700199
0.5907978793642655
0.6223813556842649
0.6561973072234499
0.674401227149904
0.6835799501718945
0.6920688089382114
0.7035135415037447
0.7158498542509437
0.7275593286923392
0.7257627716383064
0.709937676709386
0.6958494767316299
0.6919792677215788
0.6862648055622773
0.680594321291655
0.6901415183181905
0.6714165519511555
0.6016531680807028
0.4760806845819586
0.3464078999199989
0.2778485401299352
0.28671767374088175
0.276689155223667
0.21470283674421314
0.1451697180505501
0.10456141371418635
0.0824321416601855
0.08209669183389527
0.08510655024006987
0.08926070817241204
0.10926348039224651
0.11295577500756163
0.10161699965733952
0.09263878184369746
0.10877432998427294
0.12312015460177002
0.12706040182749107
0.11733694661718269
0.1271803284389551
0.15858003130912654
0.19778993370119313
0.26891990507484803
0.38361330654723647
0.4841124705052125
0.5490258339440994
0.6026143981087788
0.6736704793233852
0.7344119200597847
0.7763343653095481
0.8101394998577875
0.8345484070339771
0.8568449848815105
0.8667256958711194
0.8799804601286035
0.886860061670411
0.8912431944357755
0.8872512352719268
0.8731410137916048
0.8563809523128411
0.8468803142485318
0.8251116660024534
0.7849221811835391
0.7087510124342786
0.6176784333819911
0.47735989346666724
0.3305226328477181
0.2130304779625002
0.17358483203478411
0.15790915947027126
0.15306468685767677
0.14855765764135434
0.14623111243445305
0.14148532528565916
0.13102754932723829
0.13315222808439264
0.14392143524670717
0.16515552819341786
0.17847869964856708
0.1952289049627777
0.23534823012560946
0.2972602740269643
0.38625782697017336
0.4836138255533102
0.5631421359993838
0.6262333320427669
0.6811841408537669
0.7364235784591839
0.7704001643414597
0.8084559073069842
0.8522830992652972
0.888184313200443
0.9112057121931967
0.92301894577245
0.9362660109315435
0.9436393975433767
0.9468298140238707
0.9442325263577527
0.9168085462773432
0.8671017361582347
0.8007959812502221
0.7296099369154361
0.6160532305773838
0.486220313903459
0.33269688803601755
0.21456679299677223
0.11848706645913681
0.07813232122364396
0.04920265493561287
0.06551236333370614
0.07168193442277501
0.06048921601520886
0.036696772776348884
0.05915262544225844
0.08591820286436502
0.07732089299627476
0.04342246954012291
0.03993894907188439
0.06494472552273056
0.09371359127509096
0.13144399433907059
0.15553222748325618
0.17769197130964057
0.20734270731273077
0.293382781009148
0.39595856322181566
0.4809074472701617
0.5401913443203883
0.6165804221269975
0.7029307680530292
0.7734746390269378
0.8278655468449277
0.8684819044925999
0.8960927107117003
0.9124552540617916
0.9300413017440663
0.9295536195291306
0.9111901548981673
0.8633634118908271
0.803665892528453
0.7532533827387122
0.7115294893188198
0.6374447761133204
0.5357249286109353
0.40399534876855
0.2878538397228512
0.18233012735859874
0.11105392210341708
0.07325618691354127
0.0684247540199623
0.09124974661891913
0.09880819939765181
0.11119171942703625
0.11040153300286074
0.11474773460685243
0.10158247351830293
0.11233716928299789
0.1325621937480227
0.12768499891915297
0.11805850963349018
0.18687267893793408
0.30191702837192785
0.3912425004402904
0.4602122249459897
0.5287231640010471
0.5935398194029964
0.6494644198018567
0.7105250655027686
0.7494577059836727
0.7842294252759249
0.8248816026193573
0.8691074896434758
0.8930195334687248
0.9143292217905603
0.9269621839040878
0.937616738606177
0.93255404025856
0.9284268636964232
0.911239526404805
0.8815097574466894
0.839412314402993
0.7894529471522939
0.7397460792016222
0.6419469146714842
0.559829860145927
0.4720676073293566
0.4078815961541219
0.31568729502933657
0.27141601739696747
0.20058240853711987
0.15942588123151286
0.13629069863310186
0.14846364333560738
0.12835113048308372
0.14292270904474638
0.18311999277929497
0.21747281104673719
0.23304085617769202
0.29158518075719636
0.3586432503379309
0.4071201089712976
0.4411382898507679
0.4871531522145206
0.5315229464606614
0.577327029172765
0.612822350970942
0.6361067408228076
0.6603655559687711
0.6939910428398086
0.717189050502739
0.7362774013689315
0.753314645238149
0.7700678715850928
0.7814838761308113
0.7906201970637622
0.8005101534647753
0.8085114111343995
0.8101287350929054
0.803529764546514
0.7861085956438918
0.7601345407733904
0.7189560177070327
0.6491610194043734
0.5664580188946096
0.4861690576320034
0.40172123494461237
0.3055820075965923
0.1834016686149625
0.0984637813681305
0.09563502067753238
0.1427956570341819
0.15166796021258733
0.1293762092780043
0.12861056087235337
0.14194313142508685
0.14513319525700874
0.14800342331157001
0.1526225781404346
0.14448182325314404
0.12969040689742392
0.13609265676517218
0.2016316272190821
0.3027752068527686
0.3960409265969549
0.4493015476137022
0.48970572201686297
0.5379716020327587
0.5884570582584536
0.6367290135759032
0.6753012549686075
0.7060093325896835
0.7317131247829942
0.7580119958928186
0.7803108339197189
0.8001581357579922
0.8122217902245911
0.8231383017046938
0.8313755750805083
0.8399303390707659
0.8469616072509998
0.842326066222496
0.8246439676741328
0.7898097243271212
0.7455442222227964
0.7025481945985412
0.6665728501108681
0.6127865132020159
0.5292898536359304
0.4461924187205524
0.39317936009701576
0.3415816980847745
0.2966616452429872
0.2456314214083087
0.20013128979227873
0.1802331070841361
0.19625950300144582
0.1977129274509698
0.20696264694024263
0.23275725250812554
0.2509029646838363
0.26617300058233695
0.27630551281873766
0.299231272805831
0.3470399042664996
0.41957199910604714
0.4530770693702527
0.47269898907329266
0.49833670276637787
0.5259586065971095
0.5650716885574684
0.610407565073871
0.6411299735586097
0.6568544891652035
0.6766571159462422
0.6947599287024306
0.7103994709331887
0.7288162480962127
0.7503193889855169
0.7683930950859563
0.7766214392927525
0.7844823362792624
0.7807986817975624
0.7561309217811455
0.7196818504699327
0.6855421464605166
0.6380716655609956
0.5651289853971186
0.5142006659978231
0.4785107528104037
0.44916333257428126
0.39073213659459327
0.3388069164355769
0.3032479266866863
0.2963120422106559
0.3001561418969351
0.2865082947473576
0.29409920024281
0.31602458559528357
0.31483926905754256
0.29866702213006424
0.2621124684166958
0.24166493762911662
0.23605432067484527
0.27688897299027737
0.30182324264904536
0.27769776106758826
0.25228974330397613
0.24447047172757136
0.246063393799885
0.25700447150081873
0.3148180268420452
0.40010392622582314
0.44435604062629486
0.4681963276782494
0.49290341474024313
0.5146647790590879
0.5281492051201224
0.5655872748756439
0.601528053836371
0.6261040769058048
0.6316976714782793
0.6443526253395876
0.6586407229281868
0.6791754159067589
0.7032684221273358
0.7217050056205159
0.7386624052915984
0.7348352277356592
0.7316838486232555
0.7222271279331944
0.7198919414126359
0.6945714865034724
0.6446494602743765
0.5586348813561248
0.49078579549037
0.44104438425774917
0.41116135413073385
0.3751658403574438
0.3585591710185315
0.3339802277361057
0.31441646596443484
0.2962584731624441
0.30172005197486274
0.3015682595133422
0.28742928786566174
0.287082679789579
0.29162417288899706
0.31850607789286944
0.3231489113542907
0.3034861319593404
0.28302986566069327
0.32283747592041595
0.38743120263579267
0.43715444669403314
0.47880025735665993
0.5141977761688686
0.5432823545961596
0.5831976579258852
0.6129530741103271
0.6405707804253007
0.6675687615007606
0.703882572400996
0.7227350846025883
0.7382661157369623
0.7461788670140599
0.7543043435700708
0.7642484645420342
0.7754252857568552
0.780532333195466
0.7788553280729371
0.7711472737008105
0.7577375227358356
0.7360810040907038
0.7034275070141338
0.6229673003224386
0.5273442570719273
0.45048336602347466
0.4031977044524516
0.38369927754720146
0.35390167057880006
0.3022410005171329
0.2524501812182686
0.27235682121108634
0.3031979139400117
0.3253300211633711
0.31647250619634776
0.3023738697945335
0.3062284184783807
0.33655018169182105
0.36096922026749934
0.36599161240069666
0.3689678996270267
0.3568332803070517
0.37119826097357067
0.4203529874359251
0.4752317429724614
0.4849600534420101
0.5015114829955821
0.5308546528535596
0.5703798289026436
0.5836408758143165
0.6149400871870421
0.6425055422524142
0.6678128173831024
0.6795454995217485
0.6936403404698046
0.7052378800365638
0.7093612267756344
0.6991579341043336
0.6844354398258934
0.6658743172411398
0.6520306847161523
0.6201233069138483
0.5977940484487132
0.5448271080611022
0.49201268269153264
0.42766745800878425
0.40812586039234533
0.3944721412656206
0.4038782008373425
0.3809596184811544
0.39045887822288344
0.3821470495253403
0.3810176355923047
0.3486336380555446
0.3691590093549386
0.38278733459542
0.432346605945313
0.4799569528353509
0.5340782158087218
0.5613627152795548
0.5906661807512912
0.6174008803819327
0.6454403744361685
0.6715608659246208
0.6825278301197366
0.68688790930584
0.6966895396128819
0.713707149245691
0.7255945011136631
0.7295928462479511
0.7315648079483366
0.7321174001454145
0.7340823816692035
0.7299626564988714
0.7234177694216306
0.7161336218260723
0.7106156079951479
0.7012907831664521
0.6819700891373088
0.6627759604520462
0.6324992589509366
0.5693897129480436
0.49860824847838314
0.4632617415254995
0.4266594358490362
0.3836006301695143
0.37607977528917075
0.39340272734562176
0.37014253860759033
0.34666284038301
0.3414711965231246
0.3466653330973679
0.34252312764926873
0.35188860840365443
0.3571187694229162
0.35796580896161234
0.3429873564984653
0.336340190944478
0.33747656097344125
0.35632306796164626
0.3612826127319949
0.37605999350600766
0.38873523061055026
0.4184619611560418
0.42432790010027727
0.4047965904172028
0.41048449511308427
0.4319880657678852
0.4674955989201067
0.4853394812107039
0.5149000526306999
0.547821710649207
0.5968074021565428
0.6326884715009723
0.6377247548344055
0.6379307985266881
0.644988846833104
0.6606562591589118
0.6741443370084341
0.6866150991313449
0.686522764881257
0.6852039371004697
0.6790657309250411
0.6753816943156004
0.6662263578848383
0.6472247286062073
0.6184990731580271
0.5929027647186969
0.5767290420191394
0.5667539265604629
0.5618500515714174
0.5633447269848958
0.5507511960572546
0.5218037582095194
0.49878237299122835
0.47037647684515355
0.4403768089736803
0.3842249500018336
0.3708452484960654
0.349161689909033
0.35677176202875105
0.3356402070148013
0.3331099984731175
0.3217043665686132
0.33657851699685826
0.34229162230298726
0.3431377782003188
0.34073314471512384
0.34060038922289987
0.341966841941166
0.3362961628269073
0.33967975076374246
0.3389737392625422
0.3316755283263931
0.3486187856161466
0.3781578296693663
0.4116389417147591
0.4276761027628129
0.48329456913447605
0.5463044219240508
0.617968911047154
0.6645545182697563
0.6960222555882101
0.7107314086467057
0.7330754986111634
0.7609639341931147
0.7988623564356147
0.8390716639447416
0.8798955681483958
0.9177569720002412
0.9374982356004709
0.9484166313866559
0.9544082843797264
0.9621342851070888
0.9665424450857656
0.9771062034933808
0.981456678459275
0.9788671993470406
0.972519510869146
0.9727782393941403
0.9726872991853657
0.9748496802596884
0.9789060663047788
0.9841973187041533
0.98415929890847
0.9794770820356299
0.9698401477124322
0.9506098194354886
0.910387393486933
0.8609546486514842
0.7884039363146876
0.6869961629743608
0.5371773064707062
0.3941162375875242
0.2993103068792732
0.2792369758905754
0.27636641305750737
0.26442084970616486
0.2552689231213363
0.25564360100427486
0.2727857518797047
0.2834677869495108
0.2967873199266609
0.3063606227986039
0.31537509190470836
0.32621550796853105
0.3306580718609643
0.3812216874769352
0.4400893298092736
0.5216950409034491
0.5933604498995054
0.6652359173831193
0.7110371288666675
0.7491838959664743
0.7890182647213781
0.8188344832670795
0.8318023583317918
0.8406299566448963
0.8529755271633772
0.8737480823765458
0.888333119349172
0.9022972374437668
0.9071602693370593
0.9087290545018712
0.9144040500769544
0.917935710930924
0.9123397402854978
0.8945720386962173
0.8805973393978631
0.8412723890256639
0.7813488226880888
0.7013199511199796
0.6107610319153376
0.5149825058484218
0.3935893611434997
0.31046341065408434
0.3006671815401198
0.33257738569342343
0.32653871518625
0.29686728452860756
0.2585527650236418
0.22196477486935529
0.19292741630204904
0.2108840679818285
0.23598321080041867
0.2670701300278732
0.27515692298894856
0.29196395111980855
0.287029445485975
0.304797055280071
0.3449057206698734
0.41450669456149053
0.4637544227292547
0.5339501429610467
0.6094467823966986
0.6870385367799332
0.7402261155832468
0.7795029446743593
0.802838251279553
0.8175092931467739
0.8288036887025576
0.8393839990070909
0.8475604550778066
0.860395982750649
0.8738749734556908
0.8781935917013703
0.8748037785881551
0.8682300656384055
0.8585866603136773
0.8420476582001231
0.8225012667645516
0.8017557840086145
0.7622002026794468
0.7060407113199967
0.6169113371304008
0.5457770533569548
0.4709473585779971
0.40751509869270364
0.33575591947855
0.32394498858834825
0.31428197502183347
0.3052260165696049
0.2910294114291969
0.2993171919457682
0.3041283059909973
0.31181433237893
0.34474141097398936
0.37211885848872667
0.3911642762108775
0.41652976533464947
0.44892636742521463
0.4835495275678203
0.5312465992296507
0.5939630729793681
0.6387563198993504
0.6724645827505928
0.7125826578321045
0.7536647671217657
0.7883531281323058
0.8160556979241108
0.8316558068673717
0.8485106926687795
0.8603365751997453
0.86908496888064
0.8786501336748751
0.8898295203423483
0.8986327997846453
0.8911448277553072
0.8776648887528595
0.8562146739282226
0.8346482977767866
0.812500998007406
0.7836012054090867
0.7430254474018709
0.6796796215858809
0.6000722179443871
0.4881460786659174
0.40791553224551297
0.36559851312082303
0.360490511850266
0.3241589024911082
0.2784514594890771
0.2662667446870347
0.2857689760331902
0.29552481935144337
0.29349245692863263
0.30717021103250014
0.3326954731677849
0.3113919706448697
0.29371231476092335
0.33747121056111723
0.4187046174440828
0.4688466236244003
0.49242710056837496
0.5473874698959863
0.5984993776023142
0.6448509603242533
0.6786027507220715
0.706634227376925
0.7266821459618618
0.747921576155845
0.7673905092200088
0.7877082303344078
0.8085795238988334
0.8281868159511836
0.8395306548768887
0.839150785656889
0.8335795262077411
0.8291817608905905
0.8326318035767448
0.8341399901345432
0.8367658905007922
0.8383581146382959
0.8391148024486509
0.8291469813164922
0.8115436911226961
0.7804058524999
0.7487919625711873
0.7139873975353622
0.6858282889631684
0.6382157438393085
0.5817400752257416
0.5106773051569863
0.4552833766680779
0.42700495404049643
0.4225807600300462
0.41144560020491405
0.39347870000044183
0.36575146222313876
0.3637672306700893
0.36968349545312285
0.37516257339656345
0.3629619382970156
0.3528910662296346
0.3713204804496733
0.3852477775936196
0.42304595131395023
0.4211169795054649
0.4437584582419111
0.45545561577646754
0.49210284836618695
0.49979825879720274
0.5113021493552838
0.5110178360102764
0.5437486435716765
0.5872109415686927
0.6273544941602505
0.6430267427673171
0.6646088359672638
0.6830752613318544
0.6973909653865566
0.7099247609704411
0.723765952690457
0.7383885533741373
0.7487912140910249
0.7594838407939799
0.7667842516778932
0.775475856438837
0.7721640106854204
0.7732538301186426
0.7755004055300494
0.7796643397545853
0.7629564367221002
0.7378348110138757
0.6996539769831247
0.6465198148725189
0.5840056296597055
0.5254763727692113
0.483837692090282
0.4555463910047972
0.41659068395398163
0.4012893166811923
0.38831502647279514
0.3935542283067569
0.3873561165789201
0.39401236913603976
0.40476300918824426
0.41548654114102235
0.43293630443128556
0.42848893640823027
0.4472325520310977
0.4547937063651876
0.4819725460705588
0.5100142069114335
0.5322802397794464
0.5557144229304236
0.5893267841414926
0.6299447130574746
0.6472660014951723
0.668656134321214
0.6882526736376346
0.7012876062957459
0.7104373200738178
0.7186716613631252
0.7310646529025946
0.7460873844335345
0.761904460106928
0.7743020925980476
0.7811459955254106
0.7845597843938963
0.780653709153543
0.7769815537904067
0.7647310173404829
0.7437994082561588
0.7110010676562939
0.6813538994887649
0.6509822090942426
0.6070017461655746
0.5516244354110875
0.502809350053082
0.43244329745226473
0.37624968484437016
0.3531708192397447
0.36566604865844804
0.3548876074644719
0.3486133013194507
0.3624246086847184
0.3752356245827951
0.39481361461393616
0.41461739982423224
0.4275093270296632
0.4377193242048623
0.4885040943381611
0.5517795442853357
0.594090461322806
0.6112183699765511
0.6256070215355664
0.62784043616705
0.6362698054047202
0.6474022066807168
0.6630848299980494
0.6746312803556909
0.6876326496626767
0.7003460910132777
0.7140823605340778
0.728968436401044
0.7479475820468012
0.7669170359454304
0.7834989557744478
0.792914379772761
0.7990718450561416
0.7971999073070285
0.7915911667183327
0.7749803315312037
0.7570225967121135
0.7327467974105759
0.708851684864549
0.6802692762342981
0.6596704940264577
0.6163567509232766
0.5371930943793555
0.44648329155429
0.38844607640719286
0.36649939684246047
0.3646403065556906
0.3564147223025313
0.36360596988128113
0.36025180521039435
0.377974539439922
0.36379843270859896
0.3753757649906282
0.3891433785473016
0.4236137024610855
0.4293604192734274
0.44004131962656096
0.4572422449870832
0.4866208289621023
0.5218231904305799
0.5680454360925375
0.6036430696178939
0.63226941697613
0.6493072804224209
0.6663218659950367
0.6831085645111457
0.7013559048843774
0.7118564045388744
0.7206450907697827
0.731460622249919
0.7376689105889503
0.7453550889112983
0.7554662863878396
0.7675019075924353
0.7733830241163964
0.7801005485921495
0.7821670962864842
0.7754971627676684
0.7580316549666891
0.7328465053252435
0.6906922254824935
0.6513584257469103
0.6141041016204256
0.5711932369556024
0.5067853209057451
0.4546661956685512
0.4174200727547384
0.4112928048971808
0.3903945312545279
0.36400051514116694
0.35846994837953616
0.3805111905546239
0.37970720140643055
0.36333107650922203
0.35602158589316746
0.3589181217240994
0.35867550517284047
0.3721680352563771
0.3894902239581411
0.4194515388396847
0.4440184892293366
0.4677148779657362
0.48909165082870215
0.5011046221681216
0.5193501867707084
0.5535617682260154
0.5927723507368643
0.619927624329552
0.639029322069466
0.6552173906078173
0.6621961332102342
0.6709608709153978
0.6920809610528846
0.7183447318168419
0.7424929763532344
0.7551358340827243
0.7639376027817351
0.7708481742037764
0.7804922232926498
0.7898372542369456
0.7903595998829667
0.7858715887977201
0.7827111095307413
0.7824242326098112
0.7761346654250907
0.7629836441355378
0.7357818966982497
0.7063571644156565
0.6702096366582
0.6183230043012369
0.5518864615193386
0.4869547145285309
0.4470933509044155
0.4084799647009989
0.382808305104105
0.35286101175240997
0.35697912170892565
0.36226676354943366
0.3723867017488106
0.3628609051273047
0.3683586222470976
0.3771952455498815
0.3955609198385529
0.4149269548876427
0.4452701707467184
0.47999256129911666
0.5170752950402475
0.5563753598510501
0.5898279360683595
0.6215128067262506
0.6506917246764812
0.6810683976745653
0.7069249540218303
0.7267155833177007
0.7399024017140499
0.7501055576517331
0.7718260032158635
0.7927699018286507
0.8084786154595454
0.8139794507925933
0.8181799117841315
0.8214314638233479
0.8269794283716767
0.8289655793849999
0.8227435539645559
0.7953044968879819
0.7437702500888067
0.6636130412429099
0.5785570199410135
0.5135484401071346
0.4820168194732687
0.46262009070679555
0.4460428948969388
0.43423635028673385
0.4335722906982823
0.43792811152029615
0.446423447987317
0.45138266499113017
0.4503790921233155
0.44752224931762213
0.46041755234509774
0.4855572701115881
0.5233979906094504
0.5680572833692763
0.6071878655996945
0.6339936454366153
0.6572763719924637
0.683085392243437
0.7051992056222399
0.718996837589659
0.7400864371902109
0.7599733499605003
0.7803288139223133
0.7916456898208327
0.8110657611814951
0.8260221035037676
0.8360302927493639
0.8385185771579742
0.8427982860305634
0.8483376794091653
0.8579044192276326
0.8649116729846389
0.8721977967615715
0.8771757722520027
0.8864895853977035
0.8999997344172865
0.9141599102497443
0.9212085803360459
0.9245699463131503
0.9284450731087397
0.9322573823713175
0.9372515874259421
0.942017524661727
0.9412061673878459
0.9389380590472968
0.9416808730098587
0.9466063275840336
0.9478937631251859
0.9493463569249967
0.9520507986489555
0.9548226487931835
0.9553571827266649
0.9556801121510321
0.9572888099001129
0.9580694649501873
0.9586579109357075
0.9591150259454614
0.9605688988630547
0.9585410119171154
0.9573917917393231
0.9544038175462343
0.9486366044130097
0.9287232422139459
0.8952648680474082
0.8534238135165408
0.805850856461545
0.7405807485482754
0.6672036882406678
0.5654356032203072
0.49111483460761174
0.4293064352072168
0.39596694828779566
0.3754086403233075
0.38218246270609213
0.368484230756274
0.34801182189053687
0.33860310420065587
0.33524127738728815
0.3299093306887438
0.3299333036762032
0.338769121669325
0.35157493431558684
0.3647147550447212
0.35900651496277547
0.3556058763573549
0.3848447019171871
0.44203310208196706
0.5127090247936807
0.5707942577761103
0.6181881870046515
0.6565014470439342
0.7091793172626292
0.7648538485249705
0.8012042423832639
0.828509066934476
0.8589721339300684
0.8904933580406105
0.9107029662338486
0.9224059378205448
0.9239335408062007
0.9256843940858377
0.9280566368592175
0.9299166194772273
0.9311462486516024
0.9360787434364135
0.9428049599811992
0.9462307326561915
0.9454826963816755
0.9436676382704802
0.9426560551939925
0.9425992595671698
0.9380425330938522
0.9331176803726287
0.9310860749060149
0.9290804128636677
0.9256097832413113
0.9176938797820071
0.9055271527214523
0.885465516292519
0.8528663350971296
0.7998684399339113
0.7324741329732368
0.6347656727455582
0.5350165936173742
0.45033608127951613
0.4027668964636843
0.37380079142022904
0.364237023797654
0.3582162617227956
0.3489319397524525
0.33911354599665877
0.34025727955064017
0.34790872611693546
0.3511066021924592
0.3545285610069753
0.3513264792847188
0.36724677789136373
0.38755131717413316
0.4215937499807354
0.4543318799739656
0.4997403701345599
0.5359639239319975
0.5605516687232233
0.5879163286532655
0.622381859125061
0.6561658574423009
0.6815341821467534
0.6984892152219326
0.715743528259423
0.7297371966832247
0.7475474684435004
0.7660255290767994
0.7881798171208325
0.8050538415692446
0.8201538305113678
0.8280439280415958
0.8363977695777366
0.8438672113502963
0.8520010208197581
0.8596886103275903
0.8699445788767134
0.8753609569795073
0.8778515953888644
0.8775032240657228
0.8767437657102192
0.8756875439733078
0.8720331165570796
0.8680924498857321
0.8604624701608589
0.8456070840567065
0.8158820333451079
0.7758727528581495
