0.9755091539041282
0.9584625917088777
0.9459016133181347
0.9371714900565995
0.9347831212594984
0.9352462866037909
0.9387059853333339
0.9406017666399242
0.9400314091147974
0.9404191840270998
0.9395261937106679
0.9417284323207822
0.9426765073256139
0.9432578904582423
0.9403106553011522
0.9392045594225027
0.938209503155236
0.9355950366205139
0.9365317141092504
0.9408321981702974
0.9448339035824315
0.9512114303689505
0.9485824773120467
0.9465263066697063
0.9483445542338722
0.942520056498697
0.9060929285403063
0.7746619184784178
0.5415987491280554
0.2678407165424466
0.08773530415046285
0.022013713887561633
0.018022131561197842
0.022100465660212773
0.013364938910830286
0.00741400606039419
0.00040047910635050915
0.003379254066593572
0.004387971024461932
0.01133841967675036
0.01699674629777244
0.02165455503318614
0.018012960632354212
0.016665104351449217
0.02075061143147187
0.019810096793066063
0.00540356915559144
0.014384836104471197
0.04692902473380535
0.10535419744327534
0.24186750587516598
0.4820633330305826
0.7285108587626331
0.8643080076704333
0.9196826065747348
0.9454984382056428
0.9715632636569671
0.9767276791825494
0.9768926544282606
0.9746445379586064
0.975259206877638
0.9750258024908931
0.9765083396686249
0.9803008006566949
0.9870798827561128
0.9939184540323679
0.996758219110199
0.999829352413818
0.995305085299092
0.9828467038048015
0.9685990528257278
0.9281748737510231
0.8122082590077813
0.6206416395618564
0.4022766429082889
0.2520120194543537
0.18681222966941607
0.1775795976777546
0.16209751957091306
0.1489847713461471
0.14082973716660194
0.1408392447601278
0.14802369624090828
0.13916938142132232
0.174488631214179
0.31611161817247
0.5769507200037689
0.7938588089134264
0.9092887567487163
0.9330967893410542
0.9451033504645384
0.9473469596724737
0.9562797679173161
0.9640059070028002
0.9629930885096744
0.9535137478635586
0.9490719131154949
0.9519811409197927
0.9552330998369846
0.9546951554241789
0.9533634421403313
0.9513691139451601
0.949940393161775
0.9474358329639812
0.9417443640257279
0.9363023083398325
0.8776450880068809
0.7166576118245763
0.48317472997485045
0.2955786257880363
0.20728848493526403
0.18450288734211456
0.17974467873259742
0.16535854911501313
0.1465830566795196
0.13094844815406453
0.1294450464407274
0.13757446940250515
0.13388422193858807
0.1405652568557363
0.2608444590213568
0.5255754974045763
0.7905132584210939
0.896045730571081
0.9057225489438461
0.9073983362268676
0.9279345224047018
0.9419631562945672
0.9464429549518707
0.9342155712027448
0.9188725453984832
0.918662746515968
0.9243984813471544
0.9267441992636268
0.9336829438258387
0.9433923104265429
0.9526548344834965
0.9552032066070338
0.966647987351702
0.9481806684829631
0.8275405880902702
0.6084381823915851
0.397364795722704
0.2654101506593902
0.20400198129008412
0.17675352781069137
0.16358167731830464
0.15172683043889393
0.1442870222404687
0.14334303851425573
0.14518774517980643
0.14057203256243916
0.19786835307831618
0.34113680520012973
0.5872451428122942
0.7956456488854312
0.9122271738081531
0.9282100348310101
0.9456210602855238
0.9506457797966187
0.9503399682262821
0.9552804125774643
0.9746187085033007
0.980384755008232
0.9732991935290094
0.9664201449771992
0.9718842657736222
0.9809729541565815
0.9785468346334703
0.9619296033818446
0.9237602679583734
0.8192047373434672
0.6306932358575479
0.4229063003872581
0.2874523849214061
0.22915753280210027
0.1999315822063805
0.17755081081551466
0.167533574843458
0.16169779551513913
0.15830807309786038
0.156848243052493
0.15505998545038416
0.2071211800886414
0.36087862867552356
0.5766485989397887
0.7770505607206364
0.8996506010971541
0.9484979420572619
0.9521355596052516
0.9629545158830958
0.9726447033062017
0.9763463638873058
0.9793410295122795
0.9772593669051712
0.9701870435433374
0.9593465154797814
0.9543883098797522
0.9560896068087663
0.9620659978028989
0.9676310559295687
0.9667932887489553
0.902075230988406
0.7440061255552235
0.554208686852202
0.37689189910266674
0.2569691872269075
0.18940080488412517
0.17337817666617544
0.15052919218228983
0.14124663732722254
0.14613747054010484
0.1585046155719641
0.16435277534644066
0.17699358594473213
0.2588936119627351
0.46544972211853364
0.7091566970379346
0.8559557386015142
0.8843757262484486
0.8865639290182656
0.8987534818744936
0.9202551263576451
0.9525755761030725
0.9774841061070665
0.9851208792072793
0.9764506255524196
0.9728009219626523
0.9687326033063343
0.9676339473021864
0.9665754779135487
0.9586207665783961
0.9439028462726723
0.9103501997893206
0.7816647366859804
0.5910957148256415
0.36889490940647074
0.2424650617163968
0.17910392693660818
0.176575487822336
0.1544153637747571
0.1417446282967802
0.13007107093946943
0.12752095901953048
0.13147868666584284
0.1368064126815668
0.18166897911719174
0.31026450617506884
0.5413140775239728
0.7582112632713197
0.8794360268156444
0.89895156754402
0.9097764353344096
0.9370445176804433
0.9592391129797275
0.9700703385947379
0.9728400488694455
0.9666371887738134
0.9489940649780564
0.9376454384605801
0.9407820744353897
0.9478864071185269
0.9502761400973603
0.9416365930945259
0.9366496881571371
0.9290742712375706
0.8280697992420574
0.6173823549716675
0.3711035189763663
0.23019118988349968
0.1876121284666939
0.18332327075173604
0.16192082745674644
0.14397276968845799
0.14023094321735355
0.14055684066085478
0.13601556686622313
0.14170845683527142
0.21915004899213375
0.4179061275530452
0.6655935700184379
0.8331757947577653
0.8862788724364197
0.8818434344806751
0.8817326288284133
0.8834953216812912
0.8868979594690699
0.8822244761937698
0.8868856985586717
0.8945268670371469
0.9030294025821461
0.9062137703001925
0.899169444540185
0.8825752898692577
0.8620070810576819
0.8201173242989197
0.742206165412995
0.6686648727583393
0.5892898708698984
0.4570220666472932
0.28735736484682706
0.18819813901078247
0.16049871551099026
0.15869643195045424
0.14711325281329832
0.14221056917009534
0.13836257287543735
0.1441415206318996
0.1503133886284795
0.16254394001692415
0.2556040016273159
0.47839385485494945
0.7361983246667111
0.8690729801390789
0.8928153399900395
0.8844098226931818
0.8860347249843453
0.8920950475594733
0.8991685730277225
0.9060667355030282
0.912941550001266
0.9292600926528796
0.9349475665217577
0.9368627244611428
0.9362939819007791
0.9309065295056576
0.9240409962602829
0.9151318108678063
0.9004665648573207
0.840235670110856
0.7044066559703561
0.5424939879358373
0.3704158243404329
0.2572985896852765
0.19144067287269048
0.18283876476356126
0.16663772896358403
0.16219131295043965
0.1597649249932053
0.15974382597888348
0.1503253663241348
0.201317040987115
0.3585876902750339
0.5556266077722283
0.6768937174454679
0.7509623140787571
0.8247768856696275
0.8758237606829369
0.8818243845415301
0.876319038772156
0.8832783626677769
0.8964260654814185
0.9100922656741397
0.9144856900941736
0.91766344192922
0.8892388304761398
0.7975815553757182
0.6663792736296554
0.5516673848149947
0.4244519707122164
0.30287810973219775
0.2179568347425807
0.19252594453100946
0.16923153445969508
0.16044999529319726
0.15552796724127885
0.15508778437007928
0.1620103973232372
0.15925765738169137
0.18413256044690068
0.31084006709378087
0.5121815443396841
0.6714614355978328
0.763132400777237
0.83676141359235
0.8890499824865256
0.8987350084038206
0.8923562351719085
0.8899680253165076
0.8959316484615928
0.8993224963900099
0.8950157060843569
0.8659671747957953
0.7967608665342402
0.7122518824583799
0.6327813257822258
0.5264332486869953
0.3649203668410247
0.2318246691486987
0.17888327230377665
0.17530372590530452
0.1646682143060097
0.15342107662185323
0.14838900098688798
0.1512360202137978
0.15536689178444343
0.15692772969360824
0.1557114798190542
0.22983989094919163
0.38956458547671236
0.6079689060616282
0.7765096709424657
0.8424695453048245
0.8436994071817292
0.8594542227504184
0.891338813439661
0.8906589303018302
0.8944765306368767
0.9047353873196929
0.8990263270607664
0.8181906022666314
0.7070990622348927
0.5532398212391129
0.39724436966657184
0.26217663116465617
0.20737663958615632
0.18802083594251867
0.16580908491105134
0.14462048121689275
0.1342086815308703
0.1368967710892512
0.14320255284209532
0.1480537233046896
0.16514837029652932
0.2597723219177094
0.4140884586882568
0.6215041666324848
0.780885868066412
0.8431128218175578
0.8241968798211939
0.8240512239535509
0.84108290837921
0.8505335359397737
0.8506296801264083
0.8518955187827386
0.8448164339799835
0.8167766249313012
0.7858458954323042
0.7298593279112066
0.6748804167135685
0.5498308808877377
0.38619095264044545
0.22775826830976295
0.1697789938721858
0.16088043243210726
0.15188535590936775
0.14358113900802266
0.1445013027077699
0.14533609892825655
0.14290276774092528
0.15519906283188767
0.2330108940408524
0.414420053178446
0.6443241192407343
0.7586565467415305
0.7643409529693307
0.7587890257665978
0.7979484615912278
0.8320919629706021
0.8562141084980894
0.8641525941668544
0.8278791316546963
0.7777272099477197
0.7143752094957786
0.6532206537786776
0.5707827261835658
0.43117799057286554
0.28300517659844376
0.19704990091293412
0.18631286651762946
0.17537191760085613
0.16048565455002367
0.14184818077716427
0.1378897478513707
0.14258033430794176
0.14594466367961995
0.19768361059012404
0.32759497797044657
0.5361506495212727
0.7136858683040201
0.7987355339361032
0.8144280679873033
0.8169596330104906
0.826668570216898
0.8247301864948071
0.8375071044299331
0.8011012007088184
0.7316680189824902
0.6683320378338543
0.6363400243373765
0.5931544879965949
0.5057100817488106
0.3545160529336814
0.22374700441667084
0.16264274364483655
0.15940851919342172
0.14173428932881954
0.1307529609985532
0.1264520366477751
0.1299650178109424
0.13901091448486363
0.14906674594860178
0.15226696486477248
0.21584739535995578
0.34340037381805544
0.5185188949569075
0.651414190646912
0.7547200302389316
0.8137819757706191
0.8655899457763109
0.882945138737189
0.8930059596516919
0.8808934441069676
0.8804980465788301
0.8158055043806949
0.7278371650047011
0.6298782147887974
0.5773605639186821
0.47206141059360796
0.32578222739835344
0.2159220908310338
0.18743926282581008
0.18622022366646046
0.16824186390895693
0.149638404536271
0.13570232339220528
0.1319110880405954
0.1403424419860907
0.15124362923166207
0.1524294871340795
0.19706406944311156
0.3322335634651995
0.5527074455172377
0.7463940377341154
0.8253727169215423
0.8325791307164061
0.8377167460805628
0.858269708406195
0.8579881529849873
0.863168129007406
0.8735311208853067
0.8894844684352248
0.82513219592453
0.6947657852098458
0.5580772108896537
0.4110345132935134
0.25423254669813344
0.16358679058459485
0.16760471967642226
0.1654372295328071
0.15048795725725686
0.14290165300762803
0.14148405688871238
0.14489067847400106
0.1519392116540489
0.16401827488698717
0.23979173557089273
0.3556315875891003
0.4999290763517359
0.6010786551492038
0.7006872372291097
0.756633697989199
0.8102594359757707
0.8522350233321688
0.895738229245747
0.9091261456530421
0.9008453307051125
0.8796300727327564
0.8399576071515932
0.7949977362904905
0.7850086970209228
0.8018639519790416
0.7338385093270242
0.5917319550221645
0.4060601104295879
0.2827640433604442
0.20743416608701276
0.19537518860081077
0.18203902383544102
0.1713449815762259
0.16683666898997276
0.16380378115610938
0.16470210114252404
0.16933184839357768
0.26180984712803185
0.49167519297422435
0.745699912149111
0.8374574644223477
0.8289133051863243
0.8253426695158883
0.8607780939094416
0.8765037778787607
0.8892006515204898
0.8874012724115519
0.8891357359064811
0.895841725509985
0.8499982212074986
0.7581689353817657
0.6654432249899124
0.597375822125453
0.44525034698923294
0.28354591737661855
0.1900422940216924
0.1894061919989603
0.17275538826988238
0.1548153253518711
0.14183792462157707
0.13862298060916486
0.14091021041236423
0.14750749093206292
0.1524803951932981
0.15847810684488672
0.24608315457803903
0.4627830711618499
0.7223205820678504
0.8019893494525061
0.8108055170027695
0.8333161319939112
0.899176162465742
0.8930145921899733
0.8740704468754135
0.8570283562809338
0.8467646818463698
0.7959203787721866
0.7018457868432768
0.6230410738991091
0.5417450191318669
0.3948410363538406
0.25060049138942564
0.18089530879344173
0.17276149982315883
0.16681576766796474
0.161376864884053
0.15376690467640025
0.15351810673406274
0.16342262465086005
0.1696607174896551
0.2331911371418992
0.37593879482279585
0.5941386392786279
0.7442440280275966
0.8132545809684294
0.8475472138189145
0.8848494623028891
0.8999492485665599
0.8952085674187163
0.8925571728666684
0.8882265059333538
0.849691495118726
0.753178480898911
0.5929998893454567
0.38828499619418116
0.21744936828654807
0.14563988895187074
0.15668701847578598
0.15710249968925827
0.1465060389102561
0.14362006409593636
0.14997487251618177
0.1580564059481689
0.16365116601017524
0.19846763393120498
0.30676591888861987
0.4731939584602036
0.612510933723813
0.7181307545014842
0.782096095900426
0.8298590240141428
0.8483083235117629
0.8607586635854704
0.853156586889539
0.838581644659714
0.8332943182792124
0.7843035762981605
0.71311123087071
0.6488963352236785
0.5860930788097239
0.5011095528544969
0.4303231270850362
0.4278507318793713
0.4183735414259975
0.3471346759753554
0.2379874422059931
0.16881892813073246
0.14036337091904375
0.12349389720331624
0.11610213001973212
0.12212837557196238
0.12567468606655408
0.13168972300273224
0.14122203381994228
0.19556926790984377
0.3679473476313394
0.630771781122704
0.8315374232438173
0.8919960102815632
0.8869424885322631
0.8783084970700793
0.8772374299190516
0.8812095205148466
0.8837221012860289
0.8688459789433538
0.7883031347417808
0.6868752207814086
0.5778304104311912
0.5110139520893362
0.3710157692479795
0.25200830073773806
0.18168903174767742
0.18725373063297945
0.17316610621025147
0.16020222705138573
0.1540356196797041
0.15241034471539427
0.15247139146417027
0.2175971383815699
0.38779756811253474
0.56958859799072
0.671549820627837
0.7390478613903585
0.8196488949337464
0.869256403625166
0.8763864098958682
0.8777854936420029
0.8873696857170653
0.8828903537090634
0.8137017245140195
0.706924857874559
0.6037020757891947
0.4825106806378429
0.3372022733176982
0.22366054288066806
0.18300063128890962
0.16248908347787966
0.15456869008187069
0.1453144439069902
0.14151201282996892
0.14016417260734076
0.14164243485573635
0.1393434333683449
0.1444478244239656
0.18268077040064745
0.31932932425554594
0.5689311425295187
0.7863287943485036
0.8806536440469959
0.8850073936164691
0.8912050504403806
0.8857305740972781
0.8878901039085672
0.8765382845566694
0.8615259849536538
0.8087162522787231
0.7540856684455113
0.6854291834946872
0.634117705061211
0.5296101725729869
0.3684791587235673
0.23565817124061553
0.19099569374289446
0.1941062818015076
0.17708085797813905
0.16123550685297502
0.15269625238588092
0.15282199457035964
0.1567077031867871
0.15579618299176579
0.23184854364878743
0.39915433669697964
0.5742858977517198
0.6642747952777786
0.7073998554211252
0.7697459289263093
0.8301736532780976
0.861796485206771
0.8540778027662059
0.8225025667112463
0.7921386455646439
0.7709116222178412
0.7556067455996841
0.7044729473795135
0.6339987977647134
0.5619058198974909
0.4351607384780098
0.2924823738939123
0.20258774341487878
0.19475131696467388
0.18221997293272635
0.16402800836052167
0.1520024996608667
0.1476908526973899
0.1437599401937913
0.1436926647701873
0.21309781503469555
0.36521353599878403
0.5838635755795815
0.6770501587435016
0.7100087293108391
0.719535974985893
0.7813836234705742
0.770723834634818
0.7551763325565198
0.7396909568302938
0.7428747559144478
0.7427245898426151
0.7069638987151088
0.6018408741369425
0.4826146223930196
0.36985256259370936
0.28780193048612424
0.23187197178547145
0.22942497466838768
0.22136819525487145
0.2105499660494314
0.19497223739805727
0.18346974903970914
0.1740442173116404
0.16937165439600343
0.17115178475849682
0.18129915541899974
0.23555418561211908
0.32895557224142274
0.4915476724491387
0.6633087271141448
0.7793938804811065
0.8033240500890142
0.8155174133269084
0.833057719339653
0.8435271498331851
0.8228711627185502
0.75464312694291
0.6212211039915653
0.434444465140409
0.27530427495221305
0.19567308344212764
0.18770019347005962
0.17908867095467534
0.17031797228966608
0.18137399655653907
0.24890355936581304
0.3166600522699825
0.3218299645842503
0.2673972011038194
0.22561763179858615
0.20583378652458137
0.19484126637582455
0.190123859233212
0.20367306585018843
0.26863832070074434
0.3796503686785939
0.5181101195764722
0.6499745269001658
0.7591655918727527
0.8210710819163255
0.849270394371145
0.8621512823962311
0.8607917436888474
0.8597952501806563
0.8595247255598164
0.8687111014293887
0.8702084446273877
0.8803739630241245
0.8899053073689077
0.9017991876398767
0.9052429818513366
0.8991851831873328
0.8706959973804691
0.8092298689204543
0.6793291163560828
0.5415649544125538
0.3905456086845102
0.2813325198968844
0.20543069971132066
0.19533734825288557
0.18365600573658272
0.17305666932699684
0.17294981451997465
0.17891434757618527
0.17411780755049028
0.2087685338195131
0.2972796653182511
0.4737931394996796
0.6198719311080945
0.7125317150082956
0.7548893570204831
0.8053843433223096
0.8390144287675823
0.8384563836616348
0.8104438327177141
0.7443310103181682
0.6699225316695481
0.6097717894942319
0.5479292174116569
0.47839643022980355
0.35474380428735197
0.24166847972083097
0.16760336251625954
0.15383873987448066
0.1419377882389501
0.1477428190928682
0.16743488589090844
0.1899193973045286
0.19475781398833625
0.18383697302410254
0.1726959611393304
0.16987516787983678
0.17428590886455936
0.2075783808576202
0.29429126032117303
0.39663896234421153
0.4673771058968565
0.47385802006109123
0.44584713910643636
0.3825161544153316
0.33913209981838016
0.3453635686460894
0.39711730140936996
0.45474051337433824
0.4878913134782618
0.48397637515759695
0.4082330753382618
0.3112521479837507
0.24232671686301413
0.2284429865595786
0.2824526198556915
0.388034340666047
0.5593422950595568
0.7195736838658717
0.8357100022462287
0.8747819072376223
0.8877259868132493
0.8793422087002274
0.8670026103073672
0.8650824940767272
0.8816233647114882
0.8946275513365357
0.8967093772220236
0.8920416196145432
0.880626719078111
0.8573038830085169
0.8208402831048
0.7981907747483828
0.802115558711625
0.8351580127984216
0.8705139129176407
0.8926871706591247
0.9049879360298049
0.9129136771285403
0.9235841441111052
0.9331008492591201
0.9417548855948322
0.9335432945673898
0.8940501785747079
0.8201597940807538
0.7397902100322528
0.679584330379258
0.6494996558552536
0.6431960389092004
0.5994853322665492
0.5201286131681438
0.37373780553002467
0.2491288798493528
0.16884307905256843
0.16574837862211905
0.1660237306057532
0.16635182583954145
0.16506789547692094
0.15888416285389095
0.15505617373384845
0.15013506129262646
0.1481949007290077
0.17153098475571246
0.27909749055926053
0.49351130076821487
0.6828080579342675
0.808026288124288
0.8648063282781788
0.9166309994597376
0.9265125494033615
0.9392050710151565
0.94740956141846
0.951137136547162
0.949218848533236
0.9374865431239474
0.9322831757814636
0.9013625433428043
0.8239455117799377
0.7035936527958327
0.6121954176884744
0.5550931348025554
0.4994669908766992
0.43849181489210776
0.3452044526229693
0.24556800456603248
0.1693027603335527
0.1496033954529411
0.14419244131592246
0.1425038428244207
0.14480105573626456
0.14650164809751445
0.15389997774714417
0.20383987807427967
0.3015488573663485
0.4794852766351008
0.6674909197168774
0.8109178550980087
0.8722021137835136
0.9036476124794888
0.9190665494219024
0.9207234730738607
0.92370625970371
0.9208415058124421
0.9226258240712036
0.9183438713344027
0.877056115511131
0.7787355941811753
0.6783725765312124
0.5574165268510849
0.40775587543779984
0.26646639238030045
0.20547310108280648
0.17973576623538262
0.16028039413540218
0.15129852514941605
0.1565493453669684
0.16243709944418505
0.1640336238894985
0.15717416736197815
0.2171881102877909
0.358236832583129
0.5684477998624856
0.735144719003223
0.8294127363564443
0.8642604632679077
0.8759792310070605
0.8818011130209062
0.884528634592934
0.8943381034077188
0.8958658311632546
0.9039493121971555
0.9161502335295736
0.9029262605885624
0.7847539552754973
0.6197894151091176
0.45253892741018953
0.3420146493662705
0.24255136383781012
0.19377732074578713
0.17519344082279273
0.17365222975220934
0.16133928824232419
0.14560030012579964
0.1308350685236992
0.12647865565856836
0.12882900386438276
0.1337819923642569
0.139375523855651
0.19937701461639315
0.34850614639040334
0.5517203586021688
0.7140037424465737
0.7980474462795033
0.8317936473401603
0.8516365988827748
0.8639508629579815
0.8626194057216116
0.8642881202598868
0.8809389042043042
0.902012037532988
0.8650540720823039
0.75488518590627
0.6146086094622636
0.4291726728124834
0.26208180903268474
0.17501861789100243
0.1857079002306306
0.18394180828144374
0.17388403831664015
0.1668539836099951
0.16229931232730851
0.18530351199347433
0.25606718831055475
0.423641363421767
0.5670026635128291
0.7136709581591609
0.8093785139762026
0.8924848482110868
0.9013503195921835
0.8950499278558959
0.841138230814424
0.7688173642630007
0.7194302140028889
0.6825422061179073
0.6367622016639963
0.6039598919627693
0.5524676368897043
0.46588596777004515
0.32533607981670654
0.22127617946496042
0.16717182949813025
0.16373764432543508
0.15665311777884516
0.1544445059759521
0.1575871753391626
0.16074708672216337
0.16750804308944736
0.17970925728977039
0.2251227938287495
0.3130379853569392
0.44211659231218714
0.6089484468711284
0.7503162972754638
0.7979698944592439
0.7884885552668524
0.7828093370340652
0.7968622422230971
0.8107016400602495
0.8386224941078629
0.8634673376913619
0.8798685684396877
0.884309553395934
0.8450610036301167
0.7242344749143126
0.5593619138283656
0.4416441403414131
0.3803442859121451
0.3509618902250373
0.332575621073329
0.2999854161269705
0.22683711947542065
0.16655669270128587
0.14666387634731784
0.14610493570107666
0.14490089643270904
0.14773666089797594
0.1493926933091979
0.1539712829944473
0.16316685469834474
0.178630126005061
0.1881617262403107
0.19712919703865903
0.21010664566553316
0.26024345678535454
0.33590476948698555
0.4357077561860799
0.5670388729582956
0.7011785776238363
0.7856622253873888
0.8086258293470627
0.8148625955550384
0.8157438830595535
0.8233876582469641
0.838474578191993
0.8579344671508129
0.8749615513699434
0.8878077454559621
0.8917872767103416
0.8874455670722109
0.882030260073259
0.8857272029214592
0.8805143609388455
0.8355926123161989
0.7408972357654087
0.6474214925574486
0.5625896653824651
0.5048399471835829
0.4295630824547735
0.34027885171169137
0.2316031134331617
0.17142522648168285
0.14786797424280673
0.14419935586012045
0.1380084139658336
0.1413752997370134
0.1445233094665142
0.14680002357371652
0.1548038657588055
0.1660769259928963
0.20025886327732198
0.29121661840515084
0.44039361947361977
0.584513240137966
0.699760057369868
0.7768267729110248
0.8304256521334589
0.8625487620832306
0.8942963559408771
0.9134648370267566
0.9226217752524746
0.9209494844889745
0.9151207339144611
0.9145348171867492
0.9213530161408843
0.9265684597639952
0.9293777491058256
0.9385929429955453
0.902865351653267
0.8223635763323374
0.6972485517313571
0.570795336482161
0.4452776394304333
0.33226873786373445
0.24173981260829094
0.18645613347269152
0.1704351724289404
0.15999533560812002
0.1529141766802128
0.15002478155748006
0.1495923795881947
0.15290969135395815
0.15342501314806245
0.20347267300325517
0.29299962029306403
0.4501822050453259
0.6122957396600959
0.7615307578573607
0.8368692804742397
0.8864621931697126
0.9121994097601434
0.92943358539012
0.9351982100535775
0.9309555906232304
0.9037348534939287
0.8523942800434183
0.787703136363457
0.7296698275099899
0.6997219508200775
0.6917351480814787
0.6261265210538506
0.48438057019787206
0.30512047701661
0.19550504994452955
0.160357229829648
0.17242909333392117
0.17314699275441917
0.16570187604087483
0.16292112716895826
0.16670552926257667
0.17100270091287567
0.17923273315711974
0.25144469615174436
0.436639993583208
0.677806860755944
0.8350178487264085
0.875569433729105
0.8742874149664381
0.8753747681995658
0.8754108213164401
0.8735296704522617
0.8728996719982616
0.8584769803036163
0.817115117527906
0.750695390226614
0.6430005253189299
0.5143457268896551
0.34142507278564604
0.21874370138630103
0.16486258000473533
0.17191520442663527
0.161760106060014
0.15635754489828174
0.15364338362991165
0.2035891443440747
0.32222310428246526
0.5379402392068281
0.7252507286275478
0.8389922332234968
0.8539308957143286
0.8670286820419117
0.8764724997267823
0.882875028341032
0.8902244644869519
0.8891523005956177
0.820871277918969
0.6809222199128573
0.5462111482584564
0.40083334455860276
0.26480953638656723
0.1835604614068547
0.18169662867525982
0.17822094781185144
0.17240946642289262
0.17214646114520887
0.17080004826620598
0.21976751755685417
0.31574190939624625
0.4529968451439909
0.5840591326282266
0.696079945417974
0.7709894156648482
0.8270162407760221
0.8724674116837392
0.900461977738313
0.910210346718477
0.8888593990214793
0.8294132141375146
0.6954170892893479
0.5210488039939696
0.3458711358104676
0.23101904183529837
0.17008899827571858
0.1595415934442167
0.15300522568732527
0.14111826385332074
0.14777088220889883
0.19530086538089805
0.3114886382304629
0.5224820905908356
0.7327067072803484
0.8625905063998662
0.9022580080032488
0.9207484172819805
0.9236235290543566
0.9268240665995326
0.9245508804941514
0.9035279186983829
0.8453215416199777
0.6878402951139665
0.4612135309649417
0.2658842096776774
0.18252072416043438
0.16386050137369285
0.16107790943805372
0.15458092338344037
0.14769659970856044
0.15180360432515952
0.16837815510118914
0.24038238340527135
0.35705208523393256
0.509473850328782
0.6437560492139889
0.7625875085405978
0.8366278614125761
0.8795567730185218
0.892484870303778
0.8944152304902253
0.8907165920668098
0.8796127917978518
0.8075260544495886
0.6323130915636992
0.3996254303389688
0.24023570538837974
0.1826212664791827
0.1755985253259833
0.17082241444665974
0.21330464000258675
0.2865487873299618
0.4133793471481407
0.5497123077560568
0.687753430178961
0.7817782350429306
0.8541578148036867
0.8859100035483043
0.8914142319364267
0.8926212349117646
0.9014698227446938
0.9101322488729147
0.8761371101749609
0.7693024606490346
0.6143092265265532
0.43633100839148686
0.28619663445069393
0.1939440380889405
0.17591603842168885
0.17007588524092782
0.16327781190499502
0.151156340424185
0.14316865044673277
0.14701277017764225
0.1602320388186985
0.1725932699718089
0.23465273188185304
0.4339204491030664
0.6851974401213468
0.8492049801956951
0.8948330987159907
0.8987334449412469
0.8908140088568698
0.8781398078215096
0.8820988203452182
0.8877270413332713
0.897695248346385
0.8847037442333373
0.7696354086542516
0.556127713318788
0.3313085447248865
0.2143362421134385
0.17770414424260572
0.17434170982571487
0.16024597239875252
0.14955130587294518
0.14637941166309412
0.14684971792344725
0.14949901522199846
0.15345339446960085
0.18863249918337124
0.2944721576511949
0.5308042777393787
0.7727268433633407
0.9144993745446011
0.935240466911387
0.9366010571164709
0.9352735383196262
0.9447230686849531
0.9662117603447402
0.9938452690686761
0.9746600082047815
0.8433105336522613
0.6343749754216882
0.4079669511516973
0.2674005092198331
0.2132130664231428
0.22956795287345674
0.23041902419715812
0.22254610044874382
0.20967606570574576
0.19037384299345103
0.1666035485750775
0.14981237232964606
0.1444349498107831
0.15034134139801691
0.15749005607226832
0.1929245148040203
0.264253879023161
0.43699094073834993
0.6447689811820584
0.8202531860222682
0.8866647448811091
0.9103117544709204
0.9067757291154979
0.9030703937370433
0.9034005078899123
0.9014709012702816
0.9076675512101788
0.8942135679199775
0.822174120635534
0.6393511647752799
0.44136888623823045
0.3278422168035449
0.3165275800923908
0.35404312004300353
0.40673797044044097
0.4270767684849478
0.40115095781739696
0.3449080995342604
0.2806995870265034
0.21562105995880626
0.18591551650751206
0.1802825600044337
0.17297313164842149
0.16572353839253323
0.16393241035577175
0.1655986552471119
0.2033312312644377
0.31048435384984
0.515479393959564
0.7235835494082118
0.8675247751510857
0.9156190136178406
0.9365155645665773
0.9488686575319947
0.9622763590223102
0.9659555498121111
0.9593661219927778
0.9466546188817656
0.9358034003263273
0.8891616242471369
0.766768254969995
0.5853812103835292
0.4033607571187191
0.28067106545229975
0.21705671145947056
0.19279168488147228
0.17267613314722988
0.159716628207847
0.15262511354668545
0.14542660554961584
0.1428459679221907
0.14480940561311084
0.14933168461173904
0.17809899200318774
0.2602845463578074
0.3796771151004914
0.5472295888536973
0.7075682322364891
0.8303126238289633
0.8762066211867052
0.8975140002294828
0.9020692651253943
0.9010583004082491
0.8960617682576489
0.8926007435414414
0.9036391353090181
0.9127816721000854
0.8679157510071348
0.7226722364013283
0.5462002025875151
0.42692599962555655
0.3822916925680623
0.367079578767837
0.358450366841371
0.31257230947479675
0.23281668205217562
0.17125991336424987
0.15461255378716734
0.15482715045237497
0.15304622558524789
0.15256064296776728
0.15518258964693943
0.16643263277129047
0.19576218695557032
0.26008671518982013
0.39126988313010147
0.5801126009929648
0.7408651005335005
0.829412199228651
0.8709667319748449
0.9075287305659351
0.9246262390060448
0.9316392175434026
0.929963932181366
0.9254269528109589
0.9178145032607967
0.908386007434749
0.8966633877719995
0.8546968728962392
0.7641844314798796
0.6582244116390041
0.5795640966357243
0.4973609394874129
0.3677456676361067
0.24319594460033994
0.1777329439922685
0.156802255697364
0.14396600540574603
0.1342949776689899
0.13533645841295516
0.13643354951098713
0.14248513605768554
0.15145271873188498
0.18455374782174225
0.25680392281477826
0.42846547910629795
0.6283764797791376
0.7897180299809627
0.8507991243543963
0.8890896045536387
0.8978352384820368
0.8980452390921433
0.894314765939586
0.905231117364611
0.9121581665546044
0.900956822762973
0.8887529865337219
0.8479682979469437
0.7494991964719229
0.5820320310954004
0.42171290416394797
0.29707930719026987
0.22886633640366855
0.2003535732499092
0.207180826636544
0.21252376311651178
0.20731620774851953
0.19194195277156825
0.17490357800338505
0.15564332594233665
0.1478430106158282
0.14430727172413355
0.14354708763887986
0.15099724635053485
0.18439924214675632
0.24668241002582209
0.33264194994923657
0.47708455103300146
0.6470771484278304
0.7943645862467074
0.8696596771566905
0.9096057541399287
0.9188749668491589
0.9101281605766636
0.9049429497756026
0.9134906291151408
0.9292806173309062
0.9448014912396824
0.9096264018128641
0.7873154593638851
0.5657811612048831
0.3888475987106793
0.3228146924120221
0.3491708538117722
0.37632315808494177
0.36707840464042907
0.3087194330376463
0.22841073461727046
0.19032483610020046
0.1897360168836707
0.1855519777927893
0.17097844666390316
0.15591226846801193
0.15562908639324702
0.15661762264848295
0.15913966697310242
0.18353087658001177
0.25698763902374555
0.3666744182956989
0.5336887803532745
0.6978734095629664
0.8260014237734725
0.8819844695713028
0.9181098894461491
0.9291052925859572
0.9357398701802982
0.9447834538125898
0.9477813007388308
0.9522866319709136
0.9147319193434431
0.8212029065227483
0.6545616476764158
0.4681363712115533
0.30634023028472857
0.22158136018441815
0.1903465153638378
0.1750753500532428
0.15841125989385613
0.1485459739876343
0.14529490703271963
0.14786748747959488
0.1548133262076894
0.22283929452854434
0.3790969366289391
0.6042719778367011
0.78642150544317
0.8810920562814127
0.9044334793516207
0.9131860473860657
0.9222305596767528
0.923141683913841
0.9233280070417192
0.8847760222131267
0.7647736014691131
0.5837421076644211
0.39991801540767846
0.2758700859258431
0.20911360079685956
0.18786550944319919
0.1672675565667479
0.1516504929630258
0.1474050576423016
0.15099933651628222
0.1564750137008467
0.23096965204321662
0.3404327290062906
0.4920435823520929
0.6144785956403924
0.7307250769230542
0.7925224624863232
0.8439926795497031
0.868029296726595
0.8809527308623024
0.8917036959739439
0.909442914400219
0.8447972917708939
0.7212924807563533
0.6060205592008686
0.5114014042767627
0.392153418543072
0.2780340497530218
0.21834500434968102
0.18618501358067624
0.17623707084738727
0.1736736172590257
0.16585554849043418
0.15889972719047252
0.19044791942574585
0.27585974528922436
0.39998754840144796
0.5642637925583958
0.6559564198626773
0.7345458781249083
0.7989274480577808
0.8864865712590502
0.901491142396713
0.910303471186082
0.9140028713212135
0.912697250126558
0.9114906790123353
0.911501023798958
0.8421937035068514
0.6697540261908326
0.4388536023777393
0.2727922624862903
0.1972078324249862
0.17728931555766292
0.16752306551583945
0.15977074747693384
0.1557260584381793
0.16283934524867905
0.17276102172058166
0.2167358899000355
0.3283643437649065
0.517095110235413
0.6898893056039597
0.8100789481245111
0.8761876711963829
0.9060888974962608
0.8976812284267333
0.8967859777497038
0.9002973762398583
0.8770168806975184
0.7559074498127722
0.5465334955626708
0.3379201406209687
0.2260699041610044
0.1952366173037185
0.1877426947742016
0.185038933319914
0.18261105415534665
0.19519211777731565
0.25874537577582446
0.3721523354971745
0.5476554627183803
0.7038497831150935
0.7863877560361829
0.8086893686293533
0.8401972359091953
0.8743446697065808
0.8850623346181282
0.8925545905080048
0.8909730411786717
0.8719346059697018
0.7998818496956126
0.6575020169711667
0.4748003449354572
0.33292987376178446
0.2401959879916273
0.19332205543244976
0.16562547346064158
0.16456433400277654
0.16672394477048197
0.18108772192573538
0.20911591858731568
0.29491945995992414
0.46402731898034155
0.6495994647424618
0.7822484781800298
0.8452917888579864
0.867693412130625
0.8732247335287077
0.8762364008665864
0.8907192940608766
0.8997226662400497
0.9110692674523599
0.9023737973093641
0.886295775151456
0.8751643920668021
0.8775103987173953
0.8635484527334205
0.7296967638640078
0.5803213283608806
0.42180203546823924
0.31862743375577446
0.22673014057804425
0.21049056067133817
0.192057065037267
0.1691045304772974
0.153128758924664
0.14388818041500648
0.14261324129167163
0.14216408479340858
0.15053491339605504
0.20836214145214163
0.30856438028549293
0.46507412349247446
0.6281261663768307
0.7680306549531912
0.8449585681583535
0.8987601201434423
0.9230883685173691
0.9321168468877837
0.9432384443158448
0.9542435340471505
0.9507143697938325
0.9462686268073627
0.9243392987217008
0.8134224555775267
0.617694549172074
0.4387678659548352
0.3206615823452922
0.23823004637656298
0.18364382912162663
0.16851097722190683
0.16466733624969704
0.1662299190658733
0.1667421094629939
0.19975142554941067
0.28576484194211127
0.418015518675363
0.5495959476689275
0.6647337679710126
