0.6170940170940163
0.17827160493827124
0.5095785440613029
0.617094017094016
0.422222222222222
0.4494623655913975
0.3498412698412698
0.42222222222222056
0.4494623655913975
0.617094017094018
0.542857142857142
0.617094017094016
0.617094017094016
0.6586666666666676
0.617094017094016
0.478518518518518
0.703703703703702
0.478518518518518
0.7526570048309186
0.617094017094016
0.6586666666666676
0.617094017094016
0.5095785440613004
0.7526570048309186
0.5786008230452686
0.658666666666663
0.5095785440613039
0.3283950617283951
0.8060606060606038
0.0
0.449462365591396
0.5095785440613004
0.478518518518518
0.5428571428571457
1.0
0.39663299663299517
0.32839506172839295
0.2706552706552719
0.658666666666663
0.703703703703707
0.5786008230452686
0.8060606060606038
0.9288888888888929
0.8060606060606038
0.8645502645502585
0.9288888888888929
0.5095785440613004
0.7526570048309186
0.3725490196078431
0.449462365591399
0.617094017094016
0.42222222222221917
0.39663299663299517
0.449462365591399
0.7526570048309186
0.7526570048309186
0.7526570048309186
0.8645502645502585
0.7526570048309186
0.703703703703707
0.5095785440613004
