-1.0227937317150282
-0.7536587034445795
-0.5238073956921131
-0.14330212782606824
0.027789920657554906
0.2075819237725796
0.11374687839541767
-0.03422145150760781
0.023266494738141134
-0.0535794189859118
0.1321343166068554
0.05688450028990434
0.034882987957700624
-0.17683410942540337
-0.06636575271897095
-0.05970337603600219
-0.15686799208332494
0.05620064932418957
0.2580290436628197
0.24010232472804433
0.38265160719114244
-0.15773718341422777
-0.12337023854042564
0.1090948538499559
-0.34946986411051434
-2.1856276775034393
-7.885860603713312
-13.983790161021748
-16.42548195513653
-10.806324743518992
-3.9432954157740876
-0.2394949395818267
0.24470004594089673
-0.5241316049629476
-0.357055971026167
-0.4208116172426196
0.17872649761458442
0.060523017472101384
0.41702691913730716
0.33949959726132367
0.2794685241248231
-0.21849566404991502
-0.0808713768543
0.24513042480135847
-0.056430878304348266
-0.8643916582484805
0.5388760169327838
1.9526513177600562
3.505510362568189
8.190798505913467
14.411749629324952
14.786851543923085
8.147828934467983
3.322475934258103
1.5489498978544787
1.5638895270794617
0.30986493153493905
0.00989851474266782
-0.13488698817924985
0.03688013514189694
-0.014004263204694252
0.08895223066391043
0.2275476592841982
0.40674492596507605
0.4103142765753014
0.17038590466986808
0.18426799821713868
-0.2714560268835596
-0.7475028896574203
-0.854859058744429
-2.4254507444822866
-6.957996884594538
-11.493997166755381
-13.101899799214094
-9.015877407236145
-3.911987387096219
-0.55395791949969
-0.9289246864104961
-0.7867648934859606
-0.48930205077270494
0.0005704556115515589
0.4310670888468303
-0.5312588891751593
2.119154987571381
8.49737921749749
15.650346109877988
13.014485334579497
6.925796870117328
1.428481955540278
0.7203936674090542
0.13461655247611762
0.5359684946905415
0.4635683451290501
-0.06076910958755088
-0.5687604387669409
-0.26651008488382294
0.17455366825786917
0.19511753503151333
-0.032276664768337814
-0.07990279703085773
-0.11965969171027256
-0.08572324700310471
-0.1502736118676314
-0.34148813629519503
-0.326523341153725
-3.519433219977063
-9.65924857093831
-14.008972910983603
-11.25576625120889
-5.297408451166284
-1.3671358555889728
-0.2854925165710297
-0.8631677770550603
-1.126529546129601
-0.9380765115273071
-0.09020410280022793
0.487765377706666
-0.22141484783502258
0.4008620950288947
7.216752129937255
15.88386230299323
15.89626566099111
6.3319483289990774
0.5806091023659098
0.10054723698129245
1.2321711706700533
0.841718033391928
0.2687879194382124
-0.7336430249475571
-0.9205815482556999
-0.012587932950909028
0.3441440898711846
0.14074307498834587
0.4163246737327146
0.5825619960422544
0.5557514434172182
0.1529023274122393
0.686686844680073
-1.1080391321243361
-7.2384048235616
-13.146144341921154
-12.664403200132911
-7.917278703798855
-3.684490162158379
-1.634907208763571
-0.7903110295431854
-0.7112908127646453
-0.44638849190551605
-0.056639023572777815
0.11068239993304235
-0.27694275704203675
3.4377792309526334
8.596107127308615
14.766500256729922
12.504030364388264
6.994891495363338
0.9589716613714206
1.0446615272708308
0.3014831706656917
-0.018348694220196093
0.29642666107092747
1.1602977555501857
0.3459627902958785
-0.4251336887533556
-0.4127429131086139
0.32784724778538116
0.5453213029775591
-0.14556717138667016
-0.9970338750975407
-2.2901601254082817
-6.2733318368943936
-11.3106900891552
-12.46721612821743
-8.127234927951148
-3.4976911271583635
-1.7535570357431463
-1.3428462834519548
-0.6010341583234023
-0.35014675969913267
-0.20338334503672578
-0.08758980272204261
-0.1072954561265314
3.1236716782953615
9.225446915212963
12.946198215855954
12.024117706850904
7.356002422591089
2.9308404576064775
0.21825705287938557
0.64913737667065
0.5814112453863406
0.22209963486624706
0.17967993749842545
-0.12489975642649798
-0.4243394017100314
-0.6504316838133596
-0.29749233600175556
0.10207781574084404
0.35858345964795774
0.3339034876001857
-0.05026603083680099
-3.883083465632971
-9.484146325990986
-11.387846322181328
-10.639007264972156
-7.195362712545389
-4.0541029405669535
-0.9613576930769869
-1.3709390690331418
-0.5569532913040396
0.2934499927729394
0.7420287019115583
0.35088958646858537
0.7584486358974911
4.914001561080195
12.393366609347957
14.62241849516411
8.807942493814807
1.7051992588160718
0.13129216618902143
0.731373171373658
1.290098668989095
1.9392269847256551
1.4945118002396427
0.458206386012771
-0.5202152192915862
-0.21898221538603513
-0.2440991193790786
-0.0659193602488697
-0.06350816331826459
-0.47728268010915625
-0.8830752183434329
-2.0131587890011065
-7.721127786200444
-11.434141311620373
-13.332048325149938
-7.585790861404463
-3.801668086787332
-0.15170634685633064
-1.3296074428547398
-0.7602441286786165
-0.7004134414386484
-0.15300671519633768
0.23746365877874237
0.3196635609434384
2.691753986137506
7.715731623472243
13.862974280934283
13.013831144840864
7.273485812659505
1.170932443702539
0.6494920674233785
1.6360849407620295
1.3316757179570595
0.6498735369006249
0.16618261648245816
-0.37217160573792674
-1.058587427745427
-0.6809175910485779
0.1881981584885779
0.42625996098823044
0.14338397872999573
-0.5183728201700674
-0.29921429624332524
-0.45452501517399374
-6.060268319730814
-12.641246656223437
-14.776730159718126
-8.454739745572027
-2.554743685008356
-0.2573314628974719
-1.284146597699381
-1.0768834660973108
-0.22450958826626702
0.019553846610073713
-0.2724764276779
0.34157339814288057
4.646495529411756
11.925364713654728
14.861246547923615
10.054933484359678
3.1861846607192756
-0.2661262773446725
-0.006648339135710858
0.10576157117267375
0.20415826726672376
-0.28040899651801
0.27967334189411874
0.4584701087085124
0.5101521326999565
0.1910620630827793
-0.4226595456004268
-0.9956492802556407
-1.2340925286945548
-2.5133854055257387
-4.674669533155499
-4.412477559279358
-4.762500113306473
-7.9360682533563365
-10.179882108028005
-5.949553550162697
-1.6619654099875385
-0.10813701363216172
-0.6949907482293579
-0.29416101859217997
-0.23087977767947993
0.34673686538771836
0.3703120797947953
0.7338330833066812
5.583603696623524
13.367391193658062
15.468268188705753
7.972479328342094
1.4245415910576427
-0.5043310378114625
0.09749413746981163
0.36361935450768174
0.42441152809494936
0.4138897485183449
0.4124888698942689
0.9791125590968187
0.3412484321326711
0.11490947636310796
-0.0341245536218261
-0.3232471437072915
-0.4119319947224801
-0.5345511235486008
-0.8799147606291378
-3.613853684787895
-8.149740848430021
-9.714760082071166
-10.324689815724298
-6.787034079309407
-3.9514750087551764
-0.5161144865477554
-0.972062147998637
-0.2667849607886497
-0.1455832774340615
-0.0012659408593090938
-0.5651075792849234
3.0595004797788237
9.436238957275167
11.822335049831704
7.276026580394403
4.44411579799737
4.428874295452236
3.062812500798575
0.36003743151559536
-0.33032074616244805
0.4175594337372572
0.7888621688184944
0.819972011563234
0.2636054652020335
0.1906651101027863
-1.7054766871848164
-5.499436506025319
-7.872136904763792
-6.882713328879671
-7.6329248461667225
-7.2944316588011455
-5.095276499377041
-1.52585341269428
-1.397664604278868
-0.5268923499898711
-0.2953216831151056
-0.02641097227197418
0.41535677718945385
-0.16516439649274964
1.492494183912564
7.602450398812838
12.080488634754238
9.556793475488954
5.500257910764272
4.417740768906797
3.137314133650544
0.581101555037704
-0.3827263939147243
-0.14329259132405398
0.35781738870510965
0.2034508757050298
-0.25840741833918474
-1.7429118773136065
-4.152378495693324
-5.0705390445516345
-4.7682334005692635
-6.380884625713855
-9.690772910758268
-7.985741861539587
-3.176483810695334
-0.21477278390832874
-0.6381306959576916
-0.6748282610493908
-0.3019245380979157
0.17082115361459044
0.24785229423873822
0.09365027454988883
-0.07297499247323894
4.447704667808262
9.583481671651278
13.104259235094998
10.112445892850284
3.9575924617415446
0.07379171261427979
0.9452889341213544
1.913075441354566
-0.04079298826985115
0.22905602010279216
0.6155314009689761
-0.34254361553559665
-4.850143487648112
-6.665492401904347
-9.231554459746333
-9.359727094352495
-8.10406431011497
-3.287999494710003
-1.161348218618263
-1.3327050618880445
-1.27131622164952
-0.6247079811613498
0.16128537350285468
0.3783469051706492
0.2910702277556581
1.0256788195103863
5.677437097270824
9.258968206232877
12.444942476653724
9.56290208603516
3.733617225068757
-1.134956519781833
-0.008739352058582148
1.0219010655395468
0.5670376536338237
0.005768651198077034
0.07595031937982082
-0.42474508816530737
-1.6823885429209444
-1.8558437699398267
-3.359194051265871
-3.298734671858297
-7.502972149549874
-9.81839569483757
-9.505961059840477
-3.478756466254641
-0.5339136864047153
-0.5397045913643724
-0.4982530140807069
0.055209821984834234
0.05008777322919951
-0.14599987123987687
0.737777705457746
4.6687098725379
10.884549548255654
13.794243963737348
6.859945650047796
0.3410643736680131
-0.33311563216397505
2.349566149477683
2.0486100827624636
1.4473287316492474
0.47630914012590064
-2.176407750729495
-3.0091153024186053
-3.8011200271164802
-3.6692733430260756
-4.94627565570672
-8.376284136642049
-8.890368838465339
-5.157316541130597
-0.6442220637182817
-0.6564569350064021
-0.8931757830499508
-1.1182484263715087
-0.2375059755476147
0.2814351873942643
0.20185976230069197
3.104336814630257
7.794682042819379
12.51334029304961
10.652113126964887
5.102979937924729
0.9415520430720583
0.15189390139123038
0.5825362323844783
-0.11630302332544672
0.7666150761076055
-2.1843542232667756
-4.165990903579927
-3.800158868917966
-1.9195208097887797
-2.591132180446767
-5.246664374867354
-9.071641728907302
-7.8461429110210785
-3.6662556463098745
-0.19405346708488014
-1.0604537918761912
-0.6588796998159469
-0.2580554610467014
0.2107788697900282
0.5427538004353042
0.6033498878242588
0.19201313497025288
3.8148258297108084
7.653178707486414
10.507111268330602
7.973717741400721
6.198350375520872
3.543716731901447
3.1084782003413545
1.0413115776526387
0.6036492548702076
-0.7267509326834258
-0.023723851688247883
-3.881552531887922
-5.278100362559928
-5.8775370129539315
-3.151059052207096
-6.317949199504133
-8.776750991715769
-6.59160819403885
-1.7089696803135206
-0.07314234956097368
-1.0787015854502733
-1.1162075623611
-0.8361648686439016
-0.22747412109660597
0.5058812367296925
0.6540712347343197
0.07115147414504232
2.6780749385420757
8.110169641324873
13.228432923123044
11.621195533012083
4.738720751245887
0.4323848276918037
0.3082569218494189
1.2331777395378705
-0.016893325272461086
0.3107985613451071
0.6217795126740101
0.9572008529951381
-3.8611363506414933
-7.8219846428815
-8.201314459211119
-8.822561855768916
-9.40811799572233
-5.438745366812625
0.24107574550963262
-0.13004940861691755
-0.8969563365329695
-0.4551782549777559
-0.08505576713493467
0.20439729511733226
0.42291199080284897
0.7247437939762608
4.546407641034592
6.9503911210921085
8.657849325758628
6.068974727847771
5.976514924794698
3.3567876456051877
3.217544279194483
2.518535241383765
2.610192354814837
0.8032749844376652
-0.4968488968758005
-1.2729154783413044
-2.3803479348699286
-2.6975922516660247
-0.5993423561740342
1.011315297487185
-4.08152655912084
-8.52639325829207
-11.14031067555404
-7.397764024149042
-4.519792636405661
-0.7235386491721607
-0.8001698859221453
-0.641642535552943
-0.2704987551751752
-0.1819732700318131
0.0538991991848765
0.27778483506323415
5.548679924066974
13.791920750770863
15.241483150494066
5.5054531363939265
-0.5126495541614309
-0.21423814022615106
2.1261254636133184
0.9435410381590966
0.76181241850379
-0.10796274653626887
0.1040678096957596
0.40235937621021284
-2.7506102581493406
-5.5097571495437005
-5.5635426235115135
-4.084044171867357
-9.127528508172752
-9.702265776757415
-5.61021740129529
-0.03816612136392778
-0.999048223744626
-1.0764037750807383
-0.7786440438176024
-0.19289664074474341
0.13723378819195536
0.3958368311819435
0.29837425567409553
0.3598626990953384
5.256302863988877
13.001994995029392
15.572250654359257
4.780126043079102
0.5289700530158327
1.3506368994684352
3.95160182831007
-0.36969421654610307
-1.136648718873652
-1.022525435668731
-0.6158204660738748
-3.05065818445084
-5.644475515734907
-4.728282776649826
-4.877763286034811
-8.81423896668114
-8.65443269786539
-4.182310955758826
-0.48802853821694986
-0.3567439293116656
-0.326334167034688
-0.4565976124591913
-0.014927876540249775
0.5942710750078721
0.3742855703276851
3.8118251791348623
8.564859460853373
13.091990667350665
9.006323324937675
4.140633176450204
2.057557971029005
2.238134909038601
0.9059871758202036
-0.2844408688705982
-0.15908367312288857
-0.25984001599885825
-2.312100648877802
-5.790780853188609
-9.61071549320781
-12.282893589075918
-10.250137674458568
-4.308568760080425
0.6628277714349516
0.024928872808336205
-0.6357876467401664
-0.17315848885917556
0.38128850521474633
0.4848920059192028
0.3356856037203642
2.0889880752619034
6.497897097444571
9.985682374295592
8.35901851581615
6.337189246660631
3.8379204839363124
2.865775686823174
1.1069579698571501
0.7470204044224917
-0.45612460175586017
-0.8744965337895514
-0.3172395828300776
-2.9394445188632816
-4.2715407256468145
-3.8528937388217
-3.768195384837488
-5.0990115573133705
-4.247185546167883
-0.14834371233988602
-0.5686314272024607
-4.274331927038311
-6.548834026162111
-4.150110844515432
-1.70733343270142
-1.0121684229435997
-0.44350603101507285
0.3615747331337977
0.21277862967551397
0.3609022161706719
0.5719386490325739
3.260834045394275
10.342684783289224
15.769466009482775
12.045938527266197
3.6275152222649583
-0.3032113049579892
-0.5180394877310573
-0.0642640290616571
0.2383254357477107
0.1507548462709321
-0.8925673405605569
-4.832570652094138
-6.085674837622678
-6.542688621012719
-4.008987500511101
-8.399890970481879
-7.140448110614133
-4.219156139403878
0.3338819331181054
-0.8452574653637271
-0.7778327495319056
-0.36999644230091827
-0.09751649785858534
0.00366280492655989
3.907544815043784
10.21202578385847
10.907461792690576
6.117673358227364
4.0498824457510905
4.8360620126030325
2.976450521485346
0.42780037624211437
0.08394502476808208
0.5750515245037182
-0.26875992048012803
-4.1513177517024324
-6.406611998367988
-6.1933669251215555
-7.271483709081518
-8.71850443920825
-6.812503826222196
-2.4395946955053853
-1.2306928686618674
-0.47522360376051476
-0.5552547704928019
-0.22814586462128936
-0.08087041335768527
0.08869573490374043
-0.13794008924348047
0.30626346333725873
2.293976758600798
8.198913231294375
14.976109096437622
13.043859109139833
5.659490981909257
0.26122497416840734
0.37185940943467094
-0.32846858058616846
0.12957178867733865
-0.6811091611138326
-0.9007379761809832
-3.1685839604956856
-3.277835029992897
-4.1193890970492415
-3.078688706008745
-6.270451949293133
-9.667860830965727
-7.96925924897671
-2.6797486498634164
0.1866352835167791
-1.0215254294021712
-0.9507210675097942
-0.5123552680256757
0.00754453106872295
0.23314251698563554
-0.05469121170128133
4.5631416394210715
10.038347582892102
10.507893663283886
5.399333851563833
2.5875036086006675
3.740764410311263
3.6256634611071132
1.897369915720514
-0.46312094643388063
-1.8945141632976836
-1.8218352687960575
-1.273621400808235
-0.9182925970893773
-3.068027893210084
-4.228448976888249
-4.325578672033132
-7.604704885169298
-8.560701875045424
-5.393677828742317
-0.47018558701227114
-0.7518806419168944
-1.0915178743322262
-0.7215305219793388
-0.25869881780859516
-0.23585475021593036
-0.0040365254162392445
4.164309015870732
9.126943257844855
13.119002374847193
5.591194989835526
1.9775142340401535
0.571634740503261
3.7108589090806916
-0.639587330145411
-0.9328501246978418
-0.9291225435736123
0.19102794504923076
-0.009009964309963326
-2.1456414676502744
-6.307381474690334
-7.15357510463502
-6.765723587959
-4.923037926454862
-3.3557975220390004
-0.1468198270250343
-0.4834067648109501
-0.6490937523264392
-0.9346637190824015
-0.6901493015009272
-0.5655319036840958
-0.2803537749382344
0.10680782174959792
0.6088422396302098
3.2553018115869983
5.604083197758539
9.755526012462473
10.30566327990095
6.965109202017354
1.435810176474392
0.7316017942736946
1.052418360764623
0.6281658296119621
-1.2393592268780322
-4.093682146538644
-8.005321377080287
-11.206598331070012
-9.548411411291283
-4.7778714906053965
-0.4783733983240574
-0.5166913509230858
-0.5262419199005296
0.6633614560124174
4.051773768556236
4.0653895742499655
0.3101947388560843
-3.265965808825689
-2.5067741583141387
-1.187030716440228
-0.6595512089254466
-0.2830444285567383
0.8129523970186315
3.8979152910331605
6.660722878671353
8.307585053872286
7.911864439422062
6.551463898354888
3.71432940261458
1.6919587472890887
0.772853281505123
-0.08157232244302667
-0.059789610491462274
-0.016231477250393346
0.5511825521743089
0.08984059187994453
0.6099311038041807
0.5718806606870245
0.7136328162581007
0.20662765268760605
-0.3634679198402099
-1.7093511484119168
-3.687967707600702
-7.794045153862733
-8.265849716611331
-9.061160743682166
-6.552785327257921
-4.554109211133598
-0.6056010875061402
-0.7008805509781358
-0.635960184575189
-0.006411288421330999
0.35787198337265713
-0.28779240154168506
2.079043576141488
5.310667889924017
10.59080845088631
8.764727496504456
5.559587034012384
2.5414585207311235
3.029699178109438
2.0178051267164756
-0.033482706356847136
-1.6807530566353335
-3.966769343972561
-4.46450871891746
-3.6090445305187884
-3.7105543249547135
-4.171967230910994
-7.419157556547517
-6.7845194739909225
-4.443907032274538
-0.825877358506692
-0.7140570981318746
0.34830185123506985
1.1815240078823548
1.3490706848172858
0.29030500102844525
-0.6552504578540597
-0.6684607130862958
-0.16924759556962618
0.2646444590833415
1.9975483195837642
5.2027727678129105
6.140862121382659
4.244288613158487
0.38885484985410657
-1.6806528572792088
-3.7998590814665016
-2.603043275816957
0.37388812966253654
3.105223965797009
3.4573927178979247
1.9890480062355274
-0.23489629923988006
-4.5445979891603665
-5.818855641270376
-4.135525867244431
-0.8330238182060908
3.2405779977669575
6.334903248621014
10.278477263611174
9.613883328378417
6.968179102821815
2.3443142994834973
0.776644774537584
-0.5030266867813447
-0.7403759035715716
-0.11520697383840861
0.9924522380856077
0.7802511975028968
0.12490955312926699
-0.28006545644883957
-0.6848940321859002
-1.3993701641757235
-2.187815994222908
-1.3589705013851034
0.23548703779451668
1.9825472452079103
2.121354007153039
1.3303954644889764
0.7380459222408506
0.4755444659241034
0.6402280189539309
0.5710023088808618
0.5192421801427589
-0.4926954616465195
-2.369586959561049
-4.433423069637027
-4.822175042910336
-3.612352779179504
-1.8050804714403683
-0.3782170167631727
-2.622642398559221
-4.761403145904085
-8.78344845828765
-7.476535540839143
-4.817148047807336
-0.18568202582697313
0.016521119018050142
0.019685714027291277
-0.07703582175723472
-0.37102395738182026
-0.2296793472025635
-0.2952667464732727
-0.11640963381713217
1.400165041602365
6.453990348213251
12.864828612535248
11.357805429963802
7.513093811401659
3.4068024092329168
3.109480270893702
0.5928929966174672
0.7615512967077442
0.4922694241981337
0.22365450772213463
-0.11509728083556757
-0.703938324557356
-0.3122020405489812
-1.8552379463196622
-4.6450218937722605
-7.221111539046707
-5.483894106440643
-3.4261369731553355
-3.337568635551561
-3.6585105590749154
-5.597241736148627
-5.978186883416548
-4.575914653949046
-1.1819618928365117
-0.32465724822113695
-0.10131590949011192
0.1378327747106401
0.10203554167497757
0.44389977897780847
2.9963940196283
5.862538757524463
10.67618515612347
11.280338584907232
8.605616122868373
3.67705552112972
1.8867299217586149
0.9251362165448678
0.09941541911750683
0.17896719779092995
-0.17188523347608653
0.10705909552570057
-0.2569171642080738
-2.4772653493959087
-5.899231279797679
-6.021781058998117
-7.257362980808064
-8.9796390847957
-8.477368983450445
-3.6595974778498466
-1.5442400908451899
-1.1673223259988927
-0.5389121391591984
0.3150492130531592
0.35326524463294345
0.09579146671881189
-0.4115673916512442
3.6008365755489695
8.462923337718964
12.612658036762115
10.00181514844481
5.656081041193601
2.090863614687479
0.7031260643492088
0.34931292083076204
0.16365129432163722
0.5885681288871237
0.09166366533215196
0.4850088620340807
0.732055279944973
-0.7934383764607162
-7.090338318784309
-9.897872409983346
-10.035029261934113
-6.631456682635518
-5.967797131707963
-2.9264425855215457
-1.1150327953794898
-0.09247266423500848
-0.7387764905931513
-0.9443392869913253
-0.885913896126077
-0.2613847719078648
0.14102089234887175
0.29717930999240155
0.3356118894836654
3.600089445644734
8.94774790644112
12.192852732704024
9.737003030664846
5.042622229976062
2.0247720636395323
1.1905770925566843
0.7388558445124469
-0.07988743418220211
0.10012287229649741
0.999047036665103
1.264387999721098
-2.217477927041171
-6.610133170561003
-8.41659458664086
-11.126156198987445
-10.025451826788489
-5.2237914685001225
0.6413569403777273
-0.10596551695121795
-0.6034661978882498
-0.4218032823986374
-0.27328027696121027
1.3802519799700277
4.245820579024161
10.054450506673307
8.601678005464217
8.800097678780409
5.742453349021605
4.98638005409333
0.5319282828658336
-0.37802350417727765
-3.2347018224878092
-4.33925199308564
-2.9632290156068803
-2.213280473099021
-2.7468002672342275
-1.9681385820737316
-3.0895353043840745
-5.19490014717874
-8.432993277200795
-6.243594021105122
-3.2462609980099946
-0.206051110361678
-0.42507159279541934
-0.13251670817359093
0.18856016179264096
0.1895946829800158
0.40565738203706264
0.7320728520194231
2.7248121923389017
5.274911491690559
7.744716417315315
10.009911273537043
8.482071024258799
2.8592158310269715
-0.5688803515435271
-0.34075309396724923
0.8431743113417826
0.8303638702291899
1.675251242856903
1.49069061501002
0.9840738448993995
0.26645909737478896
-2.3549129859491695
-7.24959172294866
-9.89235366515527
-7.063066409217555
-3.677991265756289
-1.7629437412261904
-1.103176149102562
-1.9554122967816214
-4.3888977990932405
-3.6168256064475215
-1.1935689812381496
-0.033536438774472675
-0.07224235610206153
0.17014586791598735
0.09936194467332414
0.27471538111497834
0.5517343022338785
0.9277962784028309
0.5718960141150135
0.5380482479009308
0.7786469176123266
3.0082086671894537
4.539678762098119
5.988179201945999
7.87986700633171
8.0483822799329
5.069018865813441
1.377816237580512
0.37420597247848
0.05287725027090929
0.4586265112446658
0.9052151967017833
1.167593337529011
1.0216250531478859
0.7707716451611674
0.23877187526273588
-0.26050257828785933
-0.32491841993713094
0.2218165708920254
-0.31277051895677527
-2.6953049173589516
-5.681722593047734
-5.608544592477921
-5.089909630498214
-3.464983091933129
-4.5166118837288245
-5.357053844585232
-6.520544296710761
-3.6106732170889364
-1.4134351343326472
-0.22011710296114262
-0.37145651365723176
0.20201314627079953
0.18888058377005876
0.1366028464321176
0.4802305311053663
0.6763836140454866
2.050916237065657
5.457465307668879
8.950620064108644
8.647177239861266
6.914809033914513
4.624002932468682
3.21593275334623
1.9273865969864141
1.9048556314584906
1.1501088651528377
0.5494162935431081
-0.1003374458100094
-0.3497250344707478
-0.03515500366271662
0.40909193724812604
0.3129266173866707
0.16855736050980039
0.5529116333832133
-2.143655480536821
-4.830106519256051
-7.5069014760576405
-7.587192914952202
-7.531061823104087
-6.780534094000871
-5.43173551532692
-3.3170207481361538
-0.9612576626251215
-0.6263902092491256
-0.4248695356744578
-0.17336370736397363
-0.025944118157122196
0.1990387059457754
0.03091930764625948
3.0028595913117337
5.371616837388838
9.430955085134238
9.72681207688675
8.954101091836398
4.520311357012034
2.975574761728546
1.5442329954259304
1.0340505377986575
0.34587747980739636
-0.25455716582084015
-1.6332442277581967
-3.080434407030796
-3.8814686207970723
-3.481998531208226
-1.7968726013948455
-0.4792081643159524
-3.9365176216570736
-8.504757051359194
-10.755605590876335
-6.576925624323798
-2.1088692068930124
0.7243118102564312
0.043073965229881946
-0.44670700281259035
-0.16684493231500347
0.22706412561711756
0.2578302990179545
0.49380193465456684
4.332717779677724
11.11171784588845
14.470012030364982
9.432659278226396
2.4330951001619288
-0.07692112576001657
0.06524119398765162
0.0021631870124562257
-0.11286905185071003
-0.0377999072400103
-0.8653615016785812
-2.4817117665427593
-3.985183638077745
-6.4616918944614135
-7.719287905755285
-10.375239246241131
-7.360882283961119
-3.2328672828941256
0.42315746531393017
-0.6093059019973104
-0.32415366970395443
-0.16284967610218035
2.9967456428499544
7.118037596303838
12.943028095462505
11.238629365241426
6.824490275757328
0.8963197494499563
0.7858671796550356
0.5666290610921456
0.3841517168550053
0.44096616875521755
-0.06432983348005826
-4.0968613605982815
-8.396943480367177
-8.082664299264513
-8.722668221989855
-8.161428490322596
-4.874944498783029
-0.11182996389569902
-0.20854085180447027
-0.3486888833375488
-0.01578031666102576
-0.08078477274017797
2.938048157438432
5.7584635103638515
8.235296144865147
7.86373724905459
6.721248767383794
4.494568214812709
3.361609506670622
2.7270702544626
1.6796739632745261
0.5849021388098706
-1.2810568618199376
-3.5667710930373238
-8.039767490890458
-10.462097117723292
-10.510660091010717
-6.891125638509076
-3.6558026135749953
-0.6328442898901486
-0.39218206541350786
-0.7132177100401605
0.39915710133470833
2.8517989903201153
6.971266370972802
12.659607141623082
12.613477001371482
7.793027947171515
2.380050096202585
1.1094245567239645
0.1725067063425754
0.19203225271057203
-0.13639116632285653
-1.2613777077461792
-3.4923826247045073
-9.448874790361213
-13.597605848939361
-11.719759277236525
-5.001809131034865
-1.1196133672043171
-0.16695551613835685
-0.38981916327682326
-0.41305942049281913
0.24642027699590596
0.9944730465618339
4.320253698245178
7.000182109720071
9.145305905689538
8.056931933112871
7.129887559596938
4.442421172318951
2.575734696356339
0.7756858371154182
0.11582161118684589
-0.2219183054048987
-0.6662280161375157
-4.3252042408960385
-10.51277777315396
-13.96125967348164
-9.563383497035888
-3.4568663345520187
-0.4213644691919877
-0.2865666527593687
2.5489335333557657
4.394648839642753
7.609833589091164
8.17997763647369
8.282467345374718
5.6414882918385025
4.342774785644684
1.9051313246771646
0.3302537032873608
0.07242017852028017
0.5309152699756683
0.5197455676932823
-2.039708321877343
-6.410078971555939
-9.299594047347433
-10.678693088104586
-9.008062436448087
-5.53515578170552
-1.0816799800349304
-0.35040919084568184
-0.40788440015599103
-0.7272882888484878
-0.4792613986471606
0.23064718385458183
0.7931561184634196
0.7416738691865089
3.7235677146028596
11.95606303327348
15.07661946109768
9.840452404459365
2.73768711121789
0.23402077351538206
-0.4751661650626508
-0.7604520621214937
0.23754075142253378
0.33769325928320193
0.5980924207867309
-0.7794902467829078
-6.9041001347455335
-12.810461720128547
-13.489150115631977
-7.018338156687281
-2.197925872250091
-0.20174606501346262
-0.8457442456176089
-0.6416799915484765
-0.19031365259107452
0.0282183756211895
0.15895783791304754
0.23726275485615694
2.1107462828263435
6.350379508068426
14.179927205291833
14.51535393743855
8.506351870876102
1.2444655420069592
0.08163541230504132
-0.07965112781068492
0.5669718219196473
1.2893214995870221
1.6580105234362472
-1.1511156518337418
-7.880968473151661
-12.536133493832425
-13.584481456200226
-8.43398651591233
-3.25124656780091
0.981293187018892
0.051064279422085704
-0.47237542490488527
-0.7722020845797626
-1.1581333627377497
-1.4262176651024927
-1.0074705747259438
-0.32264535113172793
0.35438349523404983
0.4289228804551087
2.1260675239052387
4.2797618531477735
10.364223702911925
12.466682426623215
10.52905229041094
3.9846935315306853
1.4188205753887557
-0.21216152132536345
-0.22232012270723656
0.01980684917214039
-0.11577639717784907
0.371798996393854
-0.8072389974119524
-4.322366837066859
-10.96937735161587
-11.87893671222364
-6.811600166080067
-0.6788782026692861
2.2509323970368924
3.161691023845752
1.2203278826704793
-1.5555486400531389
-3.3745714969883864
-3.8525107504648175
-3.9047116240620494
-1.7823326070777532
-0.3379773901847203
-0.43856570136066503
-0.4349755953533199
-0.10746768220569525
0.09997469348041478
2.263954561039194
6.429187355124505
12.299702406584137
12.486249326916916
8.636473544572928
2.885654308005456
1.2537930569242708
0.7411855779249295
0.8044620894189793
0.22075144738806263
-0.3953656691600174
-0.7626901866606135
-0.6510731133263384
-2.798506564751583
-7.343602156628927
-10.883222675186248
-10.921227195889227
-7.36138149998558
-3.816861239569155
-1.4559015946799798
-1.2069331040546125
-0.7775702963630174
-0.4254908796696256
-0.4319104798242014
-0.15483825764551698
0.11780626145521504
0.2713367399176495
1.72603844348702
4.93113326127746
7.163554124561447
10.053148425190784
9.620318602968055
7.36466349554887
2.7536398414640844
1.278442742566727
0.27331589375470644
-0.06065788302871756
-0.29979192903596164
-0.20766148297246614
0.66230350605464
0.5485522074640726
-2.6919552655766164
-8.714610876348887
-10.588322028829392
-7.156452177717921
-2.6780584234492375
-0.91272682801357
-0.5177527155879885
-2.7526834419940243
-4.78533764535754
-3.693406121275755
-0.998841574625008
0.01287579991245534
-0.10685549202763098
-0.02913495704883805
0.15731680075033788
0.6750025874609572
1.759773251056891
3.8594716940552076
7.8709900764173275
11.330563071770028
9.64514997243269
5.312825921709328
2.493271964771245
2.193719915465538
1.025850506406641
0.4207787122414936
-0.10051712172218324
-0.2722187622244409
-0.45674697300975553
-0.5657097495628982
-0.7033571797648575
-2.5179908925457615
-5.430746484981886
-6.357601190452888
-4.719618900196053
-4.932189428898964
-7.776916311078812
-7.472983382144839
-3.9277800364845104
-1.255841297694341
-0.7701750174971221
-0.5802616642052769
0.06248884463791926
0.0658254658819217
0.36309519280192504
0.5380549604518827
1.9860617453915488
4.335010499582407
10.299693377491767
11.994660040368503
9.68049301211006
3.664865662406222
2.2974288119541857
0.5247380357039165
0.012600036606387916
-0.2238283891534481
0.654981085501398
0.4156229513996227
-0.6720806274979223
-0.7322301737551035
-2.4470813152063093
-5.908146088501588
-10.048029922591923
-9.619147615887691
-7.478015818419517
-4.092778247196312
-1.7107657892256574
0.40963520319802305
0.320576188798085
-0.3124533220795528
-0.9224552986171288
-1.0223024860908325
-1.1556151236629693
-0.46801891959053427
-0.21214433350169076
-0.04561104511521427
0.44700952269932526
2.004119747773402
3.7369900727441583
5.157572395404063
8.666556065026386
10.199555843690314
8.837246269131239
4.517705454599243
2.3967646189944323
0.5561527625538437
-0.5248083763496393
-0.31111264806367384
0.5128607603723182
0.9473992929459768
0.9312524345264271
-2.1105053656092143
-7.338656546939157
-13.292057889540878
-10.616013749650568
-3.961974377919658
1.5813696839850966
1.6291382563899188
-0.5546852066707935
-3.501538296167164
-4.818521905222825
-2.2851539110238432
-0.03532915299178741
-0.25104234545289744
-0.8744118677332189
-0.9039706917533327
-0.01699092448589553
0.05931217531415904
0.15132265947717688
1.4634725764143324
4.407405746624278
6.581206756317576
10.020861723452969
9.851077752582073
7.6876808526308045
3.3589827478700096
2.167525192490439
0.6597241883885216
0.3980746556604857
0.542615017937522
0.17987081557443516
0.27031987392497997
-2.253282757648355
-5.611740769242008
-9.998475530778387
-11.185516587892383
-9.707768455610038
-5.08553220601783
-1.8740906892349285
-0.9162699186357519
-0.9998454095632566
-0.5919171543732168
-0.1950640172948914
0.15435482681252377
0.41675032368569437
4.081558099250659
9.37545852602422
13.510502472466484
10.92897165638876
5.680233050293675
1.400485384212555
0.525154082066731
0.5426707374411439
0.05466745422529318
0.011179387672695742
-2.3131190897156855
-7.200145244639689
-10.861889628282135
-11.029445535405188
-7.442875768910544
-4.005389107738387
-1.274885481219695
-1.2358771725871467
-0.9370238162233802
-0.25472611924341154
0.21565673243884925
0.32854063107388787
4.469678300541496
6.567784617784813
9.096651200748653
7.34610079729839
6.974788876958617
3.707843133796349
3.0882130238029726
1.4421970306135943
0.7754060481423228
0.6450579066985285
1.0643531055765614
-3.8787373577597233
-7.410288660871276
-6.916315293329476
-5.677149295446676
-7.154879144020325
-6.847162127403401
-3.5813427242006517
-1.9295994461403962
-0.5968765639972451
-0.15380721530170324
-0.4690841261155171
-0.41734927799772376
1.892891534116104
5.124709551809001
7.447668186733839
9.856574649417428
5.501557638256031
4.7153674957341325
3.862894195972568
5.2535473920753395
0.900274268259822
0.5287397273621698
0.22196400810790148
-0.07833727167931734
-0.07239426685336804
0.0006206871973657788
-4.158439217526634
-10.346380638959513
-13.854025428786384
-9.963680393487506
-4.535065803678503
-1.1951110120392108
-0.5859750025094412
-0.46513908233436296
-0.24268134232523478
0.4267972086300091
0.595300588314191
2.6384920907673806
6.697707231891211
11.323845988231035
10.36765172211339
7.211378551233495
3.966523384311686
1.7940735779927761
-0.5044601441716787
-0.05371504062176985
0.21068390940923534
-1.396829732540474
-7.266565853085181
-12.562437255004122
-12.51680129650284
-6.71101418759824
-1.849997211437259
-0.44963535177094305
-0.1622256872572656
-0.1456727498740495
0.7548638173181833
3.813195479909932
6.80441758328139
10.530187633272943
9.371659223803325
4.9522783752645925
1.3380967555902952
1.8904720367906278
2.0488460278428096
0.6430598946928844
0.4495353533926194
-0.09489295975998997
-1.1423061125380132
-4.3231653764456
-8.542789963467238
-10.962100322143195
-8.512228270419033
-5.564033146209745
-2.8124359535508123
-1.6617949183085856
-0.06366836747189246
0.12957664606233335
0.8618266293152539
1.6816917996945548
5.1482124823568
10.146471541225623
11.134328745727846
7.958940806252841
3.7825986406776075
1.3440973963583933
0.3318792838849782
0.18070004027269498
0.8689735916574609
0.5402023307504186
0.680796072738653
-0.521728208579671
-0.9646813294745409
-0.6678829850792714
0.14076039903557344
-0.8377167590385369
-8.031101332165218
-8.962526130188145
-9.511157573556993
-6.190476102748239
-5.513837590664126
-0.9743747944024199
-1.1060097380440979
-1.377152073598254
-0.9585462931580592
-0.5544347105794821
-0.07649634740007874
-0.026949389895784416
0.502249716158816
3.469633683364653
6.01213433000142
9.390584592419424
9.783122573061933
8.394269314580319
4.6156747923099966
3.228093119105514
1.4596949024356896
0.5417087022247943
0.6672958456837021
0.6603053838783766
-0.21174985519908912
-0.2667445791881478
-1.315759685139785
-6.6550105886508275
-11.743674384325326
-10.73560099303494
-7.086377016572984
-4.945892158124034
-3.2751730352956687
-0.9079711139832397
-0.23061845833260075
0.09375496897058166
0.030731423827230122
1.980558965185119
5.16080498356233
7.935040603995556
7.894825739612635
6.908269218125498
