0.4878541001394975
0.5207164305239832
0.4881078827357893
0.4670234119128002
0.46062293369581386
0.4950431101255094
0.5116070658070803
0.5408617249629054
0.6048337111144917
0.7377325584473294
0.8409559990719071
0.8850231417383083
0.8982982928178536
0.922279523195686
0.9306026245101555
0.9133494424603709
0.9130147002854038
0.9110384306790064
0.911350244806112
0.8954148221858507
0.9012304289606936
0.8942413443790729
0.8978678004262971
0.8996655810955235
0.9119944859823494
0.9104825344231924
0.9203221109038732
0.9189725147064794
0.9285294078929778
0.9326014261001692
0.9329344588082705
0.9251934302032977
0.9223046233032252
0.9207980144190224
0.9287178469953612
0.9263254742680678
0.8985078004108349
0.8782171102845919
0.8815690802323091
0.8862538008580225
0.8817288918816006
0.8805932762054165
0.8856184997716029
0.8810544839915774
0.8806219209130679
0.8702419661868033
0.8759917289202654
0.8801848910683828
0.8941078320399487
0.8916235483308995
0.8965284849044834
0.88816962507743
0.8745856921514573
0.8576725218698632
0.8527343811607158
0.8470572492329701
0.8336791866196281
0.8236153135347783
0.811146099181365
0.7899609656860956
0.7681091540529226
0.7618784295411027
0.7379773717637387
0.6947911600277219
0.5992956632731127
0.5062587362318289
0.427051015501994
0.3466266227359711
0.23180025096246903
0.14666518250418004
0.1294981422786723
0.10858220036780593
0.10111196082445889
0.09432049307586501
0.10904799858058371
0.10016110770121922
0.12986097821535011
0.19772565795424255
0.27231861406674485
0.28090680043434224
0.2168778628067585
0.170358560385361
0.15092858953756258
0.15938877615205108
0.1501849601392446
0.1422191011010914
0.1318354027158367
0.12867037631465414
0.11068812191662168
0.08454595497035171
0.07314093556198459
0.07870128338710303
0.08077204259540978
0.06865855744850978
0.06351142214432831
0.07608458304467305
0.1270506842180081
0.1801099840051534
0.16245350186056923
0.09248490994951536
0.08447190713625877
0.1506223830979801
0.22032077134933603
0.2946315452791689
0.40865017394219383
0.526494490973116
0.6051476299377812
0.6527415879672409
0.6829649689007782
0.7126673988625205
0.7387466481130527
0.7579624441558096
0.7786823729838875
0.7987221663476279
0.8208950600924754
0.8340307729353247
0.8367485344015347
0.8589447580278349
0.8697896515443126
0.8644231874142386
0.8528932629124589
0.859875471508575
0.855175730054141
0.8362633630086528
0.8386395615918034
0.8465191294899327
0.8506177592011782
0.8481508571913896
0.8575292802050438
0.864979219360128
0.8654820009310381
0.8598908767719247
0.8565252769813223
0.8532285612627707
0.8524471446554354
0.8620910978247327
0.8795931249488169
0.8864023558950411
0.8939845546377329
0.8936669539463562
0.8993081487424726
0.8950911324814936
0.9050224785410778
0.9018680275578679
0.905013020273191
0.9040145698410111
0.908209874603578
0.9116588988118033
0.9061124479875312
0.8974360813111338
0.8897720871405944
0.8993539187805535
0.9038113213551233
0.9088776111786676
0.9081457601877612
0.903072909952189
0.9083061311314256
0.906055828634816
0.9032748413048418
0.874857781991482
0.8681809004217151
0.8637614319457207
0.8738257400668585
0.8640216828672973
0.8609803553928417
0.8588543980175145
0.8640270911986713
0.8638161474180212
0.8580389989130804
0.8424501002924648
0.8313521470845436
0.8226355837250392
0.8208151703152033
0.8147238268897881
0.8105378599102492
0.8078756775722538
0.810918357539578
0.8116100860096302
0.8108399195344955
0.8110460185273677
0.8136924364838358
0.810488816015846
0.8136597741581347
0.8164289313908537
0.82087177187955
0.8025251395383105
0.7695352963782609
0.7229188311896169
0.6718616089786028
0.5901763388207111
0.5094487841321079
0.40506872110665376
0.29469073056816153
0.2033772121102151
0.15043406456124045
0.11957297896980773
0.0880706874389399
0.06775267644275546
0.059545810478972505
0.08322496024554957
0.12478525563574461
0.1300071149521162
0.11758339790664821
0.11723729087644866
0.15624871948573205
0.1719701526114829
0.15149393623138702
0.12814199652724917
0.12131227170479218
0.12322966267055815
0.12018830261433994
0.11551340430051532
0.11476446304558507
0.09683943639070264
0.08326171205884084
0.0910139409483274
0.10106294407663649
0.10950726124697895
0.10715742169928139
0.10597695823086867
0.10369750057050653
0.0771429154815976
0.03060452837255566
-0.008860328619859581
0.025365889290407315
0.03846646626705714
0.041700731789478696
0.05714388914787757
0.13375895342505165
0.21330583381135407
0.31548737257472703
0.43956172932755766
0.5671476522203047
0.6542141084676178
0.7279826211522953
0.7859545021398957
0.8257935871118844
0.8418004741783512
0.8575906984111237
0.8562729792379569
0.8703507592754185
0.8842848654843868
0.9068510937698956
0.9277645245628139
0.9282024550432705
0.9164081788569973
0.9047029706517989
0.9170132282616814
0.9188803643357142
0.9379951624632276
0.9645863006638222
0.9705820930877647
0.9471048513628056
0.9308754336158629
0.9374442351481101
0.9462686207496112
0.9457816170861104
0.9436372406041309
0.9510580053926388
0.9708716361603102
0.9560118155546242
0.949421228191955
0.9429958073927565
0.961000357506858
0.9502656861203931
0.9756777486172986
0.9619084732471639
0.9664885340193492
0.9623553198674498
0.9845780447845063
0.9503867412160477
0.9400518690991342
0.9465229371387465
0.9723974648316441
0.9436708009025214
0.9429415178656508
0.9497531795589129
0.957456190514754
0.9434980388333695
0.940871228745123
0.9585040740436983
0.9578052145807663
0.9583716336994392
0.9558356840822315
0.9612463580642617
0.9546398296780905
0.9489867155054599
0.9618197099733505
0.9389644535690327
0.9257504195490006
0.9163545524262788
0.9056011094194935
0.8635738782588454
0.8281695047942634
0.7709597291210928
0.7074125545138522
0.6175380666189495
0.5218747698043095
0.40878511745645324
0.3387121157168301
0.2753080370667297
0.2237444252259277
0.1648900347495561
0.13781969492749335
0.1191522388748667
0.10318231114241114
0.10030141780361686
0.12246962992319091
0.15323421820435104
0.16678243262977083
0.16575508833788094
0.16154313141665097
0.15767794094854645
0.15380822413009282
0.14795125249115998
0.15153179333936978
0.15140448992899705
0.15064794449339663
0.14528172979826218
0.1402967686813667
0.13742469567742255
0.14267804523951577
0.10820864664742397
0.07262538818399368
0.11807948044372915
0.2423247950287219
0.36826454283397625
0.45938246899803103
0.5446279527116382
0.6077862541728307
0.6802757224803782
0.7456324338171559
0.7989082735593276
0.8372458302409589
0.8626336604969314
0.8761448570346765
0.8741278799317541
0.8933111577830586
0.889229795241297
0.8823233052538542
0.8862348107301541
0.8941219686629324
0.8859484847191628
0.8715945980057181
0.887754226254871
0.8976584407698553
0.9130327680847399
0.9107502888585869
0.9059199655193293
0.889460337718628
0.8843952703268928
0.8910083667833686
0.8999436717435486
0.9045323699636214
0.9103181430306303
0.913335003145691
0.9104664381717975
0.9118137116762394
0.915047904246831
0.909438529209218
0.9096427174604992
0.8938333866970372
0.8888721267398039
0.8798448895103617
0.8947804554382137
0.8952411319397686
0.90837099183618
0.9057997265593429
0.9001246951563213
0.8894254424766614
0.8896191763560488
0.8982142206766188
0.9092875887113543
0.9158549479849815
0.9135943005386039
0.9228663952530938
0.9315663913665064
0.9385439125269979
0.9411598364518423
0.9370717995770974
0.9377991938844705
0.9194574290733052
0.9232130406826187
0.933494606598602
0.9432051971653823
0.9106553003266964
0.8821085052418298
0.8637137798795498
0.8458277952963488
0.8193254080307583
0.7892950558703351
0.7541671191003632
0.7418483522173649
0.7433139758087267
0.7068183552166524
0.5946480145012083
0.44469747268127346
0.3703472438808419
0.31363575350721096
0.2261761226497568
0.13183153109273782
0.1017800783167323
0.12833513391131496
0.14617728725009982
0.15760315226855431
0.16202225710035886
0.1964702896957859
0.2106140916894223
0.2325206788357425
0.23235627524622132
0.31385520044438625
0.3336622384226362
0.41362589669135547
0.3736923289344308
0.3834994237982886
0.31902751800049384
0.33741233187691066
0.28925628256301905
0.24692631273910182
0.19542922549628136
0.15814255462324212
0.10037761077386281
0.06769203810635595
0.06992538476928192
0.06166578997713609
0.11657383900582813
0.2874677176366544
0.5205540047337578
0.6756667795378687
0.7699689894945366
0.8156217449838999
0.8653335006830432
0.8767022809316625
0.8927033200839938
0.8874484130674929
0.9328162470775806
0.9471445004083167
0.9385385090516958
0.9115559706400899
0.9210659841926816
0.9124349175459268
0.9208879430499212
0.9065382601541014
0.9220593206801897
0.9105024274907573
0.9156359913237887
0.9202393382437547
0.9455131725546807
0.9699861916222768
0.9607924283350888
0.9579239860309544
0.9577649141405806
0.9824119426919722
0.9857493329816611
0.9800491436559959
0.9726161115101655
0.9793109945936462
0.9750702181117175
0.9740784334347684
0.9697540403928213
0.9710110573552295
0.9691169439471758
0.9687486359035495
0.9818739207829528
0.983917924980066
0.9839958113700941
0.974494887131541
0.9654684441862895
0.9491152166459024
0.9608368436118142
0.9798975306363942
0.9846840484693276
0.9726520986854841
0.9657548902351112
0.9710204031556607
0.9732017822266807
0.9699829048994706
0.9589014806175024
0.9519134735685497
0.9264609524842965
0.9074343741027552
0.911509044590929
0.9341665609417044
0.9446644854320473
0.9478327017370394
0.9565455158651431
0.9599304960489576
0.9597149531440843
0.9245220591349466
0.8807958651406618
0.7995672183470115
0.6661075332546547
0.5250814930936974
0.420652058862655
0.3236300855070519
0.2118440979202984
0.1543592804563395
0.14682817202521387
0.15531029853214437
0.15873287745425596
0.1832647520865334
0.21620060926185697
0.22630789266353607
0.206681448407493
0.18543639616028157
0.17026086869696483
0.1613292982024492
0.1595894601432138
0.16984860476778885
0.1867781393990621
0.20841253475394234
0.22109184556083333
0.2150418031009243
0.18652885792792387
0.18008962980902882
0.1811841917951939
0.17162006993880452
0.14819773012700915
0.14762759405477432
0.14903412172153904
0.1482641412715972
0.14407325866631818
0.13689244180656163
0.1391152210412745
0.1373784281497975
0.127858356037768
0.11535999464397913
0.12820120391699447
0.13291727584432
0.14432157869129525
0.1505593243950843
0.16125236092672926
0.1455108869099305
0.14992816762683825
0.20363354273697715
0.32922651501119893
0.4741250911759223
0.5944418174470529
0.6643019156040317
0.7199189036196282
0.7869314715899677
0.8439263268466531
0.869996694309831
0.8862754768450667
0.9031566567536443
0.9200973914192712
0.9367884479189561
0.9304541371581176
0.9360711517173965
0.9313904193825767
0.9494582973036088
0.9450339325872612
0.9633222697948314
0.9555494645238278
0.960427976305862
0.9594708273893318
0.9633266499016189
0.9530138100954695
0.9591739590971109
0.9704895282913861
0.979513475237098
0.9837226294311742
0.9944894144252489
0.9933079239872942
0.9695303509384117
0.9644614273524215
0.9687749715550464
0.9590306355314219
0.9356515731548891
0.9458840434597464
0.953749729496064
0.9634908689387421
0.9574906048356722
0.9679647214046458
0.9589854095163195
0.9587349506964592
0.9476779932080497
0.9442745840231569
0.944578552713452
0.950841682888865
0.9486685017062672
0.9292160382785909
0.9164695802174538
0.9060337452043745
0.9016279796101301
0.8518019510305758
0.8108534309636984
0.7950709965451893
0.8163223035461973
0.8125338719074451
0.8029314458305173
0.7823342309045122
0.7300011123187702
0.6321934242151435
0.5102713964369827
0.3774226241925034
0.26170194555002124
0.1728931965452422
0.11460291479695012
0.09205333022299675
0.09400863261828517
0.1314931276218365
0.1498098334981089
0.1619674168119012
0.15500865523252566
0.16171148494630136
0.14309419522129896
0.1610463557343003
0.16850665132685688
0.16293143593904025
0.1267486238136557
0.13965695453460036
0.13730770685327906
0.13143802568965646
0.11256007678759311
0.10545632993563073
0.11267980825818891
0.13384939279127495
0.14096284208831222
0.12856497677696777
0.11645728075521981
0.1310302963550587
0.14950895804216763
0.17127393560474258
0.1887785273833068
0.23353233534242954
0.22989357212550995
0.18656259454712978
0.18533829664308196
0.27081765121005846
0.394424922252424
0.4935149035289352
0.5808363455231913
0.6430663916471168
0.708090671618309
0.7634616278016297
0.8022312296155281
0.8326517471135295
0.8398723079756125
0.8434888434210694
0.8409511115903009
0.8467572074373928
0.8664737832152108
0.9046166558856066
0.930841890646308
0.9391955997913546
0.9309708151914312
0.9210879836241914
0.9334398594301808
0.9553488810234633
0.9624977594715161
0.9493014705193514
0.9552192702444764
0.9365178009276216
0.9301347713336913
0.9289881877609124
0.937746034219689
0.9343984100367437
0.9397294999799983
0.9403307180690663
0.9340772600806485
0.921411381724286
0.9117268644035619
0.9047155451032765
0.9053453352721013
0.9119010897881205
0.9245599678271916
0.9288731100045767
0.9122262586615071
0.8808919594938555
0.8630833016130026
0.8455251286323833
0.8244068950879666
0.8103099505231116
0.7975873637869048
0.7901809323612052
0.7807766719785199
0.7844905810780157
0.7535114661931162
0.6361362965251087
0.4667873552714752
0.37266226562398197
0.3632126696334279
0.29612044313753605
0.19368588051831653
0.12531577497182791
0.11191405594530592
0.10326951376331936
0.10668027450697667
0.10808271257476648
0.11650950096922677
0.13607456321509426
0.13188923059188912
0.12483751322504545
0.1791384124268792
0.2120344063932194
0.19839720289529866
0.16481749643309895
0.19245503706930953
0.18348242609463564
0.17781344587003994
0.1826803799352521
0.21795530083552384
0.19044850145091186
0.1744417602193962
0.13101455585448452
0.1415670864989833
0.10081628133892295
0.11509329549583404
0.10836588461888835
0.1568314661356902
0.16333850540846798
0.1659375278264032
0.1394272766701441
0.17655878980557027
0.2805868205508826
0.42092516901341404
0.5543401873768447
0.668356350176223
0.7347392213105484
0.7689202635678314
0.7807177411517716
0.8077657742323109
0.8176402714319253
0.8413269621560464
0.8585167283183017
0.8697719654418008
0.8689662988825245
0.8640051299804113
0.8688881417847341
0.8543279493243191
0.873968184022724
0.8825450525528334
0.8952795531176557
0.8830609827949408
0.8976396424155255
0.9060232646237357
0.9154533131329835
0.9085261106228077
0.9107652519195178
0.9215845760831947
0.9221315320524454
0.9240935687284532
0.9224823497194043
0.925118925611673
0.9161195397481161
0.9160563659133125
0.9152841216420331
0.9185095746030983
0.907742658611252
0.8934013642470566
0.8895431043293073
0.8985782099514488
0.9043609617497523
0.8944285938856291
0.8932488554953311
0.8789282862949177
0.858486115452986
0.8312814472056167
0.8130398187885342
0.7866450388791044
0.7610264627106286
0.7085960581787352
0.6259827958374211
0.5346697648355511
0.40381055143587624
0.2647281980237735
0.18586875438148043
0.18578315817989716
0.17274548336133416
0.20014938265962137
0.21567308425158266
0.22563456896790202
0.21095523739699798
0.214899499400215
0.18023519529635604
0.14213326463774756
0.12692220074644622
0.12543255142067214
0.1267245016608357
0.14252235777734545
0.21082890837674584
0.3060689221993356
0.31924570381969997
0.33428805733792666
0.3513991098635894
0.3680089475177199
0.30963794340354767
0.30629289932706805
0.2897882928106926
0.3071360175508038
0.30097125609452435
0.2609504126011608
0.15294797570842678
0.09465892910755291
0.11537756767531597
0.1479162686764643
0.1589896760679261
0.11956228933842634
0.0989546685584215
0.12043223209780535
0.1574028497172133
0.13596257475739515
0.09433409589726352
0.13560949640587386
0.23196722136503675
0.3416764283899564
0.4539651184077867
0.5738166278112509
0.6725987904626535
0.7357864059340465
0.7751385909270367
0.7972223595935976
0.8288795138766016
0.8618973492783295
0.8686764490055402
0.8761339887455368
0.8757551185562727
0.8903460147853918
0.8978283534106113
0.9240050918390421
0.93469922491825
0.9356736006599193
0.9377350411600018
0.9513006308763918
0.9658070793942138
0.960024227408258
0.9614361525677794
0.9439297015938789
0.9252223924317334
0.9071169442888853
0.9232802756991078
0.9287427920020079
0.9338422021190355
0.9387913311894148
0.9594650296708623
0.9600269907823171
0.9457210877403562
0.9410742546810025
0.942532936836946
0.9419360981084487
0.9312295371413931
0.9234683596534387
0.9125197951668433
0.9120867057977025
0.911897492864623
0.9059913741075976
0.9037964700906694
0.8972191613403729
0.8895414086854703
0.8903508205667938
0.9030982520754087
0.9026958310984352
0.8911089364113137
0.8751771880873864
0.8576950755464793
0.8480339686063725
0.8508220997984517
0.855805770856445
0.8446504239025729
0.8287333007674322
0.8073795782498211
0.7876732959957365
0.7627981545804903
0.7358490034947646
0.6984788775083264
0.6415819259732746
0.5107943606149465
0.3730388029098856
0.26263032524469454
0.2407637167907259
0.21534794044194866
0.17892971700986132
0.1353282381134944
0.13512268671674332
0.1393755787918824
0.12203528193267071
0.13249637814431758
0.15954356833535172
0.15976764444593627
0.1334254896958031
0.14214843844192976
0.13887941988156474
0.11271517942879965
0.08440589947084372
0.10666561513310469
0.11623096942502469
0.10180706003164816
0.07555305726527177
0.09824506498876567
0.1171383657683915
0.13640395769933522
0.12416268758182844
0.13489724226544206
0.1407693629076741
0.19671365208763125
0.2938788702328907
0.4138236772554026
0.5206756244159472
0.6136202399856268
0.6819657139448474
0.7135872761361584
0.7430295384151507
0.7881091426148226
0.8117025883726638
0.8274614254298791
0.8405863117690127
0.8466074242121576
0.8488201496958768
0.8734013886790082
0.8966460939995373
0.9019205394034933
0.894289878432722
0.9041010557220532
0.9023523999536097
0.8981405042175129
0.894583478676872
0.9145333132473428
0.9174395919041145
0.9149282209478488
0.9091907624500457
0.9166587973489824
0.914307166546064
0.9282823026364294
0.9301001817645626
0.9226762083772788
0.9213158846548931
0.9218621089489022
0.913749896582544
0.889855479802465
0.9037304769904626
0.911736750786789
0.9075032316988149
0.8759768731561299
0.8654309329997862
0.8794512250006651
0.8743064776732994
0.8862426401105157
0.8912785812824827
0.8985961389137689
0.8714992707435163
0.8652475976281956
0.8446136779967762
0.8038972271982545
0.7729686654342056
0.7116134122560209
0.6681552964882894
0.6129820662601275
0.5730675005040757
0.4510055209954905
0.33403037401237856
0.2512638456050538
0.23370943369148245
0.21647907331846503
0.19010936264394562
0.17056154100772042
0.14684996330091699
0.13916220769498866
0.14256643642405037
0.1539893031056006
0.1593569607926243
0.17146615445043636
0.186286071881629
0.18298349092623944
0.17532773257934228
0.16857338880038714
0.17777151626289678
0.1711678788933098
0.1508495087472227
0.14697385425986959
0.15880836490264683
0.16431933207152288
0.13855591912745355
0.11906228209598792
0.10060192342154137
0.11125631029000535
0.11988218025657632
0.1274061610320713
0.12196283309601322
0.1127938387280282
0.10600916371223615
0.10218928169167531
0.10727022008585624
0.13677907539270923
0.22274625807084963
0.34056548273600473
0.44515440856549277
0.5307952693349766
0.6176135572609711
0.688503238188667
0.7226501684816362
0.7453676000266775
0.7773929605843239
0.8139418283898554
0.8383634155201534
0.8526027011920025
0.8749336922394573
0.8968901401976657
0.9139830771559772
0.9190471187176468
0.9151623476655989
0.9154193127857195
0.9247951107218624
0.9320016973391643
0.921071938254652
0.9115272571037056
0.9006753905992767
0.8876651835442372
0.886977846838233
0.9102990499406061
0.9096271058547906
0.9151533297740709
0.9016324629371585
0.9209024243943397
0.9027289635506343
0.9295554922464163
0.9064566479264003
0.8974757838895331
0.8657957611103884
0.8745070522314364
0.8551331530036063
0.8491551558053976
0.8421237325774522
0.8519196475079756
0.842793767677077
0.8332599725843756
0.8167363521251146
0.8127419985510478
0.8042471388746277
0.7978305912422018
0.7758660961084729
0.7454367428891752
0.701271062308199
0.6186804604603567
0.5046744476992722
0.38539456930959815
0.29839594057104923
0.2356324990885611
0.2091622544651821
0.17629678946742253
0.1714385488855299
0.19634070048658103
0.22375395078136665
0.21334672890139428
0.184663186856818
0.18114019866009282
0.18510253877826888
0.1784861817381131
0.1844426156218577
0.23650895716122045
0.2670508408181075
0.2591660647853918
0.32378757689071325
0.3471117268024161
0.25361491529785357
0.17669476629293074
0.18046905365187987
0.17938729622197347
0.15599877157483677
0.1747264406337807
0.1925741781078374
0.22433478452052028
0.28420176727653507
0.24095039697351495
0.1871682614106041
0.19350315787450617
0.3146718778569566
0.4556248497517141
0.5969267597737185
0.6858328310720502
0.7160275286663499
0.7512725274156258
0.7868148374661206
0.8127288466097786
0.8284577372861179
0.8437626219789818
0.8509006974530154
0.856424975949009
0.8630367631781213
0.8728601054405185
0.8804358187008607
0.8723408566593611
0.8614288084097218
0.8650108279880301
0.8659932558542867
0.863487659708263
0.8614980649409028
0.8660415441468143
0.863563183086526
0.8596404206043693
0.8598115680758975
0.8552039524947653
0.8484367113060584
0.8389252050750747
0.8458866189475083
0.8440331839093169
0.8415265348188816
0.8303012999568148
0.8242833056667913
0.8241421828979966
0.8340321330832514
0.8429611933009531
0.838591166300463
0.8285662835686225
0.8126793177993721
0.8060513594978092
0.7926495873913706
0.7877560244130345
0.7818776673752029
0.7824782450159045
0.7883689812104858
0.799330289208025
0.7967261024263518
0.7916323173181741
0.7950123826252431
0.8072242828895924
0.7981558416235341
0.7796453329267615
0.7523575781671172
0.7413334865735182
0.7355540440414021
0.7241646677415765
0.7085547091445057
0.7000728115750432
0.712957095522301
0.7071827331390056
0.6807720144707876
0.6009948688071192
0.5044282924217156
0.4031830244085027
0.34461308995950685
0.3057259994451209
0.26606304430204253
0.1955627949940777
0.13754057203399986
0.12897794138073795
0.1616668138379831
0.18507076038233755
0.1994258957506356
0.212929914242234
0.2082270858148188
0.18099789306014707
0.14978575058787635
0.14648266771664165
0.154925690140181
0.15221004237404578
0.15008124282390017
0.17267446365124206
0.17362711818403345
0.1567788171828879
0.13145269774945118
0.13295008209832054
0.1348433226057515
0.17167848313672582
0.18134864930942018
0.1803366619163585
0.16533275311510046
0.13257118580477825
0.1607664743762915
0.23296602445717712
0.32817676841331445
0.41994159112719676
0.5531509584382038
0.6500669957355745
0.6910264079202573
0.7219456558960191
0.761041294125627
0.7959743911890023
0.8105264546163468
0.7925233865472691
0.7894482532996006
0.8089589848902339
0.8490826269433323
0.87162884483431
0.8669558516439351
0.8807683284891391
0.8975215851045728
0.911982104783675
0.8957006188028143
0.903259278802554
0.8980372993865697
0.9003493396023544
0.8970021746219365
0.8965538771700896
0.8739784137184
0.8552835230261409
0.8472078576261186
0.8468300202337318
0.8464195018382096
0.8465681843259871
0.8533930480890748
0.8824886058240132
0.8950362779061194
0.895510951821773
0.8914995211728269
0.8992342778962255
0.8870535444232758
0.875271974665035
0.8682671506442836
0.8571313714430728
0.8474750534607094
0.8425212213502604
0.8403629626448398
0.8250664798548557
0.8152915530202745
0.8175488063391771
0.8273675046343956
0.8435554629763986
0.8298984311307223
0.7899861688530488
0.7645865328941575
0.7535029918433778
0.7261845008575004
0.6438865656806951
0.5810406654342677
0.5149654776860865
0.46276669344500276
0.4012571609435411
0.37080933183630055
0.310618323114622
0.23298194807882133
0.19184648663537845
0.1781355043992689
0.14994760887520256
0.1175214843158803
0.10782630741017896
0.10115991842141868
0.1219779071855092
0.17277821743137237
0.1766366781811034
0.18641248261030116
0.1747201968847011
0.18403466249723283
0.19991034599937785
0.26224631124400155
0.34462788882090484
0.3460102852144116
0.3734654096590706
0.3064417091052463
0.2882084235207742
0.29155670681939494
0.3259888807218251
0.391334729136239
0.39665797730217967
0.35346930816409416
0.2921488675582886
0.3663521543924173
0.40177201275333
0.30180569556431525
0.17817353001715416
0.10821063471170804
0.1446307183102066
0.21390879762070888
0.2974639834186331
0.40549416710689523
0.5514550848627194
0.6591493380734801
0.7025422254826639
0.7320112000085074
0.771397828217348
0.7936259647754071
0.7870693352510225
0.7934289578155432
0.8156734109684168
0.8330491470103949
0.8420586248217075
0.8518322165936687
0.8682248726265566
0.8729760975472102
0.868910315323432
0.874869726921534
0.876889491452571
0.8578903439257975
0.8420574476793844
0.8499713680280147
0.8612396410096029
0.852753866354469
0.8511264313743309
0.8511712088527608
0.8470738131221018
0.8409597380165907
0.8363939537142719
0.8345680266066995
0.8149616105309663
0.7857970618569925
0.7575602069125996
0.7303895952626838
0.7140624875352971
0.6667703423924631
0.6436498763916018
0.5932078767528877
0.5474275758756185
0.4767913799909146
0.40711287197289836
0.33433444993853295
0.2758559501871925
0.2432333811034714
0.20651670887491413
0.18036819256057113
0.14574973143973058
0.11368670783663257
0.08433171774414992
0.10242813268388039
0.12215814873892153
0.1359944713598348
0.15482374234283508
0.17376122850332004
0.1614909880698009
0.1545425507089105
0.18365809167797548
0.18597473788966748
0.16097348312516074
0.1307310999839567
0.12197965198141372
0.13216244676946146
0.13214637615614802
0.12124957496298627
0.09874705379703506
0.1157464108517774
0.12434804657921553
0.1137227716209785
0.10461085712509287
0.10155054513207437
0.11738486455340148
0.11292890972512942
0.12329177202087019
0.10831719386815275
0.11161300093964041
0.10135519757247803
0.12105075594022807
0.15319307078229136
0.23193805878997584
0.31704043180458286
0.4477548804146897
0.5460259204775859
0.6212364970821467
0.6645629562526196
0.7025585931808491
0.7250810818343041
0.7380710441969592
0.7568476077569652
0.7873898909117892
0.8083957979874703
0.8218615277009588
0.8269671500923571
0.8455532708203695
0.859038900968714
0.8721537904244641
0.8795842393477837
0.8903090795253686
0.8998490969390582
0.8904827575590534
0.869866042244501
0.8578054816036013
0.8555758098521283
0.8491123717290211
0.8318419717615375
0.8114075515736086
0.8023548223295303
0.8061557801742205
0.8122793161941572
0.8133149642657249
0.8134734250144386
0.8146852079445771
0.8185103642689426
0.8108063465128105
0.7916604581833178
0.7600678165546758
0.7234240323945007
0.6739990520727211
0.6233904198840212
0.5689817708012499
0.4883424728080036
0.3844901441614562
0.2993388675453792
0.2669955148331083
0.2313885564009376
0.1825356625463111
0.1270800675914336
0.10623977933617706
0.1059829136120308
0.12812027960799754
0.14381161290268674
0.14795842834930548
0.14751498792146694
0.15372031362412414
0.166019989819669
0.1661749325644547
0.15576680810710578
0.15896789195264865
0.1487074960263565
0.1537267733838361
0.13326112970841938
0.11414791897308849
0.07317018362701126
0.09139479648381069
0.08887913731517996
0.0773836555720181
0.0665217303790668
0.08960309340343213
0.09358854367002832
0.08089745786014474
0.09566092666297685
0.08709520823440578
0.0785577489303628
0.10893954991329623
0.198335825683866
0.2579585183026589
0.3305222787740021
0.45366030675989055
0.5514190611344276
0.6037043358948806
0.635769536415293
0.6823141503549361
0.703140587839608
0.7269474417399484
0.7402599189913496
0.7458778204154294
0.7412658030160758
0.7572248772990245
0.7738978926586804
0.7866773213804359
0.7910795390023224
0.8010641992996497
0.8058536023709337
0.8040021698572606
0.7976198758290547
0.7942422363007312
0.8020533140939595
0.7960899709971727
0.7963269843919778
0.7921534567767851
0.7999100665457247
0.7950346946777417
0.7938209790781996
0.7875820919036989
0.7878851497542161
0.7887291747115323
0.7826956601126964
0.7740490290790136
0.7797278447964194
0.7705262388337888
0.7312180088460175
0.6881050040102423
0.6631533394669757
0.6357684347095892
0.5925744899670808
0.5576754783835773
0.5384002163769286
0.49427717955642114
0.4294269218570127
0.3301742264620282
0.2719492257744154
0.22491829854654852
0.23927119204822656
0.2235219487808861
0.19843992378818237
0.1490599199673907
0.1546110172647764
0.1466318716511536
0.14175968456904164
0.13913536088482875
0.12972170331874425
0.11216737178000795
0.11055751463804851
0.12918290984699238
0.11877241117956125
0.10132192374437286
0.09737562947788486
0.09178582061158347
0.08934039543351543
0.08679500586054775
0.09063178360519847
0.08787957045576908
0.10390727894955493
0.12167169569979866
0.11210641511112567
0.0830600125556257
0.07091499211959801
0.08678349298760586
0.1597046960358693
0.23622731161938756
0.3010399720591904
0.360233751788
0.4638659654340305
0.5518709457304252
0.6076032900919944
0.6240305878718633
0.6391996311953929
0.6563944871511187
0.6811145215298532
0.7043879571479814
0.7261188601812463
0.7422207925274564
0.7509737211286294
0.769590722146152
0.7803225165671563
0.7841480484455271
0.7916057303186237
0.7941286657370875
0.7958381372183181
0.7854502100875933
0.7790265280772634
0.7675453460556857
0.7744741654600913
0.7807336660966921
0.7836672682774785
0.7824775864802338
0.7803254607923216
0.7720217675441974
0.758607099521287
0.7464552757457953
0.7417213021204019
0.7420630254165826
0.7372225796192712
0.7334779607501258
0.7245071965302416
0.7088045052114209
0.6773290125011617
0.6483685505800919
0.594893583114106
0.5182060046841961
0.45153566497064257
0.4308595296986856
0.42057686988813997
0.33823145273756827
0.26726756935539153
0.21566690733044377
0.19672877135863354
0.16323294562661828
0.15144349854053135
0.11021082200533326
0.0649972013190548
0.06287923668125826
0.08155126785095312
0.08663523507774437
0.08211886761987292
0.08961674765666897
0.09219018161488998
0.08984705420767777
0.07578113419600965
0.07161221434603125
0.08222616238173405
0.08598172805199111
0.07808072464345499
0.06460322372067911
0.07648009086298668
0.09230377082495794
0.10961784672445464
0.12348339419169482
0.13515065409098853
0.12452195083711824
0.10509324979225174
0.10101508903639357
0.11143821699119547
0.1187526508793497
0.12488818665696014
0.12407964118122952
0.11184786104304124
0.11468759694049775
0.10510403675862509
0.09237380856994923
0.06567391851316638
0.06340858825650872
0.08236099294420778
0.13504775947029576
0.21347596687133907
0.3014198880948279
0.3818166908116286
0.4366893085375867
0.49642212851387546
0.5467173274302306
0.5827819401101331
0.599530471086384
0.6245773603735727
0.6554906188087679
0.6839951714504365
0.7170533472415095
0.7488350373536746
0.7690532170731068
0.7664094996747828
0.7713166859934044
0.7784399589496445
0.7812891777951878
0.781154106981271
0.7894593762990294
0.799864123326933
0.8044773045625769
0.8052625531253843
0.8098448339368016
0.8078849874922802
0.8150839022750029
0.8155917997730213
0.8178045672893486
0.7987835886412112
0.7999120855993109
0.7916417177512002
0.7893468002940919
0.7834548316465335
0.7954063403705509
0.797128742224529
0.7864823821638225
0.7719437283281069
0.7546570198413864
0.7320671276325927
0.7196180208403292
0.7198369454392225
0.7215652926210834
0.7050396869452131
0.6846648173036927
0.6630080315566427
0.6469588287876742
0.6441534468257103
0.6436807073499125
0.6317552716124719
0.6045831453754928
0.5701897588478086
0.5373248621675202
0.47247256079720995
0.3865276143989716
0.3094613304099523
0.272859107889618
0.2252954781109169
0.16301526670959723
0.12857641438369355
0.10914623087824359
0.09125107500365298
0.10317970309571854
0.09074079934773654
0.13217163632547846
0.19236452452402533
0.27411943821681334
0.2854778119985876
0.2816668241021473
0.20869194278911954
0.13335654793200447
0.12297884548490344
0.1476799592514744
0.15945675771839804
0.1503185000594446
0.1433302153127744
0.13285308812033159
0.14095766861454967
0.13223812469643076
0.10980272644628558
0.09509137139223667
0.0832486033355084
0.08262392979578592
0.06765525905675912
0.07904746804342364
0.1054063235886771
0.18301388316416134
0.24543186493584992
0.30357952506167096
0.3501715202583905
0.4510149951679974
0.5754540280907245
0.68560476178648
0.7367255592506041
0.7506326639793961
0.7551784095265472
0.7601372630183949
0.7744813748702661
0.7668124018337245
0.7564055853124407
0.7651991708882533
0.7724492861695853
0.7696578538829173
0.7491553110586658
0.7405609039221268
0.7457670027276248
0.7674013478882373
0.7676671204442564
0.7584638972675675
0.7535586552838365
0.7612824582299208
0.7673858686953149
0.7675210275390499
0.7627788429953664
0.7620876774205816
0.767286279640576
0.7667756301052837
0.7628527184006642
0.7597475655652761
0.7599003254806365
0.754917994093612
0.7373215763043889
0.731323851791962
0.73928458950141
0.7480280670170828
0.7365016200605652
0.7244082625617192
0.6995713456078174
0.6697005613895494
0.5968002216201533
0.5117043138769182
0.4167615869030657
0.3663918151397123
0.34418893108611776
0.35003876950667273
0.3525416868899726
0.2803149451973048
0.1925693110412477
0.15470588093534282
0.1623594791560758
0.14313741316764395
0.11960311983720172
0.13253878014641726
0.141467522047856
0.13086627763165906
0.1888240008229978
0.2784957978997719
0.3057047897447831
0.2900594303270936
0.2791963495120868
0.28329458024926485
0.22641141403865442
0.21913295356569815
0.24458152016760587
0.2403661464158539
0.22112489770622237
0.18805230006485615
0.1990891669195917
0.1736985814917001
0.1759153904379267
0.15030982379778174
0.1348897136205085
0.11196666448310717
0.091432393947653
0.10926970469167346
0.15506912654116933
0.19090914572897352
0.2230343194826818
0.27933229636853113
0.3619786169439067
0.4809575875990735
0.5980115814920728
0.6666250731077277
0.6890202009655897
0.6980531703408942
0.7026526527948038
0.7293834512769825
0.7581611693649414
0.7754364225343929
0.7680352377578223
0.758718037590636
0.7524664069130866
0.7500860564791105
0.7469631474560471
0.7459316252165555
0.7464334035668994
0.7358635114004741
0.7324295946646013
0.7339364440910634
0.7351427011303666
0.7273909065575321
0.7308059048639546
0.7291553007687096
0.733654396791727
0.7190797113500643
0.7294802780937519
0.7221594825442892
0.7240065643292918
0.7140945872282393
0.7278751937343415
0.731707572269751
0.7410402553172796
0.7474129494398063
0.7445540088329498
0.7369575894461659
0.7325624860809967
0.7396975729749926
0.7462768748476317
0.7467560588756682
0.7498373166810307
0.7480406282729237
0.7537301670293385
0.7477545685518292
0.7522240573060995
0.7424236432196043
0.7503060310415676
0.7362322325526574
0.7366275822402347
0.7275688136422438
0.7297786147600791
0.7109227679783252
0.7104574826160575
0.7151376558148149
0.727894845412733
0.7311829591707375
0.7205515517132587
0.702545116288715
0.6894498633268831
0.6839063912977356
0.680383504482671
0.6827476994339935
0.6893405737806976
0.6872880520479931
0.661791133652126
