0.730349344978168
0.7303493449781675
0.7655211695462332
0.6979912663755479
0.7655211695462332
0.697991266375547
0.8921397379912696
0.8459139114160967
0.8459139114160967
0.7655211695462324
0.6979912663755488
0.7655211695462324
0.943231441048038
0.8921397379912696
0.8038904327113944
0.7655211695462342
0.7303493449781671
0.8038904327113964
0.8038904327113944
0.8459139114160978
1.0
0.4067685589519665
0.7303493449781671
0.7655211695462342
0.7655211695462342
0.0805354714009595
0.6404657933042212
0.6681222707423594
0.6979912663755488
0.6681222707423594
0.3434592747294489
0.30969432314410533
0.5476827722214422
0.5476827722214379
0.5908748682427396
0.3344792344141968
0.0054443373220666525
0.0
0.6681222707423594
