0.6211888488796942
0.6340515464031098
0.5252515340615982
0.38777451201470303
0.29158721761140605
0.24127563565669746
0.22865775080276118
0.23221612532060537
0.22409368198491067
0.2375276906381889
0.316865063925236
0.48229373876148335
0.6453412900957981
0.7567858757652031
0.7984396653961146
0.8116265429576425
0.8067250223122844
0.8096839164393579
0.8180609528261202
0.8364625473892944
0.8526944795167096
0.8555052489695887
0.8537457390020105
0.8492887473052617
0.819977181633716
0.6770024258059438
0.44552374852994536
0.2388704919847191
0.16963378087539083
0.1742584910439586
0.1917369827983934
0.18725524737426988
0.1854666329898515
0.1907077066801688
0.2513525943913275
0.3769403298641213
0.5358461363329374
0.6706451531954706
0.7660753191333396
0.8334766184136292
0.8703824992615494
0.8922252076321966
0.9071943591792393
0.9156814865652152
0.9168485159231086
0.9189023346333889
0.9330448259250559
0.9433619814615914
0.9570036763258662
0.956002758833669
0.8892594035217167
0.6804538574432627
0.40118863405546673
0.208050213561213
0.16469720843532068
0.175659287827223
0.17090568787017835
0.16155908232875416
0.15342301331952157
0.16189086271287875
0.22868004262468325
0.3603286454776068
0.49982317817843186
0.6181110755687749
0.7226563825949568
0.798866846582355
0.832394382585833
0.8479936701172569
0.856400315314217
0.8610870407265758
0.8655781659470275
0.8712368556163974
0.874097912459019
0.8645344889708857
0.8265760477492748
0.7067678059101599
0.4674482221551176
0.22531032348912058
0.12254887995056907
0.14783660183305578
0.17021714250130615
0.16431109640174257
0.16320624235035358
0.15747727169987175
0.165081052144179
0.24923941476215872
0.3848871035056189
0.5380651147701284
0.6737920792004111
0.7850963605538694
0.8338074291453345
0.8413917398638613
0.8452914640663384
0.8480063761125817
0.8558345020424808
0.8560629013565991
0.8541548721268921
0.8544957563961353
0.8568949167892341
0.8575442309268091
0.8383170471189691
0.7593587862518476
0.5582783874046813
0.3242996641452198
0.18471148510502702
0.15942623218013596
0.1456419182267461
0.12544474252860427
0.11554027776636366
0.10981299774991586
0.12000605233206593
0.18347919871320453
0.30651885203196505
0.4191128543039277
0.5275049662308223
0.6282256078495924
0.730239276927511
0.7805422476164836
0.8047141478160342
0.8066658072544995
0.8098719879028519
0.8108818261619501
0.8175259422824248
0.8200764232124695
0.8220385006956381
0.8206576613246598
0.8002969628707746
0.7317889436481532
0.5845486860824316
0.38785409205176913
0.22345593417529824
0.15526023210726797
0.15455006706690907
0.15532667898985952
0.1471873506939457
0.14643134093271354
0.14579311289852454
0.1816811157356974
0.23387530675737853
0.326596492558767
0.4196209055483197
0.524785536640378
0.6041277555937465
0.6828353194282571
0.7470477866805838
0.7880226657317935
0.8025756083772456
0.8071160511025739
0.8092878947901996
0.8049194180296626
0.7604411378540447
0.6351168094676494
0.44840157628565835
0.28263296947249394
0.1998123831583798
0.18329051511670716
0.18897187542155833
0.1922889370147857
0.19269165548330563
0.1897448869101223
0.17346481571134104
0.19549814048238862
0.2595496721269558
0.3811509766330069
0.4444674308794836
0.5374859723795042
0.6358369037959891
0.7501168467485886
0.7837671577947898
0.8010836007785122
0.8107242113655465
0.8224323524294965
0.8307062516712042
0.8299282368730413
0.8054683705672823
0.7173660489527156
0.5293342687248941
0.3168353938866469
0.18064656767554813
0.1500631068534124
0.1483983788795919
0.15207280608995044
0.1466306770573174
0.12936898103786887
0.10705905962490303
0.12426539930549271
0.1858068105390006
0.284445780539474
0.4025174077614147
0.5435987281785616
0.6557646235617844
0.7357214025985953
0.7785176979306792
0.8037797931960086
0.8079178367328472
0.8095157395368465
0.8154464691062999
0.8219254230726366
0.8203200115938625
0.7659767462888122
0.6217534665624114
0.414432703331101
0.21470141015336094
0.13740055844086807
0.14704527769474646
0.1750378904188803
0.16074519211014468
0.15796480924814982
0.1510644136137452
0.15223798165083022
0.16107586354106537
0.2126438218299711
0.2939456393653916
0.4177046933227899
0.5200500490727251
0.5878806788481643
0.6370920002349743
0.6940755335865798
0.7433371154939852
0.7651694398884413
0.7806406181209853
0.7836787411107173
0.7746707136255557
0.7398873877692703
0.6314611929471752
0.4438958825050369
0.2690733264197167
0.17005444410185366
0.14282809544259267
0.13023159726363082
0.13076118925014468
0.11973362345352621
0.12689183400576004
0.1282650541632096
0.16014527788873945
0.23699092197390798
0.3902673029020068
0.5442167691443449
0.6719214030979657
0.7499850904158185
0.8073041800185194
0.8328843289447496
0.8399611367176641
0.8439643587575111
0.8527333786040177
0.8583446653924022
0.8639530821849328
0.8675520209367658
0.8222206452112797
0.6912129638289646
0.47603210183915046
0.27945064841589967
0.17481050310564836
0.15979623786235406
0.15684491765866695
0.1469299708678229
0.1339453749453367
0.12987313046300486
0.14427385949813976
0.16063488077801263
0.20878795029268726
0.3106834847166903
0.4400730295944236
0.5349179756798752
0.6067098890097085
0.6755108052322006
0.726559845898372
0.752412453160899
0.7632664014440911
0.7738757167268042
0.782571749245907
0.7545662089342198
0.6866371654882877
0.58280974758907
0.4206143215584308
0.21136472564522152
0.09556578408182945
0.09120907173670098
0.11424384560422286
0.09937560738362959
0.09526357122392903
0.09535446941070264
0.10642882743075913
0.12451780842187102
0.18093273335273227
0.2687001618083357
0.3723190575381513
0.47807939037266023
0.5922441269730163
0.6905306707657134
0.7449200126017573
0.7803609083501265
0.8038483717093072
0.8107493378119065
0.7998705630102556
0.8020336386376526
0.808905013166274
0.8018250158457279
0.7630072833420245
0.6474815111818657
0.4195628216640531
0.2024605264554375
0.10394831861111814
0.10080268360847056
0.08813934941182508
0.07702034317840765
0.07971135100908959
0.09891319061113096
0.11764028998514735
0.13699121859572377
0.19603364323747657
0.2800579989852736
0.3911238640154717
0.4916507655058143
0.611440038122911
0.7019392094159924
0.7618410523269523
0.7825610456113548
0.786728684374711
0.7889865762838116
0.8005475896660834
0.8181877321336964
0.773110304569531
0.6288085214436188
0.3952642014682131
0.18385499282341672
0.10070465572654319
0.11947333288338019
0.13790243051143955
0.11984574560869786
0.10587271303722043
0.0980168819427926
0.11288899697268844
0.13726391664725848
0.17197707112399294
0.2376448667535593
0.3380643827488724
0.44302781175489014
0.51790167685751
0.5744288265561324
0.6247806539254572
0.6774075949367544
0.717038104275906
0.7185016320890697
0.7248069880683435
0.7228903526028521
0.6930715348955757
0.5183738390890347
0.2745181553029206
0.10899581234082115
0.09295096669617925
0.10881461103799797
0.10307164344328129
0.09015897584468709
0.08612957963777644
0.09242725689581813
0.12288491496307588
0.16650859342358584
0.257786384793102
0.3681999964355258
0.4854062539996671
0.5561907702093192
0.6283485340453945
0.6858859496386618
0.7374400213294172
0.7581184222433737
0.773059874869864
0.7824953585746148
0.7557986557713998
0.6641025753417026
0.46107559886283506
0.2297338276203147
0.10617649951865576
0.1153489612489213
0.14526418996882165
0.13834084149343426
0.12715189715784286
0.12761984032373613
0.12800925346352116
0.12721067069448289
0.18396236971445035
0.31570197874103145
0.4501355104981469
0.5555165533509097
0.6467196018656127
0.7325794798340233
0.7814846276617067
0.818589537526019
0.833164898185325
0.8407826146540339
0.8337947936171077
0.8258348296251637
0.8128594259312497
0.7745935223026625
0.6842860787411156
0.5085709083207157
0.2588865053914527
0.07888050033674812
0.04093143752376564
0.07109074535562784
0.07901696520640253
0.07800856912946341
0.08033348869434179
0.07508188544732895
0.08263470302816782
0.11567011030859935
0.1863130499435622
0.281746101031328
0.36611203861693553
0.4499667297114527
0.536167795399674
0.6334618176359589
0.7033761205228971
0.7288759003612314
0.7302650035209161
0.7359541034261327
0.7735980703099897
0.8063907966203269
0.7876053003935006
0.6374596489073244
0.394893198515264
0.1421522798018287
0.03561216641970102
0.023239562773921123
0.03357161760278435
0.030874382958426275
0.05711425574218135
0.06810368131757624
0.06813084191739123
0.10152125834227868
0.20492589734685648
0.3108316455161694
0.4008086195322439
0.4707891685424724
0.5794264417437501
0.6856939490218474
0.7087301221782907
0.7117469755717165
0.7349209550151461
0.7894222247194588
0.7941950174845285
0.7765642899339312
0.7084880068286332
0.5374249115336749
0.2970180015222004
0.13446944620400117
0.11360007885747812
0.13990086201863744
0.12815301754668817
0.10367700057434329
0.0908807477928124
0.10421867626390263
0.12865978229752312
0.19596989793929925
0.2839458899246183
0.41755547368937646
0.5284226884910292
0.6303520956132027
0.7035853869788793
0.7743180044334929
0.8242720929708202
0.8503823570174959
0.8623727762947343
0.8736580284192182
0.8869413354044622
0.8822267324379935
0.8144298540148197
0.6443745707716335
0.3942302150186864
0.16699374551189242
0.0663579747455684
0.06862623898485289
0.09047576671061953
0.09708527694937903
0.09482640023325131
0.1152198585829319
0.13649222871796815
0.19322458396198172
0.2660381072038266
0.36336352473749634
0.4657977408366039
0.5554781569285729
0.6214193747877994
0.6753670843588963
0.7325461888553704
0.7717622007262455
0.7918002230787878
0.8087567540252801
0.8188625697406979
0.8305057310066979
0.8207569117471887
0.7651162545490182
0.6230722307395121
0.3836209190013302
0.15361061832367848
0.05226515691059151
0.06532520480515248
0.08486275771977947
0.08904422260308134
0.08289873052272308
0.0741140506179313
0.0901795359893931
0.13167817261446846
0.19461424600336336
0.28232617849166947
0.4047494020462714
0.5099966985380977
0.5836073085272824
0.6488715529426944
0.7187016123297123
0.7751381248168538
0.8142809569073909
0.841841836966666
0.8545983640084848
0.8354644019492352
0.7521368402513143
0.5771616713962302
0.3325162219328482
0.16678021273943178
0.10172229985663266
0.10157686079008857
0.08859772208892759
0.09665176924173005
0.09666639238582075
0.10573587626605753
0.10645112503710502
0.14464472507146015
0.2465493795776294
0.38275485920699304
0.48395747599535643
0.5596808109657332
0.6436230798512914
0.7228436434373133
0.7895055824541564
0.8329549733399499
0.8536700007424408
0.8620866998431191
0.8443251212778162
0.7807927729961136
0.6812084089549384
0.5907329867166945
0.4878037172983796
0.34214700204631765
0.16841920085973375
0.10129009059717292
0.09996600721717008
0.11315702268608566
0.09319012345677546
0.10719789423434088
0.11270677126964475
0.13616248324309702
0.21609452257863154
0.3648823038238062
0.5053990960531461
0.6084754555273645
0.6750303421929346
0.7362928553961108
0.7836053084663236
0.8228387097323557
0.8515896206320545
0.8707553997716395
0.8882584577495518
0.8977831199005398
0.8926367711086077
0.8404875495759669
0.6911113867702532
0.4398385256282188
0.18433814709644397
0.059356096458444814
0.040983785639130854
0.06839987726967912
0.0811131773190365
0.09068410355107515
0.08458180826932492
0.07042769401073778
0.07291394270685059
0.10403660080535143
0.1879659537822442
0.29010676205588926
0.40740136773823055
0.4984266787701404
0.573260629277254
0.6286316123422813
0.68735007404571
0.7354224117828791
0.7737707324934696
0.7927320555434393
0.8020593683511472
0.7878208573404567
0.738453671520837
0.6033525803169342
0.37948390721585334
0.18910559763340853
0.10889976995228362
0.10396407168114226
0.0932038631897562
0.09274088294689715
0.09678527796977827
0.09714987799183766
0.07164733757440539
0.09877753107598995
0.1915517826304987
0.3331285071756209
0.43846744129945375
0.5322004501060549
0.6004353267670396
0.6699570207135813
0.7320156666236786
0.7846688333654046
0.8147914019545619
0.8363386522757815
0.8555166396883158
0.8615345763895893
0.822171114786715
0.7347871017522161
0.5359014989032211
0.2917039569005458
0.0990834155497491
0.05154084058845302
0.06207163920216262
0.0771632724360303
0.08281157380806593
0.07917032156359231
0.08616809059535102
0.11613856674709232
0.11836403862789475
0.12107384339119683
0.19183486386845486
0.3332389630953812
0.44058188592191794
0.5294508891682581
0.6130292772684641
0.6747536099839349
0.7109475820995226
0.7488781890186101
0.7819502875022109
0.7908699734956912
0.761527388123747
0.6760989260509267
0.4878758461716892
0.24281717932663544
0.08374662957753834
0.060504916100690226
0.08220532996842236
0.08135655204359964
0.07861933480166138
0.07963036547643669
0.09478605443088536
0.10191114892817477
0.12764502824082732
0.15656312782473164
0.20721621184537004
0.2709161135261193
0.36865858166105936
0.4578684065815912
0.5469198489162387
0.6282287915225069
0.7097518247274787
0.7648571088541906
0.8033035639348601
0.8120875889451837
0.7962205773628432
0.7173177169570859
0.5393277557224125
0.2731298583038373
0.09200378675457282
0.04129005083105253
0.06327700551193234
0.06333088859941685
0.07756223007104426
0.07879652032466987
0.07376392809653623
0.06505275963901667
0.10474367824959822
0.12448448721873329
0.17078798541378865
0.23365719621984427
0.35378359191851505
0.4559943073468687
0.5556430670907162
0.6418720067693686
0.71220271048879
0.7731718810034597
0.8204061374398837
0.8522330342796981
0.8623980757280627
0.8483171800182484
0.8058935020463617
0.7561135501157448
0.6807491848946448
0.45089990688129983
0.20845108096227116
0.07182937390192479
0.08177688084068517
0.07859657227190806
0.08990502055065784
0.11151419056182599
0.14253599284924387
0.18233571310206725
0.18169533436547863
0.20150849372562235
0.2753395516775343
0.3853478243484582
0.45504271107231514
0.5192139091092357
0.6027497146650452
0.6825243760321
0.7122130664284114
0.7247471218499539
0.7335534492271649
0.7369378118289798
0.7088013893178585
0.5991631800017014
0.4109081861020578
0.20637881211549977
0.08894098087695586
0.0513691378402957
0.06590584462729582
0.08181580885706397
0.08796586162493698
0.0944943583671984
0.10545720865339947
0.09811827482523973
0.11001011336122854
0.1419968611040744
0.2516161079398437
0.37055663020270524
0.4924117074781865
0.5805625248209698
0.6885871864768556
0.7794696553616113
0.8396737184039675
0.8732258047757021
0.8975460972411062
0.8813171368061736
0.7852311364543966
0.6009327601167945
0.3380890634428356
0.13483719038347103
0.050189145872599525
0.067666430535483
0.06824054161526175
0.07126312195608686
0.07279339341338278
0.0780057952445263
0.08686932160263461
0.09830427778902237
0.13065463067998906
0.21314634394232115
0.3265109151958183
0.42883206490688835
0.493504850336259
0.5537176174200596
0.6017157146911158
0.6612963924107945
0.7209282592673355
0.7548845584198823
0.7244803897227009
0.6269384069546381
0.4414610413501605
0.2236425258317285
0.07905904035215354
0.046570679208391114
0.055293533968478276
0.07654833097034144
0.08699198156801827
0.09270427344608637
0.07878900480556901
0.09824697029504191
0.11557530289440243
0.18408306850192385
0.27379669728355027
0.3671261378568592
0.397408249287313
0.4215799059152747
0.4760335976519102
0.5716898573104385
0.6551753644189331
0.7011112650638353
0.7037381370988125
0.685909513379849
0.616450450309111
0.4918600053411097
0.25966120098297785
0.0830150271088264
0.025514521490385873
0.06971752828090404
0.07284451759824567
0.06953487796637417
0.07679251341836646
0.09387554977217649
0.12029860617838334
0.1600054186001107
0.18287196325171312
0.22447098786977115
0.30416214911300815
0.4356997562961734
0.5489075071393652
0.6478970565964474
0.7185235851383222
0.7810334477059296
0.8254466693768088
0.8582468060038724
0.8674229956425918
0.8532828497087785
0.7636887098512597
0.5755496703522083
0.3033173841729502
0.11251631947061858
0.0488677520953687
0.07350421221017668
0.07224145470878068
0.0731034832086323
0.07437809060239872
0.08090786788149612
0.09243457032538446
0.11371180168460063
0.17787417568982863
0.2845471253841386
0.3649909330461837
0.4254110459389059
0.5357397950965875
0.7006023546939588
0.8155335609044687
0.8616108871371435
0.8856374694274204
0.9063606143703351
0.9219111223552923
0.9309039651068398
0.9180863850999235
0.8070662191421167
0.5966333481431905
0.3571134171639914
0.17502329938484762
0.09292596652901525
0.07906790051554444
0.0817380715271898
0.06306691263842551
0.07516483066604585
0.0949950527962519
0.13418005952201895
0.130163948711264
0.2063037737230774
0.33302129324599233
0.4949970039030548
0.5998776837266495
0.7138573032210347
0.7919182012526995
0.8381710836662537
0.8664904969860505
0.8858000691219423
0.8907248345582743
0.8959668129941576
0.8911104786546863
0.8384924877089003
0.715898038588678
0.5097272343789936
0.2590642246532787
0.09030439573696986
0.04210456998834612
0.0628455299124834
0.07211167109247002
0.07975568018952561
0.08424065848892387
0.09647775088736305
0.10349934075468592
0.14682419777187627
0.24732562973125985
0.3849400255567422
0.5086315014838083
0.6314204530387008
0.7343406192431734
0.8159013935167332
0.8706865479288681
0.9068619952068254
0.9115242646093284
0.8891192208385015
0.7914653203043058
0.6300567750170369
0.3541579210672076
0.12971287093458822
0.026846039982450418
0.04592136955087596
0.05179521820251747
0.05476577221285102
0.0730876506624977
0.08703924743924751
0.12049932608381443
0.14389361773974818
0.1879470821424462
0.26708680352785463
0.37584601837748144
0.4685622754802373
0.5236958099890987
0.5677741298679253
0.6035109641823412
0.6394866688153369
0.6797797014303638
0.7263981522567147
0.750405278837017
0.7191099110357202
0.6529857371463116
0.47323008781994264
0.24373278886345473
0.08301299102252407
0.061716975968348256
0.0657677476328073
0.06621657924070827
0.0772325255647939
0.09677949908538891
0.11465414592779694
0.131928377020669
0.15905677222391018
0.2511708358649795
0.3989883734037562
0.5528468234140417
0.6641835498787872
0.7505851613802945
0.8157220940856894
0.8755453030371851
0.9210503919765289
0.9494492419572308
0.9654036821568586
0.9797860477405447
0.9900965725388301
0.9750508429210807
0.9081901530766369
0.7786178006633364
0.5987061706309702
0.3781099770470821
0.1916034404169011
0.0962899639563403
0.09568411847379961
0.11729863285891702
0.1337671564482208
0.12934420603194746
0.1308851208280654
0.13075081896619523
0.14124704703912763
0.17711315302552827
0.26741675251737823
0.3687982929020016
0.4445128340431308
0.5167144671610182
0.6099604781634163
0.7022487963081059
0.7542915047675505
0.7741674526356398
0.7553407961888967
0.6354661854447996
0.36732594896093906
0.128989360243007
0.0344267472380513
0.05214392904493552
0.05469944125711268
0.07251212098168666
0.0878794257115614
0.08958275427710294
0.08485100733371731
0.07609322946127559
0.07689501485287582
0.1349887485185956
0.2500498184007445
0.4203304862403353
0.5815062114007745
0.706973874126454
0.7933295237180705
0.8792061616674536
0.9425090712537806
0.9721058584944088
0.9900671576417244
1.0003910161450182
0.9997890487322736
0.9831998637813983
0.9474654106013634
0.8963313809280672
0.7834508734298025
0.5627957063091247
0.33959535310037603
0.17598847436015486
0.1164872005132016
0.07876962552829718
0.08179743450437135
0.09139303871242586
0.1267010493941561
0.17157032547826576
0.20573434354778447
0.27196614465663893
0.35993633194938845
0.47296328979733293
0.5897194799789991
0.6945447427414557
0.7767945177677142
0.8223923777466254
0.8606226337627181
0.8778646236122793
0.8954115510889951
0.9072477880835716
0.9030121560298674
0.8442453472963345
0.6926621187527189
0.4591863529944892
0.22177637330726163
0.08670577686557938
0.05741286796665797
0.06626986743140707
0.07610319187199387
0.09927437710516729
0.10878863293159625
0.13049784919151156
0.17338877923345078
0.24226354687071308
0.3164663164622774
0.42391733808718335
0.5422098055761736
0.6516265394936218
0.7499764379719347
0.8258238731599508
0.8680854113688884
0.8888447985917818
0.8996402222925275
0.9081622422130005
0.8910419801904393
0.8201330524795307
0.6768854602673182
0.47948846960897895
0.27762906432247814
0.14981123604934563
0.12610929436032622
0.13856309636180178
0.12303773385464238
0.09723901528685482
0.09894814617477378
0.13606241997422017
0.18509966814598322
0.23131523749538774
0.25486174891197794
0.3191014358564731
0.4154391589425285
0.5080976981646115
0.5803409770780747
0.6705708884352382
0.7391516270166638
0.7705934819579117
0.790707048139464
0.8113477882335199
0.8254738734188074
0.8181942902114678
0.7311075718613009
0.5313042807852718
0.25288180202147736
0.07841877304016884
0.051023907430847254
0.08747933760991755
0.09003879837157974
0.09558542979621176
0.12099011706373589
0.14574123444104825
0.1686625000447663
0.20036892749491772
0.20011533839261042
0.2444351403225021
0.3044015946729161
0.41062442670143373
0.4917658157050631
0.5858221547291078
0.663772634105474
0.7327516685717179
0.7798998341714971
0.7987316015435113
0.8088696121449255
0.7917418550058954
0.7091766477975158
0.5098173309199474
0.2523080151552299
0.07328344618543801
0.04559005833398089
0.06682043840783775
0.06568148645368439
0.07172495442602575
0.10052249562779467
0.12472967241135906
0.1381168530028157
0.17465228890692866
0.2120575097293829
0.3070864312688483
0.458001304388505
0.6213882903980621
0.715595709724098
0.7666824900274418
0.7984509361331915
0.7950439313030574
0.7724636073605626
0.7533316397707048
0.7194976242884781
0.6171881179459002
0.37313341793145244
0.12616725948655658
0.0023431397011491398
0.010730539774715999
0.03150291382803996
0.0444044605109762
0.05368601787460055
0.053979326448205654
0.07176471475236729
0.09924125368299401
0.1259450053327773
0.178920447771714
0.269996154941905
0.3627387007378966
0.44311832166578147
0.5497481605541996
0.6640416014467808
0.7557075117371412
0.7999932099793026
0.8253302976501347
0.8309857964693357
0.8400371116700018
0.8534210342574154
0.8114984400285639
0.7057852033272989
0.4707278192892264
0.2318736241396534
0.09261787810793652
0.09558866460327162
0.10306216913559627
0.09595646013356796
0.09464273181613078
0.09507502330449497
0.10160324458971404
0.14554442939065856
0.22535800852884083
0.3362691622203239
0.4559404078743808
0.5685177334809963
0.6423688819597336
0.6898319049210668
0.7116120060816935
0.7315614201211171
0.7432492383346998
0.7424551108275809
0.6597316547685248
0.43982169601125587
0.18716109007865553
0.05549136895908725
0.04639540386443053
0.049923748722852296
0.044887054679056126
0.04647337242830098
0.05249320131275022
0.06590424682835183
0.06781502991381799
0.0759603523287197
0.11438145287280824
0.20664510123055907
0.34959148037742793
0.5202401697146491
0.6461435970180927
0.7026367414782512
0.7254185132684362
0.7343982799277701
0.7020433144480966
0.613109410192118
0.4713276649711075
0.2645267992165744
0.10411955652547417
0.05551864646543412
0.09367387851908113
0.1005635411657613
0.08558478181797716
0.07438517056342683
0.0659502510735096
0.08544691213765791
0.11091810707899863
0.16414384115372863
0.22923263018535978
0.32994346021451093
0.4293502807087534
0.53202505003509
0.60282407561066
0.668055753500061
0.7397004156482828
0.8056922403645156
0.8411576310018384
0.8619560700762054
0.8707862613002197
0.7914920511247178
0.6840415819640421
0.5489423448449224
0.3722514131356979
0.1703142596624004
0.07666561123300039
0.06695906705386036
0.05403534099529862
0.04218275200102413
0.07510484438759625
0.1305242495782642
0.18940051828451446
0.24739626887234226
0.3265435173085088
0.42040333996909596
0.5259742084392591
0.6047937828302395
0.6621742957152464
0.7053317114154524
0.7356473605943327
0.7567140966163599
0.7597068663049773
0.7232519911817865
0.6158672966103613
0.4427906307379493
0.22593720640501114
0.07270723692847932
0.0377731294381293
0.05330571335832361
0.04702178801787639
0.03777344200336301
0.05021795833387284
0.07095194975680193
0.10699349452883256
0.13883912100487683
0.21053309112184412
0.30249916836673807
0.3901374234165277
0.4376623601610142
0.5300885541389009
0.6399348949890756
0.7397041663148655
0.7978821224430289
0.8214365561228395
0.7853574597125526
0.7167349947207248
0.6568513032266752
0.6105261181223753
0.5584669613518104
0.4441841501569156
0.288281175393304
0.1393563582177306
0.07036857737093309
0.056374756372313956
0.0629913705972096
0.062088168295391
0.08043821701755977
0.11970215740782694
0.17573538896638433
0.2525082004300434
0.35174498779824737
0.44693971658954296
0.5168741218242314
0.5710817943289808
0.60782112794259
0.6265092339548202
0.6333619781044397
0.5953499525008621
0.5111572935334565
0.36202611944976787
0.20024209623782824
0.07407301556143467
0.044410517917798334
0.05103442848968497
0.05181859260250114
0.04961318174947734
0.04499965330532248
0.06411150026273754
0.09308989835192202
0.13076627581811717
0.19359901583705325
0.3040161319271005
0.4125580740897605
0.5153118769081686
0.6220869885675656
0.7156314788366647
0.7621949607164351
0.7726914488827333
0.7424809948768143
0.6805255769040539
0.5416740568044234
0.34257762772589617
0.1666552727589371
0.09798146819864238
0.09348799034926508
0.10311966830771194
0.11575543439023338
0.1399637875349528
0.17045650332715653
0.21869830199971815
0.27912076414956244
0.3628959584134872
0.46996063093611934
0.5820030286865936
0.6607094513401488
0.7011177465851721
0.7121616717481947
0.6999075665246575
0.6626842021358855
0.5378615883691819
0.3389479867682833
0.16812641639247147
0.11080348283775321
0.11086758654136204
0.11589491278174113
0.12222624846614807
0.14256998050194208
0.16769409473636443
0.20420212035864677
0.24360360975253564
0.3009001355909803
0.3689745867826344
0.43665766732773315
0.5014660399293178
0.5763179850572291
0.6555550315861389
0.6832315702334614
0.636325798461251
0.525693454620223
0.403532301216617
0.3062839026527527
0.239446496179604
0.2093989112211193
0.20557788312898956
0.22797908992437543
0.26311883557749316
0.30861417581598577
0.35219441233315696
0.3915953823516579
0.4268134487407713
0.4597973103842496
0.49687420428567397
0.5434984823257653
0.5843376659037257
0.6000504830352638
0.5543992787321868
0.40260322291623085
0.1983572681033942
0.06138513420448494
0.03995297376096696
0.048356954406444164
0.039667595077004604
0.03126316572632544
0.04273386945912248
0.07334853043532683
0.09978591376384724
0.1480576802605218
0.24336484602364786
0.37734955189633634
0.5065664137688862
0.6036977425011225
0.6669101797155121
0.7025715014672969
0.7408213225411514
0.7394566987628799
0.6966336808088922
0.6016290469362626
0.4470436525180269
0.26274924297878
0.14552393903929367
0.10853838235922024
0.10491879590839635
0.10784073655949042
0.116013690040208
0.12019391322371767
0.13641674539998166
0.15009021074053258
0.18710673019567597
0.26337381021528466
0.37063080815557115
0.47864641085630194
0.6057422694743921
0.716651808109042
0.7595783524094919
0.7326440810084274
0.674895635994542
0.5306670274331698
0.3100708129704717
0.13127228965818893
0.0838013950966935
0.08693708824091077
0.09040031390361832
0.09710960510343852
0.1226146216808502
0.14969672802537748
0.1729649974825232
0.22840763218555651
0.3159806426430387
0.4300922261739758
0.5553838269238527
0.6691656296448414
0.7162184490487742
0.7059808020173449
0.7009352134343899
0.6779118504122766
0.6187342605359651
0.49339942119941554
0.2888350912992226
0.12863774712389625
0.06448987479259964
0.07789384499723773
0.0722164437105083
0.0708272024521531
0.07929456713294597
0.08467413020826346
0.10424991949140026
0.14595268043320966
0.24259724998480697
0.33753873973223747
0.41489488552494636
0.4881620968121162
0.5609176228547994
0.6196968118787956
0.669375221400391
0.6361662970803168
0.4732162671581027
0.2554343105946515
0.14222059847057383
0.12636309894498482
0.12077469439440686
0.10190474128295705
0.08973597647479613
0.10689835020339636
0.14420375220136059
0.20349682220310217
0.24063637566777696
0.3071766800823324
0.424560333307893
0.5955395461552504
0.7190531550980233
0.7982131997640579
0.8349451362233229
0.861805304721841
0.8465526555444454
0.8110828284362581
0.7331142598361818
0.5683299815499925
0.31617264316026994
0.12795803023629412
0.07495786564181664
0.09689380715523924
0.10097430277824146
0.11375652822605178
0.11331227311688391
0.11554796314400721
0.14196831887880917
0.2212641271181927
0.3094493216955295
0.38948878391311076
0.4698683459529604
0.5806397704003653
0.7096286648824289
0.8061487498039401
0.8527915111075057
0.8764296704952808
0.8749371534089802
0.813551610435775
0.6702484643913156
0.43320937237946744
0.19159219760564722
0.06256418986942404
0.04494207665725802
0.045021788422834816
0.0351845231598993
0.043385862164377745
0.059481756435456286
0.08203080718068984
0.130676836661557
0.2336750564878407
0.3423484328388744
0.46040433377359924
0.5530820628488592
0.644413404063949
0.6848042448893464
0.7360842075382963
0.7672517543761823
0.7705601088087175
0.7008808113025152
0.5309927318942219
0.3056421078436828
0.14932485362432776
0.10435407806796848
0.0907382422028934
0.069742920421718
0.06439377872788901
0.08439363923596134
0.14960930953235485
0.22904716912172896
0.29510130472567736
0.34499960936844254
0.411073046369337
0.5116862787816185
0.6006162598409234
0.6478551076239042
0.6543881154169781
0.6605770005089068
0.6908885151525463
0.7329253249598228
0.746249003670046
0.6758756215450396
0.5497080045995901
0.41124299661077995
0.23876663505863793
0.09063392949937363
0.03726961834863129
0.07744546248136638
0.1037272020434243
0.10616242521674492
0.10579878518296956
0.11375847951796973
0.13371258326022084
0.1459804656625892
0.1465760686748729
0.17974861959609825
0.26320848958561455
0.34915280810342925
0.4089332405980012
0.4508030357311522
0.4928621740454364
0.5213679284988041
0.5102073930969996
0.4514909676698513
0.33710091688872407
0.1763429912132739
0.0627923859210714
0.059587081509325054
0.10191723001654687
0.11757285846545747
0.11601892624998608
0.10752860571882873
0.10550575509225907
0.16006506680469268
0.2681632286045938
0.41413922539446707
0.5260114854283029
0.6050628013460879
0.6570086449619732
0.7487312915164875
0.8053815262398276
0.7888515940397278
0.6773158004057342
0.6012126435108673
0.571129403193593
0.4575100875767357
0.25037583076693004
0.1501037146659014
0.17234416631337585
0.17443125289999475
0.13715106283561057
0.13096774845771625
0.13388186991459278
0.16137481453680064
0.15128768342815702
0.16456209436320446
0.24013007151538482
0.3987272648769373
0.5325633524854188
0.6448109098038538
0.7429876193896927
0.8197960320218021
0.8691843669279307
0.8575639831304862
0.7612956065848873
0.5987703957953636
0.38128051579323263
0.1619219031811774
0.02992495762262124
0.0089816156610913
0.03367736145852254
0.040157332007128864
0.046214288302242244
0.041044107985287036
0.060578329530468794
0.11801734448226148
0.22307959310112666
0.35756889951600523
0.46527237391963305
0.5396642780191542
0.6131618413831883
0.6874251676467992
0.7164771562633605
0.6715379721115621
0.5771678057043955
0.42195226936472946
0.2503582333362717
0.09573651190129737
0.021543777453899737
0.0016138735552467367
0.013558119801980966
0.009702555444822094
0.01244985578350484
0.03342940837842233
0.10010298853707228
0.20034252690347248
0.3130289159853141
0.4293030877897772
0.5091965330731489
0.5458865455573061
0.5632393167662276
0.6565852874341807
0.6813500137867601
0.6373771231058195
0.5062533483320489
0.38388535086175474
0.24030082590342097
0.1602838984269382
0.11649027271288724
0.08463646630374119
0.07989290741954108
0.11938546266493971
0.15228011275224795
0.22690170949545319
0.3184301439835179
0.4491714927005095
0.550114958071156
0.6482859472546826
0.7075687083536313
0.6908258362037597
0.6784418900028191
0.630408111191855
0.594203777880063
0.5388399630006466
0.5261249473812455
0.3902045907259477
0.19878005269690308
0.0562782661456205
0.0435268911679531
0.0576022442373618
0.07578338769446925
0.07949161726736717
0.07332511815223985
0.07718656454769496
0.09578697529174271
0.12156922523748903
0.18533279066526395
0.3233368057712639
0.47008626754570043
0.5613404335518271
0.6210200324551298
0.6885418623860154
0.7455353141041117
0.7703411642482347
0.7535760907851908
0.6934732856570462
0.5813109919254827
0.40661130494198683
0.22296704629291525
0.09543037091303155
0.05289583333849325
0.04161664794615127
0.05323200064418343
0.059220070414780744
0.057561734190358455
0.04205949517651746
0.06162444261904973
0.13686572018357798
0.29000604567203314
0.47567507593822517
0.6151327147951304
0.6997895757020474
0.7452708670080503
0.7820478819367138
0.7992715490227744
0.8114311251652209
0.7327860979592256
0.6187131083773216
0.5051257542196544
0.39654428340495274
0.22246048349413414
0.09019386014176127
0.04751120461189723
0.057092291963146385
0.05323603687125167
0.048221843009684746
0.05630811540669729
0.07653559353612203
0.07714752091577448
0.11048907486520997
0.217674405453564
0.3682935415950421
0.46884470874890233
0.5452128497783081
0.6409695925336548
0.7354427291109764
0.810566519702015
0.8461889994960632
0.8544949591625103
0.8374971012925568
0.8197723280219155
0.7434585982844554
0.5693331854742085
0.29575078704556734
0.08777375178185653
0.006730118031145947
0.019584273316210918
0.03410871232141089
0.055358590279390725
0.07068156719133163
0.07765141086895222
0.07366826616311883
0.06253752368306494
0.07827636278553539
0.1551821227424085
0.29652886107072207
0.45586855824978273
0.5609893252269458
0.614933592787401
0.6234952044738873
0.6628945283372418
0.6656460916040133
0.6546023806395529
0.5901449148933675
0.5733022188722523
0.5383512812627791
0.5322836376443134
0.39451838346603635
0.2746378847903218
0.2030734765173516
0.23457620074696045
0.21834099560982295
0.2140764843987712
0.22586709330559507
0.24209995216982094
0.31566501043383655
0.366573717135939
0.39044117273062384
0.412438607694568
0.5035626821854713
0.5941918630328789
0.6594762144894698
0.7075342457891607
0.7429237323244982
0.7699980627898979
0.6938300880659095
0.6090816724973918
0.4860941079378982
0.32998154088575377
0.13198523489376618
0.040201357656421376
0.02738875850067115
0.03726504417856517
0.05572183708635468
0.05210177076011323
0.0472941052321814
0.039100391745219884
0.05075470773540848
0.08766555561376871
0.17721608439480685
0.27502916906247776
0.3640046970368207
0.45517790047859974
0.5456373659119301
0.6366769542140548
0.7170307754247368
0.7902576113930475
0.8313260556031662
0.8321996043900439
0.7961880852823449
0.73636280999419
0.6662024980810239
