0.02661247763465301
-6.528000740490719
-8.248621322813683
-5.77123766419784
-3.0186949172825055
-0.7570730912361794
0.21350247107065057
-0.4873466001416838
0.8060405191966915
4.760242397222843
9.92572049017481
9.78285308005892
6.686675140164277
2.499227377854698
0.7912126536916728
-0.2940912387214866
0.17753364762440876
0.5026221832057427
1.1040956737904524
0.9739159276449184
0.16864616717274186
-0.1055705980546943
-0.2674195018049251
-1.7586939402927477
-8.578485349666249
-13.888720636559958
-12.39919539271362
-4.154202666559711
0.2774826101140638
1.048709505266092
-0.26890412544741266
-0.10731686306510174
0.3144644214190384
3.6386932626695363
7.535264128367654
9.534348388128874
8.087941011752017
5.725809956272161
4.04407795681739
2.2143528508751924
1.3105625022388347
0.8981490928225654
0.5092276431585558
0.07002176147360138
0.12322912261681962
0.8485494775000232
0.6190293321921276
0.8185016918564909
-0.060055049531833264
-4.004601318717152
-12.52833276470712
-16.75591340326782
-11.588305229655266
-2.6011803075535487
0.6577247635141333
-0.2852159974226808
-0.5607963324854535
-0.4881641405539567
0.5080709636014258
4.007350794708284
7.898916171175441
8.369671962049422
7.097273843420606
6.2727184215709375
4.572627839243906
2.0116521602086617
0.9359572518854387
0.5043987118176081
0.28120352474153
0.2694675132270992
0.33952138016219446
0.17166341055729734
-0.5738054092880016
-2.277506473296629
-7.188494510346924
-14.359175025302585
-14.528273919959872
-6.165686612313113
1.5172633129491675
1.3428324400950273
-0.35436276597381594
-0.0662912430833398
-0.3437382390289113
0.45622682665843733
5.049501757078801
8.138861324607639
9.19068067587036
8.143617865816989
6.678256881207527
2.922664115487911
0.45505864311161154
0.23398345214862587
0.16289472277459863
0.46968755579393645
0.01370395884710001
-0.11448175378242094
0.020453056154590216
0.14394962358593105
0.03895884825449794
-1.1536310284704006
-4.7374956520273095
-12.064823930829702
-14.038723395567738
-8.375290742411599
-1.517115175493469
-0.8270588372033945
-1.2118305418885142
-0.5942678857344385
-0.3436368009868602
0.6115832749290064
3.8083887828683296
7.3823791991256575
6.7556401363177825
6.503526715613701
6.043238497126223
6.1208201446751405
3.0181782413382865
1.4503140119730424
0.11709956630791926
0.19237083890113985
0.060590295545897226
0.39864696722848125
0.15302885580268433
0.11772464899011131
-0.08285036225869986
-1.2216419072331175
-4.1104811533572985
-8.834415453943326
-11.80167564183979
-9.863889472588289
-4.091742124081831
-0.042609902421532744
0.04659671537702709
-0.48835969775483107
-0.045360585673929914
-0.038293682051340344
2.153280170230379
3.131651461300879
5.56327114808318
5.581464779373183
6.309877865523518
4.760533137202131
4.722453830070653
3.852748035139613
2.458492743072589
0.8731765587271321
0.27242656351969025
0.1303106212575416
-0.26210860563221955
-2.668696810537086
-7.5194597031837445
-11.2029139909195
-9.9461164087899
-4.969235178846734
-0.9913120825003615
0.34088161829107133
0.19902369559364266
0.024163108111196572
-0.176806114391
-0.97680427192688
1.3219994862628595
3.8430918986739417
7.296078270363092
3.798987254788615
5.581112490001258
5.9010558849891135
6.8567965771559924
2.019018662772079
1.0389865790233181
0.5784366352220637
0.7024884638370035
0.4964339545024594
-0.04668088788977193
-1.4675919783455467
-5.286139296874018
-11.281906813669332
-12.749932490294537
-8.171329572665956
-1.8350076493281502
-0.09988367842923043
0.22046563262151342
-0.32652774195798434
-1.0357017611669148
-1.3385952847779194
1.0323803808353846
3.692484674010487
5.918338200028424
7.084297633316467
8.464879225028843
6.729953722993395
4.797406742208669
2.567777719924971
1.51572571591977
0.24828261221032077
0.0958741682399581
0.3558437741672051
0.3887372379802026
-0.0963246887264483
-3.260595918303029
-8.65339678358408
-12.439245793878667
-11.983877590664445
-4.638051102749341
0.5786831552327053
1.6795567634480362
-0.8575618985241398
-0.16682297171969232
-0.4140237380642784
0.07041408222510118
0.5302729134141112
3.094077497334355
4.878109052125247
7.425543237443926
6.140721344996134
4.0698377865263655
2.9526792832086075
3.419012001096345
2.9556949144441753
1.3099394636673736
0.9282706939526408
0.18228737938392367
-0.5404816491096983
-2.086999551377132
-6.505571689325732
-11.253918626528336
-10.48935336511925
-5.941132939071804
-1.6335809195556652
-0.7557898907377141
0.0317755191908321
-0.6616539477971105
0.4294926331340311
0.08239320944696961
1.9128134235317975
4.610738645110128
9.19658285568596
9.23696797454032
7.6622780372172725
4.683821239071188
3.4391453761620685
1.534808935573816
0.4246084663748732
0.24019332239081678
0.5261411907903965
0.33667720730307227
0.33650500755184065
0.2159363251099763
-2.7198825435290286
-7.860460882938934
-12.910851719388893
-11.794887205395089
-6.278408718615101
-0.9008559145976612
-0.17707921222122677
-0.594896807450646
-0.779075755349174
-0.2443346689399115
0.8640437421080969
0.9816612767923761
2.889184170880488
6.113732065440202
7.763372692664029
5.690696765126812
4.3075147997900105
4.1280549733495455
3.062942439970291
1.5511564357516272
0.6512368969915273
0.6365589169627905
0.5217619511461687
-1.6803324187012396
-4.07574260675594
-6.229645073953082
-9.731725561838386
-12.554975754792602
-6.947936493803549
-0.2614027407077089
1.3820864320512443
-0.8920942932355995
-0.24672216958203436
0.0054538912064161695
0.6644614812033918
1.0853388594667173
3.3848954958516875
5.266045707336226
6.217133743788957
6.345619970070557
6.84988419602139
5.897192627561846
3.2633605101626477
2.126453744902158
1.4092478015508487
0.41405796615593565
-0.6527264880990559
0.12978453764382272
0.4122824717172794
-0.42479983923276715
-2.3290639502222095
-6.931546329609553
-13.675121371068803
-13.026137712516984
-5.910732470659182
-0.18873810015885573
-0.7598000517987312
-0.6671403740050479
0.1614604698409167
1.1521103761224865
1.1236259624409273
1.1610557166345896
3.5425454785051804
5.04146134486784
6.66395190181191
6.031614089420578
7.187356357025828
5.4299502775849025
3.594110574657607
1.2431995970641507
0.2500583258013753
0.13547351454603887
0.6936608029363092
1.0584085480567855
-2.704645653849936
-8.658106987554303
-14.01265919852439
-12.684552518687829
-4.989020225812429
1.126120629410224
1.1057458576835655
-1.0834010941645054
-0.8383819542886488
-0.4713498656656717
0.8923269017937536
1.4624951804742081
2.0827892686040745
3.9400677377739965
6.025170959718807
6.2978057403610865
4.492431906156967
3.391628981917355
3.0211096421595025
3.157616460677841
2.377830560349103
0.08781166878982369
0.3783213587564318
-0.11499812792948912
-1.7891290624365872
-10.4818617483925
-14.631341027166895
-9.931340577726004
-0.9626907386785173
0.9518186605091267
-0.34457805568300204
-0.7747600559156137
-0.24176377241463962
0.37786063548250254
1.8274594840354716
2.617420707630607
5.476667482170989
6.624816698545452
7.032375453848501
4.247070972579141
4.3294658301645335
3.4522449355960507
3.093244301445337
1.2407040548373915
0.8964871575894261
0.5661290222850488
-1.601802168192821
-5.501764825781854
-12.181618588732094
-13.880506274551271
-7.4134396860995615
0.5503477038159341
1.7949137231940273
-0.415400908523245
-0.671336660135486
0.028076589953596288
0.023364788387101404
-0.04791496614229635
3.4051019411980596
7.904376541594894
8.066011905426954
6.3228625711654525
5.4721829108822035
5.1515926781046515
2.9343088696610145
2.22629459185875
0.8745216395583619
0.4570629881225357
-0.41926926221557287
-0.47759783951664087
-0.7785242216348448
-2.2959542177152383
-5.418446613692837
-10.542910225224029
-14.981064175755835
-10.800360303282313
-2.2769437687788354
1.8095584699117384
0.47557319104648277
-0.060503764616347204
0.139495173892703
-0.31509619482077117
0.4531690548503336
1.9821244368258988
4.238576378097787
5.725983065265969
5.061956255136469
5.031281465671047
5.172063941293295
5.837641334177116
4.194858173216309
1.5299867902999813
0.08334618958107971
0.34134599431299717
2.2586380130314323
1.9675635786202352
-1.1271297736095782
-9.008739089170604
-14.553987023523677
-15.16445512280617
-6.392406802927684
-0.7423562187467962
0.6199232897317957
-0.161834078661485
1.57439236702531
0.6593655345236961
0.0016296359888991773
2.003424985493254
6.204278340274691
6.354344890158796
5.398618440964491
4.198832940613724
6.518236392076688
6.376050436685861
1.3821703893865256
0.1810112036055603
1.3904387666057059
3.270076182258947
0.28636756590416773
-1.057843653035895
-4.0845769863176775
-10.263785717698083
-14.42441460068775
-9.75291331909251
-1.2521620407913205
1.5780469896696487
-0.7048706683169208
-1.4685610183407767
-0.7677751668918152
0.8002757082653743
1.4664663620173124
4.038606938506367
5.278559519119441
8.016575025885093
6.652032888099545
6.115764427330104
4.393997481940844
4.243957047276603
2.9972453122398086
1.5666158428004648
0.7194251566343466
0.6771151274690032
0.7969984191146815
-0.2828761779881043
-4.067812705390228
-10.203316994591752
-15.008661345176082
-13.634188170408413
-6.03814624597914
0.13609585435707697
1.3109716635459336
0.3965706143255924
-0.13553260296765643
1.223607500980905
1.2763422081021112
3.4039413146410076
4.368811394510475
5.839525052020517
6.146052965946149
5.380824965517874
3.9564730715538126
3.2368625742656496
3.430746269788642
2.352960712252388
1.2022813411526108
1.0173918567894873
0.6063489429251023
0.6985896759599627
-0.5849291555705859
-3.3384394318900616
-8.52264142857085
-14.367078704290199
-13.80061804065989
-6.080727684784915
0.7836028736736194
1.1722531748776857
0.2508878929980998
-0.36872952482151683
-0.5270807942874801
0.9639291222877626
2.4899181975043976
3.7761644033339086
5.262715949298105
7.345393413276534
6.314837789509263
4.416636599351332
3.9158546649245256
4.1898035632213135
3.3861907492283243
2.3485699254321055
1.653652803556603
0.7653916225090859
-1.1480377235550385
-4.999653701875005
-10.498510131305645
-14.678726967802191
-9.94416055160555
-3.903474772967753
-0.00872634399264571
-0.77874832206962
0.48324282916817507
0.000877388645442135
0.5441690328142375
0.04291492626284735
2.2916160020611933
6.114279270370503
8.172328777761411
6.072157007302149
4.54340009822238
5.0365361331337795
4.753233815161079
3.999716341010809
2.6069634531474852
1.2429016441495229
0.5050019460406745
-1.0656947139182356
-3.8119408969019677
-5.975061842470852
-5.428525334294364
-6.175756165098585
-8.739402915124215
-10.423668071194516
-4.027746615753879
-0.07944500280016635
0.7914609281349794
-1.198013953758552
0.8404662466539728
0.33053262211821555
1.407342718407216
4.795922360131833
8.927266874710988
8.431007533759978
6.184581568453452
3.993293199934006
3.67575079219039
2.83874718421293
2.3540040759618113
1.7250546539820215
1.1499467483750463
1.0501834786747974
0.5714797290592526
-0.30878092751594344
-3.128953291958292
-8.962569768343334
-15.076371668521315
-15.330022711907361
-7.498923038279577
-1.1023386491589002
1.6449654978328143
0.7627980029614047
0.5742555739223514
-0.36613771690499547
-0.8492468555152762
0.14917492176676075
1.8673594859101568
5.035761178613316
6.128448496419051
7.037676340940127
5.461518661914902
4.49003703042659
3.322258983901827
3.52310770220555
2.8843402642303113
2.3008992426353134
1.1376793829981235
0.5596387684625078
-0.8543106606413883
-2.9620311491773528
-8.106065472233764
-13.432120386065613
-11.42269857494612
-4.812349660867769
-0.296141896268467
-0.6456125094832006
-0.02777881457154103
0.24266370137288099
0.02187600132356223
-1.5301524250460234
1.6278116100949929
5.566455093270249
8.494603472707816
6.320336047429655
5.6239805283963875
4.094092599658879
4.171301636792741
3.7235187546056494
3.159190004503742
1.8073541153493478
1.292835019273251
1.1506792447520002
0.36107620207642965
-2.36180769617234
-5.243040782070235
-11.933136170939102
-14.651852520159792
-11.557232481048459
-2.852554497677623
0.6318479168226118
0.9054979940320159
0.33889808232215723
-0.2184751346684063
0.41986614190554633
1.7982285691043882
0.13352831284815384
0.16258828579811616
4.245661228635723
8.484245953615158
6.44057536959257
5.332140194780145
5.014703286012112
3.7034599629284544
2.1716383269351556
2.275836415145383
1.984325909015944
0.5351811596088523
-1.7605551223165663
-5.125707724369509
-11.293384792753686
-14.703520010704063
-9.544232984945351
-1.394502808610966
1.3020248320638634
-0.05092667548936653
-0.1642330345162875
0.060661840486515885
0.9093413372669721
0.4275056698373429
1.5440327587592413
1.7350859750341727
3.0391850412384764
3.821994100844764
5.864548088096739
5.352589495231646
5.343086540079151
4.878536556375849
4.8913819922985855
3.3063170476025494
2.3067873048403054
0.52704150061939
-0.9520206949403823
-4.734171624345709
-10.67939767407987
-15.971873845115423
-10.867564292955327
-3.042824155411391
1.3192172808527232
0.003232985249070803
0.8538804882976022
0.07405741521754054
-0.3019555336880033
-0.522670107451203
2.3814551166347746
1.184448538148171
2.778209891703183
3.7721526483631496
7.207583741920657
6.132642925700913
5.978925584631191
5.173736380718887
4.219842223165524
3.6581502308799974
2.8340553861856
1.909613810388771
0.6099024869019112
-0.8448537425888161
-2.5454206783133486
-2.9867971158368656
-4.521861913266258
-13.79095668080001
-14.546929555140997
-8.197302423621249
0.5968504163255933
-0.19081851412663778
0.6785068967249535
1.2965502006701626
1.8613081372449805
2.387983215169539
-0.03842272419531532
1.1887895616086905
4.429863477114498
6.600496360255809
4.181693203431208
3.8502718822154525
5.012148333348322
4.7864796820230495
1.7813214237787847
0.7520433252925133
0.5283796426326893
0.2030617561088809
-1.688185350667371
-6.578292558969098
-11.295299633979258
-12.271762439192873
-7.046269874313035
-2.2543105821994973
0.8722024072200565
0.9545978537860413
0.3690031660724021
0.39170980453566534
0.6577710171720317
-0.4403360296896095
0.7135103121592932
1.9192048645708601
6.577154810145831
7.136431335772099
7.311304636528513
5.289049040567298
6.481479699352823
5.452948133085652
3.6122437825411957
2.0131251823041887
1.459217547924175
-0.9737376260960117
-5.765160021106337
-11.057902580255572
-15.77062180043843
-12.19511238356127
-5.078882670652579
1.0486370797729567
0.034446664786726436
0.18135482044949788
0.0918162874377606
0.3127441098685957
0.5318115814865284
0.6860973711832317
1.9410211734581115
4.949502795739679
6.801874275210216
6.139268982663896
3.8803671257620467
3.612766025028243
2.8798858362632282
3.574840663180924
3.577912011392281
2.037377949152926
-1.8242501218307952
-5.8525189660841015
-11.128641936268101
-13.069110931106664
-8.675009128774064
-1.9493016686258564
0.5233712856052037
1.2752878201118625
0.6266190358605782
0.3427375126840689
-0.8349161184310888
1.167477929368316
1.0396999559616904
4.110465936451081
5.382817726897891
5.599766434398258
1.8169266858273303
1.4502993976776313
3.2672215041983157
5.739375579511413
5.009130426509959
2.7561540386939924
0.1576123220986437
-1.0697174231377593
-4.167543784244067
-7.475426698080507
-13.931928261487217
-10.598770432449689
-3.45003033710626
2.6521804074312407
0.18761935904048882
-0.19857837791230146
0.4354581271195157
1.0249821812286601
1.585383384372332
2.3824087453037768
1.3719926790960775
2.495941477083624
4.781469674593982
7.892256430989523
6.792465050591893
5.939372967424634
4.237591712512728
3.7505917540562628
2.6647933002528994
1.9680081976237183
0.5505713783231994
-0.8484087560287557
-5.375648391451437
-11.288342369942523
-16.333937170756414
-11.448063882139326
-3.8189140425152095
1.4781876068884054
-0.07576545008375607
0.051721709991100095
0.07647644362598136
0.39178663674586617
0.6916021466332661
1.2766338815530425
3.849742440313489
6.400376981658963
4.826628459722464
3.625206773563538
6.619724949460569
9.89175357584284
6.895872372630251
2.764639573960645
1.4415949374165409
1.243388696574821
0.9330304790974828
0.539570565092826
-0.7690548004150248
-6.661209957468072
-12.625972259936294
-14.371195858751229
-10.92540706674925
-4.925839971349697
-0.8314839608082959
0.16021026069871389
-1.1202695333259212
0.7258750816571841
1.1898133278124305
2.351100403545906
-0.24096664864528516
4.568389500709064
7.603051171374518
9.7185426394243
6.29284078941537
6.8387771696635
4.683653881899657
2.775172944813409
1.6991647991877243
1.1585743281535736
0.2954859261799067
0.31451870615301314
-0.29138006036826364
-3.15707945674734
-7.355666947212974
-12.370248252580447
-15.039780583543747
-10.125589734978028
-2.8919895449175885
1.2444575954481751
0.5559684707992285
0.45864054582331276
0.2690986979639107
0.734225543906314
0.4212953920393964
2.599491421031292
6.030085917563357
8.256863749528533
7.421488555624387
7.36733709329318
6.175209972268052
4.893646456413865
3.287109264727933
2.170526836677561
0.2797361641501677
-1.3443026262496947
-5.8592340320514475
-9.684512717236684
-16.553931236988937
-13.466703007957928
-6.172009857127962
1.1445197741055975
0.35243091909847324
0.17823324062002294
1.0993127069787463
0.8370958066049472
2.0076047186741293
1.4036574993559552
2.643207864162032
4.748383283124269
6.52555289097798
5.562975426165076
3.3080120705318707
2.6446991927294645
2.1442100588650743
2.158542277979635
2.4175819569017527
2.7971070495809123
1.440427594818223
-1.877722068077716
-3.9674504333643195
-10.78533895958275
-13.769837937388589
-9.643187870456387
-1.2777609032504855
0.2430462998675561
0.02692989647405724
0.6609567794451755
1.1728184112356421
1.0724788105445426
1.0364538655722728
1.627703712194563
5.526843818463885
8.869052252327105
9.23150700061667
6.6802035878851145
5.184096690089626
3.9082159623239154
3.5893925370899478
2.7303053363607828
1.703930998841845
0.9572664119777208
0.8629419350212155
0.6186314878971607
-0.9027437770648238
-4.011641390666857
-7.774341144798469
-10.794697801942586
-13.235771615031217
-11.190392197811496
-5.718808587633974
-0.03635072895243605
1.2968708631071184
0.9881114153582824
-0.2653770249764149
0.09245488776706111
-0.008058111712210173
0.6297736843759801
2.1519663591841605
5.41821596951015
6.082892423077749
4.542872468468009
4.332097987073491
5.594760660143008
5.537299088681692
3.122562507566853
1.1925568720851731
-1.1295993868046492
-7.192476644646235
-16.088414189032548
-14.30019532307369
-5.673756780297664
1.0630309084131135
0.15333073273063835
1.0687607834742718
0.9220382837925369
0.10219971393249787
-0.28390481660315386
-0.5254666723464213
0.04810712349601699
3.4856240199433848
6.903664192927853
10.216840070376032
9.670543509626903
7.5280597635411945
5.1813389754961845
5.152598276963276
3.798174575179836
1.7758072344377929
1.0776779488387669
0.6194315101976674
-0.03611804476468122
-0.9953510970525714
-2.144067190801764
-3.0680417803979445
-6.772830449896269
-13.239310027238597
-13.39202119252568
-9.816412724413828
-3.570076430817398
-2.263054499093912
0.1816685385644607
0.5757362524833034
2.118480640903935
2.692156565046158
2.0498410841712396
3.9739080665314934
5.278211237565271
6.7816174708756085
7.005371410900368
6.289515765747756
4.934986501574739
2.735871598734827
2.2938153609656893
1.034519390973735
1.0528156486027782
0.7101742196746357
-0.2541379232222696
-3.5260085240121746
-9.094993712615516
-14.008545945494578
-14.244598781234462
-8.104235786501395
-1.7575745339350102
0.5314199678849765
0.5899994664352411
1.390271113990188
0.5708553495857704
1.302552975594992
2.5734558025164995
4.132486058235092
4.452166175494113
6.447061297494723
7.097548049339818
6.565004035045867
5.900993908699109
4.550846111281222
2.5356922925364023
1.2455632333734086
0.6477254220447795
0.5113211952284071
-1.0272157213535065
-4.254535662654759
-8.59485553273324
-11.84381943950103
-12.111564317188156
-7.669069696388386
-1.422116501341245
0.7472281200885759
-0.9315217504294183
-1.547923114067342
0.10254785327514365
2.2268564279669096
2.9422348903053233
2.7729341609644287
1.4127906849954923
3.8543812166691076
5.780263385163651
5.559512353325296
4.334596734808042
5.413794681428958
4.114844314885773
1.8865112964749782
1.20681397089321
1.2384444056431616
0.8475651111172959
-0.4367749924403989
-5.225203101010311
-11.988197464559873
-16.705348725828618
-10.467781738879106
-1.6436919365590381
2.1873258107443423
0.1535676456997402
0.33279788547794015
1.524281236051209
1.4850670426388264
1.3752759362231608
1.9023856470091938
-0.015215346138435623
2.6591881157936523
3.597987261025045
6.3733699217114195
4.868483340217002
5.643380341443002
4.67702876258224
4.138742067973985
2.828889935986912
1.129906042320916
0.6082806360848848
-1.0276654283416413
-4.953912432503063
-11.961559012654781
-15.45055894588393
-10.741474138185833
-1.6616032710875221
1.2738228044314839
-0.06833711724920505
0.36260807834042474
1.7278524721062332
1.452430607013946
0.8032308354872733
2.192126154246902
2.2443132493473814
5.70173529236825
9.054892387177985
9.803219160573983
5.652445159562477
3.0652068182008017
1.9061067663446836
-0.2044202898080588
-1.3548194365497628
-1.1479180553915334
-2.0300409289332877
-6.13857038055502
-14.6432820008677
-14.817969506691435
-7.429447187124869
0.5032440044140402
1.246342443199509
0.7740928009760532
0.5568934418174926
0.017598514416307415
1.0671232982497587
1.6485923358373458
1.6022250989870888
3.178526546336383
5.464542430211769
5.564552747758627
4.822777255673366
6.397790333305452
6.8576064535538
5.499954617421937
2.657141894529831
1.520225260250012
0.3393299291520082
0.5430789120400001
0.8030353552448622
-2.515355653731238
-6.3427942020749075
-14.10344304228515
-14.331251708975195
-8.355344761903487
0.17824718972007786
0.4484102719395044
-0.42634254012172285
-0.07882369904621811
0.0259374893018525
0.39169327711316654
2.6364710880568216
4.7888147482901875
6.654669221489361
7.180274739243822
6.754639536397317
4.431068908723546
2.847781377680154
1.3068060696376749
1.1969648423654857
0.7012690928148505
-0.04764765042713885
-4.963407363543646
-13.194597525434073
-15.15963635595688
-7.900183267174545
-0.5457579056794345
0.21170069150527293
-0.3022016426277873
0.09517906495469644
0.361189733066975
0.8046627309359711
0.11464698512797619
0.48871934489413016
2.3052660326454433
5.535818901464185
8.576782748812619
10.238921360233855
7.5542056382054295
3.389588667609704
1.3669063074111798
0.5387859995600626
-1.941297928780102
-5.336034255359025
-8.506904713261111
-12.40805194527269
-9.62443456146451
-2.9160546036025687
2.2893139232189506
0.41337975880083383
-0.8987255608669081
-0.6719766752730576
-0.5060951693950626
1.1697996638487158
1.5282716964805299
3.1935440444839815
3.905327341898091
6.042649801748125
5.964409229654888
6.160486159580548
4.247941534534438
3.913900673363447
4.298679728893555
3.9595094829741915
2.1279234382394883
1.247906344461829
0.5298114734408877
-4.757652610530389
-6.447028149639533
-8.10595422714764
-10.601455902554076
-12.116229208398536
-5.618918905763123
-0.5823926507484352
-0.7754235635137482
-0.71115533965651
1.9753255431940184
3.3251643114402656
3.5325761223752163
3.4797450352698656
4.748834906169249
5.631589359635551
6.33425210821015
4.729174463458086
3.4428307731006096
2.5894449420125025
1.8189389507329214
1.264004161321437
0.1795661813170537
-2.1872925073915717
-6.443081674285877
-10.3845999523431
-13.011205459977027
-9.193798168592433
-2.09604644942112
0.931955035211513
-0.37703552042685473
-0.5549007608708344
0.7466709798304731
1.2440394853758159
2.1624926863219605
1.910737588562765
4.3016382070173655
5.517964634693951
5.258295302987676
2.8514962046693513
5.545571638672335
6.590780451010859
5.98615627954773
3.490677367690006
1.413266020788414
-2.16474578461734
-4.117347899509901
-3.593021489642414
-2.7795111062581483
-3.123549406234074
-6.856968671694078
-9.354178485815233
-8.935489030534912
-4.139266850808085
-0.8396292599171958
0.39699685349367697
-0.0541921381091193
1.1010029233301883
2.3558364234161644
3.3619938935129174
4.606368687819806
5.9542072420925765
5.711683727476842
4.196064314081546
3.252460350285145
2.204360016816681
1.1212863607336334
0.411164648977197
-2.280721536214788
-5.051559538044621
-8.94787044501992
-9.70704139271693
-7.570144840584044
-1.7797498586182812
0.3974346343131362
0.04704984676897287
-0.13232465118143566
-0.27681170664924815
1.1467108174449687
1.7387038853511678
2.2605826479718374
3.769964401135575
6.625026965403211
6.51251652975997
6.165228169104838
6.4065066995628195
5.612669416146263
2.7938089127863854
0.6297892899779292
-1.8126272403548591
-3.7173250783658345
-8.331091205978305
-11.945785744709765
-10.555341298018144
-4.120428273617917
-0.26960867096265334
0.5779006775067209
0.7581459649513296
1.4525011886832486
1.8295629475323274
2.8945079203532447
3.6253477289908633
5.026511655835772
6.423880351358293
6.722543865027404
4.722385359213581
2.4244977147015367
0.6626355097812494
-0.735246313412274
-2.2334018633264434
-7.489356826002646
-11.934816096052048
-10.249294222549292
-3.439376013283291
0.003846222216530245
0.3016395744226983
0.37988014106443807
1.22062392214771
1.5074468540654264
2.1904815373365976
2.3640893636334672
3.4377915503068737
4.084467071498609
4.060984832706156
3.8885023560953016
4.491116707674931
4.754222791733847
1.6605923188394411
-2.81434630633278
-6.63794063046206
-7.3296692042152145
-5.83490391383219
-4.0102443883891485
-1.8028550975091844
-0.2292616855277493
1.344072407723229
2.1083847391871835
2.72972041430913
2.61481419103042
2.364058201110192
2.113083983346924
1.9790316986083871
2.224613634085589
2.797456682405636
2.450351014677767
0.9427690278921356
-2.7390722581847764
-9.10776334895787
-12.254757288770895
-8.218328033933272
-1.2859296266111517
0.5042388387286609
-0.5213615597662921
-0.5042657610407785
0.6882422239678614
1.8368796585723652
1.5862429997109768
2.896305989800638
5.718429945787888
8.039082352361767
7.753011712351781
5.827879723934508
3.792746232863593
2.1396793051072045
2.294989264430914
-0.08187742669629537
-2.5693810772394072
-5.700278032356884
-9.27512366509467
-11.057664572355444
-7.033518236369579
-2.219133400804059
-0.21717518704944552
0.1753164390656539
0.4903772088430831
0.25081339101054057
0.973369930575895
0.8204079204331016
2.2209911673087297
4.576024801175806
6.435419876417555
6.480936162044216
7.62575151708422
6.654572318079373
2.575592658027137
-1.6160562840639634
-3.4649067008325773
-8.653716513682824
-13.235772867762643
-10.727911398737575
-2.848253673689281
0.188141588653047
0.20779353976246434
0.40255747198923536
1.5303009946444615
1.624926380671729
1.3960961674288224
3.326558082181479
5.254380627449231
6.846695011856615
7.517496044993041
6.8269081632582544
2.8231691642361283
-0.6142588218857908
-0.30273531497731765
-1.3814017813265804
-3.5506553925788915
-7.520090360193404
-12.273859794012276
-9.611840650518078
-3.8488723398780156
0.8042382122783308
-0.3406440772037126
-0.0833544755013166
0.5080418808476012
0.3227737845190679
1.1745473569880245
2.5021656565087063
5.798674173096168
5.696489384846154
4.641368747561808
4.3960326772304406
4.3653315625612406
3.526751341439969
2.980704571295259
-1.992535459204563
-9.777001795333401
-13.066917393805031
-6.792822727445046
-0.9514499715353949
-0.33530427303469684
-1.1321971866868112
-0.7301258884896971
1.0297424237160724
2.238324119877981
3.5575842001039386
2.228373207880614
3.9924182648735536
7.043019193534037
10.25875277083984
7.410816536566792
4.749602679962349
2.203916187555554
1.6116101099111797
-0.9151589506437917
-2.1281896264913556
-4.6781141160038455
-9.887056697171923
-15.129440303384213
-11.292876775439192
-3.180009875668152
1.3161564908054306
0.24482973738014727
0.7669335268686631
-0.026655306550068255
0.13414140162740576
1.585221344088208
4.757748494362269
5.29111167464051
4.8023677330551475
4.822773722391252
6.646285466843255
7.739333668924258
5.7912050952910015
2.7985656782140946
1.41828956326628
-0.08955102517804135
-3.683132578392521
-8.598188762668052
-14.222345520708664
-14.497030486430038
-7.7416804641738315
-1.0573267927297956
0.004782705934607828
-0.5902359157761646
0.4920803402687348
0.9657536562645614
1.3529430447140898
2.9187617688521956
6.179893189577374
6.520402581061002
7.083354056083893
5.560663744515913
5.479880472905699
2.4234504495234686
3.076797758937166
1.870052810273268
0.19850126595208023
-4.180757850372374
-10.193284764498179
-13.521037443033116
-9.379035253159834
-2.6982465333817105
-0.8169501519045517
-1.2597193068705956
-0.32094850162968874
1.1999916304844078
3.912940217783833
4.766271575362717
3.9632481362362846
2.993898278566081
3.964406220053893
6.036793944735948
5.335798863558593
2.8343308669790104
0.3919804675844541
0.3713331055156651
1.8186908786184777
2.5222085884367287
0.7994207226134386
-4.222402927499726
-7.570057016727396
-8.307900479329083
-10.348581693129109
-8.88796233355447
-3.2018586690447224
2.410550647964243
1.5769043737232282
0.14611339039924562
-0.021818402026522594
0.47758166010003733
1.1972462245348794
0.736072944142144
0.03573618073702415
1.9903530552736337
5.007592199370195
5.1566591110691755
3.58682594967452
2.512187707989205
2.523548298856658
1.7103452672021575
-0.6696321241083084
-3.522985525628346
-6.863403046868025
-9.645475540527558
-6.8130363175325375
-0.19231826470475102
2.5398089104334534
0.939337706934689
-0.09323593292828838
-0.5094192318693613
-0.12137103759418673
3.273558702746203
6.485889707994436
8.758559807391027
6.712335602030531
4.7430789550673715
3.1167506169526296
5.503358793271174
3.3990140834005977
-0.9917959320060441
-6.692147618038568
-4.566189413692274
-1.8049944190365657
-6.817158937011821
-12.428055408586399
-6.016326966062061
1.3344270988485434
0.1252251951971416
-2.2368114038627014
-0.37099886267368043
0.17484728741260164
1.6495766773322138
-0.6052278665186517
0.7964646561028919
4.53407862913108
9.515831601691662
8.030165256509342
6.7348534391064865
5.890602575150669
4.608504757925841
2.963300094367884
-0.697223027846707
-5.776102592736265
-9.751512647369895
-13.0493928001286
-13.161516756724062
-7.919816733512133
-1.256600517691868
1.4817447478459589
0.3887982329164014
0.36341737770674604
-0.31021081901733016
1.1720532927109721
3.4463408971077567
6.303734917130925
8.069358384893173
6.462208464218037
4.463514245971521
4.409853801841358
4.455799575816906
1.7431193169937789
-2.6963510491074842
-5.662209984430315
-9.312932180380493
-10.29564216170805
-9.27730328609701
-4.451564066844111
-1.195794233919248
0.7166547748040945
-0.2313338614294962
0.16483802032097414
1.258773155695121
4.000414809519224
6.014372301983072
6.761183344910883
6.9764503082681815
4.793606717001554
2.2014007490495544
1.0411662725353514
5.6007582400775
1.4858835811545332
-2.638373440856584
-7.867426486426682
-7.342079848218069
-8.615071497498679
-4.80101564858924
-2.6276175428432063
-1.9112283845488716
-0.2846135330519622
2.3695533147240524
1.9736790052386066
4.477295804591614
5.491706069284193
7.844480923019943
6.056607922239133
5.890259351010677
3.556965665937124
-1.0045723289923518
-0.7430367720564801
-2.8820267286573924
-2.1722599987076476
-3.3218288927651685
-0.7629009371641117
-8.155221399316591
-11.48547228174333
-8.55010719307744
-0.7650824986599245
0.84452118416457
1.0908686074265093
0.22249377437388768
-0.36998994690758114
0.23168678372731938
1.1160246446429285
1.5469349967448673
3.8258139256658974
8.280240906360467
8.804967706466693
5.475249960367909
3.5807759341976064
4.051309795853368
3.419607103085968
1.4883510086471512
-1.0059044077826913
-3.6061683076888804
-6.729737623894192
-10.481981219008116
-11.018655518944922
-7.652200522793457
-2.5520722544724435
-0.6767511235404131
0.6969211618819694
0.3592841862358592
-0.09950017346534304
-0.9301343408303141
1.1738968465520028
4.514476653871951
9.188419529305873
11.140141815972155
8.367458331414792
5.0794116544153045
2.728877478359752
2.206620895719934
1.033420025163695
0.7295745685468285
-4.718701632358981
-6.844379374914625
-6.815241249460419
-6.514888248882473
-10.445027994647484
-7.935997401142824
-2.560959331791988
0.5748652410748596
-0.23137530551369617
-0.30085163169403245
0.48517634382078034
1.2136486877652948
0.036715642779148884
2.0004932369662427
6.431119835301608
9.03714816848727
6.033070029231959
4.582088461764606
5.745404565321131
5.66838819463841
4.507427435462571
2.1373487876430137
0.49835757998674773
-1.0198714721972648
-1.0634863962385426
-4.578823784247866
-10.447524768613178
-16.414943905719404
-12.478622115823358
-4.862618025042911
0.7712493171037776
0.8714663403120478
1.2749926774788625
0.9193786147165066
0.4181906206571699
-0.23898868235001672
-0.6678445488032718
0.9443303461480795
4.614345597412649
8.480804299699296
9.560381830744182
6.307246018628797
3.2366560536274975
0.5136967011892061
2.363959431801407
0.16509379600626456
-0.662622657867664
-3.867447944771343
-1.0105617612669702
-2.097056256568065
-0.36405861710796145
-8.265915250697093
-7.192829920541748
-4.293864496378456
1.8901634537766379
-0.9741123082283053
-0.25587067266306546
0.7074365344094726
0.9739715318536079
4.413903495841187
3.05452240212567
1.4320473356811718
1.3198460978367261
5.467444469454507
5.437750850843604
3.9170610873956795
2.883481877981617
2.1233691921199163
1.6244598279240776
-4.570078483439564
-5.084904934111354
-7.37925387356846
-9.366754023129198
-11.87977835951993
-5.507032634241001
-0.7687559493448934
0.5925771406736747
1.1074075744674334
-0.21720397957449927
-0.2884599316758645
-0.491622809217719
0.6992589594113555
2.2146508727012675
5.373031726862594
5.868785080060588
5.33853167846088
5.470392206505887
5.4275679260001315
5.462375298127791
4.821229272641196
4.393610158097955
2.464106652607261
0.05241292721266686
-2.160691146462067
-3.5895165172887293
-4.209618714790204
