0.36590436590436315
0.14270270270270163
0.25061425061424863
0.8168168168168114
0.34054054054053845
0.5878378378378345
0.5878378378378345
0.5878378378378324
0.8731808731808702
0.8168168168168114
0.5151033386327476
0.5878378378378345
0.6277244986922369
0.6702702702702662
0.8168168168168085
0.6702702702702662
0.9340540540540508
0.02198808978469982
0.8168168168168085
0.9340540540540508
0.4504504504504481
0.515103338632744
0.34054054054053906
0.5503685503685491
0.271527341294781
0.3405405405405364
0.9340540540540441
1.0
0.0
0.4207450693937144
0.4207450693937144
0.6277244986922391
0.5878378378378304
0.3926031294452328
0.6702702702702662
0.7644787644787648
0.4207450693937144
0.2715273412947787
0.6702702702702662
0.3926031294452328
0.01081081081081018
0.31641397495055773
0.34054054054054167
0.7157502329916055
0.6277244986922391
0.48185328185327414
0.8731808731808672
0.21151586368977607
0.6277244986922391
