0.805627524506282
0.8882253609285066
0.9121691978253494
0.9161153587176456
0.9207067800933451
0.9158614546450505
0.9140109353615724
0.9143739919623866
0.9154972390358884
0.9129039609622587
0.9111812111191926
0.9098301431193755
0.9096713447404131
0.9068491723246088
0.9030541917965734
0.9006198662985574
0.8991187898492862
0.8922965413328894
0.8850744271124538
0.8849311188541445
0.8893284034350653
0.8902116041155342
0.8876894615004648
0.8844194346061539
0.8792415151349955
0.8754182217080149
0.876414168808651
0.8778662211074297
0.8739840601589762
0.8729507340595826
0.8742997810352915
0.8781578751171947
0.8768486827979685
0.8786794092299666
0.8816420238726351
0.8836279210678315
0.8850609053510192
0.884567851309352
0.8693843892593427
0.8411793402126394
0.8010243813235464
0.7165464794416685
0.5740352693713724
0.4210334050587238
0.2708814332640879
0.17075867218047885
0.11099867181391045
0.08832538021293208
0.056770261533457565
0.04675797123567264
0.04361173835784419
0.04611817973914252
0.051428616709757964
0.06363561882782182
0.07497324628969905
0.10098031119406564
0.19755873405146857
0.41841940457449395
0.6416644189222346
0.7778433255859716
0.8352307716938362
0.8887996323126911
0.9113631029042577
0.9257016997741228
0.9281924442621713
0.9290824415970356
0.9249599472708785
0.9399866500879882
0.9533374102789856
0.9615969728961312
0.9624055136431298
0.9588721961743734
0.9507348017102898
0.9303844415422295
0.8765914043350155
0.7309991185107214
0.4761002746475683
0.22745959731758092
0.0978095857383286
0.07266847545922711
0.06556350666902006
0.057037327624062134
0.05426127823875989
0.05840341939161063
0.04881584180935726
0.040655483987632426
0.03297600402461037
0.04337515965391017
0.052118574941212706
0.08616408630373643
0.21686653354779373
0.4526662081457704
0.6687809665708908
0.7644321131830101
0.7934519278258378
0.8304064680469726
0.8649990909848788
0.8915259280398602
0.9039268211178655
0.9157338789318741
0.9198391905103949
0.9273084913904468
0.9293970516187777
0.929414309862697
0.9342597227121392
0.9469923493187533
0.9440047751530213
0.8784684416666865
0.7425274425006552
0.5254583177456438
0.29988193270178365
0.13504900983807144
0.06914942191120797
0.04077323877306906
0.03345419622265332
0.0296512464575997
0.029637501461111018
0.023670097328162866
0.022571179419648445
0.03375095704895963
0.07089701640575921
0.16024712639282976
0.302423228160315
0.47967929852040453
0.6441622994177006
0.743498023211801
0.7980194149357711
0.8369210897051385
0.8834200397771517
0.908342661433462
0.9172332127777177
0.9159356402100419
0.9125296264947997
0.9105064305387154
0.9045467692433685
0.8971769186775028
0.8957786672603063
0.9018623131447749
0.9201355154694432
0.9317501389533434
0.9145826576191947
0.8520579692148958
0.7233595535376766
0.5100427578674457
0.2550656035509459
0.07859078796292707
0.021664016184371665
0.02190133685346943
0.01694227892353559
0.015230739446489902
0.01596067219723333
0.008421296301495055
0.005024073605654086
0.011453198121008045
0.021198434249990985
0.027380303629936195
0.036216136259468984
0.05632264040739563
0.12647580363873778
0.2977098300859494
0.5392629238352182
0.7258963325973353
0.8084104457869636
0.840123176259563
0.8823258786095156
0.8939818555100592
0.8453397326126759
0.8311869899556725
0.864411991391383
0.8967846122920495
0.8836496878228115
0.8818832481234979
0.8885682701680777
0.8882804960636453
0.8915600195128883
0.8802876308979007
0.8195102609855269
0.6864250194079914
0.4620579263890412
0.2422746796484519
0.10875161373235337
0.08284246312196494
0.07661780784778079
0.07354899794741826
0.07783068469223946
0.08412187505373034
0.0855896317667375
0.08026745506551229
0.08370909533875143
0.08325215110387532
0.09017377389353845
0.08829353398356127
0.09824806014198952
0.1174353921495441
0.11854677073727186
0.1009250001222792
0.16271443344831937
0.3224736287376252
0.5162946794331499
0.676052612803335
0.7988953958733719
0.8492385444695247
0.8709986140682484
0.8848552236846218
0.8890056792919532
0.8778191772864478
0.8714861500368714
0.8731506180065184
0.8707294198809522
0.8815235710760971
0.8891115165101112
0.8922159621298019
0.8876016110508549
0.8788149244165497
0.8493835950314303
0.7373218327048467
0.5582520210972637
0.31744576872860186
0.14299997416913154
0.058147127208860096
0.05278817312692828
0.04182551872111984
0.037156395338553895
0.039106347124793966
0.04544388784281614
0.04616385873432978
0.04590305358642322
0.049366352718595394
0.0528348304966595
0.04908075120071892
0.0424268512471655
0.044181430626302844
0.049812118352720994
0.05345591289292762
0.06468444255541782
0.09288881962795507
0.15784510110369288
0.25762508957059127
0.3752355261432807
0.4797935195383194
0.5556670317493888
0.6091202184238844
0.6497982173706935
0.6744850415614831
0.6879163138039136
0.6935923181386809
0.7027606709482093
0.7100450193939429
0.7204230407858113
0.7329197256168978
0.7304675661443996
0.7143630837621585
0.648617296266627
0.5186599447054333
0.3124944385921675
0.15136527398764832
0.07111412899105755
0.05529763668788895
0.03625792072042486
0.03660164597429563
0.037184045141321315
0.03716005568275001
0.035103683006966244
0.053479486291437825
0.06630793803362153
0.06811294592597228
0.056084120711495
0.05453288613495956
0.10217104039967635
0.26897892739531926
0.5097789568197753
0.7005483982680449
0.7879322107189872
0.8441059553890072
0.8955526891140986
0.9197548710333636
0.9195518160363528
0.9218731942459188
0.9293744867412402
0.9373699288733128
0.9382299427296598
0.946890044462058
0.9512698528440295
0.90896147066111
0.7993265770686606
0.6011620092549828
0.37091390141964276
0.17765476133653513
0.08708031140573805
0.054626754979950815
0.03938820944900471
0.035281726706593686
0.03174313408876351
0.03370585415186207
0.03351872066655204
0.035826325797613016
0.03190939027140552
0.03716444258673497
0.043404373255458
0.04497139372728597
0.04738257035117479
0.05428464086476308
0.06246778189478978
0.10236570251517907
0.26832069026291827
0.4693739749031024
0.6568789021233755
0.7791933671415486
0.8717921232626258
0.8948619768100193
0.8916352299811585
0.8867135115147656
0.8709867920343947
0.8531852801411851
0.8452110896558052
0.8513706520689963
0.8535291128662931
0.8436398538571365
0.8292295702514088
0.8356909029669901
0.83596380810972
0.7666264779887715
0.5743278415043943
0.34414127406541295
0.17052200241197607
0.0946297966984535
0.06295955748519995
0.05212612144141295
0.041323200615660076
0.051364813615101396
0.05852809642372566
0.06371041158930993
0.06833138743025305
0.07436507452485644
0.09153591002310668
0.10841194294384514
0.12333622512747577
0.12287723557344529
0.1609928287838329
0.2724876529314541
0.4834180255990282
0.6898654620360307
0.8260306279797257
0.869810573591667
0.8965942886926297
0.9191999995655942
0.9343958000468202
0.93299529589779
0.9095962352063494
0.9026715723110824
0.8987024694056576
0.9049046985835028
0.9217481398191254
0.8540516957319239
0.7398234728170336
0.7042422471913719
0.7339715056089614
0.6730348518798654
0.5422205736543078
0.43167452634366515
0.3167501280946281
0.1939156929936272
0.11910154154051938
0.09828079743914554
0.10611451573799649
0.10494556283683579
0.1061675156372452
0.11142237113852987
0.11283480287952435
0.0989362546120438
0.09464625233219243
0.08514311198881658
0.09328947583899318
0.10664436829363001
0.12425479687563806
0.10556205026441949
0.13397613191299962
0.20740501859768698
0.3692862035085066
0.5635388070436569
0.7600674017597248
0.8638336939851051
0.8968376197075679
0.8922214552330457
0.882483155020623
0.8929229583193647
0.9229348224576088
0.9449124420593864
0.9421341396935335
0.9270290876240862
0.9263013943775125
0.9359445023559925
0.9397937359140784
0.8772585969555695
0.6870995044935061
0.41708654403049655
0.18824017451160452
0.0852938609365094
0.05992026056942548
0.05340421279464345
0.045745441956867014
0.04137227870678076
0.04606166081893552
0.04676846043680988
0.05844991133430415
0.06480516687968907
0.06268379194745362
0.05281543556934565
0.061982040304849315
0.11220423157167048
0.24423608472839403
0.4637624952803037
0.672252856727338
0.7832368090199202
0.8213177294246381
0.860014533422391
0.9030505272506103
0.9319553528506209
0.9457307816357858
0.9457370088112158
0.9402461812626829
0.930566479770609
0.9277125483525719
0.920885052205381
0.9250589214726153
0.9210845114239719
0.93028872433809
0.9406075233071294
0.9417272911119128
0.8900029949727714
0.7674587523526275
0.5576334572850176
0.3061009833206721
0.11667901094461158
0.0396006875932402
0.023443255681277708
0.018664013033344872
0.0076816196360935275
0.008801103413226914
0.012402831988711935
0.020850867627311444
0.02199492471510404
0.024304825378387202
0.03162861364498765
0.037253691903855995
0.03440694859133499
0.06588866457904505
0.15195550753618778
0.31166716795935545
0.5152590925038231
0.6891199014034359
0.7860170197796301
0.8358051825873865
0.8881303092622528
0.9248048993368971
0.9399119323948806
0.9402901401991509
0.9361690865510702
0.9285496104000983
0.9264588365230049
0.9350611624232529
0.9425917248818954
0.9368242713042452
0.9300357654510505
0.9158185803450221
0.8608387852199644
0.7648721608295931
0.6468413657786733
0.5298239811300944
0.37294556437622717
0.23144682726558244
0.10953559008716016
0.06257545071004203
0.04221013308246689
0.03946446866937447
0.018799427370673385
0.012220269459256184
0.01371136775491159
0.016251589922436405
0.024799027025173732
0.034335513261276186
0.03136723980959168
0.038307925166857555
0.06021384257503182
0.09969673797501771
0.18461843281809381
0.3146999488639698
0.49503210432293965
0.6504372401111496
0.7677692500807743
0.8320334622563972
0.8815194043004416
0.9081348784130918
0.9182530291744453
0.9299383128600613
0.9402717641735605
0.9527691677404819
0.9554882129346712
0.9588583660412634
0.9628010275231615
0.9633589948296085
0.9670187401905143
0.9346657312041019
0.8662707990827603
0.7455650958373659
0.543302736101354
0.26618697332471153
0.07558279459341097
0.02538775289719205
0.041417888161669955
0.03887789589617212
0.03835670978381656
0.046305813498909776
0.04666150796391216
0.04217374313219999
0.036888315844956006
0.04546110496097801
0.05683277053172205
0.06778810262221871
0.08573910239822177
0.1429446016306292
0.2756331331572801
0.4417818128038664
0.6079480348622556
0.6398128249200412
0.7050943201214975
0.782938849395708
0.889045940324839
0.8766161029685665
0.8934765292642625
0.9077726169165528
0.9260041628218008
0.934761026377404
0.9372323790309816
0.9335361876280697
0.9248628200158122
0.9182866899946036
0.9113986198311987
0.8894686541064106
0.8527167089257761
0.7972257921851921
0.6726733453316032
0.47961904817665263
0.2705415633232139
0.1292515725035306
0.05516135406977937
0.03750966940068723
0.0326690632519537
0.03800656560143007
0.04396472232284725
0.0454200320127022
0.045028669828775195
0.05172176346215135
0.056565976862837625
0.0622062286951269
0.061113830580086986
0.06535559290528267
0.1134683855208293
0.22272636157526637
0.40263021494233775
0.5896759265445806
0.7314373296957729
0.806573038326871
0.8551719668173132
0.8874391027693493
0.9059106189697983
0.9176835941536221
0.92228927529508
0.9277986964639884
0.9413062057098479
0.9456146350404713
0.950473292358518
0.9512626303661703
0.9549262500281112
0.9552829590597139
0.9517035536593369
0.9466511023835746
0.9314937101426202
0.9055660834458599
0.8594234446033686
0.7633830606187262
0.6451879326365935
0.5262794472397807
0.3823053257310663
0.21666480603666927
0.09593348992495057
0.062164974390473846
0.06763190135690236
0.07807998386643779
0.08117671752442675
0.07679099760439399
0.0824136576369448
0.08368475338710603
0.07915461994708273
0.07618204360863187
0.07535040492690705
0.0696101232176478
0.06296402356171751
0.07614108450070646
0.12974903286430992
0.25314203417387554
0.44743628530561486
0.6300515059798849
0.7475089473998897
0.8179511242755871
0.8736561694252576
0.916831110539695
0.9411001884682898
0.9547902644746116
0.9571421064901506
0.9590288422818858
0.9589155982963926
0.9592494766454773
0.9532221048254766
0.9489800464475249
0.9477477872368998
0.9529560331530582
0.9536124330418704
0.938599139720599
0.8773719919716516
0.7439213760153576
0.5400328217917116
0.3056426715786004
0.12404307059017722
0.0366614686470441
0.03010563811092004
0.038317723845351835
0.04634741309127922
0.0510723530609776
0.05430739416906878
0.05348396452997778
0.05164076165828954
0.04996995646498578
0.04754853269338002
0.06278006604973446
0.11910116359794923
0.2583453269671511
0.46728600690878175
0.6602421028926884
0.7752539278148401
0.8250277048538579
0.8713702023463579
0.924096435262284
0.9639281125369243
0.9667488677204992
0.9537744887688107
0.9526232774137076
0.9548780679096993
0.9550085422919312
0.9526247307465374
0.950341338139129
0.945287340134181
0.9411782639277686
0.9430000520304412
0.9440111386580603
0.9246809731598333
0.8454547129376047
0.6740572275767605
0.4004378941979153
0.18103170660999612
0.07135274992295562
0.05664427172437342
0.04119369859238134
0.048319487618433056
0.049334830130798604
0.044412450849434196
0.051089061807143114
0.0632231973285779
0.06550870223661702
0.07468562110487101
0.145350614967208
0.3043599355341718
0.5246430401225648
0.7112794874988934
0.8261120328633591
0.8929866665637212
0.9424819285039165
0.9630726346565117
0.9629671156382745
0.9641136130215782
0.9653532581496962
0.9692925136846766
0.9664958620262127
0.9648723292296901
0.9602577176209528
0.9626150469703598
0.9583319819684142
0.9504510780993515
0.9018742588477998
0.7910944584735355
0.597454760663636
0.3748184548318845
0.18484327502534803
0.08149074340562576
0.04650648026275165
0.05221015950889063
0.05513200806258198
0.05203214156144917
0.04422172629763432
0.04767785323057924
0.05180998451213463
0.06086282407885425
0.08510835544788492
0.17536537559203064
0.34905670333797073
0.5693637423900922
0.735808156250872
0.8315543734663096
0.8845584287300392
0.9198927176466297
0.9359447024969605
0.9448004604532376
0.9515314643674845
0.9507789991243069
0.9506112377218963
0.9554311141204505
0.9556514248142569
0.9472270700298389
0.9404616557631531
0.9418999436177886
0.9418747191106686
0.9420815156359249
0.9349595637759971
0.908273962235203
0.8314000925723676
0.7055239424534925
0.5557401688190077
0.34959825391869254
0.18306489037013185
0.08302115961889546
0.07376903751503482
0.05003024601877816
0.04046384055706485
0.02715644976289722
0.019150118257445413
0.02110297183007971
0.025693134559082505
0.031241013274266545
0.0408343800849801
0.05567870351733365
0.09803476742877118
0.18391691925164436
0.3399723775844786
0.5163670348921389
0.6818845729736546
0.7921310393418649
0.8728400745043156
0.9219768183969757
0.9506769007810631
0.9634587667409203
0.9731879538134101
0.978777847269421
0.9769191052510836
0.9768944014529601
0.9760392999707891
0.9640494089004356
0.9314670159779399
0.8665468736652249
0.7596837850019937
0.6290780196283747
0.4774759388160221
0.3319845745539353
0.19365725319443766
0.10201901728039703
0.05535349994118419
0.05546200898661767
0.05974534542003494
0.05647686985124532
0.051292393972622356
0.0430721250244509
0.03310952921679039
0.027341331188200837
0.02802107932194271
0.03225290155167505
0.03425551992603271
0.04379752468990998
0.05080974393038917
0.07996627377544796
0.14008108989353674
0.25436042908624523
0.43194918895505424
0.6169955534514993
0.744759982238085
0.8086869147591537
0.8621101330453854
0.9105308718503897
0.9449834617546313
0.9647737563980393
0.9674507782994359
0.9602264957485238
0.9542118914322599
0.9553308271153038
0.9597561811440588
0.9585628314608574
0.9519666778382079
0.9443789255018238
0.9398565779766962
0.9365116859760656
0.8965602833955328
0.7697450248734183
0.5787555315209917
0.37327239245208005
0.20480840189018013
0.0867536438195051
0.03757680634535203
0.024625635054860085
0.026339410733148303
0.023828911050411482
0.02416484433450799
0.024074930024009976
0.05105199054114448
0.10273722199691805
0.18948795694397264
0.3224542245180217
0.414861649871201
0.5418367952341931
0.6735876142972427
0.8127728867939454
0.8553861738783796
0.904542894648176
0.941253770118344
0.9571809090779503
0.9573306514635912
0.9544959255042119
0.9532987354580462
0.9519951879325119
0.9510838641127551
0.9469269762913559
0.9487104055572795
0.9539764058891048
0.9491511632217352
0.8930905388850625
0.7658159700746946
0.5713934764512196
0.3603618106076317
0.19053268128369572
0.09453118456682866
0.06088893014823899
0.05186985875975671
0.04964963290252308
0.042990824108287126
0.043455081414512396
0.05035706999888309
0.06977131833358366
0.11382811105771797
0.21811435117373235
0.3506868469958504
0.5075408147561566
0.649086591557903
0.7674692133552095
0.8299376796897344
0.880498031454255
0.9197871828137627
0.947489828521475
0.9582614163465437
0.9618681266064956
0.9652251374241876
0.9672700287066341
0.9673470050865023
0.9633037431069331
0.9668688935061622
0.9676406242304302
0.9356282421106834
0.8370740703840663
0.68353778855
0.45995775301972025
0.24428826583186364
0.09874470284362064
0.05372738135834417
0.03924746690169371
0.03806380000402377
0.048944469592204276
0.056529257218858354
0.062580297854864
0.06368934152490391
0.06561946641898306
0.05733445343763359
0.062095348787055527
0.08437876807789546
0.13588918124167568
0.21866293929569697
0.343175421681004
0.4799883266193055
0.5967254191923936
0.6752893921838979
0.7385269340674503
0.7863992488946272
0.8115028825892967
0.8221570439832163
0.8404835467478278
0.8465782071256999
0.8438083116618453
0.8360301253300774
0.8296432081153584
0.8102576498534557
0.7683282060302483
0.6284857292116336
0.43551921881510375
0.22890260270886487
0.10911957492227925
0.051928994467838815
0.05728664148653336
0.06203069073096493
0.06825346395451597
0.06692365616290714
0.06640328853069408
0.06613800233171711
0.06521276725034586
0.05735996267342511
0.05869260801555243
0.08021651205412399
0.11469683360716972
0.17477473017039857
0.28170504607901425
0.4568543790384657
0.6356637880868354
0.7666102072081359
0.8402096211217933
0.8975456804828614
0.9390191875597687
0.9626903280262888
0.9636069285754412
0.9640251613240749
0.9695443614831393
0.9822621377015666
0.981736704058929
0.9732838284739144
0.9271052392263702
0.8177858558083066
0.5934140023526576
0.3315459882709637
0.13968813118352
0.07603441327273383
0.06642275712910124
0.05933826887474105
0.05075796827854167
0.046527020613014475
0.045245777353416575
0.04308283687766254
0.04042826992247418
0.04515566550683816
0.050816589305872184
0.05899585077948456
0.08576138923543175
0.18454806509915836
0.34542316749190066
0.5530967347999384
0.7127432145212502
0.8077865088038022
0.8441926627733137
0.887181539058113
0.9244623181576588
0.9446048051609385
0.9502303891832418
0.9510173697943989
0.9483607250974943
0.9460327279945745
0.9509193854713309
0.9587394030688663
0.9666420668465712
0.963440546567207
0.962390168478641
0.9375604216216061
0.8906955755584944
0.8119171127612725
0.6901569404406667
0.5098630554276085
0.3127646350399349
0.15558777982894534
0.06758606702153018
0.031855342035027344
0.03320313038857614
0.03133821192526595
0.034009275349442855
0.028825212202726408
0.03346697707660991
0.039874455167535336
0.048975185675926146
0.052243693486793696
0.08770020969905244
0.18332309923426807
0.35276689107928094
0.5508173400664433
0.7153278923865211
0.8083705374078664
0.8602334240428597
0.9054661867752207
0.9380510228492023
0.9571377856478482
0.9717573708039069
0.9887900561079308
0.9979543124270704
1.001422203561603
0.9975358496050747
0.992524448198665
0.9851477425256036
0.9802042380526504
0.9333602248562394
0.8558694185061133
0.7163117922776365
0.5170523618674696
0.2748226584976733
0.11288423059307984
0.05824665788549588
0.06391484054507711
0.06010196100298197
0.04995513333214274
0.045862938757894225
0.047677102553403766
0.04607513993749365
0.04748896804207614
0.05184176237487909
0.05807790128074925
0.06671873619252428
0.08164986887373943
0.13075351447160338
0.2502392780865605
0.44363561473181756
0.6304106121233564
0.7543280304080466
0.8210666306840457
0.8779756577664409
0.9332173672948435
0.9737605311739479
0.9868063439369721
0.97861835739483
0.9728655436970307
0.9769352199481731
0.9856966292217719
0.9855645066402603
0.9836743588274086
0.9850393956738024
0.9843642874864138
0.9385464826385082
0.8502760918543081
0.6757860669276539
0.4817668824963196
0.3040642505148376
0.19311049592348256
0.10656569797624113
0.06458343983357952
0.051127066783064355
0.046679166979340124
0.044874657526722414
0.04613312263257506
0.059434172852528167
0.0801807088199015
0.11332757648922212
0.13992508878827678
0.20578154588270053
0.3034353739928135
0.4521271454246457
0.5603617899756703
0.6696158421553096
0.7332822766458993
0.8021857225568675
0.8467366378633078
0.8975501058755577
0.9191341705550214
0.9329487885141996
0.938155452588418
0.9317124210355
0.9155423608699895
0.8901521190706804
0.8378740679191735
0.7691276886899807
0.6840487924754115
0.5971805142019995
0.5432264344849507
0.5061669550310294
0.45813784804491436
0.3917854988366628
0.32932416192643155
0.31898275994610026
0.3387526506977246
0.3418970132743867
0.29387669658254345
0.2502301895755891
0.21482185395428646
0.20044047500494075
0.2062706815699604
0.21960271952145705
0.21460508222784558
0.2309996249357422
0.3049627284696176
0.3891787113166728
0.4387595691893185
0.48429972240709734
0.5783209244912468
0.6979300094011108
0.8153191625472577
0.901227295052446
0.942898318597157
0.9571840276648094
0.9668951514098875
0.9694250006983163
0.9704681700802464
0.9710133361336992
0.9723687613413357
0.9738181555427747
0.9755871210242283
0.9805145798728445
0.9730623070735787
0.9478604574350038
0.8748328617138342
0.7186012835386019
0.48701268239800466
0.2709986265697986
0.1331025157550552
0.06638277164390408
0.030747729721769104
0.016660653056183874
0.013236394329163077
0.01844009368092169
0.02817604886855893
0.043206105297230735
0.049737137161192754
0.04691727344210454
0.07295171037379725
0.13813461253796377
0.23854801495894307
0.3592031763231812
0.49982620202986117
0.622030029388198
0.7024612520941209
0.7599530226789777
0.7987125536961059
0.8277607235405514
0.8451590933388888
0.8765112602001146
0.9066148803794759
0.9301752424918293
0.9391835611005024
0.9357572685470844
0.9169628149907056
0.8642304722490983
0.7792094738783677
0.6402537818919323
0.4684882378050625
0.293082044991048
0.1624519690811189
0.07934990883348214
0.049662739985372815
0.052739503454847556
0.06192265230130711
0.05985125382054913
0.058976623602467124
0.06466056929878838
0.0693448026202217
0.06929319388951154
0.07215368214100992
0.08642965921644549
0.12254385425466849
0.20889586343226144
0.368717796495898
0.5515667471599052
0.6897459895648657
0.7695020759252933
0.8343866443974179
0.8889479215980639
0.9215137635325026
0.929813570077473
0.9306617154919581
0.924286455928018
0.9254454097734468
0.9344065508523436
0.9370271334006488
0.9248283261816402
0.887791810225675
0.8188799840331559
0.6657923560889256
0.485986322299883
0.32560949893521085
0.23441088238780344
0.17505431166030724
0.12806505380233163
0.08772634784282395
0.061636375862091176
0.05643121109965216
0.05177534970140306
0.05262794655395099
0.05135737016711308
0.052179229175864365
0.06501140132854288
0.090214549084248
0.14600305787785584
0.2548023915297005
0.43314133315482706
0.6168978372783825
0.7544985966946066
0.8280114957125848
0.8725234067965778
0.9018218218077378
0.9121791053136155
0.9118727384198463
0.9031725341352882
0.9041576778743583
0.9052235786141231
0.9025991571336074
0.8931626587638358
0.8911617505783892
0.8950646874808356
0.8795386251230202
0.8274749571617066
0.7277933066863748
0.5671594552561008
0.3672453148894853
0.1882688963109585
0.0786113876424704
0.03785867260162523
0.029232072740002033
0.034322328148754286
0.0321195954494882
0.0364230878622481
0.037090485881301954
0.043585729893188555
0.05644908571968099
0.1036068935129903
0.16485260188619186
0.28776896764152315
0.4182114878556608
0.575952606535185
0.6791465379332631
0.7631993372465248
0.7992522958061572
0.8462664972423725
0.8866767127052474
0.9141512738318992
0.9222321606883964
0.921991958852447
0.930349684836443
0.9414906997477241
0.9440760022725525
0.9375877826742749
0.9337337639058515
0.9333448465116415
0.916137425679342
0.8703519888286254
0.7694967836750194
0.6220099189081005
0.427141062151166
0.2547512722003965
0.12541628367615937
0.05758775949031264
0.01563863485037119
0.009317964291290554
0.014193924038896159
0.02040476989432892
0.017682631052038968
0.01621878989170958
0.03228698505899054
0.06573977834298306
0.10792238434200123
0.18759433522289432
0.3309143165110875
0.5144536200177794
0.6547889583911061
0.7401700064535104
0.7889244980621448
0.837276053672891
0.8802903118716354
0.9074281011593609
0.9110646408540687
0.9033236899679646
0.8995995930575118
0.9002975431437847
0.8993118436358619
0.8950146837764847
0.890463410659906
0.8832677489173656
0.8753253643441529
0.8439305479790564
0.7740627815478013
0.646034080369192
0.463340206298845
0.25559983555208904
0.09643026170138039
0.028551546342709733
0.020484424811327173
0.023831959370550465
0.019157931354511055
0.017585466845327698
0.014304829829456935
0.020332856355730407
0.026198778025132687
0.03377756040855117
0.0462654012103257
0.09449944041501028
0.186115049561112
0.32942326592776117
0.5025707388187423
0.6379749804582602
0.7198951941986869
0.7786590716878425
0.8388407386618112
0.8797808015128697
0.9106600019397753
0.9295316081415068
0.9423451959188858
0.9511436014146084
0.9590717539206107
0.9599225493532935
0.9556939085302253
0.9639385239248461
0.9548413495150196
0.9131991485471054
0.829977164692476
0.7113054558034605
0.5366543306168977
0.3557233873013251
0.20057345766459833
0.09868033277684635
0.045987295606385356
0.03680956090830208
0.037999698451512534
0.040735661261235546
0.04175836620390968
0.039013510949693
0.044919159581184594
0.05365349371224343
0.06059573122284177
0.07053824747739315
0.10977746241546796
0.1983340743576324
0.3552301819700454
0.5363639108906522
0.6895519891540716
0.7791281706302036
0.8410820822018741
0.8869446570298767
0.919512580795031
0.9268532383182327
0.9323066972303342
0.9451724363958875
0.9565394358970015
0.9587794844167752
0.9476875765108466
0.9373229423102051
0.9348323985986462
0.9338578408545531
0.9235717484971789
0.9074824516892602
0.8690154989974108
0.7838374666512515
0.6116652868588128
0.39801020182356195
0.2043052420282071
0.09702533347186287
0.04195451237747459
0.021679776439305853
0.009666112879907093
0.008317102333965334
0.006138847923370364
0.008165537711612512
0.009687124463145312
0.010918197236363909
0.01655197040783774
0.023146563079305474
0.03968081907475399
0.0726745394794943
0.14585913583409135
0.2762614249985411
0.45900583293313646
0.6262684169746235
0.7325407031231059
0.7882119938801571
0.8354035166309858
0.8768606725588601
0.9068394624708058
0.917416058703065
0.9204547568345373
0.9265904413867421
0.9331071139349656
0.9287580705357326
0.9274663273739635
0.9316270854819206
0.9273724725457144
0.9033741143725698
0.8741234359779569
0.827631758291639
0.7235979219081744
0.5485818887459473
0.33698153875385956
0.17071398652125871
0.07695498613622305
0.049226881132809264
0.040820017287898254
0.0442990823764883
0.041789905524457875
0.041253146236925255
0.04679542595307709
0.05300257448509921
0.0535042543235571
0.05538813093308549
0.0838014080925952
0.1406271090090725
0.2468570804654464
0.3788508953705453
0.5445581197016622
0.6655121965747698
0.7500541237663771
0.7912982317977947
0.8374155148612237
0.864229902653125
0.88696820887388
0.9006319109821814
0.9060969965102169
0.907446837468078
0.9131295750885854
0.9222142095052885
0.9357452362109322
0.9363662421059218
0.907817654685438
0.8404501265856461
0.7024957525677873
0.5637840261744611
0.39631728732430616
0.26914207149406144
0.15247055864157422
0.09793160638553985
0.04856167113042116
0.03380777361330358
0.035708925245520745
0.038109031575232766
0.03783282398274587
0.03284373878635433
0.040081039986614164
0.05340609633451235
0.06556772378746319
0.07642493455894038
0.08351043034443242
0.12086682805005669
0.193368637000325
0.3321983825103264
0.4906804982717105
0.6313363754956414
0.7091615528898934
0.7576930663046153
0.8080802431922396
0.8600018021535406
0.8990820101247543
0.9185497657095895
0.9247002114735197
0.9333080615002116
0.94043362910722
0.9405116259539174
0.935555690799196
0.9259257476640239
0.9203330295863987
0.881370786818692
0.7941214102686197
0.6114372062228346
0.3800855920852618
0.17922765673513108
0.080307822802992
0.042793349110185265
0.033178395143044645
0.03416251155448603
0.034523719108965706
0.03297593000824146
0.034637199831834026
0.04052183233248786
0.04162964961693867
0.04439184186649756
0.04335722729985326
0.060843009644145504
0.1078939882606309
0.19961977154257635
0.32811344061273423
0.4668532848658204
0.5998130358900959
0.696970594618623
0.7564502694582034
0.7890825462367637
0.8370106629134575
0.8812725208191596
0.9033496777636562
0.9015644206827516
0.9068156047543416
0.9131458003326814
0.9198632316252349
0.9128203081418359
0.9077158143779058
0.8874531739583256
0.8391776951634471
0.7600403589471545
0.6238135854206476
0.4346113610358431
0.23423809934754725
0.11061784864292712
0.07306686444164502
0.06953114165312108
0.05697930968854022
0.04219145107230617
0.04607138482676196
0.057839628457988276
0.06006923798856189
0.06417275052551537
0.07012954409199305
0.07240884528762574
0.07885319305824828
0.1049989157344385
0.18355970572305222
0.304779465719341
0.47074405924968776
0.6147201936682444
0.7133325984391707
0.7662541480757405
0.8062270976746018
0.8398375399565643
0.8661183467500135
0.88235170748169
0.8979928186991962
0.909574351141376
0.9044237719314191
0.8937526500662296
0.9029983717054009
0.9065948643414192
0.8965234494395226
0.8718743630245076
0.8417849907264663
0.7545285075501982
0.6254062817896782
0.4517011537647228
0.300276814101451
0.18462481996105617
0.12153310087703048
0.08206561995004984
0.07819655165635048
0.08359729271015418
0.08807034600684627
0.08426236567485007
0.08465590599173206
0.0799807519022947
0.07705869152613604
0.07579443031362981
0.07996311568795857
0.084814518092706
0.09779040355559164
0.1458931503991674
0.23938718712442275
0.35201111701488175
0.4811851412274773
0.6152204301416414
0.7239846266707
0.7974152259880175
0.8454084297809872
0.8730488345636489
0.8844849955502813
0.8900245815424608
0.8928728559335712
0.901051755800756
0.9159361464646913
0.920546301146138
0.9119547820127164
0.8962716236339845
0.8612233953414647
0.795239481277985
0.6556169282532313
0.4663160176769053
0.27071846901113983
0.14785500446576583
0.09374749808094465
0.07871079068410812
0.06667646204503237
0.052223233468836956
0.04687530040026272
0.048452089843979626
0.05413830473466563
0.05515198206578367
0.05816352615643153
0.06930695813011126
0.08371316036785831
0.11212962398562337
0.18663393767353592
0.31124068744131683
0.4669262489928168
0.6008383710941048
0.6840414417295062
0.7240322389514222
0.7672540363892755
0.8119831331613654
0.83953830534192
0.8470823600880264
0.8576684389358517
0.8624569300807176
0.8608022789635427
0.8585153836854826
0.8629773328813405
0.8641386850738747
0.832453802119767
0.754229148741002
0.5907290585117029
0.3989811703330446
0.22168585165913313
0.10575160445902329
0.05204118362408525
0.060731383016533386
0.08436944780170777
0.08536115575878819
0.08000418221973475
0.07597083966887014
0.0779569662804287
0.08498259237321318
0.09464106364739278
0.09668102466537601
0.09384190985651533
0.10435219574477568
0.14701943393446562
0.2165298163529168
0.306350026560471
0.40138757880820486
0.49645999831753274
0.5732953414642701
0.6247447013007668
0.6925154957042633
0.7665941231369108
0.8286882384434422
0.8412655149312014
0.8502807957866514
0.857552679477761
0.8687486954285458
0.8798560216884839
0.8732448388941291
0.8343725894285069
0.726743107429912
0.5685220837351547
0.367420400147463
0.20236314522331866
0.11528230292053483
0.1009991568123004
0.088071552948523
0.070110521479601
0.04667382282182865
0.04043249587489272
0.03361764849019729
0.043313168962446746
0.05542345725954262
0.08038491338464626
0.09866140814565023
0.09805017067512072
0.09327033872412918
0.10419614166229822
0.15754770523251127
0.2515455458456668
0.3745719364453035
0.48990297602581856
0.60709754759424
0.7051290382427873
0.7730137008010386
0.8034477155920574
0.836366660216881
0.8577354364797809
0.8644495701470396
0.858924564935309
0.8532588587288591
0.8420442056090347
0.8355068084709552
0.8180971227173368
0.8112191967989419
0.8249318916597405
0.8348796550577254
0.7719577976678047
0.6168249049702628
0.41823383092587924
0.22676440344471666
0.10913183541042333
0.06569015722673187
0.06570743943338546
0.0666556381808581
0.06612580277971832
0.06538227539578095
0.06404437659368648
0.06835173956589612
0.08047621011388811
0.07960900672432397
0.07320882526253489
0.07996230692515513
0.12738853413527293
0.20854818753958865
0.3318318162258767
0.46611324395572046
0.5787061609843367
0.6700538919124094
0.749529215190931
0.8026721212612
0.8254704671193742
0.8531299315561811
0.8785205119518997
0.8988199185797523
0.8987011533334629
0.882269045008025
0.8394905959345151
0.7874105837016998
0.7372389361563977
0.7458524763182144
0.7701517530850976
0.7916552386911432
0.7716335924904356
0.7052245932560157
0.5781356148460552
0.39539263186346824
0.20424295307980112
0.08329268808960455
0.07027067496437092
0.07867563919895458
0.05906569407711018
0.046054836841409784
0.04385206298353561
0.04843730895687844
0.054102915779155734
0.055011919758290825
0.04668681190893677
0.04796706523352086
0.07251079889954185
0.13570167870679944
0.2316657501227508
0.37231756582939335
0.5224859374712663
0.6369534350425277
0.693695197087681
0.7313056940778409
0.7761513711269907
0.8117284574412582
0.8314816097937414
0.841401972393494
0.8530052860979893
0.8576657120033955
0.8455842632128849
0.8316937833983211
0.8274494093019222
0.8361615423707998
0.7920206346826233
0.7130979010814289
0.6095218174915616
0.5077979333075355
0.37988392876331045
0.24920286432064662
0.14078417903393275
0.06911799862891319
0.03815399432334882
0.0297469809058876
0.031326383970099445
0.033338331424398
0.037637028358323915
0.04924814692825762
0.059830342911201186
0.06943823070853108
0.07196706781963583
0.06842499799006846
0.07007166155440006
0.09008284036959148
0.1565125300861973
0.22759312245921906
0.32153616367011617
0.43006234802431353
0.5424969567074402
0.6096715467977315
0.6606730672918624
0.7139207812749755
0.7540070643825456
0.7878031043165701
0.810079455156874
0.8243534154281513
0.8335827131417386
0.8478708720397334
0.8607931320301079
0.8658918093342287
0.8679899790348733
0.8713889130744294
0.880246177949371
0.8862760047965254
0.8682009641526285
0.7520405337057293
0.5776998171824419
0.3656148528903616
0.20911443972495175
0.10276367999649734
0.07437079912031973
0.06368945055964102
0.06015463707576078
0.05572419323469928
0.05277095745417318
0.05398013350498823
0.054380653646839694
0.057188464872553614
0.06666316728216952
0.07782666569243721
0.07955140482915805
0.09334702527029191
0.14400847299389624
0.2578924878925389
0.39784644710248385
0.5284980231440943
0.6135030504980367
0.6747225597269267
0.7328207915955703
0.7898273774113327
0.822107941312922
0.8096564749989503
