0.40840336134453736
0.4671280276816591
0.7411764705882327
0.07563025210084236
0.25077399380804866
0.5294117647058817
0.9999999999999948
0.30047694753577253
0.11621233859397483
0.5955882352941164
0.07563025210084132
0.15882352941176486
0.5955882352941164
0.11621233859397483
0.2507739938080512
0.5955882352941164
0.3004769475357697
0.40840336134454125
0.4084033613445353
0.3004769475357697
0.4671280276816609
0.20361990950226216
0.8215010141987841
0.4671280276816609
0.4084033613445353
0.5294117647058784
0.5955882352941236
0.35294117647058343
0.11621233859397483
0.6660341555977249
0.4671280276816609
1.0
0.20361990950225725
0.7411764705882327
0.11621233859397483
0.5955882352941236
0.3004769475357697
0.20361990950225725
0.4671280276816609
0.40840336134454125
0.5294117647058784
0.15882352941177186
0.35294117647058343
0.5294117647058784
0.6660341555977249
0.35294117647058343
0.2507739938080512
0.0
