4.9558701853334775
1.4366302138105722
0.23676965353776952
0.2754852825419674
-0.2907195268976713
-0.11103115700868751
0.02178339604884894
0.06739482441011192
-0.15559668441778476
-0.10336499058396512
-0.08106407998902598
-0.009527902737742623
-0.16933034494825752
-0.22769883168212385
-0.14605952988096196
-0.0900645869562733
-0.4093349109838075
-0.43332685322613707
-0.008598495498552962
0.26383707485524216
0.052992040828139256
-0.15132855690416622
-0.19620161365865313
-0.3106751682695053
-0.22939760561883743
0.05975682603816647
0.08712313792672567
-0.2329296569072104
-0.06199956596361968
0.08094281854253513
0.23148564491419193
-0.07855153915357269
0.10984358591988691
0.17775687856011302
0.11915383171178283
0.08597905699126303
-0.029583242500033184
-0.9110077230005558
-1.6923029428022034
-2.409297533345575
-5.06867411291269
-8.55067260421774
-9.18011185875895
-9.009118307678124
-6.0073656650165255
-3.585600021994117
-1.3603974960586975
-1.8933071207684777
-0.6007374178670934
-0.18877397266970794
0.1503864828778994
0.31862621823692777
0.7324201270838289
0.6802576477126364
1.5604238942619906
5.794705371444196
13.251640231381481
13.394700860864486
8.170734399824195
3.4432467664718893
3.214131637131263
1.353808235494001
0.8603158121919061
0.14944466928291264
0.0533998400918562
-0.24734965956942556
0.9016021690265862
0.8010456114598437
0.49557375702873513
0.048512444819912744
-0.21199904812538492
-0.4882436678450159
-1.2210216100836027
-3.2275822324328556
-8.735537149457675
-15.293930631789037
-14.918440639799297
-7.779000694755167
-1.5084666167460945
-0.4262981274124192
-0.511570742697477
-0.16656296311813523
0.24852846917104535
-0.5752546549351966
-0.48962146930349176
-0.46076879778132485
0.6239493377579902
0.5246049172381468
2.0427306817514306
7.842146834643466
14.147980475878462
12.96688550550727
5.739068796727176
1.7411888785696723
2.2172724132680637
2.0755573762743804
1.5916102232988882
0.7440535846803202
0.7084234688405087
0.24631869471124812
0.44815805280311755
0.12531361369985605
0.0010354946351576087
0.29072477096653165
0.7639575963968497
-0.17925444994392017
-3.9321800091801022
-8.156459949961908
-13.02414748530073
-13.534583102631476
-9.889975371822768
-3.9539752756118225
-1.7025709882883406
-0.43914255302494043
-0.22817698590321786
-0.0008246997893209708
-0.3580442479768904
-0.06593507451086464
0.6707866577586736
2.2287635614079826
5.361006599224252
8.530566106049147
10.635364221605125
9.868980053837802
5.960143427646044
3.2712835034382164
2.334100486162049
2.7899370043208025
1.4953572993786244
0.5334330806553474
-0.07785435406054739
-0.20436082291453178
-0.12139175736506179
-0.35757967772081306
-0.4421910339519435
-0.08389508503179129
0.36501875306811943
1.0963921394800682
0.6968774090340137
-1.0300488800489251
-3.751481304257942
-7.721904940633185
-12.799007740213899
-15.298629258990044
-10.588488935281166
-3.4156063067132454
0.014239240145866009
-0.2975434757960315
-0.10269236862274161
0.04379596504460575
-0.45236255374429807
-0.20383336175045882
0.38574747092122863
0.5847141677389784
0.3709121627967139
0.5301499577719692
1.206390248875603
4.209189793880545
10.274041586832736
14.49318562495618
11.198004525726766
4.9508467913777165
1.902763828355969
2.532162140997165
0.6993586140326149
-2.918527373843004
-0.8491645594202065
1.993500086142584
1.9423572540399971
-0.7880954681542846
-0.10598638195881398
0.4011013226747876
-0.017266446265942266
0.19677140695457965
-0.6763433168992574
-3.6466421947423444
-7.98511449465216
-13.462025581137059
-13.186994804435404
-8.01138395496594
-1.554549036623311
-0.37347931645105076
-0.18412859402174733
0.25690120468927274
0.3774714216894542
0.08806540278043039
-0.319330602073514
0.20649841639434885
-0.027416654092566425
0.41529736737978923
-0.11281439459862835
0.597271569505697
1.151239920453279
0.06668271526366616
-1.0573062368995636
3.7073659995624233
9.585551717358383
11.629263041731212
9.585476002211138
7.370566984202242
3.020588915769182
1.3056041759234251
0.8313965769824047
0.24902733643988517
-0.6711901203303273
-0.3799816349745756
0.09986807817882229
-0.14527188753397144
0.6476490717086981
0.45527672604084685
0.1862667371814426
-0.2768610647368229
-0.5272011980582969
-1.7658797631071694
-6.72370573959504
-10.744188696455021
-14.44837514211976
-10.466747673568257
-5.091170817616305
-0.32153724491591
-0.6577592643484911
-0.2801474029539579
0.1169971071744047
0.38025244308133166
0.043198253490818614
-0.01564830887439353
0.20779794793033107
0.20810866668384143
-0.2252447577564355
-0.39923399721320674
0.10527476274824112
0.3378412635850902
0.21862767241239847
0.6737117797494141
1.6922626243522414
3.897376888544178
5.986799308013925
7.0566261943613915
6.273479603702343
4.552410732664181
3.2071912004697483
2.4406799368085563
1.4812094514473815
0.8058763345458304
0.34056026008604146
0.5501011685717014
0.43706090674399833
0.6226812835121054
0.7498010898651901
-0.14712956834989352
-0.9662689429344663
-3.9447472497319045
-7.79744109367165
-12.369930366795991
-9.667749876271186
-4.815068699795463
-0.9489895381901196
-1.1423829580478497
0.020623515232246554
0.03494395002154106
-0.001439367514278483
-0.12338236054701965
1.1025481970682989
0.7697071045310252
0.10830047354104516
-0.7217295128686392
-0.09307407459212691
2.8582892558830175
10.00847321973861
14.448001765467412
11.446166486896221
5.243028747056556
3.3704246802012126
3.0868040235054917
1.4521309151559076
-0.012183299820647297
0.13928269257395404
0.4500775497192849
0.4797265279243574
0.05160083138081602
0.519606103943899
0.26278850291829065
-2.5385029309751816
-6.578093615546986
-11.889874068820713
-13.814886470120449
-11.595548404986499
-5.434466995847844
-1.9472133855472409
-0.9143127318567696
-0.24638896454466228
-0.21231555706980001
0.11776320378591415
-0.011228009118602096
0.13845630786365923
-0.2350161315724507
0.3153031389197683
0.3743958401233829
0.09402122830967882
0.14467059743332952
0.4141242308152991
0.4909884618016034
2.393875237223366
9.957299264864387
12.06319707841109
11.250295633216428
7.338867901090022
5.555925367264649
1.3841912128436178
-0.19360480973164965
-0.29530310798357434
-0.9436031688222613
-1.068090713592577
-0.47845142912279875
0.36957374479147065
0.1295076478378059
-0.5933555405493983
-0.864617016343666
0.3876799629348829
0.016374308563795795
-4.160239807256929
-11.537918189062056
-13.811194046338931
-10.41715629920625
-4.55353234281137
-1.9002143527952202
-0.6500061626272221
-0.6481752495451749
0.6024967799664813
0.4297969685174574
0.3109389099350572
0.2772585504565882
0.3620212256762047
1.0302501298950182
1.012561975244311
0.8954569310178413
-0.027539373241827498
2.286935592623264
6.689689448857297
12.65582236005449
12.386846186220195
8.169909956621728
2.6267967367164884
1.6070229060577659
1.3563426523778737
0.9117480288735657
-0.08403024894181574
-1.4039436414864408
-0.415479773716018
-0.23814617432549173
0.3721337506707125
1.0106064741373086
-4.061786645232107
-6.853693374893437
-2.134873537539715
1.7837555050553797
-3.6561992237457703
-7.848856693533489
-6.6327628386385795
-6.895463894942248
-7.370066106060079
-4.488849087186486
-1.249244646082435
0.4700230979310585
-0.0701371740696424
0.07331716802456532
0.31529133007706445
0.08474590445966909
-0.8339128960488359
-0.25740013679108364
-0.5701884206025529
0.4887818310105977
0.801293547278213
1.0566257149204867
-1.1215647966731184
1.7048448989148137
4.405733201081257
9.712871094649213
11.655156212109059
11.791715682964114
6.225977533522844
1.9802355433476695
-0.27696986847133165
-0.5842980127453655
0.6263881979245056
1.8007118482946514
1.3186571761066592
-0.16669814195117208
-0.9063031241668439
-0.04366159479442426
0.5785864787088023
0.23095401348515926
-3.752108337510549
-11.409545547723846
-16.20077762778063
-13.730782171133571
-6.1767788145054
-1.5224160220250402
-0.39096286648692347
-0.45952625026658767
-0.26238979500517634
0.2813629267292868
0.042407977072461564
0.7008870538496587
0.38131533272309664
-0.1272824959341275
-0.5921013826864803
0.549996284130222
3.0133314760092804
7.921911189403441
13.171584633114628
12.509421686821437
6.659037137554955
2.2848552242830813
2.3218082398651814
2.5821596296931686
1.7342895360006434
0.8265257271098976
0.0003736305257984198
-0.3294496529119762
-0.5807820895244341
-0.1712358850822288
-0.4096497688314563
0.2504321560340581
-0.23846460291860525
0.5522527748470882
0.6191279381423346
0.06718606828700426
-3.1034577683484965
-7.352654557208657
-12.589517704056641
-15.091948437860783
-11.36531834256367
-4.6246994010822995
-0.9694459147177531
-0.2867545588759711
-0.658943603835083
0.06716902662800342
0.21610371452910201
0.5068821383159724
0.06864342526755604
0.1385940397969828
0.43942729599602864
0.3375046955321017
-0.17080459875126108
1.8889029592626103
5.1640105774285825
9.582699625390095
12.2155154726681
10.431648533976809
5.813827102571672
2.9872897684653905
3.139507600491991
2.200475404478669
0.9064219834790098
0.022692468256220257
-0.24726321888482886
-0.45716856905831654
-0.12544643262560706
0.5161395540148824
0.45183374751855016
-0.3460472146590122
-0.40731035119168235
-0.8530311063617088
-3.2987877075034726
-5.757997463422298
-7.081847703055209
-7.02104307891476
-9.41270500523207
-8.489924226638713
-7.314674230705363
-2.8176083626269475
-1.2219190576545127
-0.16473986478554598
-1.2399024779220693
-0.39474947468503346
0.08946589773932469
0.15241333005148947
0.5128462261642415
0.5721891741661188
-0.1780964071010807
0.416441121435932
1.3143550444905305
2.368973723999036
5.095301690584856
7.804890962752171
10.819929327538807
9.32430814729213
7.039920598177887
3.8558527305371784
2.969156522642835
1.5969284467589322
0.6070890456812429
0.7011170211369284
0.620007078809919
0.7498442140153276
0.1631427116513503
0.20220918639554147
0.23655968891387702
0.03347803838682019
0.2195847216543336
-1.9411805391848518
-4.1036959272802935
-7.242342194724078
-12.135741584160105
-16.626945766599498
-11.436250723877464
-3.011702501773306
0.9618081158686265
-0.15239953592986263
-0.031271166741335094
0.47694622290556904
0.02134166790014446
-0.2692658899027172
-0.31712563723465687
0.5143673469612945
0.6822999342446815
0.6573199254297667
1.077059986560245
3.4323299539442744
7.961311891599507
9.968920778794683
9.969973323503917
1.9118874034670434
3.916889712087184
4.670671756452895
6.366425455747541
-0.7457902413763897
1.0116255777417067
0.8577652591374662
1.0938927543148258
0.5254118133362239
0.1482811592146464
-0.22177148417472575
-0.5204020567354214
-0.39456780127253865
-0.4132842098042716
-1.3157979434873617
-2.2051167108379612
-3.3294550044348767
-7.473146811215759
-11.583257829296457
-12.544649091207038
-8.477399449180576
-4.445413106025326
-1.0591010801454759
-0.2904363689240283
0.3202501409685664
0.35748940328505086
0.08731858139129282
-0.023481731035621626
0.40158561800254927
0.2906528040411931
0.33841510993733986
-0.06554388690239173
0.25450573951175565
2.886767556932654
6.555478563266597
10.794231202023745
11.222742696135207
8.505684189071118
4.508142517866141
2.9159357094263885
1.9360281571222773
1.1082909720268823
0.7063785110294687
0.27634086848745865
0.33056527013452286
0.8104505547515314
0.258505759837389
0.2915194390828179
0.04736028045913874
0.21981717971646303
0.021402541896166128
-0.2147643240226349
-0.3031470765457205
-0.90944353445732
-1.5556576018055406
-2.7685583305496326
-5.762423039078259
-7.091707678928366
-7.13450912380841
-8.638447290523356
-9.938431181663328
-7.243878966702761
-2.0261109320687187
0.32801561798569473
0.6268849505721611
0.18580401947932831
-0.2631431952019802
0.3373596019530319
0.07626574500967781
-0.2718080064013845
-0.17835458030706144
-0.04989832090348702
-0.3444169025555745
-0.3987659793557973
0.7906236563393817
3.2164769018160473
7.40358007857357
11.657655067905022
10.956913240455657
7.047446485200689
4.2265306125416355
3.342302708980417
2.590496466866117
1.4561446757157699
0.8214045603792655
0.1411105209323518
0.11320414750410338
-0.006794639129590716
0.02003270094508192
-0.36164230920006146
-0.2545235026770938
-0.0739355526375015
0.3124947549695234
0.039383993328727926
-0.9007975992763307
-3.673628864936664
-8.007036957378098
-12.233313253418148
-14.063409012787472
-10.89597605930485
-5.242896116588285
-0.3933498321674241
0.49272514406593565
0.48178135475561895
0.283496398181919
0.1941024664854613
-0.049405778345457715
-0.11059217230130054
-0.10024831159822058
-0.14528542629635413
0.9138920013812212
3.379265852893078
8.354649802151698
12.53644079649855
11.577365759033821
6.900709495329499
2.986426622340917
2.780549849550156
3.163573974955412
2.389900636478555
0.1692453110144814
-0.7784627371012721
-0.06907268130618986
0.13528742975949853
0.007828462933914706
-0.14302869272362084
-0.1370035564445116
-0.30323988029686433
-0.24654457238475994
0.1093072861603529
0.06066519765714718
-1.1598099298935605
-4.75357561333399
-10.28384912165014
-16.41716000273164
-13.164371255274496
-6.580737401222103
-0.8825086919149824
-0.9270343879194787
0.4275473415631273
0.06092055074192986
-0.2953427568818813
0.4005966574625152
0.7280481312861283
0.1371302944823406
0.5506151320952706
4.239899631740008
9.54055923401837
13.216986275302924
11.19818684258035
6.889952721867602
4.012478022021524
2.9697157164118915
1.2354423691556489
-0.006331141094231634
0.06878984299821468
0.07437870768708589
0.23635533209881365
-0.16779909950784222
-0.09741196779135168
-0.2768766965242555
0.14143976096441432
-0.25698390011675304
-0.4728542321437388
-2.9146091550932653
-6.646788022455525
-11.618381868593394
-13.35817834990585
-11.39851078839162
-6.2011518971836885
-2.099055788572342
0.3422207547683583
0.17531091322147213
-0.1859919900679791
-0.46862491582886745
0.20736761597670697
0.24792787689331092
0.5431703740032082
1.4547318821417676
5.415421208649051
10.421479664755887
13.218422343126633
9.986664831647355
5.744773032925965
3.1802433158239594
2.120057334995326
0.9631190910199009
0.5313454773766015
0.40386023485483447
-0.04514791459065523
-0.010065684144636173
0.28919258391323704
0.013218641628388235
-0.5054612870650581
-0.40592485600116834
0.0862972712781264
-0.0015134704272034363
0.012407791515381556
-0.4273171115956474
-1.6011360924477391
-4.612432179769893
-7.552569007132935
-8.987026418068641
-12.368514894019611
-9.992001812913145
-6.002623845074525
-0.555127326231611
-1.4243274897754803
-0.5739843277027703
-0.798443447650103
-0.48037989032708456
0.11717121435805208
0.2754097637401833
0.3328727229110258
0.5756020086428462
0.8906594059411685
2.541363834686396
5.152929109372134
9.363327499970588
10.583679438459088
9.931052284891507
6.614787982092292
4.842542109747314
2.948204633559459
1.722004943045348
0.7669119575913936
0.5837512243493534
0.33539360736067353
-0.11152452110023581
-0.001482227887408345
-0.05130608893026045
-0.7193934642212527
-1.9549435753496418
-3.8952085387631237
-6.411785319793549
-7.836345922417586
-9.096124848740704
-8.729481855725705
-8.299639281569446
-5.498294154842751
-2.7999310403526314
0.00651054272600866
0.257000186005051
-0.19610853412736742
-0.3110685527173957
-0.4932161368902627
-0.5977557484596647
-0.346091881715356
0.04078488802451467
0.253909333783928
0.12015710246146605
0.572520285832608
0.42073315442877546
1.7493917907034402
3.6068889670855317
6.856760351562169
10.65532559212801
11.102781869787332
7.665865727194766
3.8356159512643355
3.205393097173746
2.9052443283004235
2.067155394254393
1.1874176786045463
0.16062131408378955
-0.43345695305475185
-0.36087625897581505
0.06713614098263702
0.26552124172528624
-0.07160098099208774
-0.3957692173589525
-0.4552651401830228
-0.27134085150767084
-0.2006935200378257
-2.397084154832102
-7.608915511326492
-11.45936960114625
-12.328988344134086
-10.10783943371457
-7.083285484240149
-2.9506102484493515
-0.777070277429478
0.10282654069729892
-0.1506299809642018
0.020155997045791553
-0.005394858629880493
1.6186236310279898
3.1011138873465907
5.205044096823016
7.977976054443397
5.544445521190482
7.618508721779962
7.905049143782579
8.35111634980264
2.5567972250659206
2.9494032461879574
2.2026525282099665
0.9556283375764317
0.008984543138454534
-0.1700835575627665
-0.07183140276993825
-0.07821285153205404
-0.05467942918541002
-0.24941326928394106
0.10700575595541992
0.31596001990950456
-0.2895145600421931
-3.363637460200194
-7.636474128622509
-11.665349617407918
-12.661899950615993
-10.189747759435654
-5.760089803012351
-2.0185352651152795
-0.5411442833089678
-0.13321355143401079
-0.39952852765413754
0.027855438373517782
0.4141193150622211
1.1648549000821002
2.643407563447927
6.2571744069612185
7.9543497493266875
9.41123806561891
8.492746608104362
7.102957307838788
3.7481079800713113
3.033621105871406
2.357349081570346
1.6621587424628328
0.6462952695040902
0.21640261559710028
0.2014206490615326
0.12269347694678745
0.004618582792088862
-0.24259571877413802
0.21390902395375883
0.04630384345607466
-1.9207429271849157
-5.91325030359673
-9.212176910044503
-13.414802131816119
-12.940169231272133
-8.732613779294146
-2.7010392891167414
-0.8687948673989846
-0.07102001386019276
0.6528401752908676
0.4550872575992221
0.3630624381603597
0.06654262020239085
0.11580749364475554
-0.4971007788809434
0.2856537209653325
1.3370051574503297
3.0906247898269887
4.96642548324103
7.470748943118847
8.208774296297682
7.004225554385686
4.713838379490024
3.7942525130129523
2.872338889630778
1.5062180216800953
0.6392496836352132
1.0995901658766325
0.36567962267234655
-0.16619372783126368
-0.46669117990610454
-0.38321503288311837
-1.1631334957142276
-2.515766629392319
-8.39054860911736
-11.577990623791214
-12.396996966375038
-7.18698166719478
-3.4314348272662554
0.32145882112169105
0.28464295466587974
0.3733663934130836
-0.07978846749652538
-0.03122205793278582
-0.01591717193861701
-0.05551410488227836
-0.4711682746152217
0.07995872052764375
1.2914342423142293
2.0688192931828615
3.6046737937935522
6.415818954517306
10.508959977566564
10.72856454290165
7.856785147278473
4.415964834819226
3.4401635616642823
2.4884104246143095
1.4202684279912923
0.05499603294913673
0.025093964918025163
0.331152009543846
0.7630665731056808
-0.031526018558252863
-0.507172535100906
-2.770715354852511
-6.559163005084187
-13.462311207338272
-15.712080844900854
-11.511471425247278
-3.81922307464698
-0.5766993686179881
-0.42506929526159043
-0.5148180357719921
-0.25385685993161905
-0.07687459557587838
-0.12977642854523566
-0.1592740173113104
0.28364373506182444
0.3396554279420608
0.4907556884167183
1.6059323073569225
5.927200551823302
9.652506143564057
12.460414038482972
9.578788783278235
5.702597656953443
2.1843692381705826
2.579332577088105
2.2368467459726333
1.2085492201968504
0.33753504133818046
0.04721883666942974
-0.15939868181426992
-0.1396798261751932
0.2931994486053711
0.46920105585214866
0.474159826662269
-0.19209121676186028
-0.06302268531395053
-1.489784811422177
-2.8118907637868618
-4.726707767833583
-7.30561033923521
-10.817633100784107
-11.825905223261085
-9.43061131265991
-5.280102768444084
-2.143843499190292
0.08086730121293241
-0.1118951077986177
0.16026380545058913
-0.31104378880300454
0.2785058924330258
0.38444868545546557
0.5460438305034796
0.1961104686520642
2.1273909727356455
5.737373372112041
10.16662751070135
11.883026939230419
9.870633139205225
5.5825587012798445
3.11177319809978
2.7139657639418133
1.9550901644390042
1.1452057679185788
0.8771751093635692
1.0219611182414927
0.5498553791482925
0.20807346807196164
-0.23318123739170854
-0.3006840843845964
-0.44260234038361956
-0.2966102683772034
-2.810640791784824
-4.649448381007828
-8.373457573707299
-11.955565824610694
-14.533782202188606
-9.716305674276159
-3.278254362454525
0.34009095957489316
-0.22877277252572129
-0.6088096602502585
-0.245531674454925
0.10884982773057864
-0.09611775695461225
0.08482968627493598
0.26116765996819197
0.3741683343522308
0.5184500947065309
0.8958679608727692
2.9462187358720047
7.169145816897834
11.603780198716084
11.206499843490576
7.435045097081839
4.004316016560173
3.4145416249431784
3.3145025717043426
2.4325898327464017
0.7827487657814959
-0.49127919252844526
-0.3451688218679801
0.24418057506855828
0.5256845564159583
-0.007927354890696497
-0.11340886877110747
0.08190221078363112
-0.04050649124331737
-2.7490682908739092
-5.296223447052305
-10.469401495599849
-11.641151065878235
-10.662157918889527
-6.6572252754816805
-5.192687876834781
-2.518935488559303
-0.8073823830309557
-0.266873988223469
-0.10827056715706875
0.07550790635114697
0.7980630131972317
1.2447921580424706
1.9888120601593504
1.5958507379430302
3.95138742566565
5.859229686607112
8.921506285908539
6.494078673061845
6.555243130778727
3.819986069435601
4.134206754657446
2.673054918386569
3.0488080807351703
1.295043880767897
0.8288770775505597
0.31239984445312396
-0.38658189317510394
-0.970203609930684
-1.5234145079583112
-3.1366830690905894
-4.124782753751802
-5.104733772873355
-5.212096696405019
-3.2372447830231117
-2.2235687672354043
-2.88174641916645
-3.98114095249532
-3.7476802146140886
-0.6204841188199126
1.1861934450972744
0.18866175459973783
-2.8812190015107593
-2.6187904204174086
-2.1245001372778276
-0.8628827369607919
0.34981239390119867
0.799922277089674
-0.2998582376167051
0.9836725624738528
4.437786212032775
5.052958970822524
2.9748514723589117
2.732409193066885
5.64127212504929
7.176545094590717
7.043349188769211
5.154487950311594
2.5002614126828004
0.8571425440590078
0.582667424704719
0.1517909573057372
0.0625901629158001
0.032709963207168874
0.08132551245819038
0.08696365208634976
0.1061379288871967
0.29564753091699053
-0.4471363679559769
-1.5121109783145774
-4.381655743269489
-9.373894690514474
-13.895316068436623
-12.9608433496931
-8.273766648883312
-4.003184646669294
-2.13810251532822
-0.8452245999349817
-0.20545552362125952
0.31222196110553463
0.5841573112582674
0.9018033857201674
0.39186191183774344
-0.16919182314530232
1.562066215901651
3.9109741298493805
6.0248041452591
7.2393096818547
8.437381542401276
7.332229641499062
4.825873362355652
3.4495062350916026
2.3255718610273317
1.7428901906668273
1.0439021879003045
1.8811300116736533
1.8062172107613956
1.4136217267412814
0.5404991165204184
-0.20557755320509022
-1.1276672133825496
-3.163940564496619
-5.101259902244127
-8.3373415191866
-10.305932645210575
-10.524371568841467
-7.837804554596192
-4.9861236148574255
-1.7812301308866607
0.1846058081684949
0.5509889307876048
-0.12428390884545962
-0.05247781308492329
0.341036741779295
0.2810539992860152
-0.003096523842609571
0.1716292950899129
0.8565586245261829
2.1668517022935028
5.181120550654767
9.589315983818738
10.970937039841056
8.290754544296334
4.78536518162593
3.8930741083277
3.273676632038944
1.953950516066015
0.4979883926982537
0.05088872486910768
-0.3825155738364301
0.0695372307257205
0.5376684647338376
0.15723495289832196
-0.7319284331405557
-2.2221909573575673
-4.134709571551382
-9.185257676654338
-10.788362027340872
-9.622609401880874
-5.471916992844755
-3.5613942436499744
-2.819355471478096
-2.4203223575705985
-1.5653983188440552
-0.31230988574635893
-0.27935168389490217
0.05115581115287884
-0.07623458321027901
0.04931154052507994
0.7699303291605908
1.5121888653423932
3.3473105276166604
6.527960019109661
10.7003364975082
11.025390247413956
8.256045564973913
4.410773941078002
2.6707146650397315
1.7579049006697023
0.621437010352692
-0.018382013626147456
-0.522012257073515
0.05910862434420963
0.06395404438588911
-0.15746528883091562
-0.5661899021863259
-0.12005449112680439
0.2341762141467452
-0.9315637414689767
-3.1238200776789915
-5.98089902852025
-9.638031085814932
-11.994848421997611
-10.738585114712219
-6.57945052010966
-2.445162902450328
-0.5175959916974213
0.3054153245251525
-0.13216396195597283
0.25820954476555374
0.040043881143233595
0.38971464071321815
0.7718013495894256
2.829468467598719
3.6747425023923026
7.374981945320297
7.826551212847036
9.464467120771989
6.191635883885037
5.043167958795989
2.1631775135776072
2.820852086173076
2.4246129277726336
1.6484736675992022
0.4848532113897572
-0.014412110156965793
0.5014635590397872
0.6684608946767655
0.15511815148971037
-0.38929317589667883
-0.23124112610541686
-0.02333504365259555
-1.0324452499380308
-2.7471262110431502
-6.051312309216705
-8.849211886013748
-11.692131405416738
-10.343387397046756
-7.7600993114546695
-4.069711451150168
-2.5169474783966304
-0.37924023354485964
0.2925575848562906
0.3726507513259868
-0.1633283305374064
-0.08783046961976834
0.9640917100367069
2.007167597039665
2.5309563599412344
4.7803170528538566
8.599198877290247
11.01235821040214
8.420120302400079
5.12286288374455
2.9252694965176085
2.901093336644938
2.5808554919248095
1.6282673572632742
0.21819238168247954
-0.4644570531662693
-0.22344581462718277
0.041877005176369615
-0.059141970475372646
-0.2578295915626452
-0.2730763869947417
-0.43173970455235544
-0.47654307439279053
-1.8836889819058937
-4.192065985875547
-7.681722070715359
-10.961632444221442
-12.464422244806064
-9.550174431041027
-4.072722921520471
-0.4840272918829811
0.20085207355340892
-0.28044168096232075
-0.09434787055100682
-0.19683822095225695
0.3616815915764289
0.3519553001640818
0.4547269430051349
0.7492704481065143
2.8940423522812395
5.496936548765244
8.598492981999438
10.388848373459457
8.124254498369805
4.915212824425881
3.525832649349541
3.610900018438324
2.4564037710631292
1.8527520256144356
1.132296372103958
0.768815266642781
0.5279043297432758
0.47568915036016607
0.0510477259609672
-0.2537184493841049
0.4946769236771735
-0.5458304645896205
-2.498532058074998
-4.993319031276985
-7.120302533341333
-10.479067511194362
-10.855856598934976
-9.30899577820215
-6.113587493265467
-3.161582230227839
-0.550664081885028
0.07140825259261624
0.16415776858339007
0.06136229656045144
-0.16469131525301015
0.3543389178894403
0.5240600478635599
0.4165342506359244
0.5965509752729895
2.354352896284622
5.3133967165301685
9.413766456745316
10.868023735234706
9.191284695805686
5.3745708885682255
3.7172346943004424
2.7517544896797257
1.9540754259093673
0.4404394513921323
0.3272075347261069
0.7719443499330795
0.6820199700668771
0.13440291118642742
-0.6655144743556133
-0.6218780520385245
-0.14943262269354124
-0.05847346464558644
-0.6171655414423561
-0.9653578084751773
-2.3080171615110956
-5.110681940769847
-10.330330787544707
-12.81930510211578
-11.62229758772195
-6.436794513381019
-3.30424926566278
-1.2164841562901936
-0.7208198135639666
-0.08094063275649284
-0.13069526463570566
0.12160138729453583
0.09129520509197317
0.07386436639310424
0.338026390288449
0.3956755602880866
0.9920553597269671
1.9796232242841094
4.391075781276073
7.8241373498674305
10.964664476076344
10.035755042487656
6.376337168909306
3.3402774454232578
2.8314913650492803
2.4874293556726026
1.7987273947168436
0.6345957739355851
0.18232188788830853
0.36814107313230965
0.3910003528934336
-0.26094260395399677
-0.07750458970613115
0.24964548647744197
-0.25527677617238737
-1.4399014903887617
-1.7550407036764946
-2.7895006611792326
-6.242030183008233
-10.500961989731987
-12.696020999525985
-9.976053133956617
-5.6255400231024595
-1.6636863002045672
-0.5044118306946893
0.20874390531541478
-0.15055061112183418
-0.03220555725195219
0.3325367829691291
0.37242891192134814
0.03010079030747519
0.11303259657168589
1.7047966295706796
3.4095420549888313
6.3737982873814385
7.919628894306382
9.942433459867582
7.257244612386866
5.072515631495649
2.474646481885193
2.767036983805897
1.6088632675141739
1.3642983732450809
0.8198221264981354
0.32790513168214774
0.08099045747166816
0.3409642572303917
0.5450780650022201
0.8118616023386656
0.03726035369936959
-1.7129152452291272
-4.042051685987741
-8.277262441071999
-8.32270358359827
-10.048004331009869
-7.630512949815117
-7.000290771149632
-3.2723371353615502
-2.96219611530729
-0.8852338510271051
0.11406909793303634
0.14400637978269873
-0.01657245554921455
-0.29934511178350937
0.434238072015522
0.7995033808739365
0.7296976471770917
0.6514326462886687
0.42512974712945617
2.2413838623375835
4.350108537016346
8.329784730600558
9.50892694568156
8.43935263343633
4.669510643655385
2.9118908048834826
3.0232306132569846
3.1152935376782382
2.344812478272955
1.1680653350899268
0.36902674583583306
0.5164710016015466
0.4275340564205242
0.004679810801843477
-0.29735610928329903
-0.5777965881103571
-0.33556308465752993
-2.3377345660620406
-5.234962593004633
-10.96105224274773
-13.881096848255154
-12.05147612100596
-5.935190035928683
-2.2508684215685317
-0.576897238028347
0.05904698468648664
0.0216724532687816
-0.09286734604346022
0.09967618941553856
0.35307795003924997
0.06646903706705262
0.16573153497354287
-0.062076873998648543
1.0491469406575944
2.8230587169892845
5.50354699691704
7.709620144208268
8.324390655185644
7.977585061456986
5.829453523710712
3.568780490375026
1.9579366067137285
2.8756870006017934
2.655711474341713
1.3246294166698667
-0.10711542485428215
0.31507104429542315
0.3798117347003288
0.40304587755322824
-0.422575409003962
-0.30626962583582185
-1.2157584251746254
-2.8965287276928735
-4.748240172977826
-8.173606411589137
-11.352133463088915
-12.022395701298434
-7.417215042277629
-2.2530590520765736
-0.21214336731144878
-0.7531099178748943
-0.8872715169740931
0.2327960252673107
0.7060946178736193
0.1337765718344244
0.2462107522172227
0.3574076139886053
0.13675807173796906
0.38666086623737445
1.5687433605711674
4.713647399317091
7.27318559977774
9.957875611821372
8.638568065112047
5.916744286255918
3.175292978194369
2.3983769759318094
2.0166265369174363
1.5768484076070441
0.9740016439006437
0.9384666730504265
0.694891946530676
-0.30903475259742996
-0.6402673119114053
0.5547432983501887
0.21578955816111361
-0.6042848941138345
-1.4789451849009814
-1.8053623378821968
-5.235388990576384
-7.7473335456316414
-10.422307681497914
-9.085460379794887
-6.939119648424085
-3.7855031450417567
-2.3680488556189734
-0.2321440976219253
0.3240444632282403
0.2683831978015408
-0.2284788199197361
0.02361241901292078
-0.2805092453662576
-0.1753236225695298
-0.07585567275036156
0.25012112245973944
0.2910841442848626
0.7785531277731826
2.886164810614094
5.609642203515641
6.757435793427923
7.750441452756173
8.042117334848589
6.525851791743884
4.405835959039303
2.87959222757773
1.6584242869597976
0.6861696591979806
0.33237515953079
0.17089646346660098
0.49073399203111506
0.89306343983617
0.27660928088681497
-0.5154911480052153
-0.9409895027239681
-2.102893697551304
-3.959034843809007
-8.377353181483919
-11.358054634580204
-11.735852919946595
-7.371807872721288
-3.246450383089455
-0.9022024438102432
-0.7220597183445859
-0.8671937145715894
-0.3208759841144724
0.09460736662301972
0.34117289344117974
0.06082063986707291
0.18069264543888158
0.6686059184208217
0.8643721342648722
1.7049878170656374
4.470258821275007
7.47640498606728
9.341133693088539
8.034727326077734
4.99218423812437
2.399447833315097
2.59330784627079
2.6837458063255477
1.6533103308333692
0.452643284766411
0.6351647308694159
0.2873094686919705
-0.09927906703049892
-0.13721371668360963
0.2677169517514292
0.06968113155205687
-1.9010929772465672
-4.693479202725169
-9.810005413758505
-11.504873290720152
-10.637719120435293
-6.956054832005503
-3.2226252500964656
0.521411963546918
1.4182838871105437
0.0595024774248161
-0.32141841234322477
-0.24200055305189055
0.11916759669352028
0.421537565567003
0.5795082764508088
0.12239766107900092
-0.17034688853161398
0.6306171532956567
2.560034291381542
4.170622945107308
5.38921261245241
5.702253134864356
5.704345170559997
4.610120588804503
3.086961590189318
4.066247664210024
4.444717645959101
3.725646918392097
0.7546365892654335
0.5409168513270309
0.4363130214666037
0.6717609570469822
0.6664395755963205
-0.3966709676613104
-2.3323349679374634
-6.457768919914685
-9.493261421685979
-12.066101015262184
-9.903435295449224
-5.224850538166213
-0.8569887664941146
-0.7756562318266885
-1.0776618881353806
-1.4062019194661215
-0.37447961681617714
-0.4088908430817489
0.5817312283348763
0.7266172978257937
1.4976873675063036
1.0965896856603006
-0.03667424823176539
-0.28678991705950835
0.6555481762901797
3.201093814212965
5.63987043678845
7.381583435978622
6.919862374831296
7.031674294105684
5.88188943891192
4.0730797534953105
1.8260408874612326
1.9751366774891066
1.282126575774067
0.40284802003554515
-0.3315003127038551
-0.3399423723869412
-0.6728791871895018
-0.3922438282847952
-1.0445811452171598
-0.4126755551036275
0.8227616916479575
0.5968658038791326
-3.7753114433954584
-9.30797356185106
-11.915464442663689
-11.488165648870408
-7.057954082056496
-2.606500691021636
0.0010369323992154879
0.05689192484836143
-0.03179012406838186
-0.04461164303624424
-0.08027392812567326
0.2584417783325932
0.7274682328794061
-0.05203220337385146
-0.38401088770736685
0.40520889975723756
2.845573632606623
4.86957920425922
7.397017721177704
8.056885663789366
6.755575021717358
5.480863855684673
4.768519396711566
3.188574364215645
1.3679007514905295
1.6595678662085078
1.5234348237432038
1.2179643976709638
-0.0071259147773643115
-0.9859264995263267
-2.566706944410741
-3.1248007339684314
-3.0102988527182983
0.5168124097090315
1.4579566060127678
1.2902091363628054
-1.2012987720425223
-3.9845399540654203
-7.6253387045964365
-10.964578978955844
-11.468980727020679
-7.257015899412206
-0.7813207875138956
0.5042978540750482
-1.1765967073107308
-0.7806514341420682
-0.1321664314724297
0.2751147584005855
0.3399364093366568
0.05454023874809693
-0.4995064709612718
0.07681519947504982
1.472624019961343
3.791452788434863
5.757844284957409
8.439108942399033
9.010102298512887
6.86804985427461
3.404505722709395
2.2566298194097185
2.6907406229491455
2.1346251788557153
1.1851891411490596
0.5952217559851897
0.6961988222696092
0.27962555432438563
-0.7248869274306736
-0.8334287888738764
-0.25466244578389324
0.5227279841326813
-2.6484544612907386
-4.735364016071933
-6.214565015391064
-6.103433051041914
-7.674840272653941
-7.840863866560276
-6.505121117201814
-4.299970824301418
-1.8578402583339677
-0.5044208050475941
0.09476418385271604
0.12071684725792028
0.25792181603556946
0.6966671141959135
0.6349317589766499
0.5764732678398267
0.15173022666629318
-0.21252418977400886
0.09879981385990173
1.2006707289115535
3.9857813829965765
4.264835542380639
5.636582472654147
6.511571061252212
6.7460765209865485
4.030475405417704
3.0600912296480263
3.194862838986969
2.405176986453831
2.0277623960415836
1.3365810504183089
0.8564376162766905
0.5537578628151496
0.8572895338797392
0.7753355994225105
0.3059206382472675
0.12589018203865518
0.20393604237338098
0.5314358924965226
0.3617896108292052
-1.0845024386338737
-6.9696258268143465
-10.460442991397839
-12.725097857522828
-9.390024789925125
-6.381045583707627
-1.7035728525707536
-0.6408809136406222
-0.2120888090328264
-0.26582663046370536
-0.1771941468315761
0.07255056304889183
0.02403120851108912
0.16846867354284478
0.5684821445768654
0.6698099046160993
0.10348434820325664
0.8277372264680787
3.0396868634157843
6.833040893918946
8.397237552597176
7.839094562497075
5.100301641235743
3.6731705537336135
3.485893912118814
3.420395148945935
1.9368338340950544
-0.7470879788383414
