0.18129375802653405
0.09829296028636797
0.09517260773522143
0.14974179720408318
0.17715419165656132
0.24350383542225057
0.41875970828753967
0.6502733845951392
0.7961635406037653
0.854684371182868
0.885015129552013
0.8980563338970907
0.9176422338141011
0.9483899384506848
0.9579711920587788
0.948346548620455
0.9381480012416509
0.9466077788952454
0.9606940132073238
0.9642590420690079
0.9619306145974921
0.9627463564502097
0.9450407018725397
0.8758942985550342
0.7125565947846496
0.46640503793178684
0.2415041517002559
0.13789289168279978
0.13302080069851258
0.119205483059795
0.10099330869016365
0.09131305222083619
0.10015907946393832
0.09895276121971879
0.09247215448903381
0.07517082394883723
0.06006816147208696
0.04009171804415441
0.0049882568634030885
0.19662296584697078
0.5261141864100951
0.8082644330414932
0.8757264405956455
0.9129772528955465
0.9245118003641226
0.9259929360491841
0.9291584885650424
0.92984483711856
0.9316789114006417
0.9387257909854696
0.9415772027068189
0.9221685324760273
0.8241108644332369
0.6097692451824255
0.3507805226147725
0.16842165010017263
0.09935943617564647
0.07864831243474057
0.054302688518439446
0.043636885953602274
0.04703328965158468
0.06673227378078884
0.0623364703635522
0.06373590694281757
0.06545667384622243
0.07027485010718362
0.055574013220362754
0.07317952569547984
0.18008620700463882
0.22487101883457125
0.34100653620872
0.46988159115928363
0.6520128803567942
0.7294025232673951
0.8367703343230231
0.8937412424835451
0.9243779270022301
0.9422098119639668
0.9501233665094234
0.9594198797306577
0.9653501704270949
0.9632013458414025
0.9427334027281045
0.914981202111932
0.8049008329294203
0.5574211471132131
0.31841286336404767
0.19494727360137185
0.2946449697494931
0.5128970011813889
0.7563005726321483
0.8790337380723285
0.925627025093005
0.954685355781866
0.9706543569318171
0.9867177832981636
0.987594023883496
0.9819463192447193
0.9742336249732875
0.9696472170696171
0.9634591350878617
0.933248095255419
0.7874744664274904
0.47971075944159697
0.20713843705810972
0.11767041036913686
0.13266733864264513
0.10173695316002657
0.07150640241549899
0.06190966845650661
0.04999232651869429
0.06725420562903706
0.11486237405914694
0.1648823084680151
0.19348200840181465
0.28843803852841926
0.5033050826124175
0.7318828451605838
0.8827113002939884
0.9275381431249342
0.9445100727156759
0.961586967162692
0.9825172160198543
0.9898716764374618
0.9698512637753383
0.9596127141470182
0.9603408931328379
0.9553393823264933
0.9276331262289031
0.7817161458465987
0.5234392171812566
0.25300123192605134
0.11875136267084976
0.10856386522101158
0.10759401163263493
0.07861221098141274
0.04129428719792658
0.03704243540373101
0.03674857996490709
0.030600608338859813
0.021465698709341223
0.021440041543859065
0.02681515258128145
0.038783068592609014
0.008805112235277544
0.06221834311138617
0.17145002970782466
0.2843630181032104
0.411301448567042
0.60527290232042
0.7951190366800014
0.8824717485887458
0.9373235200711552
0.9674359757880435
0.9773794413032599
0.9730382839929745
0.971510462082356
0.9758766808254548
0.9669413833014207
0.9532377132624965
0.9554189854770514
0.9579071483896013
0.9022997476411607
0.7092882497492075
0.44706322269367627
0.23005602185439772
0.13795964456949886
0.10509778447361243
0.15375224939523813
0.20202259698551672
0.19991722811892818
0.2824358857259506
0.5190894165730955
0.7804382499754734
0.8859937927639341
0.9194038175202557
0.9332045782793894
0.9501787854948741
0.9630324502567463
0.9659958618005409
0.9578877629593274
0.9554058762626614
0.9569087356422896
0.9384504571479619
0.8645673692782687
0.6897011129666737
0.47389376414793116
0.28032311408676247
0.17136390152360978
0.13549309111836622
0.14941572978834444
0.15884321455316908
0.14188900019253037
0.12685091937699725
0.11779364985239539
0.13547014823886264
0.14584505567602718
0.1567402829379841
0.14953992769348606
0.14300888679944393
0.11559295297142194
0.07890856786071689
0.23292120423823082
0.5248669625580249
0.80018987521308
0.8780962314494004
0.9060689148442386
0.9153466859547581
0.9284186348770931
0.9372694927693959
0.9326375335471377
0.9302164845653498
0.9329737562262608
0.9454532325093283
0.9485737568623304
0.9490065438546769
0.8945689378430455
0.7261780078477968
0.44827669695552763
0.20754516091729236
0.11174566627974022
0.11078044076761892
0.11796718596379402
0.10565825752358877
0.08572904096889214
0.0428912878257285
0.28631744840519874
0.6562108020604382
0.9375212944686347
0.9285966021846009
0.9499907137079299
0.9745782556439231
1.000268248252183
0.9856591965959929
0.9462698348306032
0.9300315436687556
0.9365059132619507
0.9583047098378724
0.9514287236957023
0.9312397942705095
0.8469193432394532
0.6944601160996651
0.4968257997378852
0.2875077106202912
0.13900678324121335
0.07049327776595835
0.06721197635436568
0.03775026343443125
0.12393705765856884
0.23636890539162755
0.3701911236022087
0.4894245515275767
0.6824637049882137
0.8252330700188488
0.8988981689843994
0.9291774975462485
0.9297950290792666
0.9335819950860953
0.9484679760648376
0.9608832869509808
0.9632265294962996
0.95647546350627
0.9559405848172949
0.9511909980073344
0.9532972602512851
0.9339172766579551
0.8663884536551953
0.6417893160509665
0.34193515650104933
0.13715054113433325
0.08888066372812105
0.051417570360314455
0.06622938924332086
0.20446160453399725
0.4368681970045927
0.6475268905842133
0.8093507534783511
0.8960505532387595
0.9232896463623101
0.9299958040262694
0.940918472707386
0.9523034107543347
0.9489616535208538
0.9430683865800258
0.9326279256504302
0.9350974769733068
0.9368791250769963
0.9441219924064217
0.9165889049975647
0.8362117397035318
0.706849043339973
0.5561358509308526
0.3921533460890208
0.21682585326303772
0.09115426049567216
0.057963519599867064
0.07780142600519137
0.08265796479808682
0.07077097973800425
0.04749141086071087
0.04832784137537516
-0.006757506013543701
0.2682422044043747
0.6262005976519869
0.8341966413244721
0.6011633549276694
0.361732551056865
0.17335198748870184
0.11443180549963727
0.11821969036885377
0.12130173181786845
0.09228377232119679
0.07408248125601355
0.06373604680284659
0.07118985121454112
0.05996153043033508
0.03389430908382463
0.06437181985181684
0.1633415121012712
0.2326489365573785
0.35125914848618295
0.5378052937731654
0.755162464053599
0.8530662915633099
0.9205433760378168
0.9451559499139274
0.9620140938977845
0.9691865893352531
0.9680404704518049
0.9657700418007038
0.9575062283514916
0.9605390497227358
0.9604763326644685
0.9702294896748029
0.9697774635576178
0.9715801278230902
0.9676172763901603
0.9585993147853958
0.9082894742786678
0.7897579043094907
0.5495957558424448
0.29813315748539465
0.13965439306569155
0.10504361737518066
0.1098456568648192
0.11152169868637335
0.08969961096536219
0.08361183034295085
0.10495714301392237
0.12312933573160795
0.12865161014189325
0.1235157590555849
0.10541175039002022
0.09474373193192048
0.0881325276998984
0.14251213190443335
0.3178903101485738
0.5576554180143778
0.7474042891648346
0.8651109707202402
0.9269819757965966
0.9285317490172853
0.9310012380062719
0.9415705454015209
0.9544041670641927
0.9511567625472612
0.9472331637215515
0.9438421403898979
0.9543511025136051
0.9496200893068097
0.9092480279086026
0.7897095394553235
0.5670866489164723
0.34563616691782917
0.2252986497196136
0.17652311235882406
0.12485534213345935
0.08848531283520837
0.07190296797414146
0.057295025778915404
0.058257744027797
0.05642889001443156
0.05564302844876777
0.037905019907155564
0.02770484016061213
0.049926925901614246
0.15641973078590374
0.28223206371118714
0.45709546899388875
0.646918396085939
0.8151759581685674
0.8990831140903477
0.9428208651269993
0.9583514462463526
0.9630993536988767
0.9779973767653812
0.980243931622482
0.9706160526724226
0.9645450065336221
0.9615439113945747
0.9470531588300104
0.8952830340685243
0.8013057154363826
0.6434346524337042
0.4312036318447432
0.21723442266204457
0.1109401637397649
0.09917449060310204
0.1134343807563902
0.08164770069483536
0.058722985980929995
0.05937157771625744
0.07269401547087026
0.06243606310437781
0.0486010170142618
0.052412706366089565
0.07386608033119321
0.09841678400810323
0.13251479002733496
0.15071556937775232
0.1445423999048066
0.18218318661232247
0.3663609478789405
0.6206362640596131
0.782688179910977
0.8463371956584245
0.8920208261381484
0.9403860241327126
0.967972503621647
0.9745433644552587
0.9786879817278815
0.9793816836008372
0.9836579400342855
0.982880904103135
0.9838458833740192
0.977591734222933
0.9309694630355045
0.8470976323803487
0.6872836726781298
0.4428271527401379
0.20285625531928733
0.09056497372289402
0.05103018899526292
0.2684997773153507
0.6078659417007094
0.8838212488673047
0.9082625757818363
0.9327126044832044
0.9524378303143332
0.965491124336415
0.963917943435976
0.9698938294135188
0.9520770234199587
0.9325681475320655
0.9366142559410717
0.9565299880885234
0.9311845130140355
0.8486753001688081
0.7310710141996908
0.6096493883510162
0.4819688019358418
0.3532599693240074
0.21657058064485823
0.13392652816174327
0.09652815399138473
0.07253237852937325
0.04970026046077761
0.060289242259890685
0.07069010878731172
0.05069785399992614
0.03317309723999062
0.05155507325957695
0.061865687459189564
0.08542897336737161
0.1060829922493545
0.1513753943232965
0.20181006161327453
0.3738900285054539
0.6020526528133586
0.809231642996006
0.8974767897280116
0.9398602610297938
0.9629578906494707
0.9787877759329764
0.9658456336394259
0.9551030175013582
0.9543604322545952
0.9609469769840299
0.948028616213655
0.9014857019631788
0.7747196185292136
0.543638830904868
0.33076091982905076
0.18802582468894152
0.1449568981337535
0.11387646584342741
0.10424492518963206
0.07496893859916118
0.0543307961843297
0.05016738749827175
0.05536465990311591
0.06437131475828214
0.06870209407339936
0.06841770632266407
0.06304862102017138
0.05584234757471118
0.07970620626806642
0.11600106370765693
0.21687705211987063
0.3938517100674013
0.6160682882803985
0.7858355292170509
0.8927290764819673
0.9365263333326674
0.9558568482691345
0.9640111430185124
0.9775674688955122
0.9711577924207282
0.9688813810729173
0.9657597123074725
0.963121635006181
0.9650736037269162
0.952871796473632
0.9127902718640004
0.849766427462453
0.7539889830169996
0.5710056208850032
0.36397096054926503
0.2524833454015608
0.3084639367452573
0.47710021177856443
0.6640146825893988
0.7956598843873857
0.8778037487962412
0.9224893095750555
0.9469407118922814
0.953681523306591
0.9587982428247628
0.9606298849122402
0.9674888690379497
0.9632933755934807
0.9307853807174347
0.8648525242632223
0.7701395730295021
0.6625007042879234
0.5770104263650081
0.4630343261574959
0.32194389792844513
0.19810679134188658
0.13126111158396636
0.09870568970854726
0.08354382976045654
0.08571215484631972
0.08646881598711466
0.09438341328311295
0.11198683742961454
0.11815933020751432
0.14087231551825208
0.17406280243396702
0.25027228302487636
0.28837028075710675
0.28158995023570255
0.3517807378828672
0.5337611691090454
0.746414589998764
0.8565292208708227
0.911101813684855
0.91595566462024
0.9290140442080328
0.9480808633218026
0.9616029015830335
0.9641423979648529
0.9501852662590996
0.9109856970480052
0.8367528814230966
0.653969422246954
0.38938914533835917
0.1897846347845801
0.13770534547689373
0.13899209486943387
0.12576798695169558
0.10652634260009691
0.08205983563749912
0.04929593488723681
0.0377474285018014
0.04277156346884947
0.042936541003062864
0.027756459761990676
0.019201222992003143
0.015033250792416268
0.036753011548353365
0.024167243057578842
0.18189233629680152
0.45784155604629706
0.7457598711506176
0.8524211868470803
0.909765673117358
0.9256167488938603
0.9246988909715722
0.9245788740202256
0.9332672458140635
0.9449514160651146
0.9389661252018766
0.8953779305023987
0.8175363560544486
0.6297860026191873
0.3884937558804921
0.26121554853911105
0.29193032786424666
0.31465291587231553
0.28880039034706195
0.3769891813960241
0.5264765057991347
0.6496806451890453
0.7194127081538733
0.8106723991414122
0.8834869064434688
0.9127565507124082
0.924976811816676
0.9270433441157048
0.928692122873754
0.9288190789376494
0.9315096921186613
0.9380727317636031
0.9395197379576734
0.9267339114249815
0.8329657672395793
0.6382735195436195
0.3754326209443016
0.1797437780260289
0.07659158123251533
0.04788106173620223
0.03380065810014183
0.037484424169618745
0.03068672941330103
0.027452145270124115
0.02661449716238504
0.04136847896368945
0.04474726236789363
0.05387508284483784
0.04805648107784431
0.12745322172846335
0.316629987727605
0.550326451800486
0.7017377537868097
0.8088076935622062
0.8859599969550223
0.9245899047856535
0.9244404155812287
0.9392809896488858
0.9515313534015379
0.9558419646679389
0.9510631711062709
0.9459874029365772
0.9318550408558621
0.9230621404666455
0.8595391753396922
0.6794118990314615
0.4242484243521524
0.22607057727892926
0.13169682171127478
0.0903636626143953
0.06558000966783777
0.050419229949288505
0.045383187739298725
0.034397165220744236
0.022605651573836198
0.017197461603232468
0.019050870618602552
0.019334461607846375
0.01905092717976787
0.09619496264474933
0.2847634449962169
0.49826462915807795
0.6544867908742042
0.7666510014103888
0.8699290341119555
0.9155190779452782
0.9331029988277894
0.9329533427651587
0.9438977399568984
0.9464889271141547
0.9487436687012294
0.9431163694546947
0.9210033096580242
0.8939870300672399
0.6626701004104546
0.3466040901646527
0.11603823775551537
0.08955561237415019
0.06460641469091422
0.05584365364556178
0.049662652293732935
0.0358645189246442
0.02319570191618453
0.02891309307537936
0.032693516304676415
0.018222372015397857
0.02144685049947744
0.035846769560625394
0.17334672820221703
0.2640928876652702
0.28481442418939484
0.2967711663027602
0.44882516143337736
0.6347004620126624
0.7948886234972079
0.912398353397169
0.9380761477117228
0.9264197840756406
0.9250696394175509
0.9391500369753754
0.9410417569055937
0.9420383805879001
0.9413641381179793
0.9428971974174438
0.9534043566054138
0.9410672816807757
0.8784203555513775
0.6655688561540886
0.4092189426597178
0.20985132979456672
0.1486362874526517
0.12245778327624418
0.1200705627329503
0.11397880170303543
0.11679861100716772
0.13222887513868026
0.11698581192991861
0.0926746523071827
0.06698370524980814
0.06742969932591411
0.0600855989589469
0.07228994834385113
0.00726337427454142
0.18912974686901185
0.5298539404216999
0.8556043352989986
0.9119966184295523
0.9441049959984746
0.948523608882451
0.9426128117503667
0.9432873299987479
0.9528946863154294
0.96353479908259
0.9643401442350878
0.9562163181438781
0.9504421584888485
0.930611690662625
0.8460387794487794
0.670417442756494
0.44918799891711625
0.2641669435460847
0.1588420686002669
0.15000205326881266
0.14693068406415424
0.11446274517017907
0.0620684520013386
0.04249472675936587
0.04625253263477398
0.055021251334634314
0.0559497883829464
0.05010866972517504
0.04813718735234963
-0.00669694654622547
0.14398543709844214
0.46722338509648476
0.77497520106437
0.8524544187141956
0.8943932803487903
0.9188900197021709
0.9268844020502579
0.9286722120903115
0.9402690110560354
0.9451969017916516
0.9306822128281632
0.8960489562026765
0.749513241601572
0.511991903890875
0.26107148538591907
0.12777380138511235
0.0726906204501043
0.05574389450827773
0.05034436617107444
0.047179342319316996
0.056483878108166005
0.056460998346879204
0.05006861737200661
0.03626507592458116
0.03686337862647953
0.034073671352892666
0.02062996541654106
0.042439877512182526
0.11167081186109781
0.19062590232728643
0.23144073394741613
0.3548700830161822
0.5417336179024834
0.7411589505482161
0.8521209579481634
0.9155588441920961
0.9255987340943654
0.9302065278607136
0.9470268551219919
0.966613433766935
0.9714359006057656
0.9743872479839619
0.9392502381189196
0.8907265732510161
0.6937057777387999
0.4490150726651867
0.22769543670839082
0.16945991353730572
0.13083329735798344
0.10900276123038656
0.1018144559384381
0.11294464283183928
0.11126161113744307
0.09761184672077863
0.10126200562024368
0.10825575345360798
0.10140888886888441
0.08470288603024581
0.07548983855291047
0.014490957874584966
0.23746749818399637
0.5954986796715929
0.8980350728957704
0.9085692237415256
0.9312890580317512
0.9317603622284284
0.9320336106087157
0.9249505979015169
0.9298253300905658
0.9181256223769767
0.8834967749466723
0.7711410912980385
0.5771996768557935
0.3463232354644489
0.19552324673541205
0.13438074685812934
0.11515884644154549
0.10181366776573955
0.09955568961420236
0.09818453732262877
0.0939299553161534
0.08472135831894859
0.08237839704086647
0.08882881287339628
0.08849957436371227
0.09435155583559361
0.09448671976663275
0.20500043922221714
0.3658067778298848
0.5371976577581714
0.6349180775901551
0.7323234506990628
0.8043651269705541
0.8537822701215211
0.8822191491488238
0.898882959382223
0.9056290157758682
0.9136933823784865
0.9101423718201431
0.8774534326853385
0.7710698187518619
0.5655805570866111
0.341069230715638
0.18972242136118941
0.131628281705747
0.10671070618096515
0.09513103016438253
0.08727920098083233
0.07172441946036559
0.05775221646682264
0.061200866217191056
0.0626924653810785
0.08404032760998856
0.10630655160049567
0.15126627712193907
0.18945295469841777
0.2577625713186259
0.3019067408359299
0.35855138061135894
0.4401152504554878
0.5856312727364936
0.7180910220138172
0.8246150241191209
0.8855906777588993
0.9233184666664636
0.9303483696879981
0.9398993665875746
0.9463723625813896
0.9437069975883686
0.936008124119508
0.9212698637928465
0.8582201613803158
0.6554035317859682
0.41111672359778856
0.24144346715671236
0.21976926560532106
0.19374044382626993
0.15442421834162767
0.09674598096663758
0.05442983175704026
0.03191393310011249
0.03850115545059086
0.04492942596734065
0.03321900896635649
-0.008993987829585728
0.15669498813044666
0.459641850635247
0.7499930007097824
0.8467651909414619
0.9153659805438131
0.9405354857259699
0.9405916522299129
0.9475191773935885
0.9647995152327407
0.9725527432721089
0.9723887709801808
0.974913057288211
0.9448402843664436
0.8796866077927001
0.6723329860099156
0.3912224848610001
0.15915331613438333
0.08934341754336467
0.08117415046778455
0.08660471910571263
0.0920458814205123
0.0895067006429645
0.08273658411514939
0.07434224935034295
0.05380694327310919
0.03331187559239206
0.04974926573464701
0.08622920187078098
0.1632505739722021
0.19871389602648906
0.21968023521051566
0.2610929213090596
0.3723788715939736
0.526459208404928
0.6737809485117091
0.7934078423717253
0.8546691682731637
0.8978201062349327
0.9146462789753518
0.9238620772668378
0.9429372975887476
0.951932066955536
0.9555408311053946
0.9659945720540981
0.9552746347947152
0.9056153406222713
0.7216517526692946
0.4933770569251709
0.28659463451764927
0.19648790090344948
0.12978720065767257
0.1102916083957674
0.093845324416072
0.07533762404807909
0.05659220664520313
0.05211282393166909
0.05055488445575481
0.048684837213224114
0.05198116230041111
0.04704683487328347
0.08292301622455003
0.09711241942532917
0.20457248504393666
0.3172987573777918
0.4149250807405323
0.4338515940997363
0.517602582811905
0.6346592661112627
0.7262688435197269
0.8020916489048162
0.8569131488419415
0.89995385616612
0.9148491296140221
0.9200292158677968
0.9224709324059222
0.9250659609785403
0.92063274802108
0.8767595616457685
0.7778087991923269
0.5394166248368297
0.4223053269931257
0.5069853717802789
0.7155816594247302
0.8071429318772099
0.8706013368378137
0.919637668227261
0.9386970756797516
0.9449747861602983
0.946911878880324
0.9501761733305429
0.9476931070680983
0.927714582944523
0.8420901606765245
0.6385474261670486
0.4398285967350244
0.26316663416730646
0.18641038592610848
0.1274439816265596
0.1197350561848596
0.0839688458658513
0.06462480186728589
0.0522662267531962
0.06779266525200259
0.08176452387357877
0.06692075651392212
0.04661718949814315
0.04952745727292317
0.07865146699260028
0.08301994518926922
0.04261045524049722
0.20934746477286478
0.5268354198208691
0.8209738362239707
0.889387709328532
0.9282597399079543
0.9332036996033325
0.9409670894489409
0.9391732223060121
0.9433182440760258
0.9277078309798092
0.8846768922791305
0.7630905172293254
0.5481154110619069
0.30856612264324385
0.14952161282787904
0.09166987452812267
0.06345652219670378
0.037173882528092644
0.0437662750323969
0.04979461162693444
0.03497064920175417
0.07818555507776911
0.1952658057779809
0.3525234422403934
0.5338330350486205
0.7457152810615468
0.879166138408253
0.9156808437619423
0.921637265228696
0.9292999239923776
0.9496764928757301
0.9520250653970248
0.9505829314503262
0.9255446710607017
0.8907743511083159
0.704768893025464
0.4669143580394819
0.2651533503879594
0.1573098374240629
0.07124581879973511
0.09886491861697269
0.1865038107955479
0.25699324558110836
0.24479669579395769
0.27945528471203057
0.41955261889950224
0.6249211431948485
0.7678169017453662
0.8448832439931195
0.9063245447881905
0.9413867444994786
0.9583237499489314
0.9583133190776073
0.9432416869219821
0.9035571906779769
0.8197311415893391
0.6020746719086875
0.3422302870829472
0.17018796016261462
0.11945518362492838
0.10492375702479172
0.11465714445030438
0.13453530675012054
0.12837947343375467
0.09282818953830686
0.08391167590806083
0.07711356047607097
0.07111529953364583
0.048968679415925975
0.05907637939342113
0.07352653828827674
0.07698811140162283
0.06292551691141916
0.12796920602123743
0.2241969762403428
0.3139195252241984
0.4133876071228778
0.5708596622401012
0.7216104140867687
0.8207515611973256
0.8933568634840545
0.9293511403443819
0.9433843411757725
0.9471213721109324
0.9519878745863835
0.9478900257405141
0.9185163114976707
0.8744077381231412
0.7183141153633386
0.5126946344662833
0.31354224804011266
0.2600435654770046
0.29419078968241263
0.3951765894013164
0.5377278477588796
0.6885541491329793
0.8077624471972851
0.862984560407294
0.9134254123512872
0.9472222651422655
0.9529696625041966
0.9490230703704846
0.947688154648797
0.9511845166206224
0.9426506538195707
0.9088039041251892
0.8274908651974041
0.610414115498751
0.3739578230733845
0.26641740343676845
0.3429647672112626
0.4761884113719432
0.6282718734861498
0.7612765073400736
0.8463543418547361
0.9026159282043766
0.9316374030464326
0.939574353991686
0.9357858445826781
0.9384649335038089
0.9490108442663538
0.9604330473662284
0.9701478610841836
0.9715489300282261
0.9515080147985391
0.8831665099436906
0.6907058216041451
0.40651151268454955
0.16120836449821524
0.10332465052155392
0.15068521073756802
0.17512052490696828
0.14102605938527857
0.10935654371875114
0.08792867913594801
0.07604389219167267
0.06524697095078295
0.01807007359692331
0.2290026004774655
0.5554309025854454
0.8497451620418521
0.8937642286906091
0.9398041072354137
0.9349971041907549
0.940717075749022
0.9419029091209484
0.9431027548315699
0.9441153777015439
0.9347361674097775
0.8981694915046743
0.7649236223746179
0.5343996079715185
0.28364975749245286
0.1403369988544998
0.08510111725118541
0.08550626436299391
0.07260617978075154
0.06043309447073342
0.04294111278720564
0.047869037623237555
0.04616541783599315
0.04556501090182838
0.03547071775732494
0.03697480383788131
0.04560468554616625
0.011139149452140975
0.19935498457526835
0.5284646378413349
0.8227859374614721
0.8863146081737285
0.9281869045089011
0.940703954303972
0.9463436903033193
0.9518211096601331
0.9505303474364621
0.9312291420145521
0.9060931690751386
0.847814864810481
0.6843683713658715
0.4582453942273603
0.28277974864263555
0.19308872429563848
0.17325544204503968
0.15399821457556068
0.1310395393500512
0.0864316647787587
0.0677061127071393
0.04789626883485922
0.02283781536246323
0.01968142676659218
-0.019771557750819006
0.15398349157115374
0.46031394149182076
0.7519140501026886
0.830721860662735
0.8949177836540811
0.9320603748281767
0.940428069486029
0.9304081043901915
0.899687532193345
0.8429287036512902
0.7246040838815129
0.53903195920422
0.34420539870311023
0.21145118307360458
0.1623772928550015
0.14968462559810275
0.1616009638114273
0.1558397505813381
0.13822197974162176
0.12767128767004007
0.12868983320340238
0.11545452998564337
0.10729307378231989
0.09901066332030956
0.023785264531665358
0.19230136310063273
0.5363167876430788
0.8513359013684175
0.8917959198419327
0.9244703064087422
0.938728794235151
0.9490123192093176
0.9465781113753273
0.9183955409713477
0.8766885574645847
0.7430487971183007
0.5418820512873627
0.335645869148949
0.2314131359084108
0.17215197413017927
0.14668834505400852
0.13653191939489423
0.10382325432666624
0.0549836365206086
0.031245971939200683
0.043540064785627344
0.03381974456538563
0.035437254415377976
0.052303545300261635
0.006194880335001582
0.22558936320115414
0.6021804256249752
0.9201452844550394
0.9282543353345936
0.9501611848041975
0.9610548051017669
0.9656922657134605
0.9600589720094441
0.9542776065775527
0.9429272080623093
0.9322530904741425
0.8973401903566766
0.822306412881098
0.6406507967724308
0.4015958300347365
0.2129185085903586
0.1255893277193561
0.12155297870886426
0.12627016293912102
0.1067019602734409
0.05955177436802925
0.0371486383607771
0.05141289032594788
0.05398945664667292
0.04082874482070217
-0.013786090784881772
0.2306255300272376
0.6055333523112606
0.8970113459652835
0.9120417355132422
0.9312828887355439
0.9428034683465409
0.9526120773774349
0.9605333541644756
0.9644923634380238
0.9687122971707632
0.9682931963243968
0.9651467527301285
0.9517310271841639
0.9200132753977753
0.850703629172969
0.6821396643901556
0.417099645270569
0.22529729445229468
0.14068549621614576
0.10664975925963317
0.05135477888875896
0.028695242787231123
0.01868056231773676
0.019261343909623398
0.028981412096411086
0.0583179819990729
0.06577859341307346
0.04075440926096342
0.040335922102646124
0.11485729017593815
0.20349216088877914
0.25573103761047944
0.37982889390030367
0.5688998964907374
0.731476614420722
0.8269439120951807
0.8965893583051578
0.9406603644217406
0.9365429289794275
0.9397127473627854
0.9368499955246354
0.938658963208209
0.9329045458232942
0.9291738802712325
0.928592442156132
0.918627723865327
0.8782398670496508
0.6544418700648048
0.5470358915385942
0.6165019110912696
0.817948259462727
0.8728539171109746
0.9177301028153797
0.94209480235391
0.9469317231646525
0.951724127070735
0.9558951853949824
0.9603766063656946
0.9544662438351907
0.9202557910826399
0.85545236803817
0.6575578456930815
0.4255136521254236
0.2342849557081825
0.16818939926198218
0.13613339437094796
0.1408197275109792
0.12829268383130038
0.10384499583627692
0.08759545624609852
0.0847392130566618
0.06570066037315002
0.06271641892615233
0.06221867161643796
0.07162374991121231
0.06657924539464624
0.012558906047049241
0.18066868458259255
0.4965041221049432
0.7802281369538571
0.8309140812450243
0.8738692403137214
0.8871691049179489
0.8548402329072055
0.7824505718562025
0.5984008967374286
0.3820522667558918
0.19607662422894723
0.12353513935158808
0.08179348949778346
0.08350475374298776
0.08274486365802602
0.08590751624524277
0.09021584603732108
0.09040039041871366
0.08933581663233009
0.08015785096036311
0.07320289319126229
0.06498015107888108
0.0672779813807462
0.06662630757120648
0.06741047193653718
0.07864933075776698
0.08935586362398962
0.08918558590141121
0.15803572311353978
0.2782643055593458
0.39853220524703564
0.5219238052217332
0.6667740200812196
0.7890977073455017
0.8644526759111577
0.9258533099051001
0.9471826481348011
0.943735928316171
0.9311396486091412
0.8921840677669769
0.8110780480603887
0.6535506377163829
0.5041742773173006
0.40419021586394155
0.27181498571318413
0.12066054030525541
0.04000877531875874
0.06060493620617215
0.05621709800323663
0.04740369944953046
0.030943122071384683
0.026762229429287056
0.02835722056541689
0.023864964876707737
0.03242662780813009
0.11303884830650285
0.27284200262823033
0.46188337772834054
0.6151699368775012
0.7076193710644242
0.7890308315383027
0.867627460867206
0.9201310598618004
0.9210720234744191
0.921120674431053
0.922135709126036
0.9202334436001012
0.9037216324150629
0.817006405779013
0.6431430035697486
0.39835033308510454
0.199634971935088
0.10297486524448018
0.07874093425283198
0.07602891050687832
0.07278628195050582
0.06546730411366988
-0.003964081576381472
0.19014248658808586
0.5189453922526341
0.8054399098697793
0.8559982929350869
0.9117729914027175
0.935183930199351
0.9472184669704882
0.9507910124749264
0.9434406906196248
0.9355197014144758
