-4.980047864409964
-0.1872211530687923
3.2741513681317054
1.6447436671486877
3.9809786259413555
10.515352371917349
13.890820578455973
8.753409360517567
3.511249834746165
1.8198455021486977
0.7824722607046632
1.175153995020626
1.8448622781950168
0.574875216485642
-0.5774786062994287
-0.6119128427282462
0.5075866592156709
0.8451740587247072
0.21390173170104504
-0.13970564829095092
0.04894451116305583
-1.0623392746601958
-4.148784199050334
-9.800262226223078
-14.76909341117177
-13.494053173891858
-6.21667560104737
-0.29232545905723223
-0.8289190583230518
-1.0927304621778848
-0.5808153881596461
0.5307616345861296
-0.07237909465317166
-0.38883640384109963
-1.038079832411792
-0.9061597486050192
-1.1985866056759495
-2.1062076708450865
11.498082539014025
3.95389464675749
16.929014797883944
4.047720453249127
2.235048737994069
0.6920728481145623
0.08886814110368878
0.18993315095149507
0.04118091321106091
0.11004445692490226
0.422812775089673
0.1710847032809565
-1.1645202138475017
-5.883460082567404
-12.86049715504873
-15.53932335405913
-10.941532350876031
-4.143732835471529
-1.2426674244543578
-1.4607374349780728
-0.6399481538902326
0.20378422187894243
1.181939047752254
-0.2637482050341996
0.08396619475592242
0.10324601420429079
0.2890905756576725
-0.8820502132092553
1.0563307485070286
6.414400878549476
2.6870887097959555
6.968131042448951
7.732503297033741
10.927877351850672
4.643378574636071
6.442068663337702
3.4182544896312916
1.8382010711211036
1.0699130977042064
0.4748132727273985
0.5577907932740501
0.35581744178623603
-0.12892947514154643
-1.228076586797886
-1.6651320369703309
-6.604822150950728
-14.848781148972483
-14.340497024949787
-0.4357609050447384
5.981861768887297
13.09512188591362
14.604214287045616
7.363989926410838
2.7955972212405964
1.7434998413316423
0.9581400689970722
0.9638055819807935
0.052574435119945494
-0.33886227832660043
-0.46276165628591215
-0.2751844742202235
-0.37128491890532267
-1.812662389946573
-8.74641772967551
-18.46582241915367
-16.354339343009293
-5.368081601338391
0.8998156964104991
-1.8558231289571203
-1.8138330446716608
-0.5758040375395449
-0.7150405162687227
1.0357127466205696
0.4080700151152275
3.0011960645321003
1.7159819960279787
5.697361807596297
12.892022645039939
13.714665752890028
9.049707308004308
2.6896105698566886
1.018315775444504
1.0246136668209695
1.255814931429744
0.4412676250564489
-1.2012247597274148
-0.6143129776992051
0.04369073914917931
-0.3000906483806764
-1.6623753658554146
-8.7550188229383
-15.496615719920577
-16.226279115312376
-8.054992155312123
-0.6112498469902933
-0.058191215302597396
-1.7389080390733376
-2.239075427009178
-0.2551111076517348
-0.017631326329435516
-0.3688782975628378
-0.5480945777711174
-0.0015394299289294205
0.32250666224534413
0.7180749606796565
-1.7986773814398946
3.204793852566529
3.2769505978931663
6.774779303723169
7.616305827829718
11.63828722520272
11.390768061574926
5.241162714524681
3.2911062889445746
1.8067473430133083
0.5966079309129867
-0.2604694386171176
-0.09166931463711091
0.26197312458592453
-0.536117851442048
-0.8222202023354515
0.13087633287329362
0.14928977475299696
-3.336444044906449
-11.580689873516928
-15.733501623331927
-13.020432050356758
-5.525782637093951
-1.971711605753193
2.9192678952975526
0.22278621964743955
-0.12632213199531328
4.951119456421361
14.199211850828744
15.680930004142313
6.3333325673076635
2.004601485379303
0.8280456455480263
1.0184524329290858
0.7712198857123359
0.17780469262767282
-0.48648593047280814
-0.14891320179995937
0.09017156277769477
-1.107496709659665
-4.432985272181609
-10.491975378695738
-12.948440929124597
-11.614239003670162
-6.537552753789011
-2.1522486243146215
0.8353583201986966
0.56564908588948
-1.017252861638326
-0.9022848489319906
-0.5434361714761132
1.0605899031880386
0.6224944462298583
0.6537136357174168
-0.432021314669883
-0.3918624536425294
-1.644956029681325
-2.201063106642311
9.24075818265087
4.379186374796927
16.519374759302487
4.674381374179238
1.6783610036902956
0.5566662666311737
0.7843169353401019
0.5310514735381685
-0.2779175533354882
-0.14526293890727845
0.16543629965466047
0.7487685769840562
0.18723146118012246
0.02596721954079016
-3.266256360697895
-10.103455799714954
-16.674078653536213
-14.443892162293398
-5.747969678253148
-0.05791353072727844
0.43120471177050745
-0.7385357064123172
-1.1957529932818023
-2.5702651885898273
14.605569634768267
1.5852572299510261
16.87862954449185
-0.5354815370420304
1.2836466913997404
1.4752525161595984
1.5413995564955985
-0.8765430993714083
-2.3633617059233876
-0.9742974697108598
0.3884621755916824
1.3079277945553105
-0.412559168530208
-1.2113357655115717
-5.059227061863399
-9.14755362838732
-11.858058981706833
-12.559085347055687
-8.910055642744702
-4.110810328515315
-0.19687808469556048
-1.7677027751960723
5.171207653448274
0.749545651553723
8.029333092634896
7.1540056755221055
11.582349207638265
8.566161901838136
4.419905937933053
1.8167597137109468
0.03705189198108818
0.22721796040972322
0.8931588587244921
0.7449186531685963
0.1405945527191293
-0.4050639594017783
-0.032092721338503716
-0.2849752085976319
0.12637573463704355
-1.1627990155998067
-4.051729380165599
-13.475948256253782
-17.99124957299509
-4.095692307334336
-2.896192644372743
-2.2477856020682836
0.8887091329803877
0.6911610764533844
13.944395548235775
12.63952161477661
9.7094317736483
5.201987985624524
1.6343455874130455
0.4023694598375541
0.6553601208670036
0.6830962828169198
-0.2005054340088515
-0.35359601644968336
-0.6264276557757387
0.14817307937259824
0.10689888622137193
0.4345720397655233
-1.6519852445314234
-4.822629917641994
-7.761761781813141
-9.042791544547256
-9.838950290509944
-10.519649569559023
-7.54029556604196
-1.9914444537483127
1.1902743843194625
0.2913923275737281
-0.7132191036049566
-1.396774132637608
0.05018583087985755
-3.3051208433351436
16.499982625075162
0.8948959831190297
12.47976262034916
-13.981997183808215
-14.365848232248311
-11.302833814089832
-3.5352109193438865
0.22727309215299055
0.18492248694088148
-1.7410775698003056
-1.0920774639109403
-0.62078606719002
0.44722826470167365
-0.6736992470523648
-1.5640332807906323
1.8286506460795386
1.9793938449890944
4.158445467366453
7.116612715728292
11.19276871721899
13.04143021682606
5.874229650582677
4.048625068470425
1.4767544325665625
1.0114886390314295
0.43034972624812196
-0.06876713300689755
-0.13622571906606365
-0.4958288069527357
0.18196928227465722
-0.0037630234960395327
0.5851894206200668
-0.02712156703110545
0.10815985592834293
-0.23777108597579838
-0.5410776962858673
-3.0185904304036932
-7.111894198150653
-14.409728908022036
-15.087755901423062
-9.50872586518222
-2.076646541430661
0.28812236937831376
0.1005625092932492
-1.309325263260674
-0.365266837344682
1.2807187602582957
1.0903315630611388
0.33133646461711913
-0.3081510651785019
-1.0862405199338845
-0.6400811074859867
-0.39667225392132605
3.262776252271934
3.507563564882821
14.385906471948292
11.384932269027448
7.062400893324364
3.712260304581394
0.09298639324132363
0.14816933933919527
0.6341584437149406
0.7700172997603155
-0.1948442710158911
-0.23541592954258256
-0.20346139989921924
0.630537727422402
-0.2838607924077229
-2.4223236838924374
-7.1723093071967705
-13.35737343233112
-13.287028919918637
-7.22025103189296
-2.926532241647383
-3.1000662135217287
-2.1822017578951827
-0.9949406916639651
-0.8764765317136132
0.05776309493289296
-0.10973124080193254
-0.0471516939398252
-1.064280512496793
-0.6120107847925756
1.3333251444602028
6.389568293057052
2.5162466585057217
10.491804316961575
11.389375625522451
10.095453724958274
5.034429355306569
2.624265062199243
0.9318348671611546
0.2848744471514604
0.8938813839902293
0.13479329142605512
-0.5776727370035385
-0.36426276832805043
-0.18006570834283134
-0.8694451538739095
-3.106207485689013
-5.638639117928819
-9.472263780160233
-12.733861235337029
-12.838152550962647
-6.377655535336463
-0.7059403881998112
0.8555934091972469
-1.907200803693399
-1.3754828828342534
0.03891550411964872
0.7993462652767296
-0.6154771419895819
-0.8301027654069192
0.22870136110967867
1.2872024379061549
1.473042220614685
2.045880361153802
1.0920467610249873
-0.37039016837676403
2.2584472024508395
11.050665675997712
15.256518970839599
9.723114951082387
3.8189409448466547
2.74101782878359
2.9019118796737065
1.6551887693361609
0.3942516500166819
0.24867703635738395
0.04162211237733986
0.25657538600691326
-0.046622155869029305
0.057898756253051305
-0.3752489490651958
-2.7973362712455683
-5.032309839309634
-9.588837582132657
-14.66739119628035
-1.5998059828056665
-6.737476895783264
-2.3720870836580006
13.048175299204617
4.072393972624362
16.557318429994897
1.4664796148719794
1.4670017220820089
1.1835135498677947
0.7831976413248741
-0.09439085402634588
0.35855315865254583
-1.0690083596135505
-1.1705325532736577
0.24276650454036056
1.1949439288471688
-1.5207285044691996
-4.950552770713925
-7.056257158146688
-7.2852975509208875
-7.660835184910085
-7.7225299567105035
-8.201363320748541
-4.958643148987179
-2.243902450221401
-1.4397465277207708
-1.3699270841156703
0.6353389079467531
0.6240519916452975
-1.199535287243075
-1.0514854055961909
1.1029185611751247
0.618636851976792
1.4137971544908525
1.2392411329190436
2.717544124436385
3.0260800373988537
10.324798013530248
13.689757458475063
12.430739410958227
5.294708803920635
2.5430082781068064
1.3858577771805436
0.9497931170103964
-0.7765285376129918
-0.644556968284099
-0.04455511480577546
0.39519268376610156
-0.775101646222455
-2.7925748550287297
-7.605965006037535
-13.864847257461523
-12.772674664548397
-8.564105708407041
-2.5841355933111525
-1.864825937419672
-0.577892439227692
-1.7565591954281656
-1.2382885448899592
-0.24980452116346438
0.31183634429066737
0.540399291309947
0.2598467589070478
-0.017063265044116576
-0.3221451181495799
-0.43237640672759026
1.4318315216013955
2.1776914463753227
6.052559304733165
3.5394931589505627
13.33299469277917
10.186034456199723
6.413612835894665
2.627835411042157
1.1598308961879678
0.4892576849627018
0.8133795526199434
-0.3845805884870598
-0.13658468086864536
-0.1873001259267011
-0.1582846380774826
0.11711812324411985
-0.7321084351970177
-2.4048914765780296
-3.781430664092656
-5.746646666726921
-10.979001727920409
-12.42207962014367
-0.4459504605908169
3.35883548062198
10.118176501997924
11.214868248650697
7.89871210787882
4.9286318645316145
2.6811336467287217
1.4670841390336355
0.4044486848585559
0.30700317109032726
0.10989852524864072
0.411539047542594
-0.25172960666812816
-1.9504796925626662
-3.955971387252964
-5.682777074022932
-6.458332124495088
-5.129416675374663
-6.83856601245112
-8.465425693742626
-2.476742131731224
-4.010740785475013
-1.953325312525257
-0.9097115968853977
0.13009950515179797
0.04539966844769396
0.47487583775987385
1.0562054487901558
0.370349566673968
1.362779118644343
1.9914292149427972
4.57256883545482
2.285879863933709
-0.40681983128427507
4.2114472588296685
10.918825873571311
12.759205253382483
6.6068778523239
3.2743555688417727
0.29123105612311895
0.7835027752675271
1.1440091468261335
0.8113222956738991
0.15236978290915545
-0.8374279023452457
-2.3519741526655444
-4.453968937494775
-10.96700755056801
-15.874816614516591
-11.976270633226148
-3.1247573584613604
0.07720496355240473
-0.7934464750643423
-1.1544986610958627
-1.467990417755951
-1.9658340450156409
-0.6929103831260903
0.3014480980229015
0.009898652052803054
-0.9108048744643831
-0.5133142061992264
-0.2500783319752267
1.303185645356161
-0.7551461094465143
9.46350559435289
2.759492197494965
17.27509890625837
6.399678941788129
3.4406691762164887
0.9510645465901887
-0.05507147533728
-0.007201017080793869
0.5213023076302454
0.7010502150631036
-0.3591174517942596
-2.6152916819688254
-4.67049446687677
-11.265021206116321
-14.477534804320989
-7.636692440483298
0.13163476853629494
1.3633552804842095
-1.5511515315151376
5.291327462937466
8.969239464187147
7.392248363394268
4.183923777889913
5.475581459252064
4.368870438123646
1.7561786561362773
0.7332156662561079
0.1239919379417192
0.09892672548296073
0.007617363833720313
0.16143679086072535
0.39378237869648597
0.08682037164422557
-0.7671495919614753
-5.626088651123855
-11.681534861758248
-15.770453915958294
-3.9137768583655372
-6.189131807610506
-1.7226311697788843
-0.8448242181635818
0.2210259641686275
-0.4078616853790425
-0.19407504859062605
-0.05025888646434197
0.8852389080783147
0.20272700425224074
0.5476692286166257
-0.34911610601963167
4.763804439036905
3.783535319982913
14.021787844372165
9.084678119179937
6.424196386523469
4.629138203569228
2.3177944698377595
-0.008969352265489294
0.8904344440593849
0.7350218251591674
0.2586366759840457
-0.28672761370006533
-0.30454609018163836
-0.8479417248428645
-0.527574023353029
-3.81137790761701
-10.807636578494455
-15.309808480757786
-11.890670824394062
-5.662425334058987
-2.47998954581291
-1.4870191767933778
-0.9096467831130074
-0.30216253259937176
-0.6591613511133068
-0.7074908188144471
-0.32449139823620765
0.11120454092221135
0.017015459354628504
-0.017012065684711277
4.628642127898658
2.828527235272024
12.81007104971239
9.373329702967112
6.729852632171454
6.196681962093698
2.735402629999515
1.0550352529506166
-0.00897936375783681
0.6566638315044178
0.15547122943536776
0.1352844952244913
-0.3376379547920659
-1.326783587800302
-1.62097677544698
-13.879015779407906
-9.48198030737409
-13.833951144547553
-1.5889575228820014
-1.496951860994084
-0.5257656627211762
-0.3708600811097121
-0.827888002145283
-0.7601290205076233
0.3430434695516727
0.2268253937578362
-0.8682686573566702
0.19346870904478589
0.8639951436688343
8.249997518495968
2.7223847838916058
1.2432921914474153
0.717404526801961
9.123239707836577
11.152518034757735
9.611289689072253
7.050583793997316
1.5406676588733124
-0.6993818181648933
-0.08100867948538609
0.8448238534694232
0.11350319581310477
0.059797420938384825
-0.04045454819525459
0.09198355796786947
0.6304295512782335
-0.7402244954782486
-3.7588155677641026
-12.771089963836703
-15.38099480966312
-11.96205677190847
-3.6729025405147184
-1.5707102505845405
-0.14323323259762552
-0.3655056617949134
0.1691885582479293
0.9258158478908048
-0.9145837925256534
-1.458669577364237
-1.5414568234423975
0.02675964456635995
-0.44064602201801084
0.7322609630942958
-3.901594444158389
10.911982355668846
3.4072419355268315
19.545023692639035
3.3835369878330517
1.926502654135452
0.2651167730385696
-0.3546478279250788
0.040471094902867696
0.5764413790009243
0.6384067660296038
0.04832070914987438
-0.4874295654725615
-0.346449579301758
-1.1898280695734809
-5.074374672830483
-10.537280201537724
-13.273766630362003
-11.101263322262522
-6.319492496748755
-0.5304009198872841
-0.18428215227949601
-1.948076333638621
-3.143657590130272
-1.1744235145184303
0.2254683525244754
0.5261231219916498
0.05571222289872225
-0.350467119466264
-0.11828894236953151
-3.290048033914342
9.04094301868057
3.878855375976484
18.465108958074165
4.648753058989303
2.5163316980758252
1.4698043612027625
0.4796629408852488
0.10726860240320901
0.6958079379434032
0.295673444136987
-0.8708813378092606
-2.077995397529318
-8.792142876065839
-14.251280262642627
-15.055225110296607
-3.998930520024216
-3.304990856100671
-1.0168035565095437
-0.3239717002322156
-0.18990143110543728
0.5582721473309723
-0.0013727856772079866
-0.3835428584923775
-0.8282124868453973
0.035898162113904106
-0.16738243641522135
-0.8066223561811423
1.3085947257382835
4.153856060935153
4.737305427971586
2.4488898972079207
7.4057609441248085
11.21181209317871
11.965519958744641
6.657720443997218
3.806273174635364
0.6023933941361945
0.2764676259809031
1.0092196356765437
1.1751947186966507
0.2893480103298516
0.17708084269179145
-2.1082205919022092
-2.9114198920743752
-11.821247730733644
-14.68144230441763
-13.279178157405678
-3.494131390265305
-2.317596970759469
-1.309832167655887
-0.43129831751684
0.6678112136041083
-0.10098190166377827
-0.818985864999738
0.21900953396791514
0.41962487000188203
-0.4108118750834375
-1.0023601703181593
-0.5527828486401518
-3.6599328406997382
13.378592418565445
3.0688386984651004
18.152183593447816
0.6320490507453451
1.3631900574136144
0.028278251800632422
0.016394902817235758
-0.4249807624319521
0.2924839313429495
-0.7019824628153847
-2.0777308458179373
-6.741341018918411
-11.636484866535362
-13.852586483481467
-9.047999323740795
-3.668549992637171
-1.1533140249950966
-0.8007107205482311
-0.13547868909223929
-0.08226913749441979
-0.2552749203885366
-0.5525158198322028
-0.14057767668493504
0.3870249499518106
-0.019754310581041892
0.35111888831282584
0.008109835862348997
6.63082316733544
2.4120950791150233
10.28345279569559
5.863225189919352
5.844322386534796
4.322500576289722
2.965028589057557
1.7062127416382615
0.9998286140040049
0.40476338361873665
0.48386199615702435
-0.21306063350061566
-1.9613363480883899
-6.38301683600896
-12.329355699913116
-13.470679582259155
-9.080808561267432
-3.485648379326
-1.4950545314869963
-0.6947805609949967
-0.47110975101303837
-0.9332868912278587
-0.8383321796126247
0.20691898502211686
0.089495949833252
1.2808717337344029
1.3359734394305025
2.697583531286758
2.2912006545888524
4.098576997211847
2.64865017103839
3.3986783865259365
4.893832190646968
8.730961336860844
7.9475849566398695
6.391440126318583
3.658539218386133
2.2636673344539826
0.421794181292094
0.5730598139746227
0.38837975962883997
-0.1599218995812659
-0.4619324081316663
-0.884295619599739
-3.7829821447512515
-12.168997775661545
-14.657208491291613
-10.18039538646298
-1.3004520930835517
-1.561729306743157
-2.358973529078669
-3.4606942424988643
-2.5389689525759835
-1.350953919415743
0.39523334102872437
0.385696231004927
-0.7026250200590894
-2.532779807756677
9.94133855760251
2.2721014687859498
17.421069004473114
5.806331413901099
4.11604737614131
1.5101703109291702
0.0033699902365815467
0.41565150982055743
1.036820270349189
0.4651936823620245
-0.00983833751568686
0.15145717848181722
-1.8043663753057593
-3.9092205944248315
-12.441217306967777
-16.86663006893589
-4.6413833745322695
-4.188593915461357
-0.49015602453473056
0.32583411827570347
0.32646973888799885
-0.15235084665287701
-0.4062069916688427
-0.5036600858884153
-1.2321183646340954
-1.2297040608428358
0.9862434085353533
2.1887961681681625
4.62128232608553
2.127799323256885
1.2579803510416676
2.484761165912777
6.67715701709522
9.244820208655819
8.83930440640737
7.177613631601382
3.675679554086513
2.589056277705732
1.0095703644252025
0.5529478974891914
1.1445132193144079
0.5396861620073374
0.2165258489915257
0.6272244569222486
-0.6431962355628744
-2.9795576503468006
-11.03781527717923
-13.6964817446482
-12.40694534444936
-5.406404016852295
-4.002042014746841
-1.1697355357143766
-0.9867770387815697
-1.1104620220796382
-1.1247250441726213
-0.26876296281200046
-0.0934763685548622
-0.11220283455184818
0.19777950523123103
-0.29605964562761217
2.1525708810761164
0.8513641920467964
6.447603937116816
2.2545254466770706
5.857579401764764
1.1355908015520613
5.025059322730407
7.023400997961861
5.496574644506993
4.549368323105619
3.2892899962277027
2.5824424394508587
0.8937164068739858
0.31080517522650275
0.1465029922875266
0.1557017143570993
-0.2659927774475796
-2.632391182518837
-5.937045747206833
-14.303530461330645
-7.026677870621145
0.26741066774890515
12.515777258667788
5.493676347149094
3.8075042976356355
2.942179883367005
1.1435644471494995
0.37666262883282375
0.11622556320152592
0.19585766701314625
-0.14898397574668779
-1.1987114474145837
-5.1374653360791065
-12.212564070569249
-11.923129765922132
-10.59971775406142
-4.60537489447214
-3.537984257973134
-0.46253552650202556
-2.145972619140163
-1.1606426399139902
-0.7415145068454237
0.9315863099284363
0.83831151729444
-0.8906260415794494
-1.2182140209468078
0.17461606648681108
1.747440583180354
0.2621086918001513
-2.4245693969264583
10.00422057194049
3.1748795504801106
17.648304984187096
4.104832386273034
2.3323218347654735
0.2966375817227087
0.46580339073653204
-0.10763202857571358
0.24870130620083888
-0.9366247857730481
-2.5818563220403217
-7.295182502988719
-12.898506370045846
-14.372957305120599
-9.542670588920396
-3.4711042979855797
-1.6928011398852296
-1.5769583801167577
0.3955435502581934
0.3617001956722729
-0.8894377455108667
2.592894352561044
0.7805350046680674
9.435458187745287
10.878575568494242
12.712934760773596
8.007051440802824
2.190882321221481
0.3573852880052478
0.4597595258208212
1.2225941330012187
0.1409143512776914
-0.08652803680190037
-1.5022956233775575
-2.086219197143265
-11.160327484971752
-14.271272099156693
-12.105660459092038
-6.470610777834158
-5.1638411174599606
1.6571459890339957
0.4044871946703502
4.229366087133869
-0.7317929872289264
2.0795153350844915
8.405840051248777
12.322111457721475
8.573745513029724
4.623980534865463
3.6864780477044654
2.103731982676957
1.0162203269672299
-0.0006258522794478161
-0.9042979293375656
-2.3810697746399376
-5.029562945318553
-13.059388180839843
-15.5906630895453
-10.322539615218343
-3.0439665922613472
-0.8718855960082493
0.584003245530793
1.1926897379887833
-0.3693499989819736
-2.1330770337269893
-0.5349908178146786
-0.40788692591941444
-0.3598956565455291
-1.3287972070632668
0.6064619986496144
0.8670095336913859
0.20769438680077731
-0.843755669412268
3.902621346588486
5.77366621314665
5.383352939031643
5.9680849139211025
9.448323307031927
9.045045110800565
5.948468826633751
4.356318137203053
2.1596566116197673
0.8419920498834833
0.22422185610960485
0.2919901485270181
-0.24587093075217736
-1.7624228545707046
-2.6465144024719174
-9.365617365586695
-12.337168853824018
-11.949143185570916
-0.21399473025243232
2.0488334523245997
6.059147983133278
8.553075501454279
9.049578082446496
7.152497883857229
3.3133267926007233
3.026451116639762
2.027811167458815
0.3448438417158111
-0.23679552802273088
-0.08009494330126332
0.20978171830953934
-0.5120317680630236
-2.030804981663006
-4.878782335667382
-13.024604981919927
-14.187377545519775
-0.43016167854646414
4.592841826469911
7.993418649641288
9.125007726850969
7.980278031235882
5.104670070880044
3.3756951809786226
1.741288490523086
0.4762170567152295
-0.22731056454048565
0.16074533526785587
0.6327546457525989
0.68533218599251
0.5828888230773475
0.08406413664255241
-1.202454913781031
-4.100490291291141
-11.547641300373389
-17.051658535173065
-14.718188891180896
-3.473022838599877
2.841633612961008
1.4661188501637863
-2.045667931301499
-1.9001709399917535
-1.285671874968261
-0.7130872166564093
-0.6478152744534196
-2.8306138412317394
12.65595161283325
2.176188680719835
17.65885556738541
2.6411439989255694
2.762392712687846
-0.2884201826795482
0.34319829349604486
0.07115000231559158
0.07199074263727774
0.06075737219844014
-0.5627526175060136
-2.1940005543058496
-7.99475214780384
-13.831440864186746
-15.044991028744796
-8.59876551827584
-3.3141528961990514
0.02430882670851147
-0.7740050749345863
-0.7303851186009732
-1.0495189010117265
0.29567549016193184
-0.10221718723467012
-0.03602441604988063
-0.6056575886702409
0.09024516483338726
0.5177929024970157
-2.067932165641634
11.292950107388284
3.2910965326606187
17.659277977209236
3.8117202427356025
2.512337780110495
0.75102298770414
0.33838415996085763
0.32864516140884575
-0.07744573342024619
-1.1580723253146687
-1.5081583763648956
-3.496698255879657
-9.806789606675036
-13.56737862831144
-10.527938735084085
-5.38146146082013
-1.189996935035742
-1.1554336481688057
-1.3775205135306474
-2.6764724742777015
-1.1235331242969882
-1.1885906323368725
-1.503507208343845
-0.18938331575223338
-2.3671790710448057
10.425302959318957
2.297478374405011
17.49600651665307
4.728468633602043
3.851755379480987
2.228555470445861
0.5020616794710567
-0.6011979057502823
-1.8432343318108972
-3.4055297125234767
-7.099477186185532
-11.134327480638207
-11.689593630067248
-7.965252937770792
-2.9444334131157253
-0.7615600354139679
0.7149802927995137
-0.3456727938053724
-1.0570662503828145
-0.6330415242949371
0.06111273200174198
-0.7941181930654164
-0.48968737219943664
-0.49694462772064846
-4.513523927318909
10.110965914136463
2.9487036389353296
18.90114682351737
2.427601108411051
1.9604631940086774
0.8555092695843952
0.6170114984500326
-0.14605247003942554
-1.6909542242388749
-2.502419010405385
-8.018385620777496
-12.07000474985697
-12.374170928305523
-6.253963994431314
-3.5556697066940948
-1.527817744570332
-0.6093855395468919
-1.9625199040933727
-2.930377068363625
-1.424259874884556
0.7376455707854843
-0.5832192132145358
0.09705059099954613
1.011977453093077
-2.766519897915171
13.163668971969901
2.5106070828254974
19.07789152980087
0.48654305277327714
1.314410968176313
0.6536172178541982
0.2782476367015705
-0.33799762224099894
-0.3468819259135067
-0.6810239109146387
-0.6404470552899098
-2.094774007048076
-4.502026648534972
-10.899336966520652
-14.343298004259415
-11.320639286663317
-5.239750852260448
-0.24218094062947243
0.28303105381542154
-1.1740921599408745
-2.8290111543248595
-1.3441881604349186
0.8558551179102956
0.15459397924351115
-0.7896427095582899
-3.2768901363345244
14.664697248727995
2.8118086671301823
17.48867961924237
0.9018233728773783
1.154469193338167
0.691234776659863
0.5885165418536721
0.475276607222367
0.23754055641290533
0.2531960239643804
-0.025146050781987048
-0.1887866156560685
-0.8049435327579215
-1.903065107183423
-4.1585787734877275
-10.113837886969382
-15.902401147176102
-11.508141049097112
-5.076707894168142
-2.0421442173908715
-3.3176988222526416
-1.3595721660917475
-0.600880828169568
0.03484689551320034
0.5832040912072944
1.760194194159809
0.4476366848399637
-1.5014510491266877
-0.02510922949903936
2.2356410421986497
5.318092242770762
3.1343326033021963
7.44587137738829
11.344260155426666
9.754603075799633
5.728037860467849
4.178726772597976
2.644260366995116
-0.24704612653880204
0.19018910300148767
-0.1717651102889726
0.10853806101441772
-0.34526504309490635
-0.22383993312366676
-0.03488628690603045
-0.5978830974483358
-2.423271408940706
-13.427879819088663
-6.444358711573002
0.23155339850891743
12.08678090228813
3.2943394588950445
2.6925711422644594
1.4618819723115875
0.2902152486445662
0.28754423436496557
0.2502634994548089
0.2688852582427434
-0.35462175183024874
-2.0526271651531682
-3.8882053826675826
-11.873671340705986
-13.922651614060268
-11.473721785035117
-3.9657333867713995
-1.9233602934621623
0.28117998840189107
-0.7516226207807725
-1.4668612797011784
-0.9749723754107594
-0.17137459136621322
-1.142313161010528
-0.17905448681987143
-0.029864838582864015
0.5643046976864934
-0.3026702709939171
-3.2412203608560044
10.086586712133172
2.7071608930487088
17.0234408909358
3.041156657469559
2.5773095441219707
0.7979918762536952
-1.9397323206447152
-4.343379663059499
-11.042980507127062
-12.980917798892943
-11.15853855161731
-4.352489092640869
-2.5044989912284192
0.10267585471226333
-0.04559340509770647
0.1897591552329753
0.25849978752471303
0.01107266288355537
-0.06387442718300414
-0.55067794031805
-0.41729746614607305
-0.49336452674290043
0.13786981811188548
-0.039100428572385326
0.04704986191984468
0.6743315292738261
0.642391971973258
-0.010216663354705195
4.131008232727949
2.404571648916086
7.216073981261802
7.403495998480697
8.691012891569676
7.339421235857344
4.521298113939619
3.6840380396359653
1.2797602937821368
-0.20680318911781748
-0.7557767824218317
-2.337334850529494
-4.866361182395566
-9.451644620640888
-8.962581623945448
-5.999043687200604
-7.942513809045897
-4.534633362237636
-4.839105899190075
1.2357696532448748
-0.2632702921761458
-0.5288039132222876
-0.9876346426888029
-0.2508535585258719
0.09569946816779545
-0.269535341322507
0.5136997758853704
4.836733229902641
1.9176378518606754
11.342482506007258
9.197193548950164
5.546966051215694
4.884687628431945
4.715797759734468
3.150215939675846
0.056457816757121575
0.002919057398038204
0.06090208169898261
-0.11413593155609841
-0.9907086711023546
-5.202913598162182
-10.431804132556453
-14.68756022907948
-11.922921668999129
-5.799606401436798
-1.454035859498975
-0.16272142475722848
-0.19455771338231964
-0.43913867021018127
-4.165883141403318
11.646394089868702
1.5175518722979018
17.18967105702969
3.033502983918627
3.3464819080573136
1.4046563277980884
0.7220722062682727
0.21435273026630394
-0.4410193113180271
-0.4752593523089636
