0.880065023483298
0.8096579210315753
0.7576824590384367
0.6604265499727651
0.4842040979929122
0.3016205910501364
0.19236907615568338
0.16164514976357228
0.1449571646642202
0.13543034040498558
0.13001232674788554
0.13255758559363678
0.13379582386214467
0.13453626429936905
0.13714672905473974
0.13808697418851162
0.13841796408943208
0.13452043405284175
0.1343659894126879
0.13502570564158928
0.14148934366931798
0.1510016772909264
0.17882789226779783
0.2871121173597997
0.4960567798210737
0.7462516135456225
0.9163225390835286
0.9862705956290614
0.9601537738576315
0.8662709057042454
0.706576074778752
0.55299990522717
0.42862672180219263
0.33333802340155005
0.2531611594502752
0.202294470359351
0.17418540327484533
0.15985522076337827
0.15899906513791112
0.16607399188865235
0.17147798927530927
0.17529068374176526
0.16896209291998515
0.16711072604413446
0.16152921639124407
0.15323638142004364
0.14914558405128303
0.1586389998134743
0.19246325855568533
0.2373424132584527
0.3040221437867545
0.3864206091936046
0.5236323069571756
0.7024749023743877
0.8633609243407104
0.963597676422771
0.9981061135641025
0.9563615419627558
0.8005224071299712
0.5545539259149781
0.3425876245173545
0.24598508095732635
0.2204749852542762
0.23224981182077561
0.2271264467352136
0.2072375019250885
0.1695149662823937
0.1721794135030468
0.17035304294305492
0.1713886862646695
0.17896271926224575
0.19577281873703528
0.1921186109778123
0.20290648185964016
0.20413556257877405
0.20168626103483517
0.1992339345443399
0.255494427266619
0.3594450335586578
0.511557156514931
0.6504959365490817
0.7391101744930929
0.7672019870132527
0.7834725121514259
0.7129407427860504
0.5259434710216672
0.3079121305837492
0.18335121051393824
0.1487601977710029
0.14865866804055672
0.15452982998481307
0.1497559091544295
0.13845610628891997
0.13208789382517344
0.13545472379712423
0.14445789648358442
0.143589591973652
0.14373056309760723
0.15093890583578862
0.19783818718587212
0.24573210151699734
0.30297102663965036
0.4040815440522795
0.5941495690891999
0.7757574505243916
0.8870608558139937
0.9260832721284544
0.9361537159103105
0.9188971623854796
0.8952898181170665
0.8599817077424255
0.7724618029760639
0.5624681056269494
0.3124854212589318
0.15812360307152823
0.1320677476567752
0.1284557476427424
0.11727625003673542
0.11115636314124916
0.1056370793786151
0.1027370748633618
0.10392197077481968
0.10541374482052043
0.10134554959374688
0.10459079368420217
0.10622506581718999
0.10113148484682635
0.1188959230069542
0.15078763707327208
0.21389168991010882
0.3140831425626738
0.5031721299866159
0.7096895976105213
0.8599903558306524
0.9195987322759278
0.9459463131506887
0.8982905658042291
0.7862358904362565
0.6160488056199602
0.40862075493508543
0.2194391526982301
0.12256809953703518
0.11523150161853832
0.11457551974757034
0.11212807440155695
0.09547551732663136
0.0856691914525716
0.09537090855676808
0.1315928276183153
0.15175138337265143
0.16319003594940032
0.16304108196408104
0.1755385129233102
0.190934924514974
0.2732838534310509
0.41664036408045835
0.6061198510548494
0.7663737206288808
0.8817221727009819
0.9335976233567022
0.9652032647325708
0.969126027378493
0.9111932588230578
0.7843727830292131
0.5708226117640806
0.3276798288375873
0.13750085475799856
0.07163892178499093
0.07929989694614976
0.09288441973286943
0.09853182821892416
0.10420851270267723
0.11170552014092837
0.11748897142415077
0.11987010565234467
0.12731120498273896
0.1290532815003243
0.13043628456447298
0.12821521913886902
0.13452804889959263
0.15179798348798818
0.18291917651134615
0.2559584339678534
0.3842336131325666
0.5509294713741159
0.6843196092719012
0.7531007046366524
0.7819444508798019
0.8102707411085684
0.8227542905061804
0.7776060865834071
0.6179832934825541
0.3522857524767727
0.14612534841503783
0.07426212402029905
0.08102135588233614
0.0696693659883105
0.06176458609167573
0.048210283114646216
0.043996312836837095
0.051225162785657044
0.05754020948069706
0.05687646617388764
0.051694192817147246
0.05004685333190864
0.050567686692588314
0.052349499078794506
0.048471235199811585
0.05519132153016339
0.10216574455179855
0.22421639266735077
0.43606128988166737
0.6545271477033883
0.7953129966029922
0.8362935483762002
0.8666473525614575
0.9120879454035655
0.9142766983919478
0.785142868529341
0.5390138727667177
0.2658924961766942
0.09522516590798702
0.03513906575708686
0.037561864858186265
0.0292669920330256
0.024589403532129357
0.017693793976844948
0.02346279259329754
0.04278531836498714
0.06580126669625876
0.0720985603617583
0.07293882260679845
0.07554791032251798
0.07699326277513008
0.09116970835914903
0.1673855347986158
0.2765390802752693
0.3700965149079184
0.4790592092796005
0.5996473884278917
0.6845271599816081
0.7160307168625268
0.7511389900592131
0.7046703712540234
0.5470563155467749
0.3519141016500157
0.2151314918785593
0.12204148347671985
0.0637994902619894
0.03962769593874317
0.0393353300669185
0.048184396463836106
0.05902638381894474
0.0638740150335996
0.06655848139259243
0.0725428494934797
0.07475173564191165
0.08281513669825372
0.11099098409437477
0.17813358852151048
0.2346086644850619
0.3081043595543397
0.40111787611912136
0.5332136866867223
0.6187923578027912
0.6690386226117896
0.6774393586331762
0.6491847557837034
0.5187224042395603
0.35010521475036277
0.18188446884590856
0.08319876888340412
0.03224645528505586
0.03770066183874005
0.04347156059124657
0.055464949700645194
0.05837911608852581
0.08481963298482686
0.08957017779851675
0.0876219578345513
0.09264104185370543
0.10110364143771873
0.14319872350778384
0.21597464458215343
0.3443125124411338
0.4484817081708722
0.5822566518973565
0.7028542426679674
0.7821539822436663
0.7674347952182881
0.6910095365869346
0.5758823132935114
0.4111601453773398
0.23784546267195106
0.11913023649713027
0.07294565621131925
0.07113800170043229
0.08248454410617484
0.10126183689705143
0.1037561943803275
0.13365666221446526
0.16579419063715073
0.2071652671110112
0.2543876994064006
0.314519177455073
0.3726591044947267
0.4447403309289514
0.5060308250077632
0.5372124211161752
0.5532251949725567
0.5927411638387128
0.6353735863482943
0.5952615725345509
0.4542704870181914
0.2594738869056322
0.1267451115816596
0.06717328732518067
0.05890662173210108
0.056875799183279965
0.05182084167546568
0.05708631736111981
0.07010238027186212
0.08810064334998738
0.0876595056187158
0.09641896192213237
0.11349325943896683
0.117904270089009
0.14660152336160132
0.230241964600564
0.36425420666197283
0.46145747124870035
0.5334743649101891
0.5874786214507463
0.6135503818924855
0.5593225597536159
0.4143692863561131
0.239092742921929
0.11696554417969295
0.07107392625626395
0.07704491394570556
0.08379177224275858
0.10274243296225909
0.13085536487136318
0.17486236667698496
0.21251080063938912
0.25464241840062446
0.27913362568014527
0.2859772425241832
0.2747710095254149
0.28219229899356535
0.30706383095123657
0.34913231716967824
0.39901110741687307
0.45052628684882695
0.4861517095849605
0.510093106176898
0.5495763124917958
0.6085347076041951
0.6548564414300997
0.6873150247914842
0.7052764654117608
0.6824661518606373
0.5820641408383973
0.4677239448109907
0.3214761012318819
0.18567082790904738
0.08188788669541508
0.06602453096475813
0.0570634493374903
0.05195902749485144
0.04241400621197991
0.04333492673065594
0.046932886319875036
0.05691997583549763
0.0845407321481192
0.0981190085154858
0.09788005269252195
0.11811519048246451
0.2140466533603397
0.326402371944611
0.42820851907031554
0.5320153850550317
0.6298293157007309
0.668888054838797
0.6602706503796267
0.6623736008134241
0.6092147528281341
0.47462781210339633
0.2514813435292226
0.09381785959906057
0.015394003410765418
0.012631000832384005
0.0031919048155071607
0.0064689744112663376
0.019787276395531794
0.05687982142788481
0.1118680095089793
0.18213703527283187
0.2578145391091916
0.31632079295270044
0.36537730274592783
0.4227510107036053
0.4982734379225156
0.5679954521754323
0.6340454100311812
0.6793199183846075
0.683930091054612
0.6243857487290564
0.5460140305440024
0.4095067405011279
0.24181850941902666
0.1266478370371522
0.09243375518721939
0.07776514008886258
0.05687060620718825
0.06805609348790101
0.06935954307162132
0.07298254034963345
0.08301055906942087
0.09224642757423687
0.09846867101038649
0.10138928842619363
0.095167406916468
0.09820702471547105
0.10120108918243828
0.12118394591493324
0.19113466253800632
0.31345829088603816
0.45676379076878937
0.5822261023092714
0.6781670498945522
0.7105134104988089
0.7014761136603124
0.6386463581852979
0.5335973756000935
0.3826899466533773
0.2541228053594616
0.14344842678312236
0.07542913509945809
0.04064980575250423
0.04428298843189001
0.047554269165342375
0.056126210189192755
0.06656680140226427
0.07489045884813252
0.09120234136706358
0.10520342576710569
0.10384248240252078
0.13442951481131102
0.23217674572013275
0.3640953164313124
0.4706721209085016
0.5527179219349849
0.5973657372340697
0.5827255149868967
0.47243635302909454
0.28860338778061256
0.13653383904162078
0.07542777948646005
0.07062674466791562
0.058464976644318996
0.04751188884591036
0.04390655543228379
0.04053892294284655
0.041465760289988496
0.03862327201609309
0.03847302672108034
0.04016756811370188
0.05412585625585773
0.11062160621548951
0.20968709424510146
0.3394104946876515
0.462453757794554
0.5786959529238301
0.6380476621469084
0.653893273319483
0.6401890415904643
0.6516857649145518
0.6817682996699
0.7366462180550881
0.7632134906080725
0.7459763780057993
0.643003979450188
0.4684551335436585
0.29101870497942717
0.170792611821518
0.10165290677856625
0.07315985542371181
0.08003043334357211
0.0948284639862048
0.090788491487002
0.09200972969288322
0.09566746650918284
0.09547299697372111
0.09665246054411102
0.09761699870215315
0.10285713157388227
0.10960702399896213
0.17439034057411945
0.27863637420523735
0.41395448194680146
0.5491211970371619
0.6665626649260196
0.7382303006493722
0.766066720415183
0.7806654255972484
0.7703057455329322
0.7263964373218171
0.6099075380873464
0.4290033099321595
0.22593351140302925
0.11818449290777899
0.0928173330455256
0.09758186630466784
0.07678185615426239
0.08849971733814298
0.10913257108182989
0.11650481328818423
0.10357490345751946
0.09418757378490314
0.0960267052096208
0.11482686254642219
0.1600123451448568
0.2574108245496546
0.359515022117842
0.44936386830023595
0.5286900166330598
0.6434615327335669
0.7298831449019599
0.7619927559091879
0.7467974190770426
0.6995972759346389
0.5612161559401584
0.34708719239817265
0.15446943053333678
0.06868351780556825
0.06635439735707005
0.08125953179978382
0.08862815588363532
0.09063588714490461
0.09415126224159276
0.08964606982712661
0.09720791314301308
0.12757097384702235
0.1566898462394575
0.18921770680060881
0.2601435655003114
0.38199644987293274
0.48799806551241803
0.5604434392097759
0.616628907625245
0.6464339300336303
0.6103334342327278
0.557287536773399
0.47151413458811986
0.375057940559741
0.29213169682445955
0.2784405260522269
0.290440238851867
0.3220668351465475
0.37979732932142823
0.4413184260584603
0.44920864500861524
0.3803382694423446
0.3006824111533467
0.2570429892729134
0.25360714810895657
0.29465961772538585
0.37894381560489715
0.4823472252752726
0.5669531433708132
0.5805689487170401
0.5058205523546095
0.38649956879713676
0.27938772599547773
0.17354030578001844
0.10011011394854119
0.08167726659363303
0.10816952743586969
0.12023687130680062
0.12190513177777222
0.12261688587556918
0.12186097773532456
0.11742220385162276
0.12685071847216772
0.13372678620660317
0.13492918627325162
0.16781499062560212
0.27438154984991214
0.39539101267945237
0.48232060575099
0.5319339053933211
0.576901098782177
0.6158628578938942
0.674859895593092
0.7277866655471317
0.722377997742684
0.6169065290772346
0.463139072096511
0.29479344929002393
0.16788519347809427
0.09293659865977366
0.07599078511698369
0.08002872389867277
0.09092226033801679
0.10164083507298763
0.10927639078875195
0.11325479366349228
0.10347179639030682
0.08262993067533835
0.0716039926382798
0.07022393579188965
0.10179202843969873
0.21626271317267237
0.38132400826978313
0.5237740295086414
0.6171144863778317
0.6598008282680558
0.614913105263674
0.47065885966419235
0.2980428519970199
0.15260672719350496
0.09487056463495687
0.09105355910083672
0.10595588161273832
0.10987446210135193
0.10296423202331437
0.09691769977094417
0.08391168722547161
0.07835513919330542
0.07980418135938139
0.09238382480542526
0.08360026662780375
0.10264538075295196
0.16351309714146167
0.261119175385795
0.3371642656395007
0.4188053726104751
0.5066860357524086
0.5682967442917959
0.5676769422027552
0.5109826722860835
0.41421717753806103
0.2560549840414229
0.11204804441413849
0.027062356300568732
0.006053550593981549
-0.0022376012610226615
0.00467996467687454
0.020233424996844863
0.03890497281539251
0.04125307019571034
0.044027725286067174
0.05292424123065865
0.06843065943983281
0.13474135094054934
0.23151883722653602
0.34797884271605506
0.4720285051612594
0.6133416552344136
0.6565824821261793
0.6158891013293453
0.4090394071656108
0.20901062554471833
0.07054291021835105
0.06568681407060917
0.04779668354297023
0.055298204105026
0.05266985011939601
0.042201422351056325
0.038113905514043915
0.045442573864399524
0.06090022715179709
0.07309138451351214
0.10203742705806607
0.1484656666319093
0.2098996034251882
0.2802519257714917
0.3614892638858908
0.4536459661722748
0.5374288832489433
0.6258428824819815
0.6685736269810548
0.6383136372939311
0.5394047635366639
0.3647925515408602
0.18465723232815873
0.055603180615186085
0.022015030717174686
0.00694740609608187
0.005922008843904922
0.006430333800486706
0.013990919849808197
0.03132496401410739
0.057780859211257043
0.08040059835492522
0.10349195831133401
0.1407524457244944
0.15011270696165
0.16428087457150548
0.1978571467923061
0.27944563343685813
0.3575663806902414
0.41743090289325535
0.4315107464588068
0.37554418675367857
0.24970086891310536
0.1174720627788652
0.0802037655255997
0.11486302621306366
0.134285102491607
0.12150971874329985
0.11003025026734836
0.10986870171087923
0.10487517657546802
0.10429378002669086
0.09853658099113616
0.14985260910599205
0.242470519604193
0.32362272975905465
0.36623798593313694
0.41001561850084767
0.43037231715867785
0.38813481257375954
0.28479865388825804
0.15250026907338993
0.09681713610028937
0.11094248576740035
0.12189281606862921
0.10474079885173782
0.13457102970909984
0.18548869076807778
0.22414308661296525
0.2311987996357483
0.20991962050144727
0.1876372007940869
0.18231187516996847
0.18094708581279478
0.17866494093763605
0.2051618390920972
0.2582094310771595
0.3373445385011884
0.41715842820639837
0.47404809019710326
0.4892451250052377
0.47939468542359626
0.4552386349834576
0.4274189748263482
0.390003896100336
0.3307877629421406
0.24926420766170249
0.1573510515862444
0.08498012491030323
0.07214801722062057
0.10317747880289066
0.12008007198483449
0.1014286478016035
0.08845086631430496
0.08934778978549934
0.11231306696388119
0.12042108202389264
0.14827645287349916
0.21192323914439903
0.3303390349876628
0.4368882136854439
0.4790255891352776
0.44794358042399063
0.304107484867545
0.15846345977029194
0.05212893176677448
0.04117148571892901
0.033339859673736226
0.03428194761207144
0.024637636008539472
0.020922861790641754
0.026071948249562788
0.037813159189304946
0.054032917033350295
0.08771993680557402
0.1799035595940465
0.2987891900620278
0.4111615539431044
0.4864955083122476
0.5367246090648473
0.5315336661398915
0.4808369880724991
0.4030875398119423
0.3368507847734905
0.2926139138281835
0.21184484208265825
0.13350660403720824
0.07565790297145333
0.054235488794409606
0.02819364133643621
0.02526020173652453
0.031952590371179194
0.03246346954811831
0.04944142923265958
0.08425919668462536
0.17039074849680946
0.2546909365253893
0.29051933862729623
0.21523545665328486
0.1286836833548848
0.07966613150651759
0.0832828022506597
0.07829776617589909
0.06889831016419667
0.09454592670143835
0.15149680075402253
0.2288618904523651
0.29297793118734083
0.3156455949247951
0.20797147276865877
0.08653731155624342
0.04915997383550669
0.08096174685356385
0.07234823779903672
0.05661755874611368
0.06245882676181767
0.11153537355719267
0.19986698075889725
0.31712637882114836
0.438342991770656
0.5331603611056581
0.577323926439608
0.5830237781541179
0.5535176692976187
0.5073346828029286
0.4764751739771171
0.4782104827038886
0.48951086148829426
0.5215658217008297
0.583766405940658
0.6060333100416215
0.521554354273796
0.3545230861632354
0.24067474197625544
0.17581406713447198
0.13410202313482505
0.0981478964450448
0.10372424554397026
0.12816465888800516
0.13002417586914428
0.09946426698519406
0.06179702057571711
0.055318627524866354
0.06649894024796515
0.09484863520445323
0.16862965044088854
0.28219772715282965
0.3852525450372708
0.46273259692744806
0.5293029138406445
0.5958402042819222
0.6310205484629985
0.6209956545291322
0.5575725238771518
0.4395860324071863
0.28824697122584014
0.190859826156348
0.15446791272521682
0.15487421342063468
0.14097544329349848
0.14669395772008859
0.14666652370286823
0.15538936956804122
0.14801789530485016
0.17001089369874497
0.24469276395626138
0.3648051087014038
0.42056688965747363
0.39835263959743367
0.32948770324656534
0.2597109755767494
0.18247038059797246
0.13153540566139782
0.12424307946000815
0.16955105633695053
0.24102839931081066
0.3126042566001947
0.3840420594386118
0.45560624782765
0.5064738570563485
0.5033947366101905
0.42992611523817525
0.2948214713559897
0.17673843887276347
0.11774027126460906
0.1084575562606924
0.11233278485570777
0.12302112403658103
0.12678875015371005
0.155316737899257
0.21186458739206102
0.2858169742852975
0.3350415395199597
0.3252916769861718
0.2730677685873135
0.21351495469500723
0.17903132413970185
0.15205730980683696
0.17414914227505138
0.24235210165613646
0.36109673729758046
0.448658772906928
0.4729598185365732
0.394224169598087
0.28475525409354574
0.1889262667472804
0.13677044457353307
0.09708909017686668
0.08355969880869213
0.08905536868541165
0.09853203359807827
0.09877041454868561
0.1022291997888546
0.1108080429794716
0.1206305494546071
0.1169344112093077
0.12387303135087252
0.18107146432003451
0.26592579162289365
0.325957151405601
0.3531525653277412
0.3477021514987879
0.3119522074566369
0.22520795879670652
0.1412557368713565
0.08740068661811265
0.08407022980054718
0.08580033567402387
0.09013844797796214
0.08335608110223003
0.06470382240392071
0.0801268839237269
0.15467308696613807
0.25341864317688173
0.294154384676768
0.24590169535215534
0.14823164940122885
0.09916803210538769
0.08105319072596852
0.05555273698155348
0.02913760406411875
0.059388681254911785
0.1379579398347225
0.21922918005520403
0.26050496762469605
0.2360535573836636
0.1840068717962699
0.13833392632723604
0.1093117527579413
0.08448841513603735
0.09391216833575008
0.16014659159436756
0.23978908355378456
0.3087693623009688
0.37793601431368795
0.43153903268161453
0.42151356257377615
0.3769214227311789
0.3229472575487665
0.2913992951646426
0.27399665095350556
0.2765177832507182
0.2795848417489022
0.29202708643658876
0.2850244000279454
0.24565473513454839
0.18362609776913466
0.11376762752562442
0.06147473266113275
0.022907006759360332
0.020141403141147055
0.03225817808169693
0.057549674157802946
0.07024141154065035
0.07809876435305058
0.08577860846488153
0.11002726973611184
0.12110085459412762
0.15526291703508233
0.23893371234464048
0.37293628795342565
0.45369954259450496
0.44009679400684315
0.35251859255488166
0.23622192531646546
0.14156704683851706
0.09486012960739534
0.09126403685105763
0.10203591982962315
0.10530551478591656
0.1022470700569339
0.09460080291295694
0.09960332544768792
0.11361905932293122
0.12807356283660942
0.15172571003853083
0.1724651707666674
0.20898295128023242
0.24180984467758002
0.2870821557792394
0.34657283644471293
0.4092591265085387
0.4082183711776244
0.32920397124107914
0.22876413010645447
0.1528633950325795
0.12029633222454612
0.11297925334645309
0.09547633834515808
0.09552250349569506
0.10594848635844091
0.13219802707821804
0.10924883314008267
0.08073190695237692
0.0567781642320663
0.06717769166334292
0.07068292128319593
0.06869395816044507
0.08545067822280478
0.17068724715000744
0.32482721848035034
0.45138434675233563
0.48479505361817066
0.4600130076012561
0.4172226444557378
0.37131356402774907
0.33857524839430325
0.3408523851267288
0.34798287905211855
0.31672484258063793
0.21255431161666602
0.10778602819975824
0.06659200027907052
0.06791294766028297
0.06380291911415262
0.06286664525282307
0.06310132047111422
0.06574642601920593
0.07932311730095218
0.10528778332106756
0.11476779677949853
0.12222557852244667
0.15898420685178827
0.22773817928288104
0.30909968535082805
0.4180381360630589
0.5316973262378192
0.5683047161059569
0.5154761141792346
0.33391007221019864
0.14711184031783103
0.026443379985589464
0.027668251144790393
0.029477847458104375
0.03224850265302109
0.030130790456372077
0.029605856409895912
0.03446164573041294
0.03832975202636237
0.0475653224978019
0.0573730313957895
0.061449940662658055
0.06440886691202444
0.07024009356510007
0.09193997248497125
0.12504552255167278
0.16520972905094627
0.20236695601078206
0.25271284912085834
0.30248682281081657
0.347335042779633
0.38428484894451403
0.4213825460020778
0.4309596353150679
0.3867080950379193
0.28554961673976587
0.18832151600488387
0.14166582969513827
0.1312528111216033
0.12452192683232176
0.11128909345801624
0.0950977111025412
0.08210733140055115
0.11888394770128133
0.19761112833796304
0.2448891191151278
0.24956175128123018
0.2523221997387
0.28565905247825485
0.3141905255041383
0.35220564686480005
0.41933641787621073
0.4981346401001834
0.5555427932793964
0.5628506908348235
0.5282016496153473
0.4548159168716642
0.36156426977158707
0.28344785270746053
0.2417009802590686
0.2038795992250227
0.19328838900423173
0.18596223442389992
0.16906640831800251
0.1249557442647052
0.12416335985424753
0.13009478291823098
0.11425865672811578
0.10836691031950635
0.13963354353938132
0.1834883746320394
0.2164355492870129
0.2515759387451854
0.29048695915953493
0.32759704018175917
0.3577163944979672
0.3795691669822793
0.40930691239891437
0.4542692432063397
0.5242141230600003
0.605420606036906
0.6232548644644538
0.5803282787552073
0.4235043938703992
0.24577978409760745
0.10584941337588648
0.08553806134834746
0.09691127823987997
0.11972992335318333
0.1415052446648708
0.1482153832067829
0.1536037555808653
0.1535797951043399
0.14784857300382942
0.14057092851898637
0.14272100672697396
0.15769413083231287
0.18724865087636125
0.21660393938342043
0.23221671598592067
0.23681205982503856
0.24281264761717128
0.24736032018346835
0.26675277938118386
0.2851674561033513
0.28926872804547327
0.26711909408482715
0.23005501974664155
0.18239982988330708
0.18644469828897484
0.19767974499452662
0.19292825697982277
0.16760957342112237
0.14230243601691256
0.14638626649700043
0.1266126842824969
0.13530272570695362
0.13952233089444163
0.13999793906553348
0.13436366899645757
0.1418772784302433
0.14657745234561645
0.14618312354171595
0.19749794220957084
0.2865766424872789
0.37059650399032346
0.4544298796538404
0.5036604034203864
0.5084919360416926
0.4832551488700212
0.4252165241052003
0.331109358503247
0.20294190025487038
0.11411747735873551
0.11111791368324204
0.12588057693717
0.12458563527840319
0.10035699772009778
0.09907363785691126
0.10887391810933338
0.1410026675221704
0.15512052059998785
0.18521783069426107
0.2503714739139767
0.34068264687958666
0.4084843500385903
0.4545706667821193
0.4809145448793001
0.5016678410165687
0.5082217663275835
0.48289471809566314
0.3907250367008475
0.24785984097730082
0.1263718342345495
0.08338877227212114
0.09525875894538541
0.10734868181060639
0.1112778975441086
0.13140482274402676
0.15553493220503245
0.17482383029705276
0.18362608829973384
0.1694886885802023
0.16845770440653612
0.16608747188663125
0.15992114219625556
0.1418037794067034
0.1512636811575014
0.19376719857605668
0.25279708922999033
0.3327623993407126
0.3959187370643779
0.44563523757666684
0.47316509331332435
0.4800343202890208
0.49347992499789983
0.511804628229934
0.5189522052992745
0.4545772514716812
0.3487819406873682
0.22024526657465818
0.13877846656189857
0.10014864170032149
0.09282938254707274
0.08048408967082624
0.07755344032103173
0.09167804646823034
0.099884616021067
0.11450285070024381
0.12840887772242343
0.14336185359982187
0.13605189330390238
0.1676335521987249
0.24052090332803924
0.3398788070817814
0.42036900529285626
0.4854131274825515
0.5010912588099322
0.42340763879043775
0.28561247263909195
0.15403420510462423
0.08983980300984436
0.07029945695540712
0.07848151083514689
0.10742809158549384
0.15055093730517544
0.1799948262381202
0.18668278029724936
0.1937409054962861
0.19204135857983187
0.1964459249277718
0.21387959047757796
0.2768385693196817
0.3810531531799606
0.47974800704128295
0.5062224314879891
0.4495589895467631
0.3903997505836748
0.32156635593413985
0.2200912548354087
0.10887862018596611
0.0445153992711789
0.024795556030920082
0.024129352439556724
0.040029974551969445
0.05115210229953815
0.044908520948233825
0.032502808077548004
0.04334502741331621
0.06157965965352221
0.07533140343934297
0.09842599435556973
0.11273506395018021
0.11994479296437685
0.12842127609534704
0.1838238668910007
0.26316364310741547
0.36403981382226397
0.4487392545584724
0.4862527048030448
0.48550058877162694
0.45369240449605774
0.40904184924404713
0.28555595023007985
0.15241849388705644
0.061244034635006474
0.05189757022774155
0.045461854370872766
0.04008844377374488
0.043646372309601916
0.049859964386453084
0.05662281802251809
0.07202496872871901
0.09368638510065724
0.15153063615859672
0.17783665824878392
0.2222801914880217
0.24183197035741713
0.31112367800113155
0.3510870493611351
0.37476831382797937
0.3164691325266189
0.19898790494770208
0.09520304030565888
0.07399268417438734
0.08686619301904093
0.08609478536662536
0.07145503773474722
0.07584580007428948
0.06675264756363852
0.06310977615759708
0.06133444409746927
0.06385136218126714
0.0741858660887663
0.12386330556565295
0.19549275445042008
0.2623905450507821
0.27693501338067494
0.2401614135332346
0.16193378952772725
0.10698307324807038
0.08577425616440623
0.09917391440864332
0.12258146347904933
0.13035688453576566
0.1410801239365121
0.1523301800990517
0.14050164782818203
0.11481308128054976
0.11278093562403363
0.1439660382188124
0.16801751761619574
0.1668361519854651
0.15610622637664479
0.14107384851406335
0.1328488071559693
0.10623157737003525
0.09613032219695022
0.13026954872715724
0.2326597884263679
0.2689601758552816
0.21095737356199712
0.12748087672905953
0.11893933763991571
0.13163023350290826
0.14439997441380636
0.14258395079347388
0.10944126581802485
0.0592480505127867
0.04432816461696133
0.06381142208073161
0.0765608253549771
0.08864199133769293
0.11090152066486328
0.0947349072388133
0.061233147815199715
0.08915988413582997
0.1621648256429146
0.23598682013341676
0.29792115058358803
0.3767067548595343
0.456298511980907
0.49669850006009
0.4720692013983162
0.39079257606466944
0.2988224520489638
0.22365494116356413
0.1847901135131179
0.13255171438847382
0.10596620474866822
0.10844974818387426
0.12339699318980533
0.12226807701029008
0.136836619373378
0.1445549435533837
0.1432896608083324
0.1327022349482095
0.11962103750779962
0.1207417961826551
0.13966964122680506
0.1474413705303783
0.1560561154787176
0.22420165868944925
0.32699069418055565
0.41535483662520345
0.45178750746515395
0.46089241722338187
0.4542195508585194
0.4491621340235047
0.38835622451152496
0.2725554400001275
0.15083625954283472
0.09893487565145885
0.08503512112765088
0.07657159584975484
0.07357525178024593
0.07741204258924572
0.08472869438127704
0.08682767402119061
0.09759764520897242
0.10412665426628535
0.10221858918112796
0.09253716476712948
0.08404300891695983
0.11989880473611625
0.2087889489004535
0.31870123545924367
0.40531007102231875
0.4812377467164835
0.5348296974620421
0.5212508457826339
0.4504939432662406
0.34482890927037163
0.24977528752623362
0.14746277397562282
0.11200360057427794
0.11330997068644626
0.10066274788470567
0.045620713664405385
0.020749096040137305
0.027106756387339247
0.027784440812478845
0.02848616637856163
0.034402574778157155
0.04624244745035721
0.05245603937918156
0.06821212500374647
0.08952274270189009
0.10757968554296465
0.1447699219432842
0.2140202706942308
0.31422248823185084
0.39926450511857314
0.4669876352537621
0.4714991134627191
0.43892223520152807
0.36604232645957113
0.2632785456198967
0.15871674286023424
0.08947678665658355
0.07541788908522193
0.06535046664966149
0.05530860800460337
0.0313115559281459
0.021921067621307244
0.018400446472505962
0.01842475327830284
0.02427947364552793
0.03637569734435841
0.05227306513026871
0.07379601759033619
0.10945615037741001
0.14325501300559368
0.1933320758717005
0.2528670540909159
0.28245711690349296
0.28883736945799243
0.34150153968387476
0.4323964565930805
0.4477606185114176
0.3450286760240432
0.1843738039579357
0.09157271001917072
0.06771664670554398
0.06367097487655166
0.03799167807030154
0.03125008196572804
0.041672962913555184
0.08152454274631024
0.1411780407487479
0.20541151842067445
0.2512166412907152
0.2792657228716836
0.29970367667556974
0.3066128027961311
0.316857906204867
0.35496735198144463
0.4129585006294916
0.45550676096062265
0.48994392599296577
0.46436766444069877
0.39060121604728815
0.30559718403402775
0.2410290613780755
0.14590812037822848
0.0767777705394699
0.06521467918408724
0.07341537315886666
0.06317261048123335
0.06499663342149434
0.07771290678482139
0.08982069554296261
0.09712825918844863
0.1178161622793791
0.13407777415077674
0.1764168875745477
0.21444889959794755
0.27783780008673065
0.32994247424716344
0.34871244212035835
0.3060409664162782
0.267189852865659
0.25043233134712395
0.2483212475677957
0.24600284547300288
0.2631565315494392
0.2565973121989288
0.22476790645253303
0.18252946757200716
0.14196686747342738
0.09820417216943642
0.04691879343738153
0.03201799209274248
0.03385012971289095
0.034612818458005734
0.019992642165549312
0.04074080305371716
0.09283275737110722
0.13424818237671068
0.14339406448134867
0.18669580802838842
0.2661545510061293
0.36166750134146897
0.4429928507302849
0.484765672350413
0.4901503673618706
0.4858947810974165
0.5022879353790164
0.5088671752606041
0.49273479078429727
0.3822631267358595
0.22705503490491225
0.09603733124870567
0.05588623625834302
0.03679290928856522
0.03304844610562814
0.026305504197587357
0.02894515609038551
0.03569388418514703
0.04063550674788579
0.04573087167595588
0.059025083820934576
0.0721083116991178
0.07867737134815472
0.11853245764505284
0.18068290286803218
0.2456841936628117
0.3024694027958135
0.345414149931237
0.3383732083015154
0.25551324213392135
0.1596983834545888
0.0836709519158182
0.041725662799973015
0.017462441070011256
0.02455933828201315
0.04661116327636869
0.054664792602783494
0.06081073973283056
0.07387014692257977
0.096844794742195
0.11525706196047147
0.12521459211042474
0.13237135092900904
0.13314638085722288
0.15494499038945053
0.18743174280691685
0.24498681942845701
0.27970415326734377
0.3042971518468598
0.307770841077315
0.29200744841740056
0.22014590629647446
0.13936525100505376
0.07109462127793105
0.049170742358211665
0.07926007587213005
0.1683964677184211
0.2397185749515816
0.28855886150983695
0.284727630239996
0.23302769449128807
0.15781573015658523
0.12437135456684772
0.09645458282946645
0.061009277796157904
0.04093233289213366
0.07702792784146167
0.11906304980335672
0.16401279954867767
0.1968285133802467
0.22777536355568517
0.2506187996998629
0.3010253765438705
0.3764109034949255
0.4129158698873645
0.3835713595512217
0.2970519700922478
0.1968715269351884
0.11312930851601496
0.07691181349831105
0.07632174193495271
0.07620038311484552
0.0704766524147783
0.06023751991712396
0.0515826576548356
0.055223912449607435
0.06812602000018947
0.09632563236114741
0.13940614476184565
0.20469534638417247
0.25720332188495226
0.2862049611965169
0.2641574701706709
0.19759917573081826
0.11616177046207538
0.07491978942681134
0.07898741991094271
0.0808963998511264
0.0644403881304199
0.07492451221699069
0.12951951312580146
0.1913609508777859
0.22288254479640746
0.23219875330443232
0.2274593824909132
0.18070569236015277
0.12576108423023077
0.09199659892663928
0.10984439962954129
0.15041718531769377
0.21135639038905868
0.2645974261194386
0.29775346907465616
0.31184250119507745
0.3165168906045816
0.28217460072055534
0.20587442895818592
0.12462623461874937
0.07008411633049869
0.05586863213326352
0.0674086365982614
0.10576474027816682
0.1298716427314912
0.15016548208029604
0.15023354118231924
0.15379637964993048
0.14911596006079103
0.11745428950326714
0.0755654242683641
0.07063033782328768
0.10057377774236335
0.1440693060367793
0.2024990140228311
0.289572909374841
0.35147400250646277
0.3550656691643673
0.24809495258739628
0.12514157987933133
0.05593506085013647
0.05712196998729627
0.059580062087685584
0.06985928112497974
0.08737831372104857
0.11826070802550812
0.15949652979035736
0.183279236023808
0.14410464575511994
0.08641998116756075
0.06680057235445318
0.07909330321564292
0.11289879174987098
0.12048152647082216
0.13730163901797976
0.13324274566207994
0.12836406965410602
0.11823342920022223
0.1271358122847146
0.17732783362062982
0.2634405298856341
0.3947356486865154
0.5018136293059694
0.5690908681888049
0.5931092451364469
0.583870474842549
0.5625432833649182
0.5549489360334606
0.5614413627334043
0.5134297511291512
0.3775763497936643
0.20451707947714864
0.09569424900558783
0.06013963332855479
0.0714999414736447
0.07430208652758193
0.07814087655417144
0.07905423757872149
0.07124758046882457
0.06536233600381813
0.06440690923064911
0.07235824089875435
0.08216014971393447
0.09999495952594924
0.11102762395590672
0.13702076682407224
0.17640557643172788
0.21645118982699688
0.25322032031708863
0.3065131856723365
0.3609531716412725
0.3901914765618308
0.3500876124185708
0.26109277255172125
0.16896918686624665
0.12952200896998395
0.1002539129730308
0.08405968567827142
0.05903967999395249
0.056527513776035064
0.0768104594568303
0.12297063663975098
0.15483379869367647
0.16487531734884617
0.16946039389392686
0.17134174938055763
0.16986005767376786
0.1723152284136287
0.21117944507342118
0.2591013229703263
0.29184960086468203
0.28685035645626
0.26279914721732983
0.21245255345357228
0.17399753293742298
0.18516411511041464
0.2076140361066784
0.24839187388304923
0.26078675255498857
0.2083974398318259
0.11722066582212537
0.0827410883566974
0.07015411452100223
0.043720401507459684
0.024380119228408437
0.04022958883484431
0.06158668511684865
0.11501657421237868
0.13737892383672934
0.1344521210306362
0.13711143681009808
0.2149337151725222
0.33389801310073786
0.4531818237808941
0.5411516281915216
0.609588222505598
0.6715549775961452
0.7327183420538552
0.7437977067759975
0.6618640320536189
0.499719135662085
0.31961682587226636
0.1783153061858976
0.09456022386994582
0.048773386195075166
0.04359307035479577
0.060327040651763926
0.07545492939359955
0.06213859924965725
0.04742105290329718
0.03938076800528116
0.03855729888450713
0.05085620482287671
0.08392270449753658
0.11411108586292837
0.12077456446409891
0.12547332319009005
0.16190120335044406
0.22706576877713983
0.2872146350821494
0.33868104186512893
0.3483964590116858
0.31670500543064567
0.2598214295194897
0.2011602706156211
0.138281288473247
0.08644247700415328
0.0755054627299012
0.10093512904993196
0.11875912874466003
0.11069458095067278
0.10143728334867824
0.09867078509641541
0.08321397825830912
0.061329852070367646
0.05956974709202518
0.09426258331520829
