-4.22442614710336
-3.118527719588317
-5.835354543940298
-10.573347118791174
-10.955010416566541
-6.555090893667182
-1.8434355835266667
-1.0012791059611246
-0.5716094555540775
-0.3250808194260025
0.15271553074507427
0.07429429611047313
0.04442642623346261
0.1566278853222414
0.056414708026313334
0.01985939405522719
-0.2338518021954195
-0.009266678409231012
0.03958297373408249
0.38781828166372223
0.570740017296505
1.6695728986122809
6.497053505520113
12.536679747676445
15.011690023472932
10.204255532274365
4.19688339273197
-1.5670093062857964
-5.632972089203166
-9.581689855529575
-9.214570173094948
-7.46239100549862
-5.717321904038575
-4.810611837076478
-3.0520013454554613
-1.6865440250703347
-0.8598109506880267
-0.0513693375280287
0.4244956050444752
0.32423984319941435
0.22876166798736022
-0.3797154493068055
-0.11108201255104183
-0.3348905791734225
-0.4975700982720239
-0.2454478421256376
0.5696049457314738
2.0294555245326693
2.692749282166034
4.000783831698123
4.94390792441099
8.232701865814287
10.730555725032696
9.653161317979398
6.014205124923619
2.0705062284798945
-2.504674296080794
-9.350348089967106
-14.758108872899543
-12.71797808385746
-5.796152613601634
-1.5306057421830148
0.7064895939899677
-0.30740190513372234
-1.193336688607494
-2.2633521385616953
0.15986683323918616
-0.10958223359951319
0.06213859929687366
0.45444197985457674
1.0086059684873758
-0.21925246555337974
0.6472722529096656
0.07374484314803335
-0.1469580926363334
-0.14713958942971417
3.375629563336756
6.237036377522353
9.126727377376428
8.336326802048955
5.316854276640694
1.6855087512095939
0.976231508290394
-4.23190616192249
-11.219836305863032
-13.081880426275124
-7.4736552041886855
-2.0754607645760994
-0.006091783826771579
0.3522697166553825
-0.28643524982301216
-0.6779881719305738
-0.38209274782479286
0.20200979831704785
0.5401903611876065
-0.05209827059594515
0.008458267437313512
0.43250056429088457
2.813956881004983
2.8736348598675234
3.4343355073591937
6.066631044757768
11.404081502215115
10.89647288611154
6.678204317376152
2.341344978867618
0.604226626911366
-1.0353932114898583
-1.4164406561047878
-2.1184866224784384
-5.2511942859817164
-12.599621840946918
-14.998961062081108
-9.261709091244125
-1.5633513248851871
-0.21672000084196918
-0.670769856360421
-0.36719321372917196
-0.33115702575804434
-0.1740002709151992
0.07109375468747345
0.08950644274204532
-0.24409171360640766
0.19471464542731812
0.09805632797926962
-0.30561485822181933
1.0658662896076747
1.9135028439790798
3.7862431702102173
6.011487159153919
11.345339245436264
12.39104805743437
9.018045493207898
3.5765025867165363
1.580854852485657
-2.8593448407875868
-6.723280522078376
-10.211225088977542
-12.445683041092533
-11.350896134211359
-5.812263189671716
-0.4401958751098133
-0.03935891225807883
-0.146846720760804
-0.999153424495539
-0.588379552443572
0.5821030262517911
2.1733151436928417
1.2095133452601712
0.686319154604936
-0.008937239119156701
0.749845857553753
0.9237846954998067
4.94093573496463
8.601390638964478
11.368769218463505
9.615232174441912
6.9209071243260905
3.112527039343229
1.8963384825521246
0.23536575875532495
-3.4759661133261224
-7.609228547630709
-12.813010275907997
-14.588566975589648
-11.410738444775363
-3.951715978380472
0.4596585096695196
0.8150713672031827
0.33884450916328507
0.3406010690251852
0.44982044629507023
0.34700707699334515
0.14286805369163458
0.4464659598236589
0.10452459105511827
0.0829801838489211
-0.13326392553623825
0.37876978564341823
1.0361960753037363
1.867271581401485
4.3823554473904505
7.696510749882615
10.001751494492991
8.003408273867148
4.126865721885086
1.7306247745889798
1.6995774137259982
0.7490129638567216
-2.7088922353664078
-9.577367586050961
-15.941852460346942
-12.369624243704136
-4.311793463684341
0.40555391172222655
-0.6811193936415407
-0.4742867937980877
-0.8132581786217522
-0.2528382166685481
0.4337309969291985
0.3789028017024023
-0.03982459840856531
-0.3109364014044248
-0.09884036911431658
0.03125000164078043
0.10690874317236909
-0.2326958327389761
0.40320517982110954
2.81846538129812
7.323038886933159
12.710693832859041
13.1079514693033
8.447150933976038
2.4588331063924906
1.8212282511154474
2.7264355705264895
0.13132517930293733
-7.748029791756435
-14.767739745757448
-16.387282595401473
-10.240039816122193
-3.605166009054022
0.1453679460659647
-0.4976923695096416
-0.28065531005377564
-0.41373657331706604
0.3461399169871567
1.1593515463013493
1.3809568998763018
0.3778376199299737
0.050415734702409135
0.15654526294317267
0.08672114715672616
0.8505867350411402
4.572949586368021
6.549212728599059
5.613446077958965
6.537761662300949
7.235290748897496
5.092786293223002
1.890213412855133
2.1064963918011856
-2.7881171283113924
-9.456843342434944
-11.708532833805595
-8.206956586287413
-5.585400504110089
-3.4945195928838393
-1.450307659394779
-0.01754195230948031
0.5309439838150583
0.6505192413065204
0.2908578728792927
0.1610679815395705
0.3590620860532369
0.13253316890591774
0.4838040633805258
1.6905508437672694
4.028556265628157
3.3885045578130972
4.409741704156683
5.580810993886623
7.9257486340560845
5.134720266964151
3.014775888539915
0.5040441612831965
-1.6952761709683732
-7.827741092648614
-10.117031369351887
-10.093244754267289
-5.921141997750287
-3.0571388159009065
0.32725239322105265
0.3462539251503924
0.7196033465639199
0.17484998327283777
1.5864310137779842
0.2850326888213943
-0.11689319783792743
0.30114504114924884
0.5077559750407996
2.525704924203916
4.366555264462191
7.70027207153885
6.250151743784325
8.02649662358909
7.235855446236675
4.757984374541952
-0.8831512215226964
-4.585515517881221
-6.907633397605422
-9.883330074969802
-10.398880962323362
-7.122913570489272
-2.771074817148671
-0.1084592706532182
0.6807925443445555
1.1266375674525992
0.149661448996565
1.7940280700482718
1.928251705361135
2.482264588431636
2.833345937723375
3.6078886829203576
3.4883956223792345
4.324873586053495
3.677429644728526
1.8708957665047254
0.9607664313828969
2.3709581319693713
2.5579453505749017
-2.406720828824613
-8.459465130981602
-11.687796006753592
-7.963726519438385
-3.5743094553887484
-0.4959999355847773
-0.12184935292926734
-0.30329745046885803
0.3159285411392489
0.7809637746445414
1.0798957846874617
-0.026468263876294845
0.525567378204996
1.0244578510100717
0.2646606390025309
1.7218351963555452
5.0184264743377796
8.040734523684558
5.832195875203672
4.321013619689339
3.2402553924334425
1.5643056265043576
-3.2536693283321854
-8.6971964038502
-10.516592606051082
-7.327631924533799
-2.7534970754057495
0.358259261366498
0.4048114978231824
1.1370396431700345
1.6867759145462515
2.640420108337316
2.258906037744258
2.527897065674129
1.469472436771254
0.4106170106422783
-0.6723739799261021
0.4452773680890292
1.4922919174602787
2.5241091731065093
2.9927274148315406
3.090910765917244
2.137525364168021
1.436483795516252
2.368992378893881
3.537503706743971
2.7793040295542824
1.947515001683078
1.0776864372166
-1.3686188130674153
-6.024120661334422
-6.86041176164442
-8.77487061474656
-8.1483163993701
-6.2269764728179595
-0.9518013438393695
-0.5376648976360717
-0.30626531055833267
-0.572701276972294
0.055255231120562076
0.21587757535314647
0.5992253709373576
1.6572453787573005
0.8146965820419987
-0.014337349377830983
1.2141082673965577
5.755887772672533
6.741343115056303
6.108368827542293
6.2284119590829885
5.868835838741661
2.343524348283976
-0.517044267550217
0.1261770260278432
-3.189530879117413
-8.075216443484294
-13.388788114450472
-9.459809035809753
-4.705431371297725
-0.16578015470288535
-0.5663457610126127
0.1966241757455513
0.7990981190559302
2.2255527019411887
3.299291284865681
4.216141545830945
4.5406502301816
3.510375230610542
2.9433905875936546
3.4424224774606618
4.531345633134633
4.183320855175019
3.9629974713449454
2.7164705012055865
0.2766103602002722
-3.5726605395333495
-4.7023030911032535
-8.1904374025725
-10.06129386492611
-6.910240342912491
-2.0528449109958675
-0.8801169059014115
-1.2536720329004643
0.6711292368427679
0.07820697502321866
0.21737983668072858
0.6016811231872475
0.5541521102889622
0.37333460616897846
0.17523704494842895
-0.37331289058353945
0.1823770679401838
0.17964386801803464
1.198971403949702
4.1970429973844
7.339417700881546
8.598329992965104
7.527738692428949
5.75645685511687
1.9407816362554067
-0.5422378103097932
-3.769785328500881
-6.30293895511229
-9.054445736803002
-7.714028477634971
-6.6404627145803765
-4.081157501019871
-2.086759760817239
0.21799096076314772
0.19627684400714246
0.5143164614309972
0.6264354727842933
0.4994194467520964
0.9787129511358673
0.8400650640025294
-0.08165660187509473
1.8352219445274207
5.864833854529325
7.915114242670806
6.394608268631375
4.922748061589018
2.678868917945097
-0.8784133348303822
-6.617349717468155
-11.029977914908958
-9.124172924339053
-3.6663635733096567
-0.2880620891126672
-0.7297060814157998
-0.6571852679045206
-0.21632000481759472
-0.2020579493662353
0.05561024082851701
-0.17054929643372482
-0.009014717700765066
0.10167248355729278
0.8374972885293539
3.389744997577919
5.943929281776738
7.78340402655303
7.382595786413783
6.974531707756593
3.561102553384711
0.9507366703544762
-0.8222539037411243
0.6898033994452504
1.8049520853209031
3.292675103111296
1.5940363531789854
-1.0342267561364527
-6.1783439133363744
-10.472930754392364
-10.646185713853349
-7.2135655894749595
-4.148382302576898
-1.7095830812913637
0.4122346751915976
0.8878818385580117
-0.24239834995215637
0.07327429235287786
0.21946420897796629
-0.011668172127704653
0.07076781422339093
0.05787228948252527
0.3144079723037647
0.4049935455047719
3.88699899450966
6.254762017866763
8.119086464494307
8.110002905421222
7.046488073331861
4.300058143400946
1.67018518594874
0.875922310923881
-0.6215808038590074
-2.634558492666772
-6.989333954068639
-10.854253689310676
-12.184187911747209
-6.464941109715383
-1.5220295917351279
0.2858719955485505
-1.2480006090242646
0.7030716710328752
1.237971224621153
0.4423345323812854
-0.7757945898398472
-0.5632397803570114
0.11034788548305398
1.1280094402081475
2.7111289559059415
5.8439087642882
6.126251854090939
5.3909307709433705
4.759568899969702
6.8862909660300815
5.185296730103878
1.9265766604335828
-0.9117202099287732
-2.832008588544076
-8.302867199669304
-12.847737812518506
-11.55706571189081
-5.147154763665856
-0.1397472269099
0.8943080665627816
0.4421174450311151
0.1204638756761518
0.2109225058012782
-0.2703115448679842
0.4537105989531655
1.8217836422406595
1.7471323435460226
1.9516716336691897
4.255551521981945
7.311173062357694
6.360096938368801
4.3467224218417195
3.3711281049279793
1.7883013445032154
-2.16602974805404
-3.1827538475599058
-5.146404131116495
-5.7873716417024434
-4.97557462411717
-0.8214702463339176
0.7199827679784453
1.8975957776807362
3.4638296504930413
3.691265804221739
0.47341313700932447
-4.132222533976032
-4.779351497340146
-2.6183653128258673
-0.2061504698374223
2.463148176985634
5.057051872770965
6.204204580222217
5.076355085732182
0.8169483207736647
-4.484903781745611
-7.159259013448774
-6.426710568099222
-6.3508452129279185
-4.405811509888416
-1.1059708412945526
1.5895356505341205
0.7240406322558971
0.100095628258291
0.04270524586782003
-0.04535448841467501
-0.2663264330221231
0.5657108772326696
0.412564064066106
0.07214400399891152
1.973148261140932
6.393993553458965
7.260567769772052
5.215775584292555
2.9767979785397167
2.6980316033315077
2.337705546702914
3.5398222619520716
3.175606197242222
-0.32452006826688096
-6.328288119926644
-9.226047418843942
-10.100737368388723
-7.614495348715401
-4.496915689099493
-1.0167488125673476
0.24227632690135853
0.6536121863606084
0.6431144840982871
0.45813334294583674
0.23870417248443324
-0.5869798363910985
-1.2505119428981795
-0.6615562822234801
-0.08280341078341329
1.8940855588684504
6.868241083978809
9.903677705826153
8.54700127433107
5.600427412151739
2.561180513413314
-2.6932633802630557
-8.655254735968471
-10.356960460030935
-8.726167488210463
-3.464169753513082
-0.22902033204719757
0.8941393507141469
0.23511482931680508
-0.41461380468227754
-0.36279193514219404
-0.7803607527283976
-0.3333928819299551
0.08694252996455387
0.754778606762675
-0.5270134906572644
1.1427068475089577
3.652062983310401
5.856364694660332
4.562705415222116
4.898466418258744
5.272839788515744
3.6966425123634497
-0.03718812534243813
-3.4016561950004953
-5.80592968488106
-9.489731609798827
-8.640416377636635
-5.099141286813932
-1.2605283423953026
-0.49746911130022786
0.41505395627385566
0.933207619198173
1.1202928691129226
0.14088584281906258
0.1664793054214195
0.533790956675462
0.9303850925505028
3.978641490042794
5.806649177159531
6.987600329370795
7.442979746712682
8.478789004388833
2.594449613505811
-2.4416028478101817
-12.41098164982345
-12.001726897254231
-8.308062919581625
-0.29136576886452925
-1.073407831658283
0.4500912337233716
-0.15770123913779138
-0.6281056661004168
-0.24525101022073242
0.43972010102136155
0.9274591972438078
0.7314694417029449
1.736762552673149
2.7856943744304554
3.686036207596944
4.2211393407780005
4.8742402868642225
5.529402137182766
5.026975024600397
5.304839953982026
2.563844669944545
-1.8155993812273337
-5.93453242543637
-10.4767327197477
-10.808119152762703
-7.7432431027779725
-2.0152889938807985
-0.904057477265524
-0.061523835130613796
0.030499497394908797
0.45363516295926687
1.0400426498580109
1.5873537118289
1.3571843486201676
1.3854815973844585
2.2356292447897514
0.5616156742293069
0.8500900565913772
2.0145763332479367
4.8953091986734005
4.687244835202762
3.5918713321810425
0.8447906139330466
-3.3579935823075284
-7.550599070434822
-7.933728368054014
-2.2360978351960568
2.079555641247734
1.1653245767126665
-0.7665230248983903
-0.6887681085571288
-0.009692913388147446
-0.29961150812468956
-0.034883792926627896
-0.3454319421333018
3.0789616868912
5.557074629892373
4.869132609291457
2.5569153704448104
2.6266579540627926
1.2214019194697503
-2.534250275095243
-6.200169521129782
-7.937903088892538
-3.340987978385867
0.8475209800267065
0.6570198180736995
-1.0291210330135425
1.7898138514416326
3.05505966353885
2.319263750693133
0.42334278136700676
-1.276750748057998
-1.3369451824415552
-0.31951953744712475
-0.08188736143041701
-0.136928692509532
1.5898138892675904
3.182855519103918
4.748106445441498
4.788833382312871
3.4133797194421236
0.9118220884881186
-0.5910263748984573
-1.4493630264084003
-1.6691796094264812
-2.244904723560862
-3.5529679894915476
-4.891413316826042
-5.5147893645277986
-4.342255600556255
-0.769926461381003
1.8617676949361126
1.0141555909166873
-1.1190854509938035
-0.7786668892379568
0.0538154082716603
1.3779166307029889
0.4864809036006628
1.6713222509764867
3.8188071762538023
7.104947750596231
6.392950721866547
2.5282425269898963
-1.864920522677324
-8.630165733386308
-8.738641505835682
-6.3800716802107305
-0.6574467628707658
-0.4698975627115435
0.05652527630011619
-0.5786586962118895
-0.22288645307387572
0.30894518753524663
0.7044726563845695
0.9731854706426726
2.0212211863335385
5.531017367308073
7.133137828078524
6.742341832864978
4.520037262148367
3.013746045156155
-0.31145657549733313
-3.041800684043718
-4.664966895633176
-3.9742053023073325
-2.654212256718287
-4.8461443047317925
-4.700294282726767
-3.4709220639454914
-1.2853448506225598
-1.5625108474784926
-0.17600637599469218
0.40154331807925997
0.030652750616348638
1.0186775810724256
2.0890660471180658
5.167893108730789
5.058011281715079
2.1497041261143077
-4.517032918440939
-5.193106397903745
-2.9410531109022
0.2170002446485159
-0.29910216448565374
-0.563967360702117
1.5388569922345883
3.4170524431548803
4.641905381900323
3.8469624440987626
1.3600598242471884
-6.460447329368548
-7.286049672744558
-2.2426402632443314
1.9081063810833345
-0.5168105432716569
-0.9438407431753354
0.35047608094225935
2.9445928077223535
5.299896432102575
7.035563883734716
7.272996776970872
5.689042160099844
2.649813920036858
0.3419911028706152
-1.7703665313898627
-2.770979189681564
-1.8515705295485985
0.10411852360629728
0.6780227270643053
1.9232976127522332
3.732035054389514
1.3360142460578888
-5.068737346069278
-10.021876086634208
-6.8309006512184585
-3.8916404905072284
-2.502722639978691
-2.157247601386708
0.3345809459355466
1.4664248006420206
0.11157101886835354
-1.8335945330369217
-2.2600347845687456
-0.38870358305102587
0.6708187633859661
1.7009816973892
4.42686091418637
6.814084602716128
6.18328907306682
4.648803113410405
3.994219014792016
3.9922374264764606
2.110820650864473
-0.601493636032012
-3.805387839118632
-7.079189488198335
-9.080343670880318
-5.843228704169861
-2.1835148058677625
0.024378041725073015
-0.8339262076281302
0.34311086559542575
-0.0016460410332213306
0.5233707519104095
-0.44228845579144216
1.319579903633764
4.480912215450761
7.206740684708187
3.3457068573643793
-1.3328550036023314
-4.131896181052334
-4.18660366018875
-4.634435698726878
-3.0560984961943265
-0.4375395720834051
2.7184786126164076
4.288640578431852
4.294551437362829
4.28626817030527
4.2938513033420795
3.0520565537220827
-0.18474722676947022
-4.408117282320696
-8.106278632931595
-7.08498194899322
-3.5398900564894658
-0.5569629002349724
0.23251371570093593
0.6413003508523633
0.22605756702775434
1.7116792647327326
3.392870969568433
4.437143213593969
2.9534739140798987
-0.584991752027245
-3.133434503931674
-3.5731688335382
-2.0690178333182194
-1.6184408599719855
1.3255099480927992
4.092177562865338
7.124678138486286
5.2537221365611515
1.4580627377786388
-4.724138936309442
-6.568134930272148
-5.749739240776246
-3.129349330424685
-2.380881263800119
-0.8117634820904325
0.32974019260319026
0.5685998947599689
0.014302857036439642
0.20752711441015106
0.5147305914369942
0.589350388508164
-0.22176829471795342
0.41631720849391296
3.431905978149549
5.091259638171837
3.601881586962262
1.6317248353285048
-0.32702482973718067
-2.1449966425291844
-5.204654919595563
-5.037133315521287
-3.2313030151944706
-0.19982740905391821
0.10380635240860726
0.2602867382362832
-0.40694201254394974
-1.1191355218985035
0.9253836911884238
4.472772182544448
5.9247333726449565
2.444144489993056
-2.895161359476926
-5.860202757055298
-2.943817037750637
-1.086890482765096
-1.530027224664989
-1.5849079750460051
1.8150646314474919
4.71415551478891
4.87627441322865
2.476547254169662
-1.467084614461874
-3.122801135243799
-2.740376728141895
-1.741330414157783
-1.4894002573141636
0.5654251919827965
3.974065395516851
4.778549517565292
4.138816724830848
4.149999120763385
3.216181102075435
-0.6015282064703373
-2.6755283905554164
-3.238449910944927
-1.892877743047544
-1.0441586526682805
0.15126793783273385
0.1840235098910508
0.7465346812612363
-0.4201611845186265
-2.3621798936034506
-3.721718241925035
-4.191508214610853
-3.137573691869678
-2.3140635541059833
-0.1659362170928061
0.7270064964330339
1.5174897645661236
0.7615042429708874
0.4714411687440405
0.46079064670988334
1.454919676273591
0.6644150914809847
2.049723746457399
5.020247718573774
8.040154536525854
4.845795278465034
-0.8161649152597548
-5.254692087117988
-6.977800034303881
-5.6792927086772265
-2.8024150338674625
-0.21576556538022887
0.6463129787139678
0.19617569737761553
-0.18350668373897
-0.4587760286385455
0.30015135208387567
0.8409440325146457
0.8672702108207416
1.4191288321150626
1.2443676436882647
2.1910668308140258
1.9696136038409677
2.7163386660991384
3.5694408399286144
3.761177403829759
-0.062445319854848254
-4.740863996192984
-6.026390468077823
-4.554044104432756
-1.9540237684816977
-0.439024732685607
-1.0501749000777605
0.002769909032219344
0.625558971764653
1.5749724431867171
-1.3769516362882004
-1.7110155712624424
-1.4372245632184124
0.6239716458766325
0.21031377719119285
-0.11933778736503303
1.0054032037416394
5.1141941356324505
9.2483982798211
7.593427696317931
2.0046424119502158
-1.4869227610149596
-2.5674217887312416
-2.7545448256788942
-1.9642989380068605
0.1366282039455391
0.42782963552341113
-1.8754821882885442
-6.25023185783867
-6.286097005014824
-2.4716416752408774
0.07925684287275171
-0.24660171276783507
-0.056176431679776234
0.01408051309746696
0.15870633288551136
0.8146014769048215
1.5578799612070113
0.5688008075057692
0.44746690457691407
2.2055176997606214
4.1252383458658
4.881690364076057
6.536307042734222
6.819551410486005
2.19644339208792
-3.1697161156035207
-10.893962518142775
-11.207893913542694
-7.2401076199333625
0.07349226955205992
0.10857577879884513
0.16623931169501213
-0.12706273179892075
-0.031496042788571654
0.2913473592310381
0.23208637775697927
0.5541342282862849
0.5884625338792898
0.244614556012127
0.17753557496195518
0.3498735991845577
1.301992735192345
1.9863330040022047
2.4098523899560327
2.229433617590274
3.020753586604749
2.9864384213976636
2.6908931981285655
2.2169883698929875
2.2258618234539527
0.5746253587794397
-2.6550924166285017
-6.069508697889551
-5.833686044093252
-2.799341178584298
-0.6247811144121335
-0.40385305735691596
-0.7939700024583761
-0.9714829413283507
-0.779422782119447
2.206596978043936
4.723630838201172
2.8366794466294425
0.28035792996615777
0.16562690744819972
2.000211164373404
1.7118883815527386
2.2809072816398355
4.02784626068487
4.72789333343762
3.4444891907529755
0.4384738533256543
-2.0789424731686905
-4.4031439646202974
-5.595098826004948
-4.686985023847858
-2.504812346903658
-2.2692828620424006
-0.6354726132474936
-0.4395692748199337
-1.013749566353902
-2.6466398431974256
-0.04754306462746236
0.3558853838390271
-0.9501675714067639
-0.35350478451658573
1.8759979931926047
2.631289865559635
1.9768304792981002
2.108423367490471
2.3346612248611036
2.226604861333581
1.8071612589722004
1.3111663490588013
1.784264724998204
2.697739848445674
4.196692791218977
4.872388978614619
1.0700555056529302
-2.5755951425543846
-9.409433093089023
-10.663476586368109
-8.395822243303737
-1.2186811216521505
0.6823930134919891
1.3691187067982797
1.3065192787013222
0.4026083125146632
0.32330234244496275
-0.001437628591525268
-0.3438733260306477
-0.436658669090515
0.12900469247926327
0.8983874463203856
1.7732712026426254
1.7613173104236508
0.9367665961500676
0.27572063034708894
0.36003526752790704
0.27286035397783953
1.1635475518629967
1.1048806033301102
0.24607631652727874
-1.3289780376388427
-2.223844460291262
-2.859311391800231
0.24269210434002744
0.6741028023331452
-0.28508928088224705
-1.5191210135217865
-1.518428244252675
0.24502982880528607
-1.1864149328702798
0.5214024854673223
0.2531763112492951
0.028536490265512707
-0.3380562041445737
0.4508165660270736
0.28201043492240446
-0.02365972823403141
3.0788891200714685
5.344722016661646
5.041191690182961
5.030002539811303
2.9538314259922993
0.2898919572783885
-1.5142072303003724
-3.482317485889453
-5.646429936116313
-7.690047494903036
-5.329465373768396
-0.17997382052961805
0.8857597952355389
-0.07769649952601318
-1.4537182534984074
-0.07700159179119558
0.5880168151452353
1.9277249647703303
0.8470711846690958
1.8058386056561107
3.909218593183159
5.418670377936906
4.06810218954045
2.76517900461131
1.580632685830935
1.2451977682361879
0.39323551866091283
-1.5196228939149858
-5.530180883689252
-8.571911743413288
-7.289280404565493
-2.5789837177452988
0.7121992003958962
0.7253953719133001
0.23575294401009617
1.207615511995158
1.4478065676604237
1.1573338855212842
0.5281354801607825
-0.8482439831719406
-0.06185905041997416
-0.14221395119430022
-0.3699797814224841
-1.0870417673731905
0.5675941050479123
2.550211045113461
3.541793439235466
4.797918606643609
3.7893802634201337
2.9829900307368695
1.6517913441995442
0.4121536185418119
0.8067362825327865
1.0994821939218782
0.42885462416045733
-3.86249722965582
-6.347718647059143
-7.712200446761394
-4.888008000765854
-2.317789491694757
-0.4391555491949503
-0.7407175725746742
-0.17583896098768037
0.8474763688319649
0.49239417317012274
0.8770940807506582
0.8343616213308247
0.8971785526439573
-0.4385976177551007
1.894899533689458
4.37324106775911
5.96147422522487
4.829411892663735
3.9026473313819365
0.9406878796428966
-4.661017201169933
-8.267709969079455
-7.894696052068512
-3.8516641256870114
-1.1724207632660506
0.49092323278441363
1.7367948450209159
2.587370743181043
1.7666333359764088
0.401277243547773
0.4234875119422279
-0.10197281498725866
0.26427398087635423
1.046019932988429
3.7775387305264396
6.252875031617088
5.921691231678417
1.5884654668024571
-3.399806516473751
-3.549554337784742
-4.130003678972333
-6.088506065924215
-6.672758078966934
-3.861793254886629
-1.1831905944155965
-0.03997221548180376
0.9540373267448174
0.667327664854018
-0.3746148810782807
-0.7443427722411916
0.6505331601461293
1.0940779344121891
0.8251046271492924
1.3856754549736843
0.8585441756764945
0.4325837408518231
0.50858898785824
3.3241554477394084
4.760386572984142
6.052570242891254
5.081966444172795
2.25080701467447
-0.0451269618850632
-1.9084910565342603
-2.679033315120789
-7.409153940838458
-7.988247380580155
-5.470467555123309
-0.5607878644359272
-0.3861429514120668
-0.32240463582769135
0.21347571215143418
0.3728155246110913
0.4057712181638369
0.9241290423721078
1.2996849823163679
3.4706550634765656
1.5783613254109854
2.666611994354418
1.173106732163793
4.157502458623101
2.397802281599838
1.4208758680107367
-3.497950878081827
-7.0488736547339075
-6.227091878522946
-1.2726213678763645
0.7724105306792592
-0.04628445914492683
-0.8783848579127385
0.2634457403725507
-0.5455891506390885
-0.21857228436245238
-0.10651992360767465
0.15101508502788044
0.6200702344499853
2.980646368612733
4.2977669330862724
4.013867436021948
0.8726680997934356
-2.206415990846545
-4.693657440330709
-3.2970429767795992
-1.2725290250196502
0.8039794946542708
1.4044529442244407
0.4665252634030064
0.6433943640446853
0.6750033697524145
-0.7097119362522201
-1.5413139928580237
-0.12192873939094888
1.871106155686833
1.443088763843082
-0.07088193784382804
-0.6437955365292547
-0.9019426717549375
-0.4935024814856706
-1.597033787155794
-0.6060753103851357
2.0483535918125373
6.143414381952988
2.1780232457344817
-3.480168137597266
-5.00858980997654
-0.5124923453486582
0.7614537517794338
0.76618445465393
-0.10896141721995498
-1.988561098526631
-3.0115929183144603
-0.8951931537495729
1.168995447826283
0.76496419645461
0.724869958962991
1.3355717596302967
-0.9699968055630541
-2.0101055654165005
1.6756041792379104
4.3802964904253265
4.429319669430382
3.7160598270096954
4.727136256557046
4.775505427282632
2.4239992847506007
-1.47775791970651
-4.876597520019083
-5.5182074409426525
-4.510050653123275
-2.331889659026907
-3.134303947478822
-1.5951305783884269
0.14901260611233927
0.8968347003559154
-0.06773497077091929
0.8741125417853244
0.4630994508002698
-0.07591696470308261
-0.6352455516074085
-0.7848718464244708
0.06724552049133241
1.1356707026490622
0.46630375821442177
0.5168846969002757
4.088732592644132
6.167342129466735
5.301848546679169
2.1859602503966884
0.5462945854937062
-0.40037198189177114
-0.3034450101008996
-3.6483545707182135
-6.948047070684243
-7.303150827437982
-3.1140830334820655
-0.8339852714285256
-0.5078115166737912
-0.17978064417054485
0.23020744853995143
0.43899910752190435
0.1259387783948212
0.6461982712669452
0.39174054343871484
-0.11448390510945024
-0.580885464839942
-0.5096493510102077
2.151347749149049
5.333408649860537
6.594737193527785
5.196530133783693
4.555660541650144
3.2155170447336996
-0.8147311007645383
-4.245414150982936
-6.3399020397524986
-5.7032173046486045
-6.138750813036997
-2.1275504040803606
0.0783822067301035
-0.7588333681044785
-3.3025220532182047
-1.4922970574558516
0.3814596208321382
0.04066106550837822
0.04210353396496052
0.35498450397575165
0.7103923603320436
0.37281551572948207
0.9453651374737472
1.2786370618886898
1.0834165704645353
2.2314141840192994
4.155020925056147
6.0121330522575445
5.102521013203629
4.0633878081115675
0.2706886925373796
-1.9546126956715737
-4.372794524517665
-6.165826850379501
-6.273708165580105
-4.154397372219277
-0.8435338542817454
-0.6040453461335321
-0.6025115187035214
-1.4398231245875301
-0.5634292984103513
-0.2112372689280439
0.0014584083478128142
0.35128322203352524
0.72577342192987
0.9538420671544692
1.2913771476041218
2.139607967224551
2.027931757690703
3.0046237719665805
3.572098693153128
1.775403768754723
0.3828151532699088
3.159850213553119
5.453695014552656
0.921849715100276
-6.1639165492415
-9.639292323966997
-5.5680656363262155
-1.4313637988176862
-0.24274030973950125
-1.5407578083750944
-0.4044957662744333
0.6253728568695309
2.3910947899654396
3.579209880146463
3.854008660315812
2.7483073722020146
1.6829448948582006
1.2262772282332377
0.41454756723370645
0.6147062045240552
2.286566746594789
3.4794689188830144
2.5528956198680093
2.066229901940264
-1.5345756931361072
-4.425986903604889
-5.100241920794827
-3.874087359357355
-5.707256459991146
-4.147820990325751
-0.6937854813228507
0.4920416384867931
-0.6145657606580337
0.10944137641566554
0.7629764017995037
0.7264673254885148
0.4384538187291858
1.2412741854558993
0.9756967122837052
2.540346805426403
2.2819207214041204
3.803334029326391
3.1262804496261456
1.1261980723917582
-2.560288542244954
-2.331066813036788
-1.0054512911121598
-0.12666502675970245
-0.1391041256875765
1.0292211645860172
-0.3935531610306466
-1.909764344783854
-2.534306332831696
-2.433756005914407
-2.625761718239607
-3.0771227239234684
-0.894048080678203
0.10992825720891414
0.04576132470688981
-0.8772105775474353
1.2448896532898763
3.125517259043581
2.4849255003363493
0.5487529262783104
2.5981046128219787
4.767524578664722
5.730777020120707
4.879520963329233
2.506369297207296
0.3230817006874748
-0.2553351758672607
0.9835892568958388
0.3947543928952848
-0.9679430685784647
-6.628299842906643
-9.31248550985538
-7.861062219372841
-2.409065699421896
-1.1455996181867332
-0.2246677909761896
-0.40457651448247
0.15837911356789827
0.40492368568571424
0.29649735376427916
0.30572189568422287
0.797652728698767
0.7849936726908707
0.39414357894223784
2.3913051778140226
3.7290267133789725
3.900077447686161
3.407112547980304
2.5766848281255537
-0.42245649778331856
-4.971597970054866
-5.748891520760279
-4.561645892326496
-2.5167173469508546
-1.455793303797478
0.4258138327201378
1.3231094996614077
0.4832177595848127
0.36875682780284513
0.7835644313849972
1.3784788691769918
1.104736033096416
0.5974518089972298
0.42940552911508223
0.046501795692833615
1.3079165719334545
1.9492051450480898
3.453304597292606
2.083040030333324
1.4755799147707307
0.2084213538273246
-0.9458035595949204
-4.311692527254892
-4.846839317485517
-4.096237783627595
-1.3154327351832378
1.8053600108348207
5.348183510777766
4.2793264339898744
2.930417193495487
-0.22987387619042246
-3.1019961449226505
-4.512717860082427
-2.0066625353843643
-1.6750063042426147
-2.1267183019986335
-1.204616694241523
2.1657356969593424
2.522107317713846
2.6969849847194105
1.968942829894254
1.8568110105260178
1.3706061686507411
3.024394610640629
4.523131617063557
2.1902979835459977
-1.7606706201686697
-5.191163367538727
-6.010826589423908
-5.0245331051496205
-2.173049701062358
-0.03540429380150263
-0.007281529206430409
-0.3434238420040529
-0.6143479498592949
-0.5192917357373313
0.21847528768627597
0.7741264530349661
1.6919767416575728
2.5848307440420415
3.917352097338997
3.1504785300469664
1.7400983586939767
-1.3228494615508333
-3.993497666390536
-4.88624431612485
-2.474518862115983
0.24405782904784443
0.11453879641102767
-0.9873607032424462
0.6290474451942831
3.275700054528134
3.7104862651192776
1.8912956351174008
0.5589725104815236
-0.28436224881110356
-2.8052214078457847
-3.2966764877955073
-2.025869118215605
1.0708680421739534
2.4343671412892873
3.6563523042821027
3.1944621438222955
1.9893625773131671
0.8453419272253252
0.28046336457026516
-2.060537393041254
-4.578010305742425
-4.87489166036647
-3.272527097295227
-0.8529290518339766
0.6924002678999126
2.3013662207944554
1.4464141471995458
1.2176303609280992
0.004083546121392511
0.21377030805668656
-0.28082517534832313
-1.8997002334515414
-2.513331914094325
-0.29610518670460234
1.79660639514426
2.6097316976651057
3.5057824791633068
5.2244337211208896
3.7140655878967266
0.2154999994742857
-6.418242994618628
-7.377202362484316
-4.152391141751043
0.07121454822959189
0.1474855260233674
0.6167531422375532
1.0511419557641892
1.8529436582676782
2.4741493058910953
1.426962374006815
-2.3504754161214167
-3.4610798752537484
-1.1771645287865213
0.7375638516712695
2.028329312053799
0.45496408325709675
1.009206752829513
-0.24353360135395097
-0.2927205604784522
-0.6078384272330618
0.5341429850694588
3.011521280155084
5.166761775900551
7.877707128053325
6.424678837166236
4.036634332970362
1.4411026168586003
-0.5543262176339097
-1.279631488657644
-0.455660839887481
0.3895456019966414
-2.8806966962553466
-8.151204080127943
-10.383556218991528
-6.52936982829402
-2.133276940621649
0.6816184887054334
0.16812870323624285
0.23032740159538412
0.05480166147299407
-0.4683994265938418
-0.35311466790040613
-0.05732560639014471
0.47707990008624007
0.5881145289108404
1.0700885887209468
0.6619598657974867
1.5595885720896876
2.363088576459473
2.402736803716276
2.2061478294051606
3.197571921315053
3.2663991581363465
1.754298295233597
-2.4062318485952243
-5.339690392011275
-5.52741514112879
-2.3668306737758966
-1.7560857598169146
-0.9716536376856177
-1.5012003410592214
-0.15072997307505398
1.2169767408475236
2.7696106309753987
1.911789723235638
0.6024911193100876
0.27510459270485743
0.11288132919785229
-0.08890150240739142
0.1473102443916277
2.331852999587681
2.87531267381447
1.9648966736614566
-0.299954664505275
-1.4430725543358922
-3.0207956258256248
-2.307301230969089
0.6699949303793947
1.3469952597759016
2.4466702665823896
0.7436927203162439
-3.1433587633899385
-5.470606440582343
-2.068774647925796
-0.755218430141592
-1.586022780812643
-1.1604169367431407
0.9509681763862063
1.2814257769200603
3.205793345731984
1.3417409774611158
-0.17560816836559856
0.1595589467676878
4.669336701745713
7.137857875693346
7.157028640808257
5.278188264637951
4.106195658844814
3.718005305433048
3.669801867462025
0.6647618833285773
-4.916020483343
-9.728693783492586
-10.806138587387428
-8.478091181182608
-5.025304938957393
-2.7472102604923956
-0.31081895041671537
1.0040382178181466
0.9076733245101888
-0.7989798086364129
-0.8830527807816544
-0.48241709388098847
-0.04940814724644461
0.7379343563020596
1.983989980479705
1.81130288192361
0.39980871607025537
0.2819255235594243
2.1856728096213645
3.9098739256019686
3.608931978300779
3.0879844069782894
0.582925028793446
-1.9014872148625166
-3.4130145546688233
-3.5196695342323165
-3.7727389285426614
-3.1103286881458
-0.6562208564550219
1.525779979201932
1.0694399816837452
-0.48387286763926285
-0.5554378561195853
-0.1659898951357791
-0.9274084102864305
-1.313047571276563
-0.10560629870053156
2.0815701733911047
