-0.23005115660564623
1.1730610677311624
1.5242549098611518
1.3497381666810184
0.7539435360261599
0.5254896875896399
0.49614456984922406
0.5882322359335325
0.8456638542883146
0.7158992891229766
0.4780215166294848
-1.428816564311777
-4.2984548053861795
-7.662156445457972
-9.896235359809726
-7.9711373974980635
-3.7748469397393873
-0.6923627895933022
-0.651540812498883
-0.40189785746394074
-0.14577063602111337
-0.14382587449285567
-0.15760829825819309
-0.2091296708977764
-0.24839324235733656
-0.17632204954322303
0.013694960355035982
0.06602528246150542
0.23296900542771232
0.15526334516352666
0.38235025402598677
0.2399966338370161
0.4493868176377904
0.34470873200724705
2.529835073535155
6.300170523350486
11.664305794074851
11.303509139359651
7.090513560962407
0.7375432280751059
-0.266483822509994
-0.7059157543336303
0.21973914382808013
1.1547892404838165
0.10648278182597803
0.5275045618553672
0.5968567020798624
2.653260991281044
-1.991169806793927
-5.112586922503066
-8.784095221446758
-7.108465277127085
-5.841968469755329
-3.7281324043371464
-3.2121157135729463
-2.0645585040950585
-1.7297594789206308
-1.8089586629096213
-1.4557735778627006
-0.7623107563473901
-0.17637778979187219
-0.2641273423831401
-0.24967617042802986
0.08020425107183567
0.1549884797673852
0.21965596153760364
0.04440875717761599
0.016372652600429364
-0.09024779400513072
0.005278629884301075
0.28172200223261046
0.44689364793536407
0.7080571328187977
0.8472680637080473
0.7548440181696624
1.8992168545843866
3.5785102147014696
9.004957611404429
11.886797852537313
9.763465615474532
0.8421672263731658
-3.318231304876885
-2.737976778859038
-0.4324256904951287
1.3840863170310351
4.42330094453157
6.4882125568912095
2.633767664003895
-0.16936526018259518
-1.8449943789627876
-1.2320966789131356
-5.351958407703702
-7.843076193445969
-8.763105154862853
-6.8453173265109575
-4.997440280027496
-3.8208858364247607
-2.153990477559497
-1.4031132065694323
-1.7347592536800704
-1.1081783739080393
0.2529111063159076
0.13760020713729498
0.17297947640207706
-9.790694084965594e-05
0.07790626444576815
0.1369050038697
0.23866386945407078
0.24261500558788715
0.41921588666913684
0.5453772011892318
0.9058790746087046
0.9717731428954617
3.0454636294560053
7.818755666638403
12.379961665265702
8.8880575073435
3.9762158738587248
-1.525668110905963
-1.4765363282504804
-0.3938036112686008
2.7210314644793994
-0.30447813761480863
2.4679109949551292
5.478616099509532
6.941494994421345
-1.4850316824022551
-6.24675692471854
-13.311509302134832
-5.468971985451482
-4.495330358754859
-3.80282958804943
-3.563117806191077
-2.1918758975083614
-1.8343181165994054
-1.3609976317838093
-0.5998397605306435
-0.30957195789127423
-0.3426329425508047
-0.33176791158906654
0.24465672793123883
0.3108122264574187
0.22315079699456256
-0.17581090018616194
0.18632843428151896
0.5506825757845089
0.6406526400093963
0.4934090870839722
1.0038273582523218
1.1795051184247265
2.5612476303243343
7.1303175948230235
11.905268049864155
11.464620823691346
4.231849021104902
-0.5491958746599186
1.0026815475838893
2.83764794368098
1.607569575642799
0.2915027478047027
3.34280643336425
1.476880213582564
0.5002806921029608
0.2775585865535456
-0.6118442767103849
-1.9135544153977904
-4.954334327587873
-7.341011004529176
-10.97954244195696
-8.896549559042834
-4.197332559038333
-2.730711048625238
-2.9121464718323824
-2.432329859604102
-1.9321318409648511
-1.4763024194782957
-0.39096465973577577
0.22506833670098145
-0.010910458500015856
0.0014244726728374118
0.028035973346726795
0.14065272129704703
0.11787669826187791
0.15584718389314134
0.10044242537346129
0.24269358125014215
0.614937543421642
0.32469980992591024
0.5274221018315347
0.5555697798921954
3.141148616698143
8.789318882470832
13.09433248935211
8.465618508870591
3.6725775481654006
-1.1800336577404489
-1.8233036979552428
-2.3793822980380623
0.2703378009798128
0.9971780127838739
1.9203621832518383
3.249602554435827
2.5149442369265063
4.1886197772239955
1.4007246797107062
-1.5970182113264566
-2.4938715326082095
0.17385545472965508
-2.698829797617418
-8.013108270002835
-10.084204624215596
-8.321202379770481
-5.808112541116722
-3.3644816778922135
-1.9656337889144824
-1.8434083326087574
-1.5450967633684314
-0.6694985612453731
-0.07206110825963061
-0.28659560049925875
-0.12643921291522825
0.10661394946463353
-0.015423508710514289
0.16740339570727933
0.013066521731924843
0.32503122485042396
0.028950216788487075
0.25800660561114036
0.36456956888125186
1.0399152672588157
3.1228367588736354
8.581511124079656
12.93247527075629
10.785612447918076
4.159155092598747
0.031129321862282233
-1.5782263492581283
-3.4897579954939797
4.2970149134375575
0.7102679410785202
1.2527515235685427
-5.933446521462259
-5.614530928884811
-9.22808536333934
-9.403712393135267
-7.400465316606836
-5.290249574871893
-3.208617506542047
-1.3371148573206217
-1.3986629427473132
-0.8298100035932107
-0.24398535612922048
0.26235567503271895
0.33581653681631163
0.40215486401206707
0.2159219343425844
0.015774319611682797
-0.0785662914086907
-0.09561131243425564
-0.024659877168827036
0.16450399713723365
0.38433184688347805
0.34112324054146403
0.3785438071830257
0.2519650759321854
0.10184882230770029
1.5470026609999212
6.794708441785707
11.462637687908941
13.684949648531978
6.436872246863817
2.825135483128968
-2.6985425731261
-1.7828218653648673
-3.1215202501033246
0.027264438743306404
2.5255406892808985
3.4052977637128286
5.570338877257455
4.311521742202875
0.7222769829492995
-2.5950312926506705
-5.367023974285204
-5.2901512334579595
-7.8440400534464425
-7.89301467225003
-7.5078232156682425
-5.760981959784056
-3.6761603515281154
-0.8430938411690422
-1.024184467011918
-0.6159623462050211
-0.056052745782825465
0.026025719261211316
-0.0002451537474440499
-0.04126529397555826
0.09209125183814926
-0.03668479532459703
-0.0064278291506375766
-0.09757604483663397
0.03705240037346804
-0.08153864390490236
0.36116247114719907
0.6092380695091697
1.3790928399245077
6.716178068046072
11.392091570335412
11.426278718116768
6.515886045020812
4.630028923675514
3.107816309352902
1.313515353367101
-0.07728211938298674
-0.40656423488393856
-0.033365522932305
-0.4049914101365696
-0.1648201649146658
-0.16782391403400712
-0.7722604438767494
-1.6767712771048042
-1.9214002525202
-5.313285786638681
-7.391454113810647
-8.770865420653164
-6.647139062255329
-5.850454483891361
-3.1079190656304774
-2.6531542567034476
-1.7065334267194237
-0.9352328437870924
-0.11147980237325618
-0.13322601093830702
0.09136303842733538
0.3302173547695692
0.3561201004275168
0.18113612669551513
-0.017521015487120324
-0.0753195594500619
-0.0640968705383057
0.5628632792971475
1.0909653828687287
4.919788018420412
10.41171828243133
12.100542420550452
7.827971889762161
3.9037930646682932
2.929673790938917
2.1458576029188112
0.359519443245845
0.1357408956650579
0.06671979483409919
0.6205507740269534
0.33210781621625945
-0.2590081491999739
-0.9254369078949243
-0.5801196773530725
-0.041576609421465495
-1.4385103709967912
-1.4245723153393148
-5.4354663210743155
-8.135437989303938
-8.688796552899547
-4.5656477518706815
-5.438199530560161
-4.636747950883967
-3.6276444767887956
-1.7312054640159498
-1.278877104335586
-0.35413796427684346
-0.0545569312258303
-0.16205691106156692
0.15274664488184791
0.0016251503186764996
-0.0025467726512418223
-0.048377911316256246
0.08166089011322848
0.21983511595799915
0.3831807226212572
0.4944562638129328
0.3087211771074852
1.1427101682947614
4.4724165806477325
10.407252957212084
11.714780905855847
7.836611060824597
4.8038727623293545
2.8048355246503407
-0.6721954170432023
-4.428323536480874
-3.2618803710170656
-1.065277912167372
3.4993500476583463
4.136043846018295
2.099926040516545
-0.37770994376238287
-6.46071495660505
-7.513279412189671
-7.002393171684143
-4.509631733277672
-6.11668773657059
-3.8424763916234
-2.5846205604491796
-2.0982181054527365
-1.6470357587964866
-0.7876668391594904
0.1733521340945141
0.20566824166201747
0.2213328746362215
0.038066730692197924
0.02447393373894444
0.0021317769124801285
0.1420260849881277
-0.014192869659849833
0.0154221541480421
0.5464985058210544
1.0291182574921522
1.5245548134409286
5.180736956491002
9.818878657353128
11.000595912801082
7.247259416534274
4.570036487761085
3.349153519101049
1.740694477894686
0.29642815507695425
-0.2189968159947172
0.21447756696013473
-0.35902661398606334
-0.2536639255837634
-0.5935448768813844
0.043277665647683136
0.6227851855656996
-0.017916989806672286
-1.610167855925674
-2.25720691966684
-4.249865577833016
-7.646019539006291
-9.16372422506296
-6.726811267989049
-5.7469325590655895
-4.556489437218098
-3.210822230417453
-1.049063898545373
-0.9268984279507114
-0.5116790530671518
-0.6252153717103126
-0.16268440258642994
0.2730662198349663
0.20546532769335646
-0.16309140263919666
-0.04612732421631949
0.5020220070853222
0.33530294452694065
0.11859692164455996
-0.3833277008389821
0.4423884449052386
1.5665176324062065
7.427279079196516
11.618058558431668
12.1674724760781
7.121467202077053
3.0732467916379016
-2.2288810517103785
-2.1180551280749187
-0.12337894924442425
1.79521004888485
2.418866357491227
2.9522833982210996
1.9385481670284124
-0.12452911409986764
-1.1369289629519341
-0.8586810942258768
-1.7016801697965014
-2.297606424129305
-6.179618884798667
-9.173700651159981
-7.987857745669723
-6.149703627921963
-4.607905177279833
-3.440451678977896
-1.1921238555048215
-1.0397325601824352
-0.5618802784572972
0.04467070261315241
0.10879019170787527
0.046836163746586834
0.18630596307145797
0.10718199668568378
-0.15539957843552032
-0.03680764790137331
0.215163214332835
0.030508469077489424
0.06830286123009954
0.14169999484894075
0.33723509213088615
1.1067833710641066
5.749394244305428
11.003094020925564
13.210868943853363
8.350367809392047
3.7298775917632474
-0.6546846653119206
-2.7755165115244496
-2.9305422258157985
-1.3330754424384696
-0.2941575043355849
5.205390934518397
2.6080592435271965
2.029561350258284
-5.047007107099135
-6.408895150561087
-7.733860646452627
-8.671107341844158
-8.17423634753973
-5.391619781883315
-3.87509510888406
-3.9859878424288073
-2.629883112006982
-0.9555138199569093
0.25321932409280873
0.3911772144206638
-0.11085401032119488
-0.3645628824671084
-0.15973065480112034
-0.09732649302402684
-0.10439768631515922
-0.18792765842840684
-0.03529909641043361
0.4925883690617302
0.3063128145670723
0.38017556769296296
1.6448565161842463
5.636466377381007
10.532060675824843
13.239879198536082
7.940572358012535
-0.860432237779969
-3.0133799978595768
-0.2936705439885923
1.8925951208754368
-0.47651717370876634
-0.8560655781091926
0.978003613962717
2.055868368883238
3.3702197646924374
0.9133436058998682
1.209845032891401
-3.023702157265996
-6.269206339756831
-8.947076288544139
-8.51802025351419
-6.574892496354914
-5.378011259824232
-4.532486848822455
-2.063057303726277
-0.8784656276090097
-0.10176014784402547
0.2508846355051046
-0.03313630224671073
-0.17252910970591648
-0.04947762737460674
0.1513906495853359
0.07385181632881574
-0.12555260733875181
-0.04037984908405797
0.0697076739814971
0.040993494467038816
-0.16379211165683544
1.0925984159401074
5.088908626717995
10.144435127398038
12.12526189847079
9.323831004790517
2.3460218449776447
-1.5295722140496186
-0.35201684530281385
2.124869908813057
3.059648985398132
2.5824386341445864
1.7069480648181339
-0.7047186134977483
-0.8698868643047014
-0.853586701718758
-0.5815915365304611
-1.246527150647734
-2.97741963992128
-4.832384609042068
-8.074356842188728
-6.900544417792024
-6.96540398747294
-5.744019802594651
-5.722018621996971
-2.120667726660937
-0.6314918455656112
0.153375515068294
0.31892072591708087
0.18306176672651706
0.03907515133880907
0.2408384098422909
0.23527193382987638
0.014870310853602199
-0.23258768234182
-0.030444761443917456
0.08406858580613767
-0.18945389924930112
-0.022725970984722912
0.8941871839900849
5.07865718969858
9.212884606214985
11.29750256410174
8.036255543156356
4.884233433830225
2.201770391951873
2.1064710053939018
1.812608855739649
1.5186492759766088
0.5696022821485563
0.045778381616492884
0.06943079936813411
0.40262558352031513
-0.04222472144582952
-1.6850510245366797
-2.238712344656649
-1.8459585492453627
-1.016610633918389
-3.319029919822415
-7.153327235936606
-8.629427743511997
-7.341704307207761
-6.260202347633873
-5.38369039221558
-2.7791615235181926
-0.4933670212683691
-0.29652952573480795
-0.39747624450167546
-0.5614420485156996
-0.05240765101016304
0.051697866113790014
0.13527158253480603
0.13844276961009716
0.29948354020539564
0.36861709562043693
0.24798557736509064
0.19404319399134665
-0.03668971077850231
-0.5134363232003902
0.9016320938247417
1.9604751804664786
4.611820322220665
7.960719967039221
11.22913133423776
9.210334445023989
5.252143841306859
2.652795826864637
1.4985828181222969
1.0025129381116649
0.463538567567425
0.22223228419808733
-0.7824892754067815
-0.684951753840383
-0.18201859160830317
-0.2949991857028964
-1.1849370734771643
-1.073546991593175
-2.190525187764807
-4.445993894416338
-8.177897749081898
-7.365874908256863
-6.083346869404613
-4.89612294508652
-4.915936720294418
-2.615007035951512
-1.1220791539077488
-0.7197727550964854
-0.08536270944090504
0.24763910302816458
-0.07754912824839036
-0.06275751309936929
0.1419594485392513
0.1372898789513542
0.013119236582836615
-0.10048458035998575
-0.058084308462887896
-0.05236599760822042
0.30472094101274394
0.08112723823023733
-0.0009586862834154987
0.8495936829411453
5.614957918637683
10.122801104077945
11.89905214377877
8.438302178886875
5.758068645553855
3.0977438196131803
1.683436592519308
-0.06416609984274989
-0.20520724704949567
0.21613511962260587
-0.27661648286635154
-1.3336635219345985
-1.423125108778336
-0.4845609975855001
-0.038638626348670733
-0.0994084916387362
-0.3271950368663183
-1.5521090875665038
-4.863569152351963
-8.92075091738828
-7.855789482752845
-7.559304184139134
-5.972407861032171
-5.2718076622210095
-1.3405876810032564
-0.8336804686794212
-0.030269192916053178
0.011377995621853754
-0.18000800244065554
-0.32234872754521254
-0.4169387398012865
-0.1957718438239733
0.04026180254530644
0.28603699622728346
0.40170553970562994
0.07302755286258314
-0.269448418138424
-0.4835970105058601
1.462331972418509
4.13706278377345
7.080745414534448
9.872732015393444
10.707232056588133
8.071104884332609
3.6969428360303507
2.3332649061629813
1.077859615066403
0.7582467259319445
-0.5810934082170149
-0.3209911299877382
-0.6114459218881303
-0.36095897884995215
-0.8024294572011782
-0.4245275169663809
-0.2180037863574093
-0.5097286926052083
-0.6672616914333476
-3.335159237543997
-8.270301274234019
-9.243603157595157
-7.1444503179993655
-6.044949684902194
-5.6986173374221
-2.896195543804084
-0.9064548122058151
-0.38858701372629545
0.027351049432044222
0.18013113625702207
-0.015846273127017908
0.06688390977418404
0.13972560698716802
0.09983240900293801
-0.07878953726996038
-0.09700499969039401
0.026955052012208096
0.27439913535205146
0.0906048076864218
-0.3347769451576556
-0.4673349641970415
0.8014052371989344
5.020820409591661
9.133827082757346
11.432987832705935
8.783235954392813
6.680270516522233
4.0208840838689826
2.3159530918127684
0.11396065633788022
0.029685233984945734
-0.09519432850513902
-0.42906545595086326
-1.1449804785952509
-1.3640635098746665
-1.054836286019066
0.023058936184085145
0.29457422323093096
-2.5977870943247545
-3.2419851603931638
-5.242544217548967
-6.333931978960961
-8.811187382749514
-7.61774295662778
-6.584902988056191
-3.5724635046398188
-0.7030902568903358
0.44855356797801943
-0.1370845973218075
-0.26239295737746354
-0.47295607106259246
0.03156731711449686
0.008826464793385674
0.25456663108530103
-0.08226186606949094
0.24544498648612217
0.39500778339740716
0.016298793910067298
-0.45354896446387594
-0.2112541690148287
-0.03933621576681036
1.63914813486151
5.592581467339183
9.114764937660548
9.965232809178108
8.584589622007872
6.352462569321794
3.08298838334784
1.5912885867259416
0.7295358574868243
0.35973561444424085
-0.6159734671416633
-0.3736330116124878
-0.5664011810088232
-0.8452199600836053
-0.5340896020883937
-0.9140448968780158
-2.2760384158528306
-3.939673182030496
-6.895851720491227
-7.710732060900322
-8.244498427318538
-6.212092414736475
-5.049041034841847
-1.9848294421804316
-0.6131035771460844
0.11487576518388347
0.4892734802723415
0.18178279321457247
0.12605276951818994
-0.0765716010727551
-0.18800365822397033
0.06850869132214833
0.2311724591971494
0.17400095801752602
-0.18659057144449281
-0.22690438323741277
-0.21477268478575132
0.04232978788260328
2.0175986741501806
3.9661063228407922
6.9954838709396014
8.654897447959808
9.061579241668188
5.88806433253535
3.0703677548721378
1.1240364496719875
0.7283527371180557
0.4372981774079081
0.36896551097299934
-0.07591370940237385
-0.2757289999165048
-0.3292726653084191
-0.2782716209762199
-1.0149887675830693
-2.2922742133767184
-7.489500820571368
-8.964859519197844
-9.282391092778797
-6.430114947236733
-5.586098829245439
-1.9792402723488787
-0.5536553095723707
-0.02201959023145851
0.09152780401848186
0.30776269472087775
0.6143215437752481
0.3800348045977905
0.05848480816366589
-0.4664844009557788
0.039679974312027105
0.03601359883564314
0.11408806349098204
-0.14037847810180823
0.19078973535302324
0.14773112091810434
-0.06975666021199992
-0.21741725193054104
0.9106380974499023
3.443015812921273
6.412347267686694
8.56658913687071
9.535177296044793
7.607955429980074
4.530339768653617
2.0402723965080565
1.1418425414019588
0.14915330162002785
0.09868716387161253
0.11355894520439604
-0.006375432731616034
-0.011204580796208561
0.007721481695626581
-2.6016464392726752
-4.932913180192534
-7.39726040675808
-7.101645279204754
-8.085136016285198
-6.528198088563798
-5.066533829741611
-1.8405285520481405
-0.7850515270926566
-0.5686463647814064
-0.7664566280250434
-0.49655817145807607
-0.2585648501535784
0.10833254968532674
0.13307094697733593
0.014027311579438286
-0.005310759857603289
0.08049840888151931
-0.019706227987368607
-0.12742284290191314
0.2271620704033032
0.47334024114835616
0.26565172197774223
-0.11769083618393242
1.470569368067016
3.4172421041865815
8.048221891686858
8.586334300513354
8.01702594738661
5.31631681270027
5.112783772924091
2.870887429820382
1.6050482469287952
0.9073412092045025
0.6717146686670182
0.535595496845293
0.32321650106976574
-0.45643017624925103
-1.0613823561671647
-1.3863309185488693
-2.2909342693627495
-5.826739258565192
-7.80280756664398
-8.993321788405925
-8.226922597254543
-6.828938160917818
-3.044508381320367
-0.9026216199872522
-0.9075724437542909
-0.8798683043066112
-0.6596017474836566
-0.0010861317447341224
0.32442106852742386
0.4603829610837002
-0.014709038828079894
-0.09062462890124869
0.16358379820083216
0.18303773614087776
-0.04743035756890716
0.06910133609538324
0.06005012399606055
0.4609291827844104
0.4923281525966763
1.3837136970864674
2.22199058709834
4.560633694762576
6.377522289031298
8.141088345603645
8.792494193093185
7.641547034476276
4.968207692968119
2.5866613716741487
1.8264722052783218
0.713665511606259
-0.19459908500450607
-0.5758287236658471
-0.19011807405908657
-0.3184514307640466
-0.5945400994593778
-0.6736094630220607
-0.8793957000598318
-2.3476863053725867
-4.685001687927068
-3.1660670831302884
-4.899292906696923
-8.370703187201528
-11.733820983256965
-7.548844451563703
-3.152384317893142
-0.6266935886716268
-0.6917219729133932
-0.9153115260938051
-0.3289160931633791
-0.025942368961849285
-0.08430193982793703
-0.25432834534884696
-0.11016279219856934
0.07381658964980757
0.2229852685308419
0.2753070044436374
0.4260322298139395
0.5929097538160971
0.3908421133082726
0.10254010712008377
0.7742662842210651
2.502717927971311
5.108059105049361
7.341738576627369
9.825228641405895
9.349038394477418
7.144452534845535
3.950520158692305
2.649561307846801
1.7431832787720727
0.5573958652830108
-0.2103913601177436
-0.6435386338475301
-0.42889363638923145
-0.7802971838028583
-1.0463305150314712
-0.47304930205265516
-1.2398304592951785
-2.903714425788527
-6.817784530634439
-8.925553254161548
-11.07948680903765
-9.666455490919505
-5.437370370067494
-1.1026970353421766
-0.21464677447605413
-0.9550321192935294
-0.8511228160112706
-0.7141652786164919
-0.6897525353765533
-0.21282229252354945
-0.08151238061361725
0.3363157962957296
0.15305471579191662
0.5146093958859682
0.4011389914813467
0.6005462711330601
0.06987384972592912
0.3367986290155643
1.39790402635614
2.7998558107642886
6.144935537927063
8.009766455631999
10.138034823977588
9.06122882908228
6.715018037418588
2.1288658668636216
0.8043630626870981
1.695880184594912
1.803786825952678
0.9740840217163792
0.15806088504982674
0.31246855412153884
-0.05587808586584904
-0.2074331368368927
-1.3199930981465742
-1.8044763602544212
-3.860351830332262
-5.972932283907954
-7.250433846366765
-8.055490240106915
-9.47840155873602
-8.500352594632814
-3.91425567547431
-0.8459487916540083
-0.6562565155861673
-1.0549306800822729
-0.7031805996389672
-0.11655694350616665
0.032986051047117354
0.2047428382408192
0.03921128533271504
-0.13601464998532323
-0.349781489893955
0.1583116906178794
0.23616036199225454
0.5035551282788239
0.4686938083136602
0.7738190903289159
1.4935446573802342
2.5482332991072414
4.017210463204523
6.659552938046196
8.462698782325182
7.326291463627905
5.544932206078581
4.330283184973696
3.2633662833181156
1.4751123704696907
0.4098313452833391
0.18762135646278552
0.7063974238674844
0.2212433063460321
0.3704904701945721
-1.1977647197878742
-1.4130649135495137
-0.670233235732525
0.3041388011567605
-0.6996895450139105
-2.574759231941126
-4.133113833956528
-7.539732062477287
-10.896986907840223
-11.152860239450836
-5.926879849892301
-0.97547526040837
-0.7013530977182423
-1.365581838284657
-0.7565660548645988
-0.15737490517158173
-0.2210255502001596
0.03110785979128214
0.06710254175358543
0.1865944680160042
0.12259988114324323
0.17132987185642434
0.35712972388791214
0.12677809951037156
-0.030947397312181917
0.38040929731782885
1.2635429950193948
2.843860486121629
4.345828175044647
6.766616129995807
7.754074824513411
8.206801302872037
6.926715800783037
5.660254572948752
3.6881866228622937
1.9612116486136437
0.6905639275001001
0.17554026304806544
0.09124151771556196
0.33702600064816984
-0.3514939200491618
-1.477089446582034
-3.5665094964191777
-4.57667246863767
-6.353110911272168
-7.7654047608986
-9.209886154605748
-7.4940780465766865
-4.223727054403139
-1.5002442726985294
-0.6054664931099659
-0.5969806153074928
-0.42819206097470747
-0.4030967004386767
0.07285736181429037
0.27825681986983275
0.29647113597999264
0.2375838422360995
-0.00462690320127966
-0.021289172777467325
0.09805560905015354
0.37099613689522914
0.5267581431487147
0.16806876030448373
0.8001957339033694
2.1040442483996054
5.528465549685072
8.028420913920613
10.127023835019985
8.617126910217495
6.008831276611446
0.8797336345103602
1.3420614703685705
1.3460363359948146
0.08168466996000288
-2.106368605537165
-1.1532537038497936
0.7895115792336798
-0.49083882364965625
2.812909167169466
-0.4987782218920151
-1.5168385078282838
-3.9870177091094026
-4.115365521262538
-7.888860278617003
-8.249595585300218
-7.1139698983942345
-6.356620441439842
-4.361011634034616
-1.9457449734392487
-0.9775227288097694
-0.5850061422706659
-0.5825073038239171
-0.116979097075714
0.403932339174504
0.2413317606002231
-0.100116133895614
-0.020176636478078835
0.07159263302257583
0.39448482064126816
0.7079432355400627
0.6618175299244347
-0.18222511780408077
0.5950798028197298
2.339612472464833
5.001079646909574
6.691674561606057
8.976454135930835
9.712158581958139
8.090826045464006
4.229032969552902
2.2527353779338535
1.0507916488030378
0.6147818056807014
-0.2362281971673298
0.16768983004281932
0.4569622591295626
0.02771787989697285
-1.258490628559486
-1.8905152809940393
-1.3599002960311963
-1.9968121870285118
-4.853100052241826
-8.495267006916265
-10.278968785777211
-9.305498861917197
-5.989899350112198
-2.595941113027336
-0.44329300578520103
-0.3748941825779103
-0.48951504178950117
-0.2016458906485606
0.07709540149195304
-0.1094123802997039
-0.3497937655100707
0.14012225449721252
0.1303403998937113
0.022713960318055018
-0.1377401922310954
0.28348694397959673
0.6143405875622637
0.65099049443004
1.0154936515498536
2.008055449826054
4.557738878168092
6.910573894663463
10.131649662484143
9.758100663246458
7.1686690495162795
3.032776463515622
2.0366260720792098
1.6639162666684695
1.1713261781461437
0.30546298978346376
0.03774660287067847
0.22325001167261263
-0.19334913954176736
-0.5730315460295158
-1.010274500214192
-1.2742793095615381
-1.2108007449675418
-1.030743846499894
-0.9246850477334237
-2.1220657598741797
-6.537537567699193
-8.794649292287165
-9.769026193617993
-8.110841353194292
-6.490596630674436
-2.2092154537018027
-0.41474380266886796
-0.26038795167824935
-0.544889736351532
-0.2492218236329663
0.0334581679413828
0.15807542220753767
-0.04871427331850297
-0.09309165684919381
-0.01695549848026403
0.1703473609414299
0.2780487372032074
0.3992823759680186
0.12472978749042728
0.7014432273055798
2.4392783575055295
5.070961919337513
6.839315579700562
8.804873668529774
8.87400901350794
7.176357666021084
4.035575974950746
2.5336841254283184
1.3524247095012156
1.0497993000802006
0.24946642624106372
-0.15390578417989334
-0.3711508605336322
-0.215576268888863
-0.5073683718847806
-0.55523836723596
-0.3869230375885022
-1.6903628201264127
-4.838396409833675
-7.618573973689844
-7.666049231072856
-8.33949355730335
-8.05474979363718
-6.193764322516871
-1.6883958632778677
-0.2638667601024275
-0.7239046827204494
-1.3416679727207028
-0.6351150364340525
0.21427542572521893
0.4638922133789929
0.34399312274549826
0.3132889414583171
0.15419650147484149
0.11406387503263708
-0.1738831244615534
0.12752702523994078
0.10040384336233428
1.0032693622107312
2.566778737756526
4.887649477521771
6.734543754623705
7.919413282630426
8.506214958167456
6.99396735180614
4.359588606515729
2.527614401255018
1.8976958094412169
0.9937141714889887
-0.5018796279904333
-0.05023203016599151
-0.012844203017650832
-0.14065415208566212
-0.6367878204705331
0.22506083643551725
0.00014583000737645454
-0.6398226741171852
-3.356366744456938
-4.03010362786187
-6.267529576781449
-6.89065690388642
-7.281787075285212
-5.665584809273722
-5.916508591066753
-4.860538001454068
-2.292968626655069
-0.5235605772426308
-0.48659142875341427
-0.5509645046479655
-0.3457615825415266
-0.04722114866840243
0.3339578760491843
0.6126703333958158
0.7826619625180928
0.3471683753824882
-0.015254383689437302
0.1191344252729391
0.37607922594143306
0.0851699566383843
0.4295932208276759
1.4485476654526086
2.7328866915720806
5.689641325672394
8.08873321756179
8.903402112184885
6.92101301037253
4.977003697257493
2.5683302675563
1.5643834111939237
0.9646454113508931
0.5183603822983224
0.15231009730358713
0.14588021152788397
0.08206123629662493
-0.003080604691587838
-0.3339697327778469
0.3336586872592119
-1.921747351054483
-2.8416606799016493
-3.5996502996852024
-2.884565845000468
-6.040508091081411
-7.014464072624924
-6.519420592508204
-6.147445713568241
-5.59495808240348
-3.5471583993428615
-1.0063099789438807
-0.4573972382607313
-0.20682357451664563
-0.04044102693075321
0.20648046496205755
0.21608716685199253
0.03844342043984799
0.2981897821804895
0.4330313572880485
0.29631204770181085
-0.11749745819360004
-0.09384552696206644
-0.08190836276161985
0.048548415485056826
-0.17149295130807404
0.8132842599555441
2.7623838268314898
5.276311020180579
6.947652135547836
8.2417159734143
7.6736136129407555
5.789355761809683
3.5176349379184746
2.2492500484914926
1.2863434683793482
1.210054677855179
0.873144273959506
0.5320913245550963
-0.31116867268835996
0.11045186128953294
0.056863100841421
-0.4454414489557782
-3.68327976613732
-4.177532806093609
-4.714109247247017
-5.6376417542004775
-6.133727415496634
-5.659499908083144
-5.225952416498322
-5.272866351030624
-2.8430692267881454
-1.755972292044274
-0.6125760615432387
-0.058422244498680935
0.030078655521220455
-0.1696953368896969
-0.011850666458855609
0.13797573119391207
0.3591099822489415
0.36368684583524613
0.34273443332821785
0.1054317430518083
-0.2653042014327271
-0.311143363184374
0.1482350187559868
0.33179204814008545
1.2895844078653118
2.391318466440596
5.520934970843121
6.659737494065029
6.599247453264034
5.4593702966256465
5.819848672129375
5.064748113220842
3.139549991299609
1.485016887118421
0.3136363634800144
0.11490419927845151
0.3301475476478287
0.2657441155732816
0.1811989667241601
0.14294296536735565
-1.55637680035403
-4.1791392623439405
-7.834026166917108
-8.143905903666967
-8.547314025417068
-6.723310411731512
-5.49606736477493
-2.250173821531868
-0.7314719220394009
-0.029812367090930908
-0.3988678992294355
-0.6698799934661457
-0.5153954858746638
0.11882166052188305
0.5138598431432887
0.576649621704743
0.4226824309703427
0.30031107256320566
0.1662193930826497
0.05677891586583162
-0.047993100013063957
-0.1590348342386343
-0.11441395405366662
-0.02641736637716694
1.1257844018082304
2.236820448093471
5.458529044871104
7.3619502498469895
8.440578028767353
7.38850890975014
6.034519128766911
3.7305074670065776
1.8338567137565451
0.9019050467817771
0.026354910241615282
0.1993894173589419
-0.19144689687108563
0.15053656981158092
-0.21659215398157794
-1.0223637537371304
-2.0217597057888166
-3.6858862769064347
-4.945710393090274
-7.235309616894231
-5.12699859521745
-6.33103378052821
-5.7498396598878925
-5.30365545235419
-1.603721194637471
-0.492407737770922
0.08186513262668636
-0.06048156654515007
-0.3824020449907232
-0.24814777765097834
0.16172131585290547
0.5048224443044317
0.4637516553004603
0.21182111468558298
-0.024911078647976176
-0.13748264651967662
-0.23965782131699365
-0.2661410858246781
-0.2150148979608102
1.4245885530620905
3.9809346130884897
7.4013189245939826
7.879757949235825
7.387747894438073
5.89918052734811
5.160426990793321
3.292798042800587
1.9526193335924469
0.8153776595109066
0.09631372675003351
-0.12871891110432032
0.09852734641584218
0.046556271223028724
-0.025547162823242108
-0.47626419865841196
-2.0837599604159682
-3.459317830828258
-3.0126287239778264
-4.612298117085092
-6.7065001792601215
-8.745168418840583
-7.0533835970464445
-5.44059787298088
-2.1373436288578533
-0.460270504855041
0.07812957108575075
-0.5152269074032761
-0.715475759715613
-0.6049472653166493
-0.3184532635016491
-0.05886393634502547
0.19758361250586012
-0.02320844387226316
0.10939079302418842
0.09995652468218255
0.1822140608477136
-0.09184326965955747
-0.08702739951884747
0.20241847072470592
1.8228424724852885
3.379128448728888
6.628403375444362
7.444928037021756
7.997432076018727
6.475767211833125
5.951123458173265
3.601516882453866
2.3573899328871137
1.3676552491221483
0.8966802358445666
0.28642996502282375
-0.08992897531932509
0.10773259298236527
0.35768352241897633
-1.0255393612609527
-1.3381269792136259
-2.6686381598221813
-2.3895711264168056
-3.4182840808062167
-6.533942663185688
-8.981433686419361
-9.025909319304706
-5.926001461200636
-4.604201497174221
-1.1811448252485404
-0.47123032817855726
-0.3750184722934224
-0.9018609742414023
-0.7234551348300112
-0.37400423345636885
0.062436838396081266
0.3277332802694159
0.17089275908300922
-0.010879822634585265
-0.10072722647121769
0.04190263166822483
0.31212845463279487
0.5140127265123108
0.3305368148883452
0.12870189762998765
1.3209145932795388
2.9172750615457406
4.32187833766023
5.7133419656417015
6.975420807127865
7.393851830514271
6.054232994876631
4.133009474375184
1.7693842405640854
0.8146389278951612
0.4332030790261332
0.09668199720667009
-2.2171961850376105
-6.711482893231957
-9.091259448139208
-9.613682349028487
-7.808620893629671
-5.161751693543583
-1.5638958638183902
-0.11703116444774118
-0.3936324508042426
-0.7064202993702648
-0.7716881632563525
-0.4013628642907756
-0.2810355772385344
-0.14011628109005902
0.22806536000944794
0.287132032970912
0.1516064576745206
-0.03685460991830043
0.2126328459318537
0.18176401369842365
0.23077996308829654
0.5158846733512608
1.9734324169855684
3.354485178936024
5.175148114130729
6.449090535712033
7.484717430661373
6.9527411582109035
5.80082151380353
3.860455474539066
2.30568988680949
1.2333338393255846
0.45173898904161947
0.47801177105780296
-0.07165390035336745
-1.2032678644891188
-3.06458132184603
-6.014167742882523
-8.335504271822854
-9.421241091939123
-7.965399890848556
-5.533880780408359
-2.2465668031087174
-0.5104596114493308
-0.22302616134731743
-0.007719229979107506
0.025270303263201004
0.017602030794066383
-0.12162851153045576
0.009935084782262415
0.0815133696211933
0.08646013648080633
0.04061258647238284
-0.0235727255077064
0.16689601738816034
0.21203740069727622
1.0232147160638025
2.0648858946022046
2.960915267027357
3.284226224959998
3.9483458564824527
4.6917286315844215
4.994884931112839
4.4287797603929455
3.4345597393946514
2.127685365131221
1.2550593885669694
0.7148173035193246
-0.8516354954080447
-4.224577698067776
-6.668829368369746
-6.907360825621287
-6.647974609620166
-6.43087661382208
-3.8979924377667716
-0.9297384548606001
0.27115327040135795
-0.27744439831113793
-0.2994326189312361
-0.15721271214516197
0.1603426334754709
0.12908119692491096
0.2543983436686995
0.34838303113659885
0.2257649087445437
-0.05690832036207312
0.02716300378136043
0.44593912607463077
0.7806358745440496
1.6909851666062499
3.012707456171744
3.7143284960455953
3.977135322131903
4.375279989315519
6.0496245162269
6.086897793705377
4.694006973046262
2.7927684874118905
2.0149173650947407
1.0835806705778654
0.37929035757311147
0.32293652023693004
-0.9671798326764319
-2.5936697743228185
-5.056868188544979
-6.5092435602453715
-5.832990938324046
-3.9818135603882423
-3.3023297117439845
-4.080783310761933
-3.476776990233498
-2.477659059044037
-1.1346348031633706
-0.3635854755442823
-0.11671076482441041
-0.08089622734364436
-0.16182783235799
0.2698578674078556
0.05833009759665307
-0.055624931733716076
-0.2614531480135972
0.02820088593316166
0.1602458406640899
-0.008951454597897155
-0.2270844514248628
-0.3196826345860841
0.18465807024369507
1.5817600976710275
3.425502206792509
5.575365864497661
6.683198232749215
6.94993773055402
6.324787492893337
5.367135210088727
3.4911842389171697
1.658943086866539
0.8314987744169906
0.6342492218195458
-0.07536752725703073
-0.6655553258203596
-1.1621773826630295
-1.6156654167488378
-3.5329036157602887
-6.631025201699294
-7.327398840142352
-5.939616364112576
-3.778886419006911
-3.7918848302013166
-3.153358156539842
-2.7383526005780428
-1.4140381706817624
-0.6841134059530494
-0.009481617630470913
0.20117260454024322
0.1749939160055008
-0.12744929276091557
-0.24273131107972226
0.09607634266655499
