0.7264594118184488
0.8270711785099711
0.8776894760134016
0.890612071830259
0.8919331081571086
0.895219610414006
0.901242233378388
0.9060231118200262
0.9064873219540871
0.9082361371162085
0.9071524188733919
0.9090646630901993
0.9051158149012075
0.9045039473091039
0.904850418352517
0.9046005936286136
0.9018155163160716
0.9010919462018816
0.9002203851096963
0.8995816963994252
0.9000450994694742
0.9012439668212172
0.9059542563269228
0.9024908834461356
0.902087179291117
0.9004398380249835
0.907857657485263
0.9048903055933524
0.9055692559724258
0.9019851693553129
0.9019523896056819
0.9007391167327619
0.9024136162197943
0.9015802760778546
0.8957633797428739
0.8804570698321854
0.8557306294698325
0.8293937351646566
0.8121546169030429
0.7890279314492403
0.7277219311566263
0.5706965336264191
0.4022249070662423
0.2946051577822508
0.26779554384459947
0.23427829096994937
0.20057927245062618
0.1762114875869915
0.15940391025295075
0.1476694050801195
0.13696706921483084
0.1344528454428851
0.11932980233537188
0.09828996623117979
0.06971032888902748
0.048347083535342894
0.033449609779423795
0.020480274150182755
0.01613098114724844
0.014804323185350023
0.015341330937456077
0.010104508605881081
0.010673418197726324
0.018353644082564662
0.019028031056988724
0.023446044799759435
0.009019054334198723
0.01735178180790323
0.08688757262010709
0.3069783227800086
0.5636659695735615
0.72322729625907
0.7794669378478198
0.832348412761367
0.9009162228755644
0.9341230990771716
0.9447510477719194
0.9421251413313634
0.9528596506738594
0.9660689133770408
0.9718672668505158
0.9707976281378673
0.974895396284815
0.9732380445151477
0.9656828265069096
0.961661888241431
0.951862215694679
0.9450802802856708
0.9338277120283445
0.934201418737765
0.9228012500912877
0.9251020311245325
0.9354738886927261
0.9429021436519207
0.9372775629225074
0.9134337480835448
0.8754739318548275
0.8289971988183649
0.7763799124423207
0.6516912427701858
0.44339438861417424
0.2885891409274087
0.22817334201943792
0.2230934751732804
0.1932490694674881
0.16103964045324654
0.11213564289363794
0.06711844686640986
0.034554276803374515
0.013800744421583428
0.006058413691429834
0.00839636945592876
0.015801114239099558
0.020643053533798285
0.01708130241589755
0.013792161472572735
0.012058035743862168
0.011485793720206491
0.0074843085780196845
0.006943978595437071
0.006310992274643398
0.008494049729387033
0.006438857973633272
0.00790032331987531
0.003903776021897449
0.002469892601855388
0.00038122707020149353
0.0513473771171999
0.2186386216424607
0.47640590492979606
0.6680733359751749
0.76009073029332
0.8070088657480259
0.8604947951906787
0.8893199232066289
0.9104201596299134
0.9215076654547463
0.931011313894071
0.9347030695642571
0.9434490614554827
0.9458981846737965
0.9465214568863717
0.9429344433378265
0.941849902785278
0.941556995874042
0.9397301184078365
0.9508461309172443
0.9468560710589832
0.9421709765388252
0.9333481431168384
0.9332951799035532
0.913522755356589
0.8575889409665038
0.7523765797813046
0.6237103487235016
0.49625368265684733
0.36940273991703365
0.2538378398601386
0.1835555345547671
0.15426050639007272
0.13508469903462003
0.10997760903013776
0.08131783431828368
0.055688533583878555
0.044812523983266704
0.04936719482053917
0.05471996706609726
0.04658101238661508
0.034190853204724043
0.024689769933039292
0.02405182813615021
0.029530159697362102
0.039266298971019055
0.045489399052401056
0.039356631077444484
0.026212221420234758
0.01794895024352248
0.01889486371663761
0.02165987135553423
0.03081713884685387
0.044049193504367895
0.08605778959312624
0.25674193173424353
0.4966900366124145
0.6889161177460302
0.7534381611611528
0.8029540307638217
0.8505448499202463
0.8986930813687897
0.9184803787433213
0.9270306244137418
0.9302563918482137
0.9324179455904927
0.9291338747893076
0.9304309657484784
0.9332218646956771
0.9369022078806347
0.9307821142544873
0.926414284933069
0.9176035781990887
0.9179048044914251
0.9138815139406484
0.9126000092494314
0.9034598326620502
0.9028188265761785
0.8899367256861267
0.8540679718643531
0.7632488010721519
0.6407250799025721
0.50346751262599
0.384993537245961
0.2666290828299387
0.18675577106620422
0.1434838076249099
0.12053975523808588
0.08462399761951478
0.06190320049802758
0.06136538686041533
0.05698065482128729
0.04454718731810943
0.030734586376819018
0.02534642636132951
0.023177992773971662
0.024363990095325166
0.026560357372666193
0.027190254472220322
0.030959656066638114
0.034759548000711786
0.04437070972179959
0.06613877161878538
0.07182484075503032
0.07496501489200139
0.1808051747785599
0.3941421207161771
0.6186543450955126
0.7694750184167272
0.8681635755842658
0.9156635829266204
0.9335757371866004
0.9438620081774054
0.9562803601474407
0.963104554611585
0.9614855834375207
0.954983551489851
0.9517561877385726
0.950749751610337
0.9501054900532175
0.9498655865923474
0.9461169972876102
0.9356730447977095
0.9148466467937142
0.8753774545213058
0.791125423658704
0.6387063726976275
0.46365816940692184
0.3025369545515966
0.21195713836103564
0.16486123069280217
0.15044108281808005
0.1247710195063343
0.0949134516311911
0.08426050462225712
0.08096049071619996
0.08227745100447041
0.06473392410445192
0.058370245497436885
0.053468586934387566
0.055657918505435486
0.056329981101780044
0.05541862489347031
0.05325282810060267
0.05507626722925531
0.06357574383442108
0.06537252615629713
0.058766463751914966
0.053739752715019434
0.06360592504385555
0.11483394033768687
0.29514104519817935
0.5327305401070912
0.7099400494775032
0.8005625435119604
0.8776250788086037
0.9298306053764815
0.9473409606356407
0.9657446218108529
0.9838672723192576
0.9949933257315736
0.9973066156516633
0.9969386679472914
0.9930260971716579
0.9893065579295026
0.9837747639978002
0.9850849256121559
0.9859418116229913
0.9840630994775064
0.9616508352914019
0.9258726235291828
0.8492821597408866
0.7161317367325193
0.5790247660091641
0.48266405563819903
0.4077867642133797
0.30974650847102536
0.21779627028086077
0.151127454549852
0.1088646025163285
0.08005678548728934
0.07312328549186185
0.07282722500829884
0.07505883106206206
0.07140253663653053
0.07173893096644446
0.07335239284336789
0.07366907804817127
0.07348963028132606
0.07375350330635368
0.0746562501067806
0.07121291215670725
0.07026906990031884
0.08092229006416018
0.08693864796192921
0.08362793865974003
0.0969533812096607
0.21508328028403367
0.43527413272225635
0.6568801997619951
0.7939679015658813
0.8733243076173197
0.9217682293894495
0.9528173153789095
0.9696131318784926
0.9819506068122923
0.9800788740666306
0.9854152381281752
0.9926142340664293
0.9990872914007844
0.9949832872114607
0.9966251655755106
0.9960544279857543
0.991298107292708
0.9868180404484801
0.9904028025635103
0.9775352695661893
0.9409530820840415
0.8913088047962013
0.8497187448072092
0.8226943480252982
0.7890516309826124
0.6856010837923224
0.5173254421788034
0.34266929430333043
0.22628268706690008
0.15574829020034775
0.11925815914539864
0.10222218143777119
0.09942099084842432
0.09517485551518366
0.08384101554473528
0.07690409695186276
0.07626474856761423
0.07696314909242981
0.07878860573134851
0.07979989227284547
0.0807690502603145
0.07917461722080223
0.07708266294431972
0.07189222458662528
0.06894830267435252
0.07802271262755828
0.0932899942951639
0.1657061202251931
0.3589475730748104
0.6068140650912585
0.8013401748020691
0.8938766932762807
0.9493859505819986
0.9621528353070443
0.9650394370644837
0.9609700040986451
0.9635715050324511
0.9610273175072219
0.9569572993272502
0.9561292384755712
0.9528216761204515
0.9497345132134987
0.9419635502310286
0.935213953383893
0.9331662310124516
0.9333776097625711
0.9008585925593814
0.8294886329478561
0.6827667492840124
0.4863763091984423
0.30970017043179127
0.21501228041847775
0.16340225633062827
0.12920907854598115
0.113442789990441
0.10446781507887996
0.09564331929577705
0.09015608971528616
0.08558874056669091
0.08186333940846247
0.0782218440473209
0.07662329482855684
0.07245379067002225
0.06870793984054754
0.05984240077099734
0.05064666169371284
0.04206928983593582
0.03985335684492308
0.041474970093906834
0.053578509014321936
0.06401313289531232
0.1368857493446395
0.31214859661036387
0.529843916621739
0.7010935428794629
0.8025861204902097
0.8726358008043101
0.909497530363865
0.9388786482102731
0.9570633414761289
0.964289509404943
0.9538525369728497
0.940594879413039
0.9408169771259324
0.9450356700395486
0.9393801803391829
0.9218559593775848
0.8817891841388197
0.823350990151485
0.7400573276931776
0.6634066578746318
0.5837596867139614
0.5036429454901326
0.38867909757094465
0.25790650378192415
0.15899363759008878
0.11643105200173422
0.10548678513487696
0.08986136344436926
0.07487869955947984
0.061611459004661584
0.04756843686178596
0.04289290205742187
0.045776976664740315
0.049132837916293255
0.047890984433174015
0.04626189035844501
0.04848447132857097
0.048890117180901
0.05310438510681507
0.06182572574358534
0.07469417473652508
0.10329673253748452
0.2259328213279141
0.44147492807893735
0.6675384895328074
0.8175900856814117
0.9108186043662971
0.944196278345814
0.9480824781860959
0.9419329853568503
0.9437596623471469
0.9460845963651004
0.9454153109236165
0.9436327885775644
0.9388630795179248
0.9369252133842418
0.9240215285409894
0.9076257624182011
0.886314441995919
0.8480898897094307
0.77685731126215
0.6240722827498976
0.4440800246880041
0.2951302784773595
0.22759204285312806
0.18588374115651327
0.15449763933309602
0.12171187121164474
0.10346379483173132
0.10258915947630544
0.09665409073255865
0.08533922339667557
0.0736082390539908
0.07232651865905743
0.07167904087522016
0.07358511943253682
0.0786304963901881
0.08480145853995863
0.0826670568832183
0.07508826856718578
0.06918613877797124
0.0672630284557503
0.07148518763121647
0.0759853620688121
0.07699685100158744
0.12952974455898886
0.2976066078384856
0.4971410700337847
0.6496692899738814
0.7658535641665978
0.8697936840197397
0.9285453588008725
0.939861099822465
0.9472409076850835
0.9539754480834816
0.9738224746915909
0.9885912825868071
0.9921753607501005
0.9912827829091783
0.9841960496488162
0.9838953623279527
0.9850013063249097
0.9861917443308754
0.9620363536906797
0.9019653456121288
0.8032050283626391
0.6636390635665719
0.5033840224044677
0.3574988681035274
0.2637242501224797
0.2051299986956071
0.16209617770860157
0.1317369495007917
0.11523072727337508
0.11011772934719266
0.10230825782824784
0.09170730369045565
0.07607989405869695
0.06683678555304227
0.0645999013597989
0.06465512458324421
0.06036822416038632
0.05682650961278873
0.05928380074284862
0.05806656669799551
0.05649748213391652
0.061888175719433836
0.07300374408673785
0.08442470114606868
0.09187279701706123
0.1446413083180986
0.29590068175292533
0.49184186733405366
0.63990174734922
0.7430678723198763
0.8393882302445784
0.9070349284086567
0.9275366949341235
0.9371670863862891
0.9392089629001791
0.9462646934178535
0.9520263036449695
0.9596354396494368
0.9634160887853648
0.9552180846392573
0.9472096343550582
0.9259246089070089
0.913826867173887
0.8947031968638156
0.8565826354197892
0.7551457718616454
0.5916185712346225
0.4232339678839723
0.2865219801709107
0.2043367751971586
0.16005811677086657
0.14572401798175205
0.1317902007437555
0.11533490637338684
0.0957599169325915
0.08198910856552183
0.07563372720571265
0.07856772522192954
0.08104946698798093
0.08185199830728249
0.07547669344427888
0.07269561863733409
0.06864867327537708
0.06274770181065122
0.06071763348869169
0.0680269168240327
0.07718496943111165
0.08180394542167625
0.09711863769153209
0.19192407694900607
0.38263114387899716
0.599561993935549
0.7640663612391124
0.8565556518834865
0.9165966601990004
0.9336263520152087
0.9429476542771528
0.9343759420891995
0.9399177298392204
0.9419545733758314
0.9483909515184543
0.9509856696887476
0.9446113094528785
0.9358635191129215
0.9245986626806622
0.9146989969457369
0.8895797395042006
0.8169594925332854
0.6806627230523664
0.5364209370138857
0.4279810339699168
0.3448130349432548
0.251798365457209
0.16841712181243756
0.12335855698357338
0.1118616176316925
0.10043944258041027
0.08414111593258436
0.0735663223967267
0.062108644913411164
0.048127455446370884
0.042884952962902484
0.043366231236145636
0.045131328171479475
0.046389101664090444
0.05737787579842915
0.06328486902557498
0.06483283648745992
0.05982000399770015
0.06444452504428658
0.07464557029054159
0.10411382052599644
0.21479435320353085
0.39620580492601953
0.5636236840430571
0.6868302180545725
0.787892579644685
0.8705707133416428
0.905399578120187
0.937208048735727
0.9588664265493044
0.9635369194006658
0.9533066071121579
0.9569833653561475
0.9636192386675523
0.9582563728248068
0.9456891343241227
0.9351434936148773
0.9214104467637706
0.9101631704853372
0.8872663285867314
0.8239789587876948
0.6907001535275958
0.5050094792522638
0.32396140786836336
0.2138421133391596
0.1686517642617447
0.1496410048808552
0.13003788922708603
0.11456185421247699
0.10634350791959557
0.10767097274239912
0.10618859467352716
0.09449527593567127
0.07985345753935753
0.07035369907405589
0.06854040575357637
0.06822471521838794
0.06867760762057204
0.06456706885879265
0.0635482970811386
0.05661396677172616
0.051359979102540795
0.05251483539334203
0.07031692439030485
0.08494826666513548
0.14496281611208073
0.3100211828214059
0.46037335818790254
0.6066279376677477
0.7436938407415203
0.8801123073327494
0.915966288494883
0.9359884055543788
0.9539153564176639
0.9608499399960873
0.9602516361653517
0.9543156137528601
0.9560711335932053
0.9583083091647114
0.9565478480914652
0.9452160437238353
0.9421431072995539
0.9337873226294686
0.9144229760706102
0.8866090435416367
0.8481567347910076
0.7922729745071093
0.7146578923904059
0.5976242040453134
0.44403265467635944
0.30380027573326285
0.22810749127963545
0.1915068984839923
0.16375992791785768
0.14373517075257802
0.12919853615142113
0.1134294386942548
0.09865338698484705
0.09757306447168695
0.1013929192298144
0.09619964893958453
0.09445545368393476
0.0954897173957068
0.09822903113208323
0.09544991384443043
0.10219963773871088
0.11263381459579805
0.12083099626725778
0.12113450919109403
0.11950208299904615
0.13565789304640408
0.21412684178079247
0.39384805152756935
0.5929949598027764
0.7236193234243627
0.7957191375210486
0.8631455415257512
0.9178165010359425
0.9405171731289099
0.9518465762813857
0.9599579074474429
0.9675909607440774
0.9719020695441383
0.9726402011087074
0.9732678305144692
0.9686080241709869
0.9662167567161115
0.9571677037462527
0.9479537558476836
0.932290631273777
0.8982441266707214
0.8317872544676856
0.7421680081842679
0.62762317108171
0.4875776862666725
0.34092302952374753
0.23894356439721984
0.19371213079512106
0.17451060628662463
0.14793574280070915
0.12302077682930562
0.11025113030753433
0.10174693686975843
0.09832855045420512
0.09828394537165099
0.09894517207608935
0.09700638216836595
0.09546972998966552
0.09647592746166164
0.09502906359760627
0.09284576865395297
0.09548040708464725
0.10440424384464701
0.10669588113839626
0.11482812950018839
0.19720528585273575
0.3852305600139012
0.5953627654090669
0.7319175514163299
0.8244251556019564
0.9014194056955951
0.947322595783693
0.9557762706990474
0.9515552906529012
0.9503372755789637
0.9466092091694291
0.9494934238359098
0.9467524564581908
0.9519170856024308
0.9547837427038602
0.9550284100659547
0.9492162642275583
0.9461670065486282
0.9427621245461648
0.9359724022572413
0.9026472598408792
0.8342393539457902
0.7286507054545653
0.5997518221077651
0.46137423546352385
0.32645585299076624
0.22486355168673977
0.16382052407793654
0.14071314079042146
0.12480038310890573
0.10791386178946774
0.09327317222767535
0.08827872642110433
0.08803973658976788
0.08252631632009912
0.07811291379394422
0.07933842734725165
0.08148055384909281
0.08248100559175248
0.07546095521476603
0.07046077090398808
0.06860943627718358
0.07273439643106508
0.06798129116653853
0.06973892876665094
0.10107614198055917
0.2227145658149382
0.40981126501629445
0.588980397212955
0.7033713276191487
0.7900544907789919
0.8616324517967122
0.908150092297411
0.9235317982471254
0.9339970913960605
0.942160234928104
0.9545499254907474
0.9591233095795711
0.9693688252024923
0.966768909948873
0.9595751574541207
0.940370284222831
0.9101072396777687
0.8645386921235381
0.7919399263621372
0.6983375305056698
0.6265187318567889
0.5729301834432401
0.5071788908551894
0.3882557963771419
0.2672916131979351
0.17977195010620547
0.1466209264917736
0.12576492326720665
0.10443231853303346
0.08876857987527596
0.07902785238249503
0.07089960109258849
0.0702998848252433
0.07508481072627268
0.08015495747061177
0.07890050131999946
0.07575581332998013
0.072708018953691
0.07110773733429368
0.07162132455516325
0.0759108191680365
0.07849953303080978
0.08052920305758371
0.11749909141211434
0.24290443650189003
0.43971918012480976
0.6119061651659918
0.7257520622023647
0.8208539510032424
0.905762678432591
0.9433970782775255
0.9429222791980902
0.9325413061026298
0.9249545278904968
0.9265032625655453
0.9312666152224935
0.9308572458217909
0.928976950054825
0.9300962418709684
0.9275599193761269
0.928372142414791
0.9320965323484951
0.9321197394245833
0.9337325638109991
0.935432257017944
0.9181503712664911
0.8783732311827323
0.779362768320789
0.6085733236819213
0.43181123470629046
0.3040866904276286
0.21773154174493276
0.16021132273800262
0.14178301337775134
0.1263430975887083
0.0987887070857975
0.07337456110259974
0.061784099012647545
0.06270649259147654
0.06626448121819661
0.0634335320191862
0.06330828437700897
0.0654406156066709
0.07188078286047175
0.07571113152733727
0.07949975462099376
0.0857116512560282
0.09749116893814153
0.1928634348760736
0.3596353806582486
0.5575075624368107
0.7056678070947516
0.8305691823619585
0.9102036575593957
0.9441587524801861
0.9425827893465637
0.9301170750278419
0.9238504206556755
0.9283017947285276
0.9382146137844423
0.9394193895160189
0.9375622323170463
0.9359250947206956
0.9360342298854101
0.9377490393183469
0.9365912254703773
0.9343066796370696
0.9234937943057799
0.9062659333688201
0.8710967497702153
0.8343554723077644
0.802181317578241
0.742722260025304
0.6135420726668481
0.4189527450993333
0.25351528969671877
0.1578404244452512
0.12963735908557683
0.11576333857875835
0.09951771065754708
0.07628376227950587
0.06475738437002587
0.06327970122468071
0.05978177284148738
0.055802050936370404
0.051603208176681264
0.04962966662746079
0.04827844759695461
0.05117973760156382
0.054765470070365425
0.05797978299401569
0.058086286576158996
0.07740849062605501
0.09543653316210084
0.15838656367782508
0.29418190610130174
0.4831922490960651
0.6282066111141951
0.7456607707450269
0.8505869540681865
0.9173396481273466
0.9309455947893401
0.926995749179868
0.925419766595799
0.9175049646123807
0.9103578806365868
0.9116470260958441
0.9129250629958883
0.9103516620929625
0.8995885440805491
0.8909831140360354
0.8789740657119778
0.8612411809574612
0.8116571943402677
0.7126584209809419
0.5794495536165789
0.44104884166888403
0.30953347564387823
0.20443704519106204
0.1436336714714429
0.1274843532060433
0.113715702731709
0.09595662910856714
0.0796661043591611
0.0736859850528424
0.06840785930365503
0.06272996178623583
0.06503286481651599
0.07047034772508858
0.07478988601197124
0.07600093488855528
0.07869396280755228
0.08730279737679232
0.10281199814124999
0.16511142864099154
0.31331862832764307
0.491421603110706
0.6489690041211256
0.7682872347892132
0.8634329951126689
0.9002818170800162
0.9048287702734676
0.9015290409356803
0.9004135231291326
0.9003848285443058
0.9022567916910608
0.9051867206190066
0.9019846771319455
0.8882340516020202
0.869885521477912
0.860401335420621
0.8519152788354731
0.8421996891023827
0.8340276861284226
0.8310001737806391
0.7863074185012654
0.6645609487573132
0.5114685355517191
0.3770650878314514
0.2921230920585227
0.22854183391957728
0.1797540806435923
0.1335557021878489
0.10414803652017046
0.08215875166467491
0.06599140124977106
0.061216267937827244
0.0650136174701996
0.06735233700587408
0.07214783281585416
0.07608180569088478
0.07719507050681342
0.08046460384250895
0.08463192828408636
0.08815659128504069
0.0896889283860635
0.08358484623312744
0.08125999696184101
0.09660897065671858
0.1746754208278734
0.34624337710606445
0.5543142512862728
0.7167672487295358
0.8025358125449846
0.870780072872702
0.9039565877730887
0.917141192123538
0.9151288794561441
0.9249653667308122
0.9298595069789073
0.9264466655674921
0.9235837729666149
0.9180038760172008
0.9203213472671485
0.918326050362738
0.9209292201893391
0.9087291909972408
0.8705348476983162
0.7964595018232419
0.6912701927294891
0.5914328228346623
0.5089594013764063
0.47026416348980293
0.40212430229156937
0.29871552920581534
0.1825706215857522
0.11250616153027831
0.07758055985297065
0.06409838611210175
0.058197699532035616
0.04972945361484543
0.043107259444101785
0.04658038887694842
0.05129427048526817
0.06358883028430494
0.06777936856211159
0.06633642468961448
0.060561431698685234
0.05846138522439673
0.05240313803007407
0.0528095362342658
0.0514314334994028
0.08736678170606846
0.22429490355427012
0.422043411411824
0.574179734936979
0.6768559257418029
0.7915424507994033
0.8968054022314873
0.9488771736206708
0.9548462593924353
0.9393319971553651
0.9282746531982673
0.9209357671046218
0.9173603579135478
0.9138229437092336
0.9079155343075384
0.9082999060687271
0.8995591342826749
0.8955099964025326
0.8846444794167433
0.8745496106354845
0.837413942415858
0.7914840195900116
0.7146072441702678
0.5880959710872719
0.42855154602702944
0.2788526824975439
0.1802963075049921
0.13003476163421962
0.11111179765716381
0.08963838398425747
0.07053001810834875
0.05580809699569399
0.04616876654989525
0.04019461857714347
0.038919081158053766
0.049375770380128824
0.06397233092486157
0.07218665746778863
0.06653258191109268
0.06253947032229451
0.057167599477223975
0.06204311048762338
0.09572542099777276
0.20440577795110743
0.39765057701518647
0.582541624846904
0.7168772589453687
0.807018572338432
0.8861207256258523
0.9186999389599897
0.9265101089677484
0.9279778094798543
0.9204023185085017
0.9095237131459489
0.9042913160159559
0.9083436681638498
0.9054058684215418
0.8982872161049662
0.8889912947274339
0.8771853457422625
0.8572556298873347
0.839538485882428
0.8195697901527824
0.7604284783343991
0.61252200295738
0.40963554800367247
0.24200599650056925
0.15535169384628564
0.1225439415252367
0.10019457415506591
0.07992810684470239
0.0623755627153705
0.05627274216351241
0.05769208134483525
0.05806216569002824
0.05475338254625382
0.05335495444530047
0.05634920917233711
0.05753929008313251
0.06044246405918127
0.06572697998004969
0.06461565876210901
0.06366781470497966
0.07188715965689856
0.12945282419616533
0.281798068041792
0.4798295684742922
0.6287544645885825
0.7093972225761789
0.7781756190014621
0.8433767317640044
0.8956570507470426
0.9129624387644111
0.9152726641376834
0.9085220386155903
0.9141205515807809
0.9172859568878065
0.9237249330221875
0.9274496024867693
0.9205095225885177
0.9104677316506552
0.8915853140013257
0.878648519715285
0.8711146477580654
0.8687804285225236
0.8116512737716977
0.6710900441860518
0.47294837966585745
0.30924479652674003
0.20894194973102706
0.16295068295249865
0.13411294474836472
0.12224887104873233
0.1068500155727892
0.08852352541825095
0.07375625577126961
0.07099762375683374
0.0708558873428024
0.07215121121778179
0.0743279474672013
0.07761961499082504
0.07687619313812027
0.07778370654386547
0.07803431266716568
0.08237938239839032
0.08820896097300718
0.09561124546292211
0.09617804382037855
0.09805290820308724
0.12503406582711732
0.21556067664477024
0.41104774695749824
0.6313996897721099
0.8027973172344289
0.8827819170521151
0.9340304557182657
0.9464441414259184
0.9420582600197009
0.9272321890393568
0.9065649364955018
0.8919030949604361
0.8840804311257591
0.8992263381398186
0.9012476616737483
0.8968376888191822
0.9018136142039235
0.9202783932298557
0.9279950180413462
0.9140178801183928
0.8953591580529903
0.8395609630001322
0.7275460965541405
0.5893092054876584
0.4803968227672334
0.35324118534197235
0.24344130220272178
0.1736925300641524
0.1504870836480069
0.10627417139305102
0.07246234765317368
0.059700976287417884
0.05952921975375272
0.06629139402210711
0.06646959998369904
0.06038953718074044
0.051718802853071066
0.05035072620595926
0.05124160733532359
0.05070739930348859
0.05658232983720314
0.05689181081264284
0.06810750409016215
0.1102839955165501
0.2627207507381837
0.47468113445210147
0.6133477666956169
0.6962786141208483
0.7783374384506737
0.8765897558562913
0.9077444181432662
0.9280240328000092
0.9368344452395038
0.9387461122642418
0.9408568155349334
0.9393388737821051
0.9245803673885997
0.9109215604708512
0.9164368861196694
0.9284913566604502
0.9231158197498721
0.89885776130941
0.8499644124885206
0.7737770201905557
0.6598998238442575
0.5147805331072262
0.3516864046768983
0.22248922304002525
0.13944530102592392
0.09612272689208655
0.07236359943946227
0.06665190309103616
0.06896699715866879
0.06390336598875045
0.05523690453849277
0.05304292454184188
0.050737088933518214
0.05392493184663488
0.05647643123841001
0.06304425943489438
0.06284576290169679
0.0710106848359927
0.08061694342307843
0.09070305803567406
0.11525667727781753
0.23272519334370115
0.4309684711983846
0.6302013370375901
0.7397693664510296
0.808357032202859
0.8550835622136157
0.8966344224428434
0.916626674343388
0.9327702196849467
0.9309281561697029
0.9249305317229216
0.9265182319683306
0.9344794048158929
0.9401445107371027
0.9346278253397986
0.9189144396550621
0.8952171264573473
0.8601322856588637
0.7916278395058932
0.6687469996842776
0.5178185099160908
0.3470249628904434
0.221498228388202
0.1540701049399675
0.1371719765346029
0.1174625488962733
0.09853657299391423
0.08567283484220231
0.0768187559276324
0.07556732394785667
0.07691567784348055
0.07980384556319428
0.07504109356706698
0.06973548745967006
0.0688721978095011
0.07362948904319586
0.07474388811018243
0.07331723220788351
0.07078529891328236
0.07155120295676565
0.07051375606245537
0.06297698657445153
0.08750144693241056
0.22031671783668955
0.42986374215921824
0.6163926942829145
0.7392858753244784
0.8316245897963743
0.8824962424253929
0.8961673895052069
0.9089076581444253
0.9233163392431601
0.9299980879737589
0.9280773532335169
0.9306698630159228
0.9228013472744585
0.9174853037793816
0.9169220808625258
0.9241267427374005
0.9029095733275128
0.8438662494033619
0.7208797447479279
0.5679663483541748
0.4279628451357135
0.32440103835082135
0.2309046271029182
0.15787111981525442
0.13133782059418925
0.12678589368009882
0.1092400202045141
0.08157308398516762
0.06784610736695443
0.06588180569752904
0.059127763849124375
0.051598136668688364
0.04995861530148539
0.04644411064402978
0.04216428964106058
0.04079288497806969
0.03962007658504933
0.04237790979661887
0.04759852320523562
0.061120498534572576
0.06178374525253188
0.06084368126989833
0.09847896406057707
0.2511578761735984
0.4837140882758283
0.6789829465486854
0.787552074042188
0.8538945826266613
0.9103969819380677
0.9378553564204187
0.9306580068793092
0.9079984873841402
0.8998315578781704
0.9072630725284153
0.9231419860949299
0.9284723445925902
0.9214110454012544
0.9178246516896538
0.9204296572313251
0.9227189209178628
0.9058176660472167
0.8898007456238886
0.8655883355009536
0.8121372005699543
0.6826918430175558
0.4814743898415442
0.28895965434136245
0.1774296678859628
0.13798787323093484
0.11827361928513545
0.10678842633556113
0.09520423881674989
0.08575234588680686
0.0748020123993384
0.0730556613827821
0.06578039935905024
0.06010959574488835
0.055388941392103104
0.05200300010800761
0.05066278901334045
0.054995452021832314
0.0646809274998211
0.07034315064609781
0.06495452638425206
0.060625489255418524
0.06592678907845095
0.1443059979985261
0.3266589163663119
0.5415129300502686
0.6807488157083601
0.7582892602360474
0.8184329506520316
0.8653215550267029
0.8826524267958151
0.8876303331897465
0.8876566702655502
0.8894376594108538
0.8928068244828572
0.9039366563983636
0.9183823860902419
0.9201352546190783
0.9160548111079259
0.9056983664129356
0.8984769719642289
0.8882765094926894
0.875687612467444
0.8297103352686069
0.7122432697780839
0.5624986776546161
0.4337227951499768
0.3491560488606975
0.27294589830400784
0.21678374541767484
0.1693247153568508
0.13289783267691982
0.11297876892671561
0.10174194939507727
0.08825915170865001
0.0723085503368753
0.06419472121927243
0.06053898281416048
0.058169995991506934
0.05388132824837664
0.05369220718269323
0.059892918611275756
0.06516348261994678
0.06371737100948104
0.06437960621081082
0.06374885974966821
0.12116828441434108
0.29406529130949166
0.5265610926190271
0.7018945369902134
0.7843378498676619
0.843310212603554
0.8859442633989407
0.91438728087011
0.9155145988751868
0.9118182031879211
0.9055818633274383
0.9059032073203966
0.9087207392229738
0.9170268477657979
0.9170391981124836
0.9149232589375547
0.906700296196947
0.9069938807334414
0.896254061030942
0.861502882364093
0.7734851128740434
0.666439155088199
0.579954401675155
0.5317255896272517
0.4865424005095625
0.420378986861036
0.3210038780681625
0.22212771257092212
0.14711186836908788
0.1103846988879378
0.08535091702532044
0.07559924880654352
0.06864119629787013
0.06732094769820625
0.06404431711467881
0.06589572800474666
0.06996886129244005
0.07359728428681286
0.07253323946990345
0.06655154369752775
0.06815343786907686
0.07210774136478115
0.06848430904184252
0.05425427135584403
0.08383418046722982
0.22414421092180387
0.44294656374216096
0.6493870274778974
0.7743211674199431
0.8432296741420893
0.8730791432057206
0.8895799271461047
0.8928818900112656
0.8949798462233423
0.9056972292013612
0.9138869365081419
0.9132268236353269
0.9122506495460618
0.9192854912422653
0.9221543758651943
0.9104370094852849
0.8946589272582863
0.8814856095882206
0.8750446139483592
0.8627419879329766
0.8536798136514677
0.8173994794491974
0.7100002271137832
0.5343615005401618
0.35683199054805864
0.2441637463412685
0.18238011483996722
0.1530594484354803
0.13128942636238128
0.11890839124409061
0.10071662519375878
0.08779766422024352
0.08441752915488351
0.08196556490505555
0.07628899521982802
0.07135072228728204
0.07244202856403684
0.07379313385071681
0.07568443251316331
0.07708749145533139
0.0820904994560808
0.07832030458837456
0.06332879903400895
0.07079326845507347
0.2013215937804687
0.41980511802171194
0.6138493878492732
0.7109444364138383
0.7674402855507327
0.8112000601026267
0.8388185137634127
0.8592956232649954
0.872181167483811
0.875231727370923
0.8725614867246925
0.8751737575260318
0.8874636307064852
0.8886236873554881
0.8856538245346927
0.8824937927017407
0.8933675909133956
0.9050208458548608
0.9092488701693241
0.904764026972488
0.8821014049797319
0.832224918650384
0.719429600691922
0.560983449724432
0.3972108073365948
0.28547476977391817
0.2069659703369865
0.14908929976551435
0.11569241813866353
0.114728510007598
0.11570153716763089
0.10658650187269145
0.09507486558072861
0.08945000135593728
0.08112361890071848
0.06904203747587398
0.060840414424677476
0.05374230209005551
0.05200961090761532
0.05264958405638827
0.0628737538039136
0.06836925080840477
0.06836677593140897
0.05601608224470814
0.08229610740210253
0.21904204349175171
0.4348602795646366
0.6312297296513824
0.7527439021394162
0.8342642261689853
0.876102352724655
0.8949723354083049
0.9008525975744642
0.9058413219508099
0.905115541341234
0.903292393721199
0.8980111634595889
0.8997529045425398
0.9079108105203901
0.9137967908709379
0.9082579637958925
0.8833500379071949
0.8513227998987933
0.8121443190613549
0.7667013226567574
0.7058481889183038
0.6062726718762089
0.4606591990465382
0.2934199623391203
0.18047204331788141
0.129744852942681
0.12132014914436196
0.10989725402274571
0.09340436121776591
0.0771678828515146
0.07125372162011784
0.07479200165686414
0.07647820305794198
0.07933460495555691
0.08287905029017885
0.08385799215680051
0.08009036352922458
0.08077471449735903
0.08663320251378027
0.09147781316704827
0.08900498888739372
0.08255245387697926
0.11904418861353397
0.24516173771204713
0.43815000253556435
0.62891466044586
0.7510205852857166
0.8164053040505675
0.8510693059282406
0.8800320464591314
0.8901156161403272
0.8846765319640356
0.8747125232222116
0.8782560223688425
0.8922154112394188
0.8925983685354264
0.8828157310376122
0.8728817095960428
0.8780634168547796
0.8873402820403234
0.8974099755819662
0.8748937024000791
0.816716055383309
0.7240362139408967
0.61617081160387
0.49484759144260654
0.37049390885905903
0.24231408611011884
0.14237062931517688
0.09280050275783167
0.09108738171580655
0.0902599325332554
0.08294248856442002
0.0747416012449579
0.07176351189645769
0.06984837355246461
0.07115356520136343
0.07094984408830367
0.06896268435748232
0.069998929450267
0.07560260198718724
0.06631311338389619
0.04802789597039736
0.04262676913843461
0.13163741072797597
0.3168038429025931
0.5204369766698229
0.6675554353451825
0.751966387175734
0.8017422775910237
0.8216113778841078
0.8430462601143286
0.8578688595637163
0.860092745204873
0.8539691121829192
0.852400228875489
0.8608647717287522
0.8644658420640348
0.8680583506174295
0.872168577927844
0.8822265362388022
0.877475878812812
0.8681975015486308
0.8562188026655422
0.8454012394969479
0.8330075803457299
0.8234967172373964
0.8131203478916773
0.771917414594185
0.662571012609408
0.4857918572274747
0.3006686606565554
0.17557181890739992
0.11603784689110926
0.09427868571230291
0.08361903371815466
0.06846745163145455
0.05448535333631284
0.040161572742830054
0.038410544003599986
0.03680159793415864
0.0421260768509048
0.043174664655372036
0.04944370437256916
0.05617373815648883
0.06415985314810582
0.06599613254571829
0.06702984333880188
0.06701098101025818
0.06674342643084337
0.07565490837250116
0.14106789736180464
0.3095781381166531
0.5237417924788891
0.6776137121910096
0.7640891319975851
0.8331856171483769
0.8967563214099659
0.9024300255908182
0.883612690129276
0.8581609213081036
0.8731934718008239
0.8808759065814524
0.8818369924977394
0.869650855922416
0.8730632543305255
0.8809553646741559
0.8804044322992126
0.873237694135738
0.8525013498058782
0.8333484531701815
0.8141953966607349
0.7668885118309223
0.6302585592590007
0.4471402069514283
0.29245736054011473
0.21059284617135013
0.16282411610498604
0.14650618855299824
0.12999781864471788
0.10940751726228623
0.0867867807024637
0.07808155992556934
0.0771870077086205
0.07723798872774881
0.07746954970866643
0.07027730600593234
0.06501641305223772
0.061950799719952716
0.06261018583298639
0.06994695559087459
0.07308847903211196
0.0724047604642244
0.10808259757920309
0.23155057094280304
0.41836520487581286
0.5980310224211072
0.7306092088712361
0.8108414762579683
0.8544077129399547
0.8701027987963519
0.8701772513470817
0.8605352183720302
0.8516302022314706
0.8432358266539508
0.8485429371745854
0.843945496142452
0.8423664892432994
0.846943532934462
0.8635591564149894
0.8642735202670238
0.8625648742213377
0.8610677172829936
0.8613504733121222
0.8421412133611346
0.8056655480660612
0.7125032283832526
0.5640967298706068
0.3958542000786817
0.2625157854543307
0.176915926536514
0.1298825243877694
0.11891872357574755
0.11621556314851703
0.10559666292421444
