0.0
0.40923076923076934
0.617094017094016
0.5286415711947624
0.4871794871794848
0.7655677655677664
0.5719063545150493
0.9368836291913186
0.4474097331240186
0.5719063545150472
0.7137745974955263
0.7137745974955263
0.819887429643531
0.40923076923076723
1.0
0.37254901960783965
1.0
0.6643356643356656
0.5286415711947624
0.6170940170940111
0.7137745974955315
0.8198874296435251
0.7137745974955207
0.5286415711947668
1.0
0.5286415711947579
0.6643356643356707
0.8198874296435251
0.9999999999999861
0.37254901960784725
0.7137745974955207
0.617094017094016
0.48717948717949344
0.8198874296435251
0.5719063545150425
0.8769230769230837
1.0
0.7137745974955207
