0.036482845969611426
0.06559398577742404
0.0482268886698441
0.14915740934118618
0.40536866045273423
0.6858249825283211
0.8499134846955758
0.9077634105150105
0.9443456116430201
0.9664743451246847
0.9760605531535474
0.9016307903722456
0.6013241971903821
0.24983469174999212
0.048709033253345475
0.059325380899245536
0.057040244942720045
0.06381927642321168
0.06134333900892899
0.05840115209616842
0.04460145585285297
0.08348435434920533
0.2491831800577779
0.48687712316910803
0.7021134906827254
0.8092746470475936
0.8667881708598586
0.8922081580050507
0.9208328222174769
0.9255580272205065
0.7771464759288182
0.4608583166216477
0.1793165630613671
0.08014390137103261
0.0734066155193544
0.05380484413590715
0.04942052320933729
0.05085022506024763
0.04951265698893137
0.04492200632191647
0.05384879436489445
0.09589319792570494
0.24288655252482155
0.47719594738750215
0.7108819334425648
0.8485889547785374
0.9070327605489024
0.9320418733618185
0.9493449874730157
0.9083485533198707
0.73195274526589
0.40478092384819264
0.14321239547017506
0.045367983767264294
0.05971958870770078
0.05204160270265539
0.04678473076971177
0.04933412782010316
0.04712357252472574
0.06418832112401052
0.11133927020012488
0.2678192454994546
0.49652767059832864
0.6963436416489852
0.7984748669049194
0.8707753402885141
0.9326414341211802
0.9189259822157289
0.7166391800493659
0.4037074440998003
0.15769275479540035
0.07728286404722402
0.06989794856285296
0.06602798711554436
0.05418435721097992
0.04447761075704755
0.05827720553270185
0.06802090395920495
0.1042983829530079
0.1779564053114573
0.3482410141604468
0.5475142543649527
0.7134706844158706
0.7888267361273796
0.8364363967780035
0.8869636235204964
0.9298641291944181
0.9172376202029461
0.7679027994866279
0.4527631959752996
0.1789719138843282
0.07709434789555634
0.07668418373475881
0.055117757348640606
0.03853945267851734
0.05004919340361338
0.04700809644956416
0.0776307323646551
0.10996070367945343
0.28893355454856445
0.4849144564765111
0.6733403869210104
0.7495985113216832
0.8324502030371197
0.8761491943348867
0.8960536246184926
0.9077673005798129
0.9082247570990547
0.8868918727858214
0.679778385139945
0.35299548789385593
0.10388228707583354
0.06121230054640382
0.07896286878620624
0.07729524867775617
0.05724514630729009
0.05068810367025049
0.05276619379625336
0.08907060279180545
0.18697889609240734
0.36285796507877127
0.5680162248449826
0.7289027222631277
0.7815349955649986
0.8119314165169375
0.852574912066404
0.9132357349322706
0.8422235528765282
0.5732671423397708
0.26283301510007867
0.11354038916076555
0.11627701327415779
0.10870605818676028
0.08969735488553471
0.08474679792417139
0.07606125098060876
0.09048919269587674
0.1343026964696752
0.2001126746442354
0.3484799867247866
0.5576451608148826
0.7528942382332129
0.8435487228811147
0.8875038347629807
0.9108555596170099
0.9315093177631025
0.954625392604692
0.8509881391991766
0.5236447042261774
0.20511467085500334
0.06184772795076293
0.07611660085262285
0.06874704403433149
0.0709093836382799
0.057826667499063025
0.05698442299432128
0.05867285940204607
0.10011774118872718
0.18711238611703088
0.33330295074933614
0.5129409242940877
0.6974312035759069
0.8235681972280309
0.8817526419680937
0.9051295330619912
0.919337121624721
0.9450494181310743
0.9117188604076814
0.6518138532368418
0.31289058028456196
0.09380283616670293
0.05923735846055056
0.04821604008187045
0.050859204427807836
0.05793644003631493
0.05989852038829313
0.07378248580835053
0.1082953682390168
0.26241653526357134
0.4719353677991969
0.6632214464529954
0.7737391672258727
0.8590488371607483
0.898372895304716
0.9077121131269795
0.9186149067371369
0.9422140591623839
0.9348388138153192
0.8002896184643078
0.49419836594421235
0.20297028240743684
0.08395929094826513
0.09337723593918987
0.09688918026674861
0.092078219410553
0.10470472896980255
0.0985806292080682
0.13158194990538488
0.250768258220762
0.46837480922961594
0.6621751045685718
0.7998551572583794
0.8816363896809096
0.9489070177987496
0.9545108493357193
0.8647341456180244
0.5681222096461278
0.26804186603702607
0.0981665332817188
0.0957035240400329
0.07873934688025916
0.07334590352560855
0.06829637502894215
0.07323693154176003
0.09894694585865271
0.210505458785869
0.4023037404297456
0.6184734239405459
0.7700212396182028
0.8640428006561698
0.9024257501254113
0.9319421221505988
0.9636826318654642
0.975449845296134
0.9571322738309169
0.9321118277166229
0.8377291613634872
0.5774024454355607
0.2576282974228532
0.07957612259115804
0.05670670164816105
0.06307490778539196
0.04818231534103812
0.04714206761273797
0.04219308406466408
0.0578978652442067
0.10163013826648962
0.20721146539920404
0.3778348375456997
0.5817211624424296
0.7390315103067349
0.825798745472431
0.8724898539838105
0.9113775710258508
0.9365091251461574
0.9028228653021452
0.7089473709312863
0.388227954125013
0.13821791223205854
0.05143834963059012
0.06023703340490837
0.05050982892381635
0.047497798768458444
0.04391097019398272
0.05212726213106334
0.06425038140937517
0.13471448928471802
0.29446301028902466
0.5161426766965125
0.6988324656899476
0.8046990282687604
0.8589427425437696
0.8925194378294479
0.9014190691790616
0.8442324827706653
0.6474254957938504
0.3339905068298269
0.09256752127438561
0.02704448111501461
0.047204934314033
0.04406628637189784
0.04484204985480448
0.051596947680602676
0.1165753185234408
0.29314336835756455
0.5469172227018488
0.7453083999177963
0.8409812244560365
0.8951649632920012
0.9269716469392153
0.934683196204071
0.9254060535844253
0.929273153270259
0.853504557978768
0.6094111817364334
0.2946628148395405
0.10688585355345723
0.0720786056850839
0.07570434549367355
0.06253613745563724
0.05121934111559859
0.04740971086724129
0.04736710045419961
0.06019503392313471
0.12017886753230814
0.2435878202621799
0.44307148615865155
0.6471271585467128
0.7990222691129443
0.877579693017644
0.9183641869803941
0.9328350022922092
0.9424362213951687
0.9166797453413962
0.8144095575192177
0.5314276776324564
0.2434261016073278
0.07038414262572673
0.06026878086762144
0.052934247947614005
0.05766103706786018
0.059965351136326235
0.06373123818298738
0.08357686237304256
0.15500382186373957
0.33082188309518135
0.5589076514522486
0.7508105103280651
0.8416273920410902
0.8761685267561456
0.8871682741876513
0.8873918201337396
0.8454399685688205
0.7108776108769966
0.42203563667248406
0.16637249534351456
0.04974450397561606
0.060747470852776195
0.0505989517980924
0.0546378512998997
0.05777666731856356
0.0622935602805723
0.06770977649754661
0.12580144902478763
0.25679361012218815
0.4829015848096386
0.6799873137446344
0.8043231002227558
0.8583058875261391
0.9057626838875015
0.9285449206906494
0.9214695197199141
0.8796000964130799
0.7783030724340789
0.5160645515975297
0.23293498822127479
0.07021175541662235
0.06419931173933682
0.06280913593825
0.05967774985204336
0.06139307036555523
0.06369209497068545
0.09711229438587794
0.2027796756347805
0.4047331350878801
0.6434969672669393
0.8071890627087319
0.8863436400598245
0.9287679279714844
0.9525181709396474
0.9553715509041617
0.9490882542051541
0.9004177021409683
0.7408434371095098
0.4470981019925862
0.19118902324912818
0.08019067534484245
0.09308590349510307
0.0918164231009571
0.085697903142342
0.09639949947261581
0.11697914294916349
0.16921223537283034
0.2906911613083299
0.4771039892080303
0.662545936380716
0.7788565126703608
0.8500501262615682
0.8948024894745283
0.9371205072874021
0.9523862657416948
0.9613842558388034
0.9403210842995474
0.8306627719911153
0.5698599577237534
0.31814906887738015
0.1958663591629069
0.17560362983702443
0.1523373980461905
0.13474088508360912
0.12846492673944662
0.13206239145111917
0.17203687643526455
0.2659694266569901
0.39567201703714805
0.5606208727213
0.7122587882821689
0.8326271431432138
0.8982846409353682
0.9432170594295413
0.9113358841545564
0.7528621962112279
0.44060906630901686
0.19924282116933706
0.10180284148455482
0.11889581637565544
0.09732006655191064
0.07833996974970191
0.08209959751263579
0.0997537039364791
0.15936961581340975
0.2811635567177584
0.4477796408542813
0.6066920900619215
0.7416975371555952
0.8439829256323089
0.8887239311176849
0.9101293224719812
0.9310067711346476
0.9420858293726554
0.8718794078009414
0.6043472225974982
0.2934601665055384
0.10772496755598851
0.08292691135769703
0.07064374977172588
0.05758620316900637
0.05289214389900804
0.04409501345397584
0.07662331793410992
0.10427065017413474
0.2702976194933331
0.46641745511906985
0.6739826043286659
0.7647486165163887
0.8545985223834899
0.8978792818333943
0.9390948299832318
0.9553203081958842
0.9527680405736723
0.9053038081049305
0.7450479263379899
0.4410430625636863
0.1907920862300016
0.10112993214758753
0.10274636890326437
0.09000398915792882
0.08710315523834974
0.08892205996612726
0.08041237516586466
0.089206033898734
0.1565357155488955
0.3148305783099745
0.5266696105872225
0.7164870106196689
0.8281433904957312
0.886345448091267
0.9181246349733987
0.9441899154499076
0.9400154849960131
0.8429343867882193
0.546972946157638
0.2450239886409824
0.09001136532448409
0.0855130458767596
0.07077327775463092
0.059734460719712515
0.05695558118191406
0.051041506942499135
0.06150385231076418
0.10015042870069707
0.24846822466153784
0.4364153970679238
0.6361635689779095
0.7627935617061905
0.8599576306841588
0.9017757154451265
0.9387485702271576
0.9594567205606378
0.9627699594281915
0.9139440695690356
0.7603272793314344
0.4741886597996652
0.21454434661800845
0.09499135431215056
0.10501172190372762
0.11851235002051724
0.1300760220352802
0.14394547735692725
0.1695189779997787
0.3138251202391805
0.4644314200683971
0.6240783079590858
0.7226643037391636
0.8375943584561536
0.8727979737316163
0.8963706852781318
0.8885574076582754
0.8364556037905466
0.6607538205102594
0.411537832765876
0.19585632776680123
0.11935744230491059
0.11831386771707404
0.1343176119856553
0.13151979284251214
0.1236494668632239
0.15845161515161205
0.2183950231266768
0.321766473584426
0.4380734712152866
0.6042007973669546
0.7414730415844197
0.8424081959582188
0.8813087990203651
0.8998471764801603
0.9040886999981672
0.8984813268128905
0.7950116147053136
0.5823110428261553
0.32639418703973383
0.17282700797450168
0.12890444387443142
0.13731042445117994
0.12783687624407197
0.10585511661309761
0.1085070690033623
0.13750901121949693
0.1745821509202438
0.2943262715991153
0.4329973883137187
0.6172386669184509
0.7424796211661021
0.8542598778169295
0.887946813961512
0.9145672741984296
0.929827986878232
0.9466631423222629
0.930715575569772
0.7878046126924854
0.4746623521951076
0.19517862709357398
0.08466410873528915
0.10463976542933377
0.09803542702815723
0.0810854303302371
0.07485445681686118
0.07859259206904728
0.09850282949890428
0.16444890132223272
0.2974706154207739
0.4675503783264471
0.6506958068506454
0.8029656806562963
0.8903488771209458
0.9080995311239175
0.9098192360071412
0.8986775150993759
0.8131130852183122
0.5514718852294109
0.2657649670397191
0.11565180669913952
0.1103851662864284
0.10084752277323206
0.08701507877023142
0.08294125848252934
0.08328750351616548
0.08451389103157902
0.10916277844440458
0.1658859281145748
0.2777947556730216
0.4134017068044686
0.5865494847248895
0.7286416443397756
0.8169251241511657
0.8523645177415384
0.8782459952414755
0.9040507898052991
0.9131364690646402
0.8603685809295096
0.6927185189925937
0.40025840832950593
0.18071088191470197
0.08761136914123571
0.10169759956899652
0.09045089262746005
0.08296766438169999
0.07685367929884232
0.092123823849596
0.1286113806248512
0.2528908520642886
0.404546474295253
0.5801323288424843
0.715895794739644
0.8479890740777853
0.9026740258991781
0.9270810238573888
0.9329065577303797
0.8678432634794162
0.678318580983461
0.3931104813975757
0.17750259991093453
0.08523692182691198
0.07845516710099648
0.07134710694649213
0.06345028144421624
0.06783156671985034
0.07866316326374312
0.14904263739009785
0.2761661540833634
0.4383263121590636
0.6075022831568839
0.751684942287931
0.8451170120090992
0.8822846448294235
0.9172331564880203
0.9372281989653104
0.8666542050187143
0.5858901563127932
0.2847159526354091
0.11697152097333897
0.10907233977183255
0.10153654443739157
0.11560687397380477
0.10069920680137198
0.09064468116519683
0.1025899221460863
0.13781267561039953
0.18958757922774483
0.3374632744317854
0.504968927719932
0.6646051495617827
0.7679762418895213
0.855718673286901
0.9077415773939294
0.9058735652791106
0.783373838222122
0.49153604639062387
0.2309010106222109
0.10425603454978098
0.09658709346746702
0.07610095944275616
0.06253756266485468
0.06002296190049325
0.05674161883710595
0.07792318854173821
0.10914618237385891
0.25925710951018144
0.41589932155079223
0.5953259380195663
0.7198720357710748
0.8525448058992486
0.9097525047939092
0.9366726916468898
0.9491976234801586
0.9517246348738642
0.9514658022587239
0.9419986269566993
0.8446967432950432
0.5840013478721194
0.29429940258097914
0.14117040799060368
0.12700660821847998
0.11779274974106956
0.10342739478609962
0.10382966733826006
0.10978285899826858
0.11797506430653322
0.18464537440640313
0.35379058976676725
0.511633878045477
0.6482613436128342
0.7549337345995084
0.8650935138470935
0.9112944000104003
0.9471070551097642
0.9186916197682338
0.7313727861386585
0.42319983080909507
0.18184341371747148
0.11366590235836196
0.11629232148464852
0.10358733326234737
0.09014338931237352
0.09550250548144057
0.12391319503940096
0.14553244264220744
0.16628606937953738
0.2503449350846155
0.36388510408230834
0.48921028672207045
0.6155423052931126
0.7595785544758663
0.8477063343893989
0.9088681556615046
0.9354343605402966
0.8364759486307543
0.5375980553606088
0.2521735713361514
0.11278694391417535
0.10790410339533735
0.08593198832398005
0.07606165069973728
0.06253102593032467
0.0549427197972478
0.05489255682173727
0.07877569751268095
0.13108849794630895
0.18571349061856895
0.30877186576243215
0.4615073334731579
0.6418687774129179
0.7670071362178478
0.8707534340829179
0.9219015941404173
0.9525198478927077
0.958402502954971
0.8888703197405377
0.6706545878666369
0.37481765764360087
0.1636924661635564
0.10699956353184173
0.11197693138956633
0.1102655875645987
0.10746278547829896
0.11466761871701797
0.14401900629918638
0.24279856396894253
0.37024200049042266
0.5126131571276968
0.6515790249686408
0.7909909244872468
0.8610004111783387
0.8838869331072201
0.898214423664613
0.9045638410828839
0.8173016063097498
0.5635269017982392
0.2921733721096299
0.1428458793297684
0.11653592763291512
0.10574548523979205
0.10351937141106175
0.09223937238151134
0.07048240409929013
0.07683627492207634
0.10563861956768364
0.1816588028509224
0.3113001922741362
0.44513640308612157
0.6039144907782055
0.7410387479261302
0.8601542948904322
0.9041690612123194
0.9375221952511783
0.9205738753710192
0.829571222080846
0.5623401381812017
0.27119936871096406
0.09009537481784484
0.0774979323467946
0.07092864953624377
0.07190472036433099
0.06459414075348824
0.06056010743378293
0.054734062515598494
0.06553010551124613
0.1223524214773751
0.22522090681955267
0.3754617642190861
0.5508137251451174
0.7188626767729263
0.8231168785427025
0.8737218536731228
0.8952913542311585
0.9146189116528177
0.899339547142366
0.812202315721802
0.5418065229497888
0.24302311826246073
0.0685141736449657
0.06309940161375849
0.05468711606558379
0.03582286454453719
0.020556952215442615
0.01784616706506481
0.02806854127163471
0.05980172092919283
0.12136584149666016
0.31833259268114805
0.4630455199109874
0.567678030227175
0.6540079111371954
0.8221212944052005
0.8965690926580365
0.9201089987983239
0.9333429817936945
0.9138444048501023
0.7810618416880359
0.4817100128979003
0.21307061738088656
0.09890440808100656
0.10783210681952474
0.10416403313377656
0.09345770823310778
0.09962591395834121
0.10881450274725754
0.11832088711759353
0.1737142269185476
0.2790414644961897
0.40213965614452085
0.5453949698895728
0.7224900442173291
0.8491426679682671
0.8939696063211507
0.9204880028492697
0.935750901725928
0.9021264805961142
0.734461327339528
0.43323781255596916
0.19253569914889684
0.10571055372667845
0.13060450659417489
0.13505942358221515
0.14183433890792807
0.14824229036997105
0.1816299509485889
0.20062020315716406
0.26001029541634924
0.34272410205604814
0.45241210043147356
0.5891179287616523
0.7360856340120283
0.8330744394515068
0.8697865651013129
0.8728273665923144
0.7767198560268119
0.5070840479039109
0.2404565638356716
0.08511619842472398
0.07618814210047598
0.055729329610422734
0.04369888538583585
0.03845728096299448
0.05084887321426909
0.04923703252344162
0.05210813197610971
0.1363051619119974
0.24422150573268062
0.35183606377187615
0.4942355323875268
0.6937640110870109
0.8317465748371127
0.8910090089741053
0.9169025044200723
0.9290341321039723
0.927789424741109
0.9042008904887153
0.7605764355654248
0.47260744147149664
0.21577704348276677
0.12189338986785504
0.1278844740422546
0.1150934828721571
0.0950564725070736
0.07741121118313445
0.08316865806788606
0.11355099830545556
0.1694665875892979
0.2561844809569787
0.3519910316749558
0.49202799855922286
0.6590144757396992
0.7985034177093395
0.8754654292657694
0.9076654525754178
0.8703057758251442
0.6559070906181939
0.3708959467603331
0.18483815129499043
0.12658108141846877
0.10627140298825453
0.07875171714191022
0.07229671054722908
0.06162070373725433
0.09769697526497138
0.11997157927534795
0.18368426695164997
0.24867161908279853
0.3402908800700261
0.4460173494059097
0.6261709279936939
0.7733187638867438
0.8558286800531394
0.8840162679851837
0.8187956213866914
0.5474170443182174
0.2736207109961846
0.10980194758625704
0.08825161213535218
0.06413573479998709
0.05796189200224827
0.05280268859598205
0.05677830530104779
0.07356513030803924
0.12574254763027778
0.20282393627077722
0.25621995467753245
0.30457662407413155
0.43166172814542997
0.6210626043536916
0.7698506953834818
0.8397486052241451
0.874759666400071
0.8889731020940901
0.8074151493419008
0.5446446141412485
0.2782619733625191
0.1265531368237372
0.10716932583210632
0.07890350608875613
0.06207705146635897
0.04564441857265328
0.04634896050301195
0.06675683584189904
0.09894996372248166
0.1590093217353753
0.23112357307813125
0.33078605338645084
0.42253574692947504
0.5399067433819309
0.6765202488139579
0.8075839170084775
0.8821165184598856
0.8985339858808985
0.810170828292317
0.5943048956720445
0.3359927735372039
0.16566187789048137
0.10392140997231034
0.10208955881258666
0.09478191964939701
0.07541350573871608
0.05762492416250885
0.08258251529170874
0.139457387801593
0.23237672417072497
0.28509086910592585
0.34773896752146377
0.4817281930271833
0.688262535090203
0.8295294419153001
0.8598817354698204
0.7645295203563451
0.5087031571012807
0.2565418515314168
0.11697709722301569
0.0886798216109704
0.05112101464150813
0.04086035412800096
0.03893247756612223
0.04803309936445733
0.05487627606894413
0.07939379168675104
0.12908345270592425
0.22371165743141203
0.30216538066170595
0.3617106512624717
0.4503632094376301
0.612178225607671
0.7548033923367712
0.8431075196958447
0.9001611049569895
0.9326718404327617
0.8697072220010245
0.6626493990066485
0.3971739457691694
0.18974637115892118
0.09734470234921427
0.06759710751114138
0.053692495970317805
0.03972902560620674
0.03639128857121441
0.04763579879360788
0.05659132341838813
0.09893630830121433
0.1939488082534065
0.2900665171722846
0.36128387139594775
0.46447380724613696
0.6170362877595094
0.7759303328575775
0.8684298365133918
0.8953097655557254
0.8252804359712156
0.6222668718669644
0.3281315898726816
0.1274983386897623
0.07388520588855504
0.07780442339557572
0.06620919458322537
0.06284531584516923
0.06450127944642134
0.08835032950083449
0.10416625828949334
0.1494368805136227
0.21536807279392395
0.3267903682755921
0.4718795364611583
0.6559963966038072
0.7993329524450985
0.8592795011895729
0.8799916216002084
0.8877363343580132
0.8168434159826695
0.5665299936289944
0.28041387072001334
0.11370935917138632
0.1022135160007279
0.09062821362944014
0.08230023471301659
0.07335544449042708
0.08207357301970394
0.08017843028732372
0.1276886221483124
0.21191825004733625
0.2861397643211784
0.35538551765806603
0.49243002068485353
0.6886924246361762
0.8300520195870587
0.8753286981197855
0.8799910808732551
0.87654425578485
0.8194404378269641
0.6239671344892718
0.3638622746536673
0.15784469474042895
0.08403414350279288
0.08452010557023595
0.08728588792266509
0.0756654404409956
0.06864298548772609
0.10082024968431763
0.1355183429552033
0.17844177081629006
0.23196604157853523
0.3167044072189039
0.4337374658972436
0.5993167044176084
0.7335047171842357
0.8140642913164144
0.8682107558933714
0.8911976283392156
0.8026312263294109
0.5308463090186524
0.2886857039088725
0.14119748981233807
0.11388035051531938
0.07047538198874814
0.07203109626669055
0.07512778740119302
0.08924996267567245
0.10464479022392348
0.1304815708157559
0.199264905359001
0.2885378856610143
0.36304466970288596
0.4946929388573489
0.6758880026168168
0.810260217072542
0.8559783890609995
0.8868914924589183
0.9033886559841535
0.8628939876615399
0.7432146295834952
0.49047210918842715
0.24329143663858227
0.10220535218696294
0.08586289074536861
0.07883780618036804
0.07858938559459827
0.07523393083239482
0.08897019647577016
0.10082345493426777
0.14960807305426324
0.23822440581133858
0.29933340589538926
0.3338747210639464
0.46389494349220667
0.6696858754634932
0.8059813243381742
0.8397522153366468
0.8504682976282676
0.818855908874792
0.688865538651129
0.4328813859882028
0.21888831500611555
0.11187112291989038
0.09633781869479262
0.08758553441502584
0.08504491091446974
0.10628095990124536
0.13396046223917946
0.15325416375894174
0.19936513398750907
0.24074510974466545
0.3255476684897477
0.4670457188730151
0.6813676318080043
0.7915119107700231
0.8398232654804404
0.8734415650180221
0.9125341536268475
0.8822489448108359
0.7691530434816934
0.5072238946027432
0.2660127362486223
0.12994049146630152
0.11639486787032075
0.09729636902852118
0.09896358987327203
0.10338852653393005
0.10145610474825488
0.09399189579495659
0.10564846362942207
0.13389423023832994
0.20655191314973848
0.2911662844726135
0.3701397675236717
0.4533294127969817
0.5729970003046199
0.7116905626381816
0.7969686712490203
0.7958691466117402
0.6919752269539747
0.443231521025481
0.21783040981243218
0.0951521096783666
0.09726506583523822
0.06885848016475962
0.056519398213943785
0.0519861357099021
0.06425875980959966
0.08056213028329859
0.10489487175687726
0.20874855041570728
0.29490989826700725
0.36507604987368103
0.464583317280862
0.6364091075907969
0.7677573360084329
0.8091546898661295
0.7388473291164565
0.5125635442833887
0.2684254851271087
0.1286140879813103
0.09161569222436179
0.06728164048603055
0.04405667359826509
0.03579254105130881
0.03796425290529261
0.05087843292715051
0.09936363138317479
0.15093282079868356
0.24831660932691085
0.3724013533071284
0.532985775072647
0.6647536334862306
0.7788921167125119
0.8524060381508928
0.8544032644245555
0.7373588087129257
0.4708870041024218
0.21022525083482785
0.07056195429270638
0.047473730016274904
0.03282302614103762
0.015960895754771394
0.011700214774856325
0.015704149327122094
0.048429288648453285
0.10233081847464026
0.18320755711287245
0.2711760217715459
0.39864066442001267
0.5825137528770254
0.7438041421873145
0.8432304867915523
0.8768773369844626
0.9037303432929925
0.9070441860782257
0.907931469963736
0.865852265576351
0.7517208977081913
0.5011129445505567
0.2923256237290016
0.19194549106273903
0.18980661900098073
0.14344681312958574
0.11511017710872366
0.10502620176759866
0.12173396976632042
0.14712812740202683
0.1986389280628501
0.2813785614175832
0.37451905581570555
0.4857957038464642
0.6440367945900518
0.7962663106907153
0.8803905015699002
0.9009188975808161
0.8662136977855591
0.7138128467210547
0.4650117269355882
0.27953686307195547
0.1765648339442695
0.14341132188842165
0.11676064014962716
0.13561525456025258
0.15018721089361237
0.14460792389399213
0.179442843968651
0.28870224986604476
0.4358430241170995
0.5955191591420371
0.7306722449827908
0.8332507457053216
0.881336541273053
0.9162013634163857
0.9211616907708675
0.8889565099224328
0.7736538746832656
0.5117869570451365
0.26291000947774534
0.12907904371814247
0.11653419624873107
0.09869076640724084
0.08602225808761785
0.07809967788043283
0.09546074674108825
0.13011652559947107
0.19053133037231357
0.27143296058910005
0.35457865885587314
0.40527062347741544
0.5201398739056426
0.6797584029689765
0.8273012779477886
0.8891322426047905
0.9393131817774049
0.9446928669751916
0.8696276502367462
0.6363688061110413
0.35791740493212887
0.1572158324567959
0.10208926729751
0.0795473378507445
0.05879395030964558
0.04400491176199741
0.038286952497744386
0.045186192858453225
0.05157316453062545
0.11036478683684446
0.21518980104228058
0.3274257013078321
0.39978991799931396
0.5053817889477529
0.672908566390257
0.8255881334575539
0.9072096684505861
0.9434987854990763
0.9587018887911352
0.9248625884218656
0.8070199339436538
0.5230664721991123
0.23278965150761127
0.08034483060053792
0.08849554437948035
0.06795040494688359
0.04737706069293391
0.039637090811522745
0.056122766028868704
0.07472889716283165
0.1028261623864512
0.1719275181666065
0.2833481946569245
0.38672261341696645
0.5169546716873785
0.6858478183994633
0.8294213525133033
0.8943403780860701
0.9277570100645341
0.9474877302472551
0.9069558985823192
0.7942211974534756
0.5556139439499862
0.3070627124369335
0.1458998956061639
0.10596784609353663
0.0887532521777277
0.08443595311448643
0.07496400983987164
0.0665946604640084
0.07798452734882881
0.12532923063139575
0.2060571292358307
0.2827372825076354
0.3621268225232692
0.4737227845307531
0.5980391488375616
0.7186242223532509
0.8326936253523687
0.9144767363053319
0.8839840754280706
0.67250064837827
0.3924753708053202
0.18734816812551938
0.11720323369946367
0.08263857193066668
0.05180991290260892
0.036612373669183906
0.034325939953919346
0.044137480134223736
0.056873624104800374
0.09934330228802819
0.19394545444926944
0.3072244968942999
0.3762506049099886
0.4825012809067332
0.652050719893161
0.8223916823974332
0.8951356267487691
0.928467050995325
0.948459947441588
0.9584879330807567
0.8933523977619927
0.7519457512595068
0.48594670464000544
0.2505063914800926
0.11129829711290448
0.10382695968391517
0.0865987419528792
0.0766487522206841
0.06895142488209387
0.07266381861254625
0.10994553277031749
0.1768886308978642
0.2605300425680962
0.30809381760130916
0.35946765122464897
0.4679253800487588
0.6273035500826141
0.7707279950633108
0.8557291757934616
0.8945742670864577
0.8387029941507159
0.6281166711991657
0.3772331283901691
0.2023368508736691
0.15141636235903178
0.1253324442792792
0.10709730152055973
0.08743754961915112
0.09702961896323277
0.14734757346311092
0.1678382012770484
0.16831061895038069
0.2096080078683351
0.28998720646520365
0.42054087153163616
0.5645785608260866
0.726928237604179
0.8315412579560254
0.91818664723905
0.9492518866742403
0.9093507932669284
0.7080051219365437
0.4131664620133027
0.1877000145319877
0.11340261489100541
0.09722216611418001
0.08863254854009109
0.08952011428150015
0.10656572281914854
0.1151769038747216
0.15253478731074793
0.21040702130958702
0.2747319608360912
0.34596274754414286
0.4271940795642451
0.5508802799860042
0.6759218975754215
0.7903498192006954
0.8498128071054006
0.8947451227984948
0.8917200655833808
0.7965931069750941
0.5592653162316074
0.32511410537999014
0.17822399511760234
0.13794963659115542
0.11288380909639559
0.11133471226074332
0.11971258096644427
0.12343832380744002
0.13296215176231485
0.19465795153982102
0.2548029703850645
0.38031069201152967
0.555079283661472
0.7499092657593096
0.8398164112566583
0.8812383957266251
0.9174894574001741
0.9281322654808078
0.8748503040698258
0.6741577627150048
0.4157618963548203
0.21967785970875575
0.16155836845165078
0.141266809446705
0.12557858768653885
0.10120524429628172
0.0943979995378985
0.10745054171370992
0.14554772299734087
0.15885712619470482
0.2138831636891616
0.32478298821731866
0.4637962944885599
0.5966656649750561
0.7404832932924388
0.845460206596903
0.8994108640817461
0.921780747943197
0.8808811495311171
0.7075507382681362
0.4785260203358147
0.2710613845619122
0.15554645665663142
0.10297074079171693
0.10953642907219054
0.11992768204914138
0.11072497137066192
0.09522835392318368
0.08752720043936499
0.12021572105217092
0.15895567288714482
0.23664991625153417
0.3126860140015809
0.45137074777973096
0.6019527592335493
0.7531749706187071
0.8398208653481922
0.8848119972083841
0.8760341447775389
0.7744576961739149
0.5338057169195376
0.2507118301373126
0.0651295648750431
0.019920327979220727
0.019745911343643015
0.013644462928133694
0.0021220470782483364
0.0013819102075646396
0.004254458024208392
0.004247601130213966
0.02480825662646426
0.04958442595982224
0.13554754966503696
0.2745747564900736
0.40506167617355837
0.49969457722854993
0.6234969577680269
0.7690720877752417
0.8600523210097106
0.9058906347518072
0.9219898343911163
0.8924983666137619
0.8080378596662434
0.5972130124060373
0.3379996547755177
0.1296426111294433
0.05635180925126926
0.022794347364186632
0.01850967364600741
0.021079219991398952
0.03652226780454821
0.05057164115928554
0.070736331727027
0.12558862773526158
0.22342437381835528
0.31090396850264457
0.3960243677981819
0.5193408759557516
0.6951979065268218
0.8330211366622144
0.922843065664928
0.9443662802566418
0.8871422113912969
0.7101391041837117
0.48660607128043465
0.3111777123141104
0.22172366977165325
0.1618469853868305
0.12613800286967333
0.10958194417011904
0.11192485592046192
0.12686771614303505
0.13859530319350089
0.14964464501158828
0.18819616456396424
0.2813002689649806
0.422746116747874
0.5921441095962805
0.7483576085234936
0.8499381988416921
0.905362891843665
0.8952564373705756
0.7274087564616738
0.45335082876597566
0.22118447354323617
0.11278367813470985
0.05886186300634682
0.02466650034429097
0.01716207039375126
0.023180674583536273
0.02852070892637299
0.029015942921710183
0.032697104804183995
0.062344792075476496
0.11440428033696164
0.24207239669320874
0.37098513419629064
0.509790877277155
0.6512259139719581
0.8086463988473518
0.8925186611665398
0.9163967292743528
0.931178490738657
0.9371932668338327
0.9471504732678848
0.9525474349218331
0.9599080183304822
0.9691089067223766
0.96042517636301
0.8956083617244193
0.8142857649944037
0.6207197325530212
0.3607905973369075
0.16067305138738291
0.12208453645517901
0.10426407035361372
0.06929418466006515
0.04894641473708601
0.044936131770024014
0.04743071812076524
0.0551430430018328
0.0667710343485325
0.10872880564115567
0.16236027834859323
0.26907343146124507
0.3954280757125158
0.5725018057277942
0.7408206584338948
0.8694699285549004
0.907595542915253
0.9131358506549285
0.9276735335547895
0.9416271298697112
0.9120566962615775
0.8261258232158721
0.6359319821630856
0.3860117946351159
0.18530034858136535
0.10951399862480168
0.08181945130952592
0.05783271352956233
0.052854989442997255
0.05717822217232088
0.06362717348588609
0.07418154126575319
0.08615716348963784
0.11019763480033631
0.18131860288832116
0.34483104868794817
0.48004911054811916
0.5890599377446104
0.7048463223296964
0.8460259180981862
0.9086110785226027
0.9236596442796344
0.9481446581395647
0.9573298279735072
0.9336513483947394
0.8518575174139351
0.7119402170174776
0.4699593257799247
0.24687955550018031
0.10791045230286225
0.08764626315797404
0.061762219831103624
0.04354404753470212
0.02594127588429926
0.03609616571562583
0.057106746606515296
0.08242411043370208
0.13975521948425204
0.20401836419058045
0.3451563630892862
0.43810959439875513
0.5450296963249965
0.6698939546993012
0.8376639561889023
0.9154763178387001
0.9456816452549157
0.966132538493587
0.9426809276084697
0.8727316670872198
0.7305371065992049
0.5105331202176491
0.2850983042465074
0.16352492792971524
0.12129287004537424
0.10596759513548275
0.08406939574592213
0.08004669935509279
0.07775766946075831
0.10134844006914125
0.12294574813536249
0.14732853860420014
0.20065955363096805
0.3267287014075417
0.4371636094407201
0.5447685172538109
0.6948543973653418
0.8544506723179479
0.94219610873633
0.9735467429506999
0.9994406298102954
0.993681665199626
0.9422162323808239
0.8227106409932234
0.6472091467592569
0.41715753108984455
0.233134393475132
0.13148876883527105
0.10918171791235197
0.0836661517372189
0.07348170417402339
0.06725553147989494
0.06842201854004012
0.08287219836301818
0.11280505870945448
0.14155466663787336
0.20164501400569243
0.28997786826226923
0.384685947686233
0.5009976930825614
0.6682340290750141
0.832834390425484
0.9120831355886674
0.9436912289543629
0.9526364796756099
0.9508050387954102
0.8919799147593596
0.7662095844372723
0.5180140755299856
0.2755688839874988
0.12807389609400696
0.09244169439125546
0.061878609838937754
0.04885227154383217
0.05293252688457241
0.06482698693363602
0.08171129920374913
0.12488096505061773
0.17087807334322752
0.23657988319822237
0.3546978939649229
0.499857982548092
0.6456911240702121
0.7719003992697783
0.8814139966752679
0.9247237148563214
0.9390200923340848
0.936587131224861
0.9151442191235726
0.8343846377261934
0.6689394112192345
0.4053635414325787
0.2073369636128542
0.11562231149739338
0.10525187270719391
0.06621001654804082
0.04695172447393955
0.04036356223106614
0.04945828786004685
0.05473261455746125
0.07193342279835237
0.11318881204247687
0.1751665000709782
0.2641434483041222
0.3526374227109099
0.46763710466942954
0.6032600683196423
0.7675755963368838
0.8818690077268161
0.9573800162586001
0.9916935351413685
1.0058061919970214
0.9787592817504026
0.9026197219289782
0.7625337614212111
0.5580432748718592
0.33181030250423105
0.16472161446690045
0.09241230986584191
0.0755286594994456
0.06591912828145827
0.06233643730871066
0.06225089220544171
0.07908556262308884
0.11996478640416432
0.1734607158260377
0.23432106121484816
0.3362953338495886
0.4531028903382448
0.5645394898631703
0.6917114003687705
0.8386515033586855
0.9316319252703942
0.9583515514860776
0.9760539866517843
0.9753704622670256
0.9242293135003334
0.7419131092801243
0.47336958092747716
0.2619895497214938
0.17318757415819105
0.1330294428201939
0.09698856225793498
0.08710377218148387
0.08345029106832577
0.07580605632765457
0.08657461126079266
0.11174060677425045
0.14953314409376642
0.20801144444540193
0.2966803579980334
0.40209687211148987
0.47769146022558484
0.553256127139749
0.6710904326980449
0.8078116246509077
0.8887482898102759
0.9287271756810942
0.9528382050288849
0.9366976537690956
0.8456758655248457
0.688283672097868
0.45918238794968025
0.24402531429515453
0.12348783603266093
0.09075871922638351
0.0740182856423371
0.06157935341351082
0.0632947575266251
0.0874919658917286
0.12428328006500824
0.2134253101146444
0.3358437060158565
0.46444810341026566
0.5956511261507813
0.7518510952547662
0.8878586681778957
0.9433192819174827
0.9616271190409492
0.9661800472011461
0.9591502534968348
0.9011207771960336
0.7621396964668969
0.6256883852268234
0.43091159656699984
0.2588380100044833
0.12781010250442287
0.11123621514851031
0.0841732705114927
0.07827029379376668
0.08485380415753355
0.1036234542268896
0.1474913794966814
0.17629625365589396
0.24850401997099897
0.35414978641772366
0.45375980297971097
0.5339921835518601
0.6691215175232741
0.8693233435420986
