0.7157894736842089
0.7157894736842089
0.8499999999999983
0.5949999999999988
0.48571428571428304
0.7157894736842089
0.5949999999999971
0.5950000000000002
0.5949999999999971
0.85
0.7157894736842072
0.48571428571428577
0.7157894736842038
1.0
0.38636363636363635
0.7157894736842105
0.7157894736842038
0.5950000000000002
0.48571428571428577
0.8499999999999925
0.5950000000000002
0.7157894736842105
0.594999999999994
0.48571428571428577
1.0
0.594999999999994
0.48571428571428577
0.7157894736842105
0.38636363636363164
0.7157894736842105
0.7157894736842105
0.8499999999999925
0.48571428571428577
0.594999999999994
0.5950000000000063
0.48571428571428577
0.715789473684197
0.7157894736842105
0.48571428571428577
0.48571428571428577
0.594999999999994
0.7157894736842105
0.594999999999994
0.5950000000000063
0.7157894736842105
0.594999999999994
0.594999999999994
0.8500000000000074
0.4857142857142749
0.5950000000000063
0.5950000000000063
0.7157894736842105
0.4857142857142749
0.5950000000000063
0.5949999999999818
0.5950000000000063
0.5950000000000063
0.7157894736842105
0.7157894736841833
0.485714285714297
0.7157894736842105
0.7157894736842105
0.4857142857142749
0.485714285714297
0.4857142857142749
0.5950000000000063
0.38636363636363164
0.5949999999999818
0.5950000000000063
0.5950000000000063
0.5949999999999818
0.5950000000000063
0.5950000000000063
0.29565217391304355
0.4857142857142749
0.7157894736842105
0.0
0.13599999999999224
0.21250000000000432
0.29565217391304355
0.2956521739130252
0.21250000000000432
0.38636363636363164
0.13599999999999224
0.29565217391304355
0.21250000000000432
0.4857142857142749
