1.4823046272880178
0.48567285892807466
-0.16507933976763758
-0.23832958417648417
-0.06801597275812866
0.3318311747609349
0.015264384949464919
-0.2801940879939458
-0.11540285923722363
0.14347446907448694
0.20239177169439687
-0.19290342451642856
0.34359144591304075
-0.07943535467596076
-0.08530819166570504
-0.3528020353291251
0.39378576587820746
-0.006872269295772339
-0.28313717710036773
-0.3125295887962754
0.49173842556049574
0.22210222232412097
-0.21407533887721325
-0.36334312799329865
0.3979732515694191
-0.08232152483877765
0.08851628540989422
-0.11086260468433642
0.22361866496950863
-0.5500720477844665
-0.13626200820077997
0.1058171744396245
0.5553847112063286
0.14350067932088756
-0.3740351601344149
-0.576919814249359
0.14928887642285235
0.23573796488714688
-0.23731440131582163
-0.28803399184129763
0.5745747832350561
0.48811543116825845
0.17648747959332522
0.1654030414946134
0.13620150685580026
0.048416178299077586
0.08143747588908597
0.024416629244887668
-0.20547222586963249
0.024571702466977742
0.18787503661751814
-0.006200499020685405
-0.07707427894961622
-0.07418108035157832
-0.24309406871889513
-0.48097540987181847
-0.10802445911172448
-0.0997204817221983
-0.3584956493063997
-0.502361874989254
-0.3595659753198656
-0.7150041592233428
-0.798635279294438
-0.5402482082944728
-1.4198513628960303
-2.77313206153723
-3.2983246181063235
-3.439780576719948
-3.6338315463679822
-3.859808786890682
-3.196416677285541
-2.81229133429619
-2.1754073995951306
-2.865687280630005
-3.4919050100303908
-3.74391747660037
-2.715330075684642
-0.9095573246574322
-0.9442866839570354
-0.8207109797320207
-1.4997844319945706
-0.6373611806687751
-1.2367579152899502
-0.49883126901663394
0.4358101114883813
0.1440140811788692
-0.5680363730039115
-0.9315731648610753
0.1504796865697469
0.45045233679320124
-0.08514366433234308
0.27166806694600126
-0.25460103951609503
0.6833931888932121
-0.4759630818453367
0.09903799186903019
-0.6738910005204983
0.5903937500635993
-0.03607741614336869
-0.0834256999769928
0.2509920030176702
-0.45401051583077834
0.8319855558948344
-1.114587643533496
0.8916681690044125
-1.382875776477947
1.5899712193442317
-1.3104699094743966
1.1595843532002315
-1.3698532806779222
1.1453778985717455
-0.9155100659236336
0.8510952411054284
-0.7828836547486134
0.747258220660132
0.3325434056108401
0.021261055706756696
-0.23620987189746978
0.9117164871272325
3.8493198779069204
1.2681546946912914
0.20333274127633336
5.341511956571943
14.054660058053848
13.431915610362523
6.43077207822141
0.9695891040649663
0.870187380877455
1.5578081429653812
1.3071981477926795
0.07575997262891292
0.31828686029733544
0.13191173460966257
0.14387727975878223
0.1147368091877103
-0.49196473530355783
-0.5165130403369781
-0.9005094918359379
-0.37107192387588883
-0.09285146026753599
0.855206270330425
-0.12600761084279588
0.3976350504914508
0.5500491556149465
0.16357255151422456
-0.5910806205657336
-0.0017048993227386572
0.6329734268265441
0.38504954970099453
-0.23490699952226274
-0.8725550596273477
0.9601929278584009
0.9087230229317088
-0.7089268918168371
-1.8879631817416231
-0.07319565604301274
0.6349207984674798
-0.08297120252858366
-0.6261087880512606
-0.4862613814310278
0.13220921570727787
0.4404867427709884
-0.15735575806161306
-0.6790996920260219
-0.7078000047072911
-0.418382659613971
-0.3328924435911963
-1.251112355364219
-2.475364936155884
-4.319275282180956
-6.00932827320661
-5.656645410824215
-5.445010362903898
-5.334165917857424
-5.537046528191941
-3.7558819595642867
-1.8920722500452232
-0.84328653948634
-0.7986482966838827
-2.06897912625299
-2.0359546220797546
-1.6090329925748477
0.412111738599873
0.5618307476505094
0.3462881622219148
-1.2425329997668524
-0.17348765566651275
-0.12983616421662283
0.5954568459712636
-0.5315113914071383
-0.034927912892741955
-0.07610878914545648
0.3992676375249838
-0.1942948825774056
-0.05883576689786417
0.1948779073479899
0.40749304601755576
0.4360484323477758
0.006049785284683328
0.2738411896480618
-0.052797020222843015
0.25034372439223135
-0.025819030481190143
0.22302975432131802
-0.07125838158463683
0.10342412886453303
-0.08041107671655724
-0.15733250338822197
0.15605897240349387
0.6527545384825792
0.5531631665226716
0.14817591587041926
2.9249493655398933
8.692691356416102
13.929796160381192
12.5472590902699
7.292271584904201
2.6227648812700615
1.27523562744849
0.5722130726215303
0.32535779990674146
0.19208670700867916
0.2638401674361078
0.05458835379415847
0.04889751105419799
-0.06392239235424335
-0.32001492181185015
-0.6387573115504219
-0.34412704253346316
-0.049184422200752205
0.07689142533818388
0.139575198420459
-0.1480833670245479
-0.16425770605508486
-0.22050895901210613
0.09535326621369167
-0.14205322634251166
-0.007055573875434121
-0.028882151464566623
-0.018482864659281683
-0.00794442958768074
-0.32351245339181994
-0.3652232937234258
-0.05266919840627012
0.4471358285818477
0.19100599028146031
-0.23093695305378498
-0.6619111709394622
-0.10582964976323199
-0.13120050446694223
0.006864093334451062
-0.4888551217909049
-0.6323712073188892
-1.51844886679214
-2.600845142194937
-2.860732901191564
-3.2726689294870397
-4.115668056470158
-6.079533618047754
-6.925036233664383
-5.239341223078601
-2.78936378165781
-2.048424007184215
-2.59463387539662
-2.1681768245009403
-1.2908639798640793
-0.8160953294024682
-0.6354824244695795
-1.4695009310935057
-1.6495780911257931
-1.330264728750231
-0.47375540825123963
-0.14718933658356245
0.058772025765623445
-0.1012952584864186
-0.02258760322867924
-0.4404624174002832
0.029146596124841155
-0.1216157485998365
0.10196840420054859
-0.40399307244512966
0.13255222767035146
-0.1173136048855214
-0.13949692136699077
0.05212625937616446
0.09402420917883117
0.048682176686013524
-0.06881532534408677
0.019534750986580432
0.34844603086644815
0.0764731009328499
0.28751232105757935
0.1614286126151002
0.34812111184563604
0.011946178963283025
0.2941860064570647
0.6087921213119876
1.0018955098761322
1.872707392417911
1.8231698185180065
1.0309647660170354
4.628889457805029
10.761459169866548
12.774149049526498
8.447868287388468
3.9371243107309457
1.5023421924938538
1.1786546663947026
1.353805547578924
0.8648739320303642
0.012674450028578078
-0.17724679708849342
0.11679959099143919
0.0688831697342909
0.2065797576973945
-0.05738659633056884
0.25811971613144064
-0.14559316362102556
-0.30037672071106075
-0.2145542921978579
0.16267720427334564
0.12839151072300092
-0.3233148689733934
-0.30871814752994386
0.01606939596037643
0.2651998431701373
0.024922332422527928
-0.16531539586863767
-0.062337334285025525
-0.045862684085802456
-0.008216569221688482
-0.040943776276298895
0.1346418909279761
-0.04374936439232717
-0.09703295696675197
-0.13743118615442623
-0.17114335549140608
-0.6084982075831967
-0.42122185876851165
-0.4292827194872954
-0.4037594293526473
-1.5262987774062329
-2.1212031845324995
-2.668472495128425
-3.402452317457133
-3.6578654978959353
-5.611567517132749
-6.305753380008282
-6.482782789752323
-3.7720145801514438
-3.0405098141836358
-1.3899915972733605
-1.4970438144003881
1.974657661514027
-0.19311053964601602
-1.3062194411196795
-3.787117731304428
-0.9597963889204576
-1.2099250726132225
0.05518516880446875
-0.004971437291761711
-0.2630836960912737
-0.09629042341005402
-0.025708481097731863
-0.03679966239700668
-0.2559614539036809
-0.1021271562173138
-0.13447197119025497
0.05244355618025961
0.1734907942013298
-0.05561897322558454
-0.21614145335035745
-0.1657311834432704
-0.1027766760852323
0.03146956515777605
-0.023043986306291536
0.13221715010422067
0.0004866009425139057
0.11173976744399723
-0.12125262880644043
0.01966304818806871
-0.028882671147514964
0.04550604490548215
0.14630460996624264
0.11250516989906435
-0.04519805878523674
0.684665187517773
0.803125585240796
1.4885022566795494
1.1806427221726243
0.9592293583975021
1.0239094613368724
3.566308924753558
7.7637408263530485
9.848419879476937
8.589881652533865
4.916438392040818
3.314524847090655
2.2942417368763515
0.6546000305364409
0.44638564057696445
0.749948765788047
0.734793708620916
0.020323626731897432
0.35862833393011456
0.1445144708173856
-0.24410597612990556
-0.5712943326633011
-0.1676349969266228
0.04210424770320535
0.5464081139467564
-0.15558386151948211
0.41628936273473566
-0.4234684076084287
0.6072333728738609
-0.7559677539389313
0.4391798612160607
-0.40735940358095946
0.523634779320585
-0.2933593429039882
0.42541296519709987
-0.17879219412795752
-0.23535189299540432
-0.5283989961440213
-0.028186030844918986
-0.2638727942514765
0.25503353551117414
-0.34077244171289
-0.044811463311267445
-0.9024238757002166
-1.0700909493205273
-1.5787939537347484
-2.070489996576966
-2.9750014808883614
-4.291370463431694
-5.686371267036601
-7.053256974861371
-6.40783914208212
-4.858124685409762
-3.2962769961450995
-2.604054346192726
-1.4006236682870514
-1.632950672504018
-1.8770722838236464
-1.868074356861234
-0.8453494417403912
-0.46696827133510144
-0.28667163065208284
0.04500757361905835
0.177243519606339
0.2887833259737952
0.2303939489839865
0.01129971838660569
-0.12973551354231774
-0.1374194540088985
-0.0330557770289003
-0.16781752518922433
-0.07993974535784279
-0.02684092981448764
0.25733552513206476
0.27762955162813896
0.20723260220087822
-0.05397551496377237
-0.24792560524142754
-0.11732281942027412
0.0172343801496496
0.19627985011961183
0.20331418697337805
0.4791290794843026
0.8097542780978862
1.7650478727736436
1.7897083048551008
1.508683147342451
2.3997527241937098
8.312605261381622
11.303161816263364
10.11484875472335
5.4430928251655
3.1516842974230617
1.51786962275384
0.7651100087745807
0.4740250389572756
0.07899096447257443
0.728233331983336
0.5483326191723175
-0.09541014823644876
-0.5235801199398488
-0.2894650740507019
0.7457114640339408
0.18255934224521803
0.4905962124301344
-0.18333699629971598
-0.03197019957212951
-0.42676763219512737
0.06780681414828069
0.10848330762449081
-0.09674395830746024
-0.12965081714518845
-0.981697468195886
0.154981317948596
0.790481193789559
-0.1873466961086918
-0.5923309800384983
-0.05634499211741137
-0.027607777272448578
-1.4695891053387824
-1.1290781103730627
-2.0931668103777428
-2.692819654992501
-2.7560063279335303
-2.2045848255352065
-3.3823958111630383
-3.208926427650201
-4.092334147576883
-3.8991051912860346
-4.820028568893787
-4.160434315768194
-4.044045697966445
-2.86172159704599
-1.3673206852589632
-0.9652930689172449
-1.0945329761739182
-1.773525898614545
-0.8411810405592236
-0.8672353075293229
-0.3036966462933928
-0.18494317581213418
0.4619123577325252
0.0597105556864947
0.09421134152790475
0.05526039905384176
0.0779605668400535
-0.03736428774471602
-0.22014271467828572
-0.17347627460186546
-0.04185053931770946
-0.028253962711164367
-0.028502970805525354
-0.10826251520424895
0.05753123689427147
0.3042426810893679
0.2440700480665317
-0.26496064328170577
-0.08377323196376578
-0.15729055777461692
-0.31243742609412983
-0.2558051822838094
0.7813340776269851
1.256459406264153
1.6098047303404706
3.375384462039426
8.01338932633825
11.515538520306292
10.871205503479194
6.941601015569689
3.907331956127947
1.802781063734114
0.8698057788602431
0.10721742821696521
0.4583097707489186
0.5582266889214444
0.494137005009818
-0.16215692708088125
-0.3118735358156189
-0.23173857000813966
-0.2340177228013224
0.013877273090570864
0.21066318456079375
0.29755493555666607
0.12929584909634764
0.16454633701720692
-0.08181551459792068
0.19713827221663835
-0.07219436678123936
0.01528639901474151
-0.5395634622138918
-0.5108814741908708
-0.32391696622069044
-0.0320505138670308
-0.7847659421081967
-1.9322387267713885
-2.142624154047445
-2.7485171665222006
-3.0268318863030057
-3.939008202414977
-5.028869490844266
-7.057518871766826
-5.712207063483692
-4.577702852293538
-3.80194067248192
-3.6325856304826307
-0.282954040627835
0.12376525846942303
-1.018660339476741
-2.416448798911802
-0.9986097370626038
-0.5662017825056442
-0.48967979934216815
-0.4821375130004245
-0.30383008403546524
-0.16884874157206595
-0.1483482026467103
0.22440222120091455
-0.09398526444674322
-0.36432832641706653
-0.28379302356950564
0.1657320990571725
0.35296327880189554
0.11644494660020034
-0.07928196224957489
-0.28909686651589844
-0.04618935640979009
0.1993370238170752
0.4203283937704658
0.26050650781246254
-0.019131440978428386
-0.4141415916405169
-0.36312098113276625
-0.15055773509948447
0.1463486770431432
0.502573421154947
1.0453079070148785
1.4227595637736112
1.6500104631739798
1.5651773518676066
2.5391035479910635
4.13780747700557
7.3378318084916385
9.427297280407199
7.897329390851054
3.953998741426675
1.4052994115444828
1.4031441251993306
0.5634653173483093
0.5419645793418867
0.06876539787808725
1.1711279922070656
0.13593162445875046
1.0230463416648419
0.32271918842433023
1.1057374139500191
-0.3866290410515869
-0.5093481003401248
0.16134936131148112
1.0155007327675558
0.5207119890700315
-0.757526327523431
-0.9237714819480443
0.25102429895255
0.7556745920851383
0.27298279536797976
-1.148241689727268
-0.10827982515653373
0.7428544095069997
0.15832617083695777
-0.5017714245349042
-0.7095229432610165
-1.3740955833549178
-2.55588450422582
-2.783690844717464
-2.0509614712602
-2.132913890372631
-3.4309736485947866
-4.808919758260877
-5.784223023299516
-5.878490616567009
-5.219748468370603
-3.170252847654055
-2.0245060779985504
-1.6552106201714154
-2.0159494512438623
-2.3884898248177384
-1.731741723046079
-0.8800335650639087
-0.36867915776343485
-0.07750449354945221
-0.05288116748667313
0.11678231585538047
-0.16838923933261424
0.12099914008751962
-0.30488579650434317
-0.15779944312205663
-0.05693886371195886
0.15078818935532853
-0.09783424521137342
-0.17964760378419825
-0.09874368015922372
-0.10144711665693278
-0.11164082908893841
0.010778857508646815
0.08652228753633902
-0.08753667795221397
0.08333551082417218
-0.06352410284984793
0.11128263687290452
-0.015223669048267332
0.35876376374518953
0.8257550903879258
1.3839734813098084
1.0210098450898681
1.1741087710711589
1.050093790099982
3.1161321073148756
6.159738567752442
9.567243257838882
9.02495752098549
6.8807598083355686
3.8209396756532374
1.932342307493794
1.2285853050539675
1.0355773164303195
0.8373141340607498
0.5048955063118309
0.7978460601030627
0.4860589167238337
0.36120218124223036
-0.23000144861839297
-0.3032972344514966
-0.37378208025825505
-0.10744406419279151
0.4517846277660473
0.21069325291576876
0.31147898762228904
-0.45603385244452327
-0.24329778574597627
-0.3203046669653591
0.12307956082640069
-0.3619687625277585
-0.031895837693241634
-0.024044208143804403
-0.3598703168914107
-0.8953336993300274
-0.9194813187111537
-1.028908996550939
-1.1906434323095427
-2.104553007743268
-3.6959046374418327
-4.945759332189602
-5.482514178476317
-5.478513323043855
-4.904772432689169
-2.948053528051836
-1.891101720544332
-2.6320669355276043
-2.0996582031002915
-1.2505103265346056
-0.4130172047585741
-1.4398908024502746
-0.7386024607724725
-0.8706355637205977
-0.9623910470751114
-1.1641232637017487
-0.7737554659745625
-0.1292168253505889
-0.11144756385354852
-0.037752245978171846
0.13049540109142016
0.10550849056694556
-0.031197299883700794
-0.10050487375826869
0.041682765410986235
0.12718739583456776
-0.03181543963783015
-0.10517135070892251
-0.08963919958030471
0.02839295166522063
0.11315409770695663
0.1474051988694049
-0.03123770498963435
-0.1820326523968797
0.003532902176757925
0.1421618801680613
-0.07079473681708998
0.08920609913041194
0.1130475883013173
-0.02415578838467871
0.043466441302806136
1.123992418457356
1.5378361782714083
0.9269508474767348
0.32689241797686186
1.1799623086642246
4.21882771503148
9.101189244135037
11.200028937283841
8.327518495096134
3.5552575922249017
1.1947243358585893
0.8373849398022531
0.6459695504568653
0.5318640280856803
0.27904569163814485
0.9933185224520219
0.647831299363516
0.840761752902538
0.784895958483419
0.6346371326479266
0.1407830610709434
0.3261225967571221
-0.05289437291347413
-0.23853612307532826
-0.43592890049718497
0.2931074454205518
-0.014036959710243404
0.45491765898015324
0.16596529209019392
0.06860549305009513
0.1146293682267961
-0.1692540573627204
0.37954370410381905
-0.39879741337561353
0.25280707054505464
-0.3387643357225265
0.3090958728464653
-0.42567133326356527
-0.23635289589272201
-0.8163568270476855
-0.46272782128371015
-0.6065277721941507
-0.6548552653435652
-2.275431009761044
-3.7094308306185697
-4.305323712874603
-4.206499002454877
-5.285091971878904
-5.045623240121867
-4.048389747185823
-4.048868067971064
-4.250906525106855
-2.261926982926922
-1.008681586033849
-0.6990034934361186
-0.393849619188454
-0.027946943236436258
-0.9790787664482374
-1.5164096382858512
-1.3126692338499408
-0.7909738427554102
-0.3675599969843702
-0.08779088723273196
-0.36478094288116814
-0.32466607395594976
-0.057850664882200496
0.2956318967941084
0.14112853931415584
0.07128367428171595
0.049348419041233035
0.037992337589795803
-0.024140216771902
0.22254444968460618
0.09445925235161858
-0.03149413671808833
-0.1313146692606447
0.12513939826268086
0.004156463450888201
0.050739182085088846
-0.06731340526271412
-0.09011264916356325
-0.13328335037650332
0.003984058992020308
0.16147726656172787
0.06734156448887778
0.026039023621885853
0.08289127286235685
0.48271520155098235
0.5149746683046887
0.7595468521041754
2.792287553040279
0.670640604243859
-0.06067235838849339
0.03451564979288608
3.601993049823397
3.235948553397219
6.912067589443257
9.64319856979636
9.010062420878539
5.005406611787772
2.9077628049231716
2.188705076128159
0.7788107851075575
0.7367265594623629
0.9543676249323384
0.5823626505475387
-0.04734341391379169
0.5779735023157091
0.8886091240627605
0.2027291253853973
-0.6256293002330304
-0.22478959103103324
0.06106010159719595
0.16106508994270713
-0.11280092618872634
0.29779361655279196
0.0007513271075753795
-0.1848642328877775
-0.2699199128725137
0.20601832317584562
0.07163556235926326
0.02380787160446311
-0.16592293603487518
0.02357546332650056
0.11945479431308316
0.36589603122816294
-0.3324060099285797
0.07483965120790376
-0.6818971818546259
-0.47153174382697494
-2.5595350066769975
-3.0747006228156186
-5.3267918512290295
-6.515932450566451
-6.403953294132465
-6.114294108721599
-5.760579385588664
-4.896911562865885
-2.088061235747337
-0.6690171399863413
-0.266322390118885
-0.4060837237935231
-0.9712179256388193
-0.11502474743893863
0.1358661345092326
0.6549117030686319
-1.40290902784901
-1.6490854864265505
-1.4397201307086935
0.010491772344859748
-0.24094521055918716
-0.09877945220524217
-0.09988755122907574
-0.2125066070976225
-0.22387944238710042
-0.06361574190716829
0.008465705129703857
0.12695355793618793
0.0346374459240974
0.0038617749305360793
-0.04514690449233298
-0.0028062979366121057
-0.033470815681864816
0.2622443104554617
0.31705920535599175
0.32116967311346456
0.16637404112528542
1.3539794894976662
1.1619743613478353
0.3192158923294301
-0.18329695584522943
0.9814800084986341
0.5888295782190168
0.9401929326310378
2.317228136348408
7.229697509061087
10.545680464738712
8.147073071992612
3.83611112179705
2.5005964719598373
3.2857820245502243
0.502945073009897
-1.2936743255750536
-0.5370064680906478
1.6784911208338182
2.1976105953197016
1.4570949682790655
1.0300835252285787
0.3560714161834813
-0.3309895054942246
-0.012838999486515448
0.7810957959428766
0.3069846355878677
-0.398135551209962
-0.017219399143728137
0.1315224722511629
-0.3000445047239168
-0.978410568477335
-0.36682892306877246
0.27127901760119577
-0.05454461584920222
-0.5388138515324293
-0.29252618685982834
0.5381294406934551
-0.23638508082097787
-0.09734089734492002
0.23698548456498672
0.06113957220678882
0.14370081561294085
-0.07358449223543855
-0.03243901907751663
-0.5656773266184356
-0.5826563991791422
-2.0130143176765105
-4.494974881472403
-5.909733921750838
-4.926667456103167
-3.457688359140494
-3.7892031621181133
-3.384477674125837
-2.7939526644720645
-2.955322913834531
-2.448198595496439
0.10141016377365829
1.344236987141869
-1.0419287578858898
-1.520915427153786
-1.1814398697764696
0.0779756797114861
-1.2649799431099853
-0.1904678683232805
-0.302433268905276
0.5303324621608149
-0.7741063425060847
-0.5301385419157579
-0.7378790497609723
-0.07989663416692615
-0.2507871211551747
0.06858054611637633
0.160030553050417
-0.21735929845842564
-0.43519003807642376
-0.4524711981583144
-0.03292116551974443
0.27124178504427654
0.2576045367161214
0.33043792821182244
0.07549146464218877
1.0803844046643472
1.593868422012681
1.4876677291761016
0.7031878474181547
-1.0766405808130715
0.0980064768249428
3.9710092571071436
11.733916979224796
11.018592079325586
5.634437789414964
0.4522856134508592
0.2632665440247378
0.5427279869160138
0.28080934029980403
0.8757476655828453
0.5184667503907697
0.6618617228840872
0.7806522927695104
0.6026176319114495
0.02039616989469533
-0.18790415287677179
0.16716816280870014
-0.04928684998413649
-0.3601023781514839
-0.42212770691070717
0.17602553873643625
-0.04295634210715682
0.1799389644430485
0.1038186740766227
-0.14816105700335933
-0.5926427753361722
-0.35795403877282345
-0.02096808689085244
-0.25619153816815243
-0.7184915493109632
-0.7936404761656608
-0.29542092637219897
-3.629761601880195
-5.1549306917852045
-5.05708653515793
-2.9746470363031743
-1.9574227763163545
-2.573104650865253
-3.75489304679871
-3.465451258258952
-0.6353700561211989
-2.7271247791474194
-4.016934502576871
-3.501898072684671
-1.3235608005742239
-1.0936100652419698
-0.2782996486500686
-0.470204805407877
-0.002903409634839481
-0.18112746418857864
0.3922310694566716
-0.05909957846034433
-0.07696293721566515
-0.42730362954546847
-0.216970936897545
-0.19988943281780022
-0.024987054409786356
0.04511132515081995
-0.0842217864573392
-0.014633324765255112
0.20687746112986555
0.10735071058089908
-0.056597430574096025
-0.15711366465112334
-0.19837635599336595
-0.05753729873133253
0.5577557987339141
0.5179076579271491
0.4705295172107718
0.005743604276837781
0.5776242130030849
0.21488779934894925
1.5693495696717625
1.8629552486844883
2.78907022767514
1.1429812436149873
2.3357946016458704
4.51711259314555
6.181190563878557
4.148937702463844
4.770232614583904
5.408398884782003
4.349312462968321
1.0133253995236162
-0.3736536476940246
-0.1620264059083113
0.2819510881187531
0.8732101679140859
-0.5150157578500307
0.6166548345791685
0.5008295130411429
1.0692477097359048
0.10273166570886756
0.846888946837782
0.22289478432757928
0.3303743860043672
-0.6506934900658249
-0.3737297325855384
0.3572546278497565
0.6341570361539267
0.13920342271739675
-0.22405624007960143
-0.26625580632264
-0.752769024995637
0.08566223765923907
0.20695100633148678
-0.005332563961761016
-0.2857058286657395
-0.01908816660400989
-0.20907428435294645
-1.591711374583275
-1.6850657187902465
-1.8088758838185843
-2.6170173476600307
-4.037442056885741
-3.8656269778251784
-3.2930376816325855
-3.4147761647364985
-2.2510788255523386
-3.411701133435811
-3.363047197104735
-2.615838682498662
-0.12148276722053844
0.5182604867959106
-1.0670281506891952
-1.9773158765547274
-1.8174508112155807
-0.559441449897677
-0.8884612582549527
-0.4178264139245407
-0.10230648904350491
-0.49275494010022347
-0.35470665376005134
-0.3119520716771795
-0.033555563537328546
-0.17922757141904214
0.07019103715125442
0.25400435850508496
-0.14143693123493034
-0.11213633215491205
-0.03936276654772254
-0.13432042580951362
-0.7863139921180676
-0.6854870359675697
-0.46117951338005836
-0.26231417539497587
0.013977551366509234
0.23484743566686428
0.198459993731282
0.3439647319144796
1.224608326198049
1.914369625742115
1.8042771477788986
2.4745392531772965
0.013086636249923964
-0.42426173603764405
3.172750188890792
9.669889138627699
9.910262183149316
5.34269226987446
1.7994979903883104
0.9874014377042324
2.1106853253306954
1.942655677389819
0.7395021076315266
-0.6468447790798416
-0.8966737860788384
0.022087579497013378
0.19031053815121685
0.3543553826893421
0.13269334449369818
0.08779043119832963
0.189729745079554
0.5342590004747647
-0.1771639551551963
-0.2463077849944446
0.00017294056520179442
0.6455745322915764
0.3054234019094367
0.8744403477314586
-0.010949744746047775
-0.6931376500630897
0.20339003721368257
0.20220542347632525
0.7578704371137049
-0.5386835779692274
0.16858837886068415
-0.5946839646911855
0.6688421392582831
-0.11789824069478487
-0.2613395080148144
-0.5481978639748221
0.2127613505633708
-1.7037812925656994
-1.5874745812289772
-2.8893455711352467
-3.138615511616585
-5.413716936347241
-5.56185869654438
-4.57476780969194
-3.6130817391460157
-2.808351547412011
-2.212277071453847
0.07898205760607499
0.44428644729739647
0.8434656371455731
-0.6167601093705162
-1.105564162452513
-1.8812113649691335
-1.3986117121123345
-1.7819113878266177
-0.6958685479938309
-0.30334224878649346
-0.22092741942527283
-0.6674274501344901
-0.6154000894987682
-0.8998217683998475
-0.49731402838798755
-0.02390422533545698
-0.004702733905396484
-0.15383573514290774
0.28530877406037586
0.1936676102853568
-0.05263012064573546
-0.37520963734384344
-0.08169599584237318
-0.0222008686490123
0.5417751317646937
0.4304418110750419
-0.19839363523837536
-0.2947119667890012
0.19291756802391216
0.7216180317182915
0.5672185412392506
0.9517217276444001
1.8492880844505895
2.01007059299807
0.89079404398079
-1.4516155950022263
-0.4483997697660052
3.4674367387290586
8.184911690107882
9.532077493590704
7.117962261033009
4.1358541585019255
1.9326715650360649
1.2884355103356793
-0.4691599631230092
-0.27470230066217216
0.05465676339177472
0.5140852960185874
-0.13563264149566984
1.1714030229287242
0.7911084235634985
0.0032373672854670472
-0.3992904740489727
0.8519080212897246
0.9191943200539255
0.4874946068707808
0.23276451640959064
0.012113876319520123
0.05882553565184857
0.09603335749795207
0.02427489937997971
0.00963633132773644
-0.14585495846574922
-0.13686554108546356
0.013391763362040747
0.25556761032670694
-0.04202832697034714
0.10793748503261816
-0.022775787859226952
-0.02540605090426562
-0.36219325557424414
-0.12628916238993895
-0.25513366696991896
-0.11200866079736664
-0.054004723127586154
0.0757798399402835
0.4728090502134987
-0.13700289581105032
-0.40803957949707137
-0.9161059476984235
-1.6835362987481408
-3.8003858620684476
-5.385790662504381
-4.449570625844882
-3.5968108693256595
-2.5750989687527692
-2.7628287737512167
-3.4088333531389043
-3.54877125856596
-3.829872059426192
-2.0720484974206084
-1.802218604213668
-1.011113058537235
-1.6298754563252564
-0.7033614227863866
-0.672376131465184
-0.9185066681740931
-0.3190414530206016
0.1474721213213875
-0.0046793503357791975
-0.5151374672065272
-0.4029435689616766
-0.28450262931023934
-0.1581257811429548
-0.15912765835370576
-0.20554267171553584
-0.2273821617998706
-0.09264972993609898
-0.024542961451504565
0.05465413250847768
0.009892912319955934
0.03851947631361066
-0.12927670147806797
-0.010907939619730177
-0.0873589653019356
-0.0651431210697009
-0.2200178583606745
-0.01993365249824591
0.07934031989007197
0.09674907938984922
0.12019988214504931
0.010277619190766392
0.08700377234901518
-0.08418890009641182
0.3079857605614683
0.2179915205237901
0.9013290125062576
1.1220233220224667
1.2587062596794663
1.527257248739558
0.23985575920793842
1.0526299401392478
2.1196037304336945
5.620705504922471
5.577141128202397
6.994665123544216
5.896458697436363
5.495584925504832
3.3482846740934398
1.9541063834344206
0.617985924649695
0.8812296717205216
0.7968108983883746
0.5502450181170621
0.47810335893024913
0.4303128450897576
0.2870621859282769
0.34605657508654375
0.31786610555649714
0.07910228831223615
0.5570925598883121
0.8107012557065668
-0.004863654246885229
0.08262050247459765
-0.07648936567391654
0.4614457821705194
-0.47356206397936723
0.04245303929229191
-0.058770163934504766
0.57695474378963
0.13202728247164147
-0.25978072053175416
-0.4129558388090339
-0.4899613559738548
-0.014502948101378912
0.20796057817961647
-0.08527950326843876
-0.7046691310101495
-0.8911339122564494
-0.8415074087906865
-1.4787236131746282
-1.8964472618904626
-2.602247787550366
-2.393472007956009
-3.2835072896655326
-2.7942670168868324
-3.4955896231172656
-2.957088335267806
-4.2098765083829495
-4.7611519161816105
-4.589792790582978
-3.1139305967504267
-1.852714671692392
-0.9027053175195512
-0.09722955281015612
-0.20767965056764273
-0.9305792381574242
-1.0432590695103372
-1.241930476702727
-0.8992326963124159
-0.6377369969863169
-0.31718551765784414
-0.1071067007256185
0.016948997752164456
0.05324437413198113
-0.0334917675532426
-0.1460035804273997
-0.0719577077607355
-0.020199910472719667
-0.09720401573143446
0.035844251599938634
0.2066084358269408
0.09687909509718744
-0.14476437862843555
-0.16348973826700128
0.018643677877753454
-0.08115532353124144
0.019388915638798986
-0.16084156728075502
0.00795749886430334
-0.10570158938544515
-0.021090741347730514
-0.12585355502903928
-0.09512309831256074
0.052862611088923046
0.13597755563305358
0.07272763206324664
0.041223469745545735
0.17710901092785858
0.11587342724284556
-0.05085691755111322
-0.0657817809588304
-0.007391169315335847
0.3215015566467648
1.1205459496011687
1.0057262466319252
0.7907185028974251
0.8294907514732738
0.29316669269129625
0.5224758205976919
1.4724305073421566
3.480302735087163
3.9357400464463006
5.7907106863398665
6.223220920246971
6.3689221783628
4.738845787800999
3.5420987025915776
2.032042021651197
1.3397502992211214
0.5979650978351556
0.7022117576647724
0.7942099147612444
0.8897187721313733
0.5336041621914066
0.27324364199794227
-0.020995484608771292
0.035181574090301426
0.101518340854578
0.29082788432701057
0.16681389695819399
0.4451944945258527
0.03284298226954716
0.09167550929167845
-0.19579666454907277
0.23700614033504389
-0.015781593278757288
-0.0022158612884105736
-0.011828306534927398
0.13265745218860184
0.04322322722637463
-0.13909947985187535
-0.16747046914647853
-0.020771656658759102
-0.011644403016280554
-0.231064063992825
-0.735555239680497
-0.7112813071616402
-0.8902803348831396
-1.0217456112385896
-0.7836815301860641
-1.0633153939067812
-2.4500479939679027
-4.217628091271674
-4.971770118547633
-3.4576650002353873
-2.4266444961295988
-1.5662420693503845
-2.975118581750399
-2.831580030795516
-3.099969416254355
-2.9208205800372107
-2.368276371610977
-0.953981130774054
-0.39051749617759257
-0.753947329449751
-1.0425288759499538
-0.2933176913752794
-1.2811373523686886
-1.5404136057471542
-1.8960614899281656
-0.797833249875887
-0.44179550701198056
-0.18954493927556318
-0.35693388001327936
-0.3667847725236251
-0.21502642085242396
-0.17499481678133597
-0.17793363829009282
-0.2239876064827233
-0.31609070657815264
-0.025648385720671504
0.2648529715938115
0.21779289628201343
-0.08123374094134349
0.018940121207188625
0.011332499297124437
-0.13486749299440023
-0.11679383676283439
0.257719299782129
0.08568537940252156
-0.04411545891869863
-0.16792236379168576
0.07015111207665718
0.036099961190824745
0.09050109287298486
0.11307715752460074
0.0369186030852338
0.08129539291170014
0.1821361332751478
0.6199810965995136
0.4732817504421577
0.966752510893875
1.0773286130304671
0.8100432995683193
-0.35467548207050076
-0.028076917046308044
1.2045726830037198
3.958268629002183
4.0741769597461275
5.737334042425171
6.700264756104053
7.906744247349624
5.477471791504159
3.1732547760755505
1.3597813812564725
1.1996802888762408
1.7468058575753236
0.4878467646628507
0.7994392303312702
0.22068125433762387
1.1220682632332135
0.5798796038379491
0.7738289861601162
-0.19927242976276482
0.1394097564114509
-0.06553911569269139
-0.03642608490954642
-0.24880324761656775
0.209140665249899
0.0814676749224443
-0.07963885911714383
-0.005050349320119561
0.0794008757303897
0.1563074132665343
-0.26160237699017475
-0.17536247925667692
0.09696400518594546
0.1751695292203259
0.2539567882155558
-0.49606266632748824
-0.15144780212276138
-0.8852558488906263
-0.7382806379922655
-0.9599922951781767
-0.34419428569101695
-0.5204407535443274
-0.591139899913902
-1.8591526498316326
-1.2049469246529116
-1.0335116008766476
-1.492950323830151
-3.0761742066344806
-2.5307238400140926
-2.765432735048367
-3.234265575347178
-4.537420829708665
-3.896566464535218
-3.12278906277018
-2.099157646800151
-2.281352846710388
-1.766823597142481
-1.7755439818406815
-1.6464534826015111
-0.9746937635487306
-0.6963683672125928
-0.6939743331580756
-0.6570871045099007
-0.5647202910957915
-0.9663869513468232
-0.8023314482404007
-0.16406020332563348
-0.1016370180956882
-0.1680338138313926
-0.29581586896147216
-0.13105050848923988
-0.2944510748133069
-0.15379199118080222
-0.2346304557119888
-0.03217045665607213
-0.05892978338132448
-0.11408318215100265
-0.06618557668926038
0.05664211863600238
-0.022473322037941
-0.08005877286689775
-0.10644567708390806
0.0277201026609653
-0.07727977891179526
0.05850021252303565
-0.07657069946962336
-0.06854373332104634
-0.207732961652373
-0.12091770001166115
-0.016776096928659053
0.14710335395828059
0.16103613865622482
0.1644002165760077
0.10763063962934612
0.06349091882085087
0.1194554835260731
-0.029293272938126225
-0.12264780241905807
-0.12977273891858865
0.06906609885651271
0.0764586430668882
0.8341818616326725
1.6537102270334445
2.689665306706615
0.9030276788906938
-0.5313727772306589
-0.11919294288153827
2.5630370089318175
4.750479558559402
4.612374421672114
4.250014363979583
4.982628828443015
5.983671801817656
4.358027061964677
1.923500160517936
1.442051691199577
1.6370896040091718
1.6243609589999966
1.320501538861496
0.9887984291509084
1.0411418391876996
0.7655488250188205
0.4471798869616027
0.06970444763469483
0.15485141233498637
0.1128706600078201
0.1801426435924083
0.202345262615287
0.23935693763590865
0.16444302167660002
0.13353411366505566
0.08448882333515187
-0.017368253307033944
0.0832367962441308
0.17349363255029324
0.1918580709167437
-0.1479210669477595
-0.44502814576676686
-0.16215746404912446
-0.007901578991503127
0.1391479318497395
-0.36592672877668514
-0.19369564711975143
-0.26056436794022736
0.04587860582712715
-0.3178466782769787
-0.8353825413938374
-1.1227909858787626
-1.217786911836421
-1.2762219917673872
-1.7278831375312924
-1.7395204927238372
-2.5228703785128084
-3.3413328316983906
-4.439737574102351
-4.190742660475629
-3.2865673171846814
-1.2782439973403241
-2.587479877174996
-3.642421196300413
-4.121502486097861
-1.3559393152095933
-1.5104108049869056
-1.1299740533660871
-1.0094729654778003
-1.132626016255576
-1.9459606517626726
-1.7709933832539262
-0.5295129483962462
-0.43897268149109825
-0.25880240474963406
0.07987139477847442
0.09020311460600754
-0.09689572136992018
-0.04401242419414175
-0.040130676187688154
0.025504941960680573
-0.08252649327148515
0.26396366673718663
0.08922429543829984
0.06023453964039966
0.017834326146843868
0.00513753680005906
-0.026410353202715984
0.03277096236813373
0.15728545102479338
0.13383653221056568
0.14328999390689942
-0.11394436894739647
-0.26528918367795323
-0.2972533172695007
0.028647006044727436
0.11164294543861332
0.06886273929643921
-0.13301778934027875
0.08712869231229543
0.2439963442295977
0.08559530829822527
-0.05973792512670515
0.25309154088803626
1.8547005097527527
2.2049124403103018
0.9420890225444308
-0.06171288398629256
0.31996753619165313
3.6712529913256065
3.6731696026823357
4.101619755596671
5.614614170206641
7.84734604453712
5.289893982950326
2.4515431453558576
2.128791399462356
2.450521235669276
1.5946803858686738
0.9760841026080775
0.23321871772058905
0.6177407550626564
0.11438146608191631
0.1419798681060569
0.3926619768785523
0.5661633956589396
0.24314919092449477
0.19236207632066785
0.23671932541575305
0.12483018704240444
-0.08253689525847638
0.022899115703915087
0.055367901563317765
0.13430517241429837
-0.08410049249329106
-0.0909358303227899
0.29170035064261074
0.2584355192271551
0.16366806673335005
-0.26556230825372573
-0.08878567652522101
-0.14365720595770054
-0.06432915620424244
-0.7590444269943363
