0.2697809578617945
0.30122876047296077
0.28333698577887123
0.3416794509160849
0.33269431642476055
0.3670230602526235
0.34278071880012206
0.3631864641377933
0.3057730497385176
0.283955235244132
0.264798239350295
0.2728369115835476
0.27294715893512567
0.2897628501406959
0.27897724038957744
0.3021328815815687
0.2937851338155114
0.31209040025800683
0.27787458061083276
0.27915398992921925
0.26691603436408484
0.2798996753768854
0.28115019407813535
0.28422765802389544
0.2768758890545788
0.27602245811466175
0.27610869952915235
0.2668850305029221
0.26808931598928687
0.26911851172808426
0.2893078466457561
0.28681505807109503
0.3098166515114842
0.27960846565776565
0.31484943297827955
0.30897179822037935
0.3169675188670874
0.26639684999395985
0.30380131399099053
0.3073701919086861
0.29151964408467423
0.25992032401919596
0.2902261790292945
0.29142969740801095
0.2623739781257285
0.2678666400988414
0.3440525294187557
0.4782971045981289
0.6273985478722728
0.7521507781510093
0.8294837953416364
0.8910974972967567
0.923033885333713
0.9378620764836583
0.943798274490942
0.9487133302265716
0.9454919407519388
0.9515511818087137
0.961517886356494
0.9652387250051434
0.972230751226205
0.9963923177218519
0.9659667604563432
0.8899084587415261
0.7609990122285791
0.5620404590130857
0.3557111612894551
0.25705211814438245
0.30325198740217973
0.32463471874513444
0.3056123316225553
0.27488611372171523
0.27656815060210604
0.2903590642438871
0.28340414318899376
0.2852232588392212
0.29236246848513103
0.30059719949010144
0.3017462163135043
0.325042698621974
0.4313587749371001
0.6050132957202826
0.7713880463078281
0.8404074410678615
0.8672707271669102
0.8976179021109774
0.9363755010342706
0.8329618364750003
0.5990276471433726
0.3025690448210536
0.34301830689978396
0.5130958748390185
0.5991140663322236
0.45743033568198643
0.2918856404106276
0.1659711163399414
0.1090176843545062
0.13470502026406617
0.13550156080859926
0.2914007203506893
0.4533686088074833
0.4110362982842526
0.3142150438721727
0.2974594696729697
0.32416067972126905
0.30331839246446857
0.44463199941239184
0.6232764956791819
0.7469739875353871
0.7935831602304873
0.8871016698799103
0.7273992495808437
0.43821886211095934
0.2663874333925096
0.32062858017785095
0.32448660279192154
0.27100666827027253
0.26467016592148085
0.24732198650737847
0.2982051008189606
0.39161067719532067
0.5058286976129907
0.6235789708423888
0.7337488743424598
0.8118503803360925
0.8528851218623617
0.8798186347869361
0.9402596913897382
0.8215189911919021
0.6261410498080245
0.4537375923580895
0.2887236344873869
0.24615930865468516
0.3779417349789934
0.5898317276791023
0.613530053473853
0.629787553347783
0.6216098700864505
0.5544439878841986
0.44526120271159353
0.2600289091307027
0.2642496936857724
0.43953174040884
0.49523112655612367
0.31978622625955166
0.26635353961668007
0.3756347934458275
0.4044347602824394
0.34766036902398667
0.32217269861118725
0.3410166018316704
0.31872496290108576
0.27223848165996745
0.2710183539515342
0.31682327778636576
0.3693954331007058
0.4391939581008766
0.5034882997504817
0.5650562825886407
0.564348068614058
0.5126046117620078
0.37069626343537015
0.2547964076799576
0.13752314270298965
0.12090578568047201
0.196134800174061
0.3804026159064444
0.4859852225658457
0.5287157078224413
0.5010405998153016
0.4189244525613754
0.3499435193151546
0.38867437906928365
0.5025674992411746
0.5010077925563168
0.4427011431840986
0.31613456214767005
0.21583513985001543
0.21833715082589017
0.31549719528321113
0.32215706064019967
0.22423882449923804
0.19298724953106067
0.22417135095960455
0.22906124353600127
0.17607859874774545
0.29475177703708816
0.4910151773603733
0.6199252387202017
0.6014371621642677
0.5957025474873605
0.6036053065992613
0.61550478962403
0.634644417989579
0.5659190579214857
0.48034559855019454
0.378193230868031
0.2925048736992758
0.20862958393986186
0.2829964408598152
0.45545682545056765
0.6000754096472629
0.6640361236250896
0.5247298625740521
0.31623018493815713
0.13953482168070466
0.3051779286449403
0.44433480145544196
0.5074238293330269
0.3443880176802402
0.23731482783654337
0.16695806631121154
0.19787109084340745
0.23098174482295825
0.2903771101076867
0.4031063188702129
0.5312537003193183
0.6111659082515271
0.6575924539121598
0.6625212802097369
0.6109455111458131
0.5073206376741413
0.43141856783260313
0.3140007268083027
0.22521048466107743
0.1921806394423945
0.24518155480896112
0.2486494553959393
0.2443755285987736
0.24892082640601482
0.2653939531625486
0.282369623932366
0.30079295048231364
0.3180051786108443
0.32031675263335246
0.3389241488614709
0.3687209660998379
0.44276405069174674
0.5688470009213082
0.7176454725857007
0.8130357669200479
0.845663398208311
0.8594187112300053
0.8301582327178469
0.7974076381271902
0.797698796654994
0.8240100857208189
0.8246094924857427
0.8229401467349712
0.8145360854430054
0.7761950069702684
0.7168303905022715
0.6230353567785967
0.5084586598472567
0.3416853788681904
0.23803290470040192
0.21032252278253716
0.24929522503842458
0.2567865030320613
0.25656876440301746
0.2636263029643112
0.2636043919722194
0.26887440751970815
0.27867108368330534
0.3025869798375356
0.3170201534024765
0.32851236701320796
0.3385514906756853
0.36069250457571367
0.40585720872921616
0.49596317498183745
0.6120052918658279
0.7073356921536242
0.7415565766031538
0.7415757582422504
0.7418505166562753
0.6873799272676132
0.6344608506123159
0.6111889231372625
0.6113256938173588
0.5352536454152602
0.4695224761795528
0.41000857144195313
0.3064065231974983
0.20997615697612287
0.18603233966925292
0.17106946384451688
0.2290138066076336
0.3590908089513472
0.49760930742013065
0.5226094660446634
0.558831787401793
0.5964500052733892
0.6359283990911417
0.6625318034927334
0.6674399482096447
0.6639083626507002
0.6432597833685524
0.609701537369387
0.5277314675124503
0.39985992386106334
0.257178994381726
0.20163758858127134
0.2448093071058512
0.3114528619761224
0.3294892627514616
0.31882938415078516
0.29902868880228006
0.28962114490166435
0.2774816330632498
0.26336542541983954
0.26052253440152584
0.26867584198209793
0.28821129405855606
0.32315340870574194
0.3731806677051018
0.4459385918788905
0.5651186248273483
0.7076523798585981
0.7874863212059346
0.7999942699848142
0.7901786203986201
0.807026224208348
0.8102025547715472
0.8072016935592787
0.7834313849862605
0.775400322040092
0.7637161612962294
0.7534856808070092
0.6795078488659465
0.5618945894979002
0.3950736295407245
0.2805491557315695
0.21245789493607478
0.21937148166384754
0.26159686146848077
0.32573239484250976
0.3837686157946568
0.45340745952465883
0.5489920008854147
0.4498361992553621
0.2277534590742794
0.2266624209433083
0.4510821782964894
0.587190599549342
0.523123265339061
0.42629101248502094
0.3141995724514956
0.28005654372183075
0.397204487447437
0.5226120143984339
0.5866275572642523
0.5986570929192397
0.6067949219799751
0.5317724368616206
0.41835099619783345
0.2736696442950644
0.2181376948561874
0.2929331727311827
0.46535556537202555
0.5660646334169892
0.598031353948788
0.6063071884734195
0.6292110062424146
0.6258049412932214
0.6182788769989093
0.6171723161538298
0.6297509793851221
0.6215994200446872
0.5722974050587639
0.49523789278672264
0.37824307163060134
0.2550050345155212
0.1827701770115301
0.2131167145045955
0.27619635728337
0.2945887922750107
0.2739799878501725
0.2918690863511131
0.27806843291134287
0.18563022380488886
0.09836506476521095
0.1520289187302321
0.28480950407097483
0.384108545476706
0.4344887767975688
0.4524189713645446
0.4482403991842844
0.449935726959769
0.5024949518920758
0.5796821381487807
0.6153046730864463
0.6151986224646293
0.6203720488389345
0.6151035922600796
0.5779777644702372
0.5105894593144096
0.36409217035922004
0.2346221804792385
0.18926216389576989
0.2336561895966089
0.24960425854641616
0.25816955290780724
0.2525607658764465
0.25250080105700795
0.2611227247280623
0.29188439129512833
0.30978649088201293
0.324022831879967
0.32606839259584525
0.33654023403269395
0.35897699923174836
0.3957524675309532
0.4460316825602321
0.5112057203819849
0.59115026026311
0.644526239279827
0.6711276166742894
0.6802294861044971
0.687099443963456
0.687955065267167
0.691165767141812
0.7228700410707884
0.6859811668869629
0.568492895664512
0.33887246799553417
0.18257997579234492
0.16897111982322294
0.27177203996231314
0.42099130255738715
0.5575437457376262
0.6397574277951781
0.6194879708295911
0.6019687984608967
0.5589855910540376
0.47033931871383156
0.328141691626398
0.1853586128068549
0.14722320072471087
0.1402205310719987
0.15354333163642872
0.1545600825970245
0.20018489904352993
0.2402805106351567
0.29925474600700575
0.35623730904815853
0.36247142654590603
0.462221147954341
0.5085758811523879
0.49205014284481374
0.4187133572421413
0.34284955014785057
0.22423123366076822
0.16466370179236853
0.21890790238412322
0.2537161730098628
0.2606503613330609
0.2642408134230927
0.2748157831269278
0.2794419279125275
0.2893686724844451
0.32262375180186803
0.3164855545125337
0.3069135615909918
0.2923596792614458
0.3070245091869096
0.34298642164746046
0.4102278468859659
0.5389038776073347
0.677509527937497
0.7874782370988223
0.8346039486678105
0.7554171311096092
0.6102048630310051
0.41414681247031343
0.2754994160499814
0.1701123306303542
0.18441260732466183
0.23213274805451445
0.26845536502906575
0.2797207630054155
0.29833950408425935
0.2882082941213779
0.27257205376394056
0.25256738502212583
0.249544621931925
0.2198898402042797
0.19208955521098606
0.2037569180813063
0.27763392103867
0.35478444301932216
0.35869907985185134
0.39605702604337567
0.47896149583200576
0.606643525102591
0.6463858060048806
0.6492811730854384
0.6239459827637135
0.6156780497683536
0.614537004080816
0.6054390228953009
0.5795260580267654
0.5103793513670923
0.3853697318416158
0.32643395305403233
0.33785258146530434
0.41134804264196667
0.4959048866350957
0.5972228207504995
0.6572083529026767
0.674242791847387
0.6759668341721752
0.6710806473136358
0.6754696188112936
0.6671558880769974
0.6396505139930182
0.5703077029756969
0.46492671313403977
0.2978957021033431
0.19857965278194448
0.17579002598310214
0.21775601236813583
0.23800536041904596
0.2577734607778679
0.26079116278593495
0.2613926121812285
0.2834401580092104
0.3004750983109332
0.3034551160147392
0.29691768380619443
0.30508510409275247
0.32127963656707054
0.3582624402579435
0.369862472776418
0.3514758877425831
0.3438040867928713
0.42607913076975357
0.5583533820319843
0.6583350867601667
0.668555323509207
0.6432569195135429
0.6427074405450752
0.6502073788714864
0.6489373317169129
0.6237501397034257
0.5907543583304344
0.5045896396738263
0.389798023741173
0.27841721592089935
0.21443084505677495
0.26344590498766224
0.3671719888838153
0.42897616227921054
0.4745229140733558
0.5386849410283194
0.6340364759889316
0.5441682326492211
0.323193062495965
0.04283325512282707
0.07849905670869083
0.30533645674211274
0.5260617651705647
0.6038905568470425
0.4564991582715892
0.18237650180608786
0.19428780957952116
0.4770852153624467
0.6518130397351866
0.543378204977072
0.4660382062198476
0.3904779914215568
0.29227463658198516
0.19252831942872045
0.16228652470787241
0.1857147454684635
0.2029102386547058
0.21702092209260018
0.22020901269580323
0.21307901453063044
0.21207302429338434
0.21528151370130771
0.21928080707835435
0.23957358462095213
0.27139795062016014
0.3017194185587878
0.31905316181816357
0.2634888874024077
0.3245809359009586
0.4786850291343485
0.636308428400943
0.6358610441713521
0.6285275472443026
0.636678145998951
0.6437848400064842
0.6572404093443931
0.6563746008559238
0.6354195463017283
0.5455169202193737
0.4135196143686462
0.24219411707787628
0.17114505144934758
0.1661228347946263
0.19825345716924575
0.23325110368591576
0.27888373930598087
0.2959847093639796
0.29385894032708215
0.31964122906383385
0.30194033692832645
0.3192372520606765
0.3622557063086907
0.3710632503448989
0.31336787731563986
0.2924831511650333
0.318010650059119
0.36201148704963515
0.42878595428663235
0.5160157731203983
0.5964775024052791
0.6563891820635732
0.6779809446503255
0.6619839712992655
0.6431885233698018
0.648869757850447
0.6489945237126957
0.6376360195898748
0.6310865776967617
0.561498733612867
0.46999062546103487
0.37624529257994216
0.27618125893224454
0.16775840244013734
0.21065680435755188
0.3114825223863876
0.3868417797509036
0.4125959764088236
0.45609958028309494
0.46253903843617683
0.500194074308596
0.5437557636809515
0.625049200578867
0.5322169585972731
0.3404704494923951
0.15157581394866132
0.14486702912107696
0.1926107181492527
0.28529917449888786
0.39230549497319417
0.46748167152251724
0.5037327459811021
0.511549541975796
0.5364638369459858
0.5287016435452451
0.4681451416001524
0.3995057536414347
0.32450041014380837
0.2348432627398648
0.1811734435919188
0.19777613212137962
0.21608194014793108
0.2182209601265332
0.2279219914865005
0.23596667453872472
0.24022837719448145
0.23817865107427363
0.24402897112413918
0.26206855723643097
0.2925192501321339
0.3140890338817679
0.32546145563699136
0.3373429408689698
0.3542107613523643
0.4046690030909857
0.4697342612588838
0.5565573607582958
0.6089198337934489
0.6501549750205937
0.6758738260455206
0.6888628171340496
0.6817149849596462
0.6721571464646423
0.6789612487971903
0.679852194280551
0.6830062234295116
0.6753488670438562
0.6693595236900054
0.6371013098222555
0.5581504173696064
0.4106217888186854
0.24724653895533594
0.18384970033230413
0.22943684220632762
0.28898786017827305
0.2939822419959196
0.29659512210755723
0.29293490099718383
0.30536647355656366
0.28391923278697356
0.27183774988635867
0.2626168034199511
0.30674439049868524
0.34829727053180737
0.3999784507248152
0.4392974189038854
0.4934776205507063
0.560862090741847
0.629039314448367
0.659564320132848
0.659766486393136
0.6505515956173255
0.6555182325615576
0.6764311391850137
0.6863028544443257
0.6777099300561638
0.6599216963615497
0.6562565000220406
0.6649586748771431
0.6663850925249485
0.5843060940201481
0.4519310162173934
0.2847298461104608
0.21601263658063244
0.21104171168514724
0.25381090098029757
0.25959392439148793
0.25087506861973347
0.28014445781095076
0.3986620543774401
0.5541572811648523
0.6215168716716897
0.5569321951366224
0.4653467993562272
0.3494585459335068
0.23159213931132594
0.16993695111539647
0.17892486750293862
0.20057225382150495
0.19658376385820575
0.23181723540347746
0.25782544999886803
0.2719966617722488
0.26943992682680973
0.2773828195586915
0.2877995959083209
0.292910236249476
0.2984697291781103
0.30615087524561346
0.334253402083434
0.380221071291663
0.4263762158491937
0.4801655316550662
0.563372124190077
0.6874049360135287
0.7847437445090373
0.8288560960432383
0.8301164461575794
0.8245925643652205
0.8145374657445013
0.7981808456078006
0.7882243856426376
0.7775569161594064
0.7512714368697463
0.6678529189440987
0.5506047409461907
0.378728887712946
0.23872976228185022
0.1824194882869422
0.20669012760175343
0.23775260452402872
0.24369429584907065
0.24060324705051317
0.23498940845234104
0.24695841264742208
0.25986433120376157
0.27584366743435496
0.29872486800534304
0.32564633131109766
0.3488974029095197
0.38070161468367114
0.3965009543223757
0.4289381521057636
0.4787508417088937
0.5690320670572135
0.651235932398975
0.7063091226364573
0.7422810737617991
0.5561690514609814
0.37377693415631175
0.3189893136952354
0.4519357068850348
0.4751762580729552
0.4889977820478787
0.5152162052971152
0.5524363069378796
0.5959285985353814
0.6211326782920314
0.6236928768734682
0.6112804887747194
0.6137404297285658
0.6204864401398502
0.6151619423484147
0.530040066147698
0.4551332807657687
0.3148819124366901
0.2425991275107897
0.28127183932146194
0.47397972120872645
0.6101181188520266
0.6113279915048655
0.5149146990396711
0.40799595762327856
0.3022648734211987
0.3085157853950828
0.3817369745502746
0.49958414905552695
0.4292752294510284
0.3753472964961644
0.3761615339148463
0.458886352290696
0.4864919927030824
0.4941305592817965
0.5441332112509503
0.5031457826625854
0.4445970085607831
0.38731534934228395
0.4369063334765897
0.4952429621876021
0.5744907861622114
0.6179150899390975
0.6323027456408942
0.6546870574924173
0.6887836671062126
0.6556042417085446
0.5884254003648648
0.5104228256247839
0.3952334924424634
0.24403345428677814
0.16732689402259937
0.2058855633713639
0.23498815058700728
0.23236041046992198
0.23450022218625066
0.2517203361414677
0.26061645825360474
0.2546391496795617
0.26042879711928035
0.2718850276079067
0.3132313758805456
0.3620557985634731
0.3995047140750102
0.40220376706896055
0.41348188046190204
0.4990110856839129
0.607028127911692
0.6561605207580838
0.6477229532855003
0.6247692156115181
0.5657214241470909
0.45386991582024594
0.2960377500475164
0.2070542826465568
0.19307090033877364
0.2463656781190786
0.24881116252417018
0.25571629203899615
0.2595941376234524
0.2761725357844769
0.28212801179742775
0.28980270205534553
0.31116398623891656
0.3386323587856162
0.3318522767099256
0.32944718585624355
0.3589569917543242
0.3883733115142346
0.3901697117270885
0.3825599890659106
0.4157790860081597
0.510786114711723
0.6308288458583967
0.7132215959384949
0.7373441231586091
0.7514606222039506
0.745166248564453
0.7279626629809971
0.7134362033681967
0.7140233448616484
0.7093243291697408
0.6433254047050434
0.5334331319122294
0.3671253127216206
0.25104042199222654
0.20978475129839075
0.24213101466674164
0.25915254896773476
0.272858382478223
0.28669561805777233
0.28174815143680365
0.2736968146756341
0.27124708859325436
0.2896364482633981
0.3090437713715346
0.3204535628813865
0.3254247469534789
0.33763831847428283
0.34354940003588064
0.361800240499295
0.37960584688848126
0.40579183046088774
0.4179013226772871
0.44300290237079676
0.45814489740748776
0.4773743896534943
0.49093332936395406
0.5229064389684426
0.5294802362330127
0.5593729439717379
0.580324525543908
0.6333435156369618
0.6623939271453756
0.6895253228438117
0.684537453171108
0.6884077612764429
0.6533954358126945
0.5708167334570686
0.4031466840676371
0.23242457994925836
0.13049652586792287
0.24703436214274566
