1.8868681566699752
-1.0735064816453719
3.5005479082328224
-0.5391080694794627
2.0597246296717753
-1.4545404871500858
1.2243447202602755
-3.444804863956544
-1.309068869663135
-1.149419753630221
0.4823203339951558
0.006614841094683134
1.0089414723342152
-0.6471365850671086
1.3893384715194759
-0.5008648659634375
1.0983159865497252
-2.052949178830445
0.07676455910318959
-0.7342773339080645
0.7790184607680353
0.07503112207499528
0.18464783674560506
-0.4411061381589966
-0.05120585639502463
0.005174484869435726
-0.5534201415738139
0.07225712918188522
0.06175174432784371
1.211360095060306
-0.1495673144796644
1.3800956064233452
-1.8124911512231188
2.114458039230828
-0.3526580854740137
0.4797432388024821
-3.034240132387664
2.2442678398218336
0.21413267506173414
-0.9510328694407081
-1.8959592039287032
1.818351300605906
0.07221110272298795
-1.743343156936942
0.329559718386775
4.571153359194873
8.054674510762368
8.946086596448664
7.485133816724167
4.639981031437644
3.6968221173072053
1.9161832822173854
0.8896914689967134
0.35617188043702525
0.2949033441377726
-0.19328336847796848
0.36355446340649356
0.5980022728668243
0.22325031891896094
0.41952157326369405
1.449693989738802
-1.8255334359305262
-4.563498102889041
-7.734566790776848
-11.937513192929487
-12.37975786341788
-5.919542588704382
2.771992155467847
1.28296388057727
-1.1413432273547526
-1.8435730740504106
0.10092221282344918
0.8274548185068539
-0.4172952632936004
0.1091469390136483
0.42835257875458416
0.49408386029822626
0.06894100940417117
1.397788938508187
6.378964578907506
10.419271246990986
9.982485035252763
4.1411636856020175
1.6117971659429096
1.8208304966440345
2.325455935397602
-6.204819873556238
-1.4036051359897654
-17.787516139339203
0.1733539803374157
0.6377908797721298
5.161091489592325
-8.501023839014263
-9.932681716281301
-2.5182904814137324
-3.4172059191261246
1.5412401545736032
0.04779243267198602
1.0393277302805979
0.571651371023979
-2.539938631393852
-0.41494823319462804
-0.05291233957643051
0.10680484019319736
-1.2505372354080002
8.478816416875427
10.71866977600744
7.421849511372343
2.796550361706017
5.611110578965405
-9.582145217944035
-1.4459019373494204
-1.145542858122999
3.2544688071204937
0.23148135684423615
-3.208796071298952
-0.38019014092750236
-1.0408907648461467
3.0529868586949402
5.604334582581324
6.853081225060223
7.065016393763913
6.610194210004287
4.686090359617975
2.4620844915761597
1.6160107754744737
3.6264633961681376
-7.124442011870192
-1.302519609225847
-10.344207446996137
-9.900837472242191
-2.553859549962114
0.46511444585049994
12.713399562006579
1.421899547685049
0.10838333249286636
-0.49066099567995186
-4.0299529321351315
-6.550967110356326
-11.113937614853489
0.019480544100321635
2.6292307008460236
3.341963168837031
-0.5540365272523331
-3.2059611985721364
6.5568752297488695
1.7279980101967203
-3.4064634755071763
-1.5292602247679707
1.1306341932289916
-1.3374983358350814
-2.7891888744671087
-0.07320766250599657
2.748295430089905
3.1543293188604116
2.0939557500051316
3.8576604989763212
3.694078970289554
-0.004249283847496558
-3.1046074111230215
-8.514500899598287
-6.953991345324779
-3.5181979493090507
-0.9970414213510088
0.4513740869615356
3.6853563146476813
6.334956399564099
2.563829115395606
-0.1383755400356989
-4.926968835235589
-4.138855994773262
0.12910286584709652
6.833587210313482
-0.00719864623780537
-3.4983989623331038
-7.593994862185739
-6.017965337859299
0.010722904182320317
5.8296026674392785
0.026639461427954148
-0.36719338552860614
-1.8750944980906492
1.8710460857126399
0.01955957030558686
-0.21193057915302327
7.120390697360208
2.943951004849288
7.734603681590141
-1.109284593355984
-0.34407688061444963
0.4741655467140213
0.7139689814861645
1.1483777019328862
-1.3745072013618969
-5.134407562277212
-6.129142060929506
-5.141301430125606
-0.359465527540344
4.462011415197453
10.347623075444634
8.67711505180221
3.8376428386694084
-8.358375663062725
-1.1372709689230618
-0.8155170611882417
9.938586417853644
0.5566274912420066
3.78534167265531
-9.782148699166715
-6.424391390622175
-4.221405691519699
1.85478147193186
0.1806035671611859
3.5637219170835293
6.763752525751959
7.68884288694594
4.794732475932799
2.785592739637827
0.2957295778546411
-0.3438384604261579
-6.2174924083
-4.554124190492547
-7.045070461457675
-5.3274145288338195
-1.9817907131208776
3.180054921994178
0.2080740352186807
-0.25643560782995695
0.2727178684344598
0.9883876053920833
1.0185402461889919
1.1053995929969225
1.0327336877117896
0.13869444135048178
1.1164437736871682
1.7878090343019326
4.442585075514783
7.564977013773314
8.927908299864052
5.723417660060547
1.9576578772959021
0.8253187813016172
-1.755628710729604
-1.9650356754393083
0.017469511668229847
1.5786773439494164
0.03596440589542765
-0.10016074504628437
-0.5042436775179231
-2.3004647083643466
-3.56187698807964
-5.627702023420809
-6.874601815880057
-10.006396858744546
-6.219148450066999
-1.6626229150719802
2.3383621353531288
0.4494766796182287
-0.013064317742629743
0.4234523136776499
-0.0013146595255086224
0.31620093284934225
0.5878005698158025
1.4349537692537426
0.8659904138965061
0.689532816643852
0.6023474197486742
1.3284608340016362
2.7098822492103034
5.406357975157008
6.9625270130398205
5.719824017267499
2.0532530669718887
0.001150898345798566
0.016485504841495628
-3.2682353633195644
-0.7937861498294618
-1.3963156485031385
0.008206240805779719
-4.564322904125688
-3.94387015414267
-3.5708342842558016
-6.216122894667644
-5.7858219732822365
-1.4366290384122788
-0.897772549484118
0.28972171381558465
2.601540046874235
8.311109908127479
1.5000095174718906
2.1733392814278965
2.2570930722956626
2.3687036290650343
1.596204264095593
0.2944886830146607
-0.21189513353668238
-1.2389147569288066
-2.0134947599500355
-4.918204191415962
-7.672292619083652
-8.560855768759815
-3.3324843480274677
2.590303111474662
3.9986132922164983
1.082184046520301
-0.6395927160406242
-1.1880417209102465
-0.5644526340369146
-0.7283707103049145
-0.8469724586045736
-0.17057346109883156
0.489198454834301
1.1721271245875542
2.0965268788310487
3.001635539961761
4.365475450427107
7.150801976907875
8.552025301874561
4.790036480840467
0.7504769267327331
-0.588938975171678
1.0108562285836262
0.19057983379194338
-0.18005167273612036
-1.4262185143810215
-0.481863776770138
-0.70104964463172
-0.6138288293532506
-4.438669916463539
-7.056795562083182
-10.009257597430041
-6.871468428549689
-0.37140687706633446
0.41481520366634483
2.533522788278138
3.8481320024415484
3.482173257129021
4.178330623799913
5.735072481645676
-5.949348097802857
-1.1104137009054176
-0.00385072281519216
1.346518544119077
8.166505275171623
-3.8440400526166747
-5.809935171242731
-6.725486402011185
-2.0485817237800075
0.43930478897102215
7.524451617060238
3.8409325719489162
0.7217721392992101
0.05425219373823616
-4.501349107101047
-6.805286439827614
-8.680881114165711
-0.23799406902375947
2.243864336249867
10.345343558450057
6.0425440826975185
1.918003231908039
0.09931001429557647
1.3742290661397831
-0.20436389695157914
-0.4515638576587534
-0.06639365070476247
0.7547197938775814
-0.489093560426075
-2.9581208991555625
-4.623570736322247
-7.019689269366929
-7.394282226905228
-4.334091450239251
1.8207922495840276
3.784778566726282
1.1035460994985065
-1.2365282654902305
1.0733459100564946
-0.8280392063861718
-1.1092585092774638
-5.235909542380414
1.6099156189506405
7.966835120444167
5.9579424843442075
3.0228138792516197
1.0758116740186097
-0.25071433081560207
0.1017196665290845
3.1535534959382514
1.5437437251341297
2.137352096259833
-0.00636303730902102
0.3104055824582953
-0.3161073947312774
-2.2275496673906714
-4.043298309349455
-8.789837337311873
-7.768199392798506
-2.7216009950082714
2.6636415420502075
0.9568841369884906
0.5139176616834396
-0.33652722188166423
-0.00359788916631225
0.5173154202632907
1.8456999940238699
1.0741259752131371
0.8541804598772015
0.12273364295268874
0.6283104862109581
1.3462059119431975
2.206528097952417
3.016752901756584
3.9104422693053866
4.79667239286727
3.202558741003201
1.5960826436676672
0.546112165812489
0.412197471537516
0.051337278222661355
0.19264211247869076
1.9022564357386955
-2.2133324510294248
-1.4098592546694004
-13.777225660139454
-9.377549532190889
-0.05443542387648792
2.0560184027818478
8.953155755703996
1.3655244318023714
2.466410461726696
-1.2161674179352902
-1.0511503421214985
-2.578992444411694
-5.318776340412662
-8.531857625246499
-8.566984729171248
-2.2881247249287715
-0.4201601791627546
0.26645601128859675
0.007625632204468379
2.7374889867904812
2.4057366954972306
0.8846135305777387
3.418953782469362
0.37404704986487086
5.984983284505162
0.46354733198047937
-0.9915442984545084
-4.400207136159658
-4.551828425657703
-7.117098989225346
-3.5740519121041845
3.254652035504773
2.088496237544495
0.4160512993919089
0.21542712540187323
0.6344981822301415
0.27756868713599747
0.5956046743150906
1.9953047590450645
-0.3682918373600817
-0.574319575292545
-0.8732329397728108
0.8798897955276909
2.1577147476331744
4.034485514310557
7.7205618432825664
8.316339019808435
6.598122549679892
2.8275426941394564
-4.751209053491338
-1.0890920105895345
-11.763483033642167
-8.318843785220395
-6.323225125177992
0.8580166016583243
2.86320844379132
2.179357018473202
0.6759238785808783
1.1171244647306957
-0.6078725977729228
-0.9381744214462928
-1.2002801245086958
-0.18136578541206014
-1.7792869036588188
-1.668017099597714
0.7000417722191054
4.432620177442074
4.629031318839392
0.23487820995176437
2.2414767714911092
4.974268187318088
7.660921756235551
2.384536854137003
0.1737220248334791
-1.5201114193035823
-0.4960759797216212
-0.06846274125224468
-0.5458788711309358
-1.554777892112222
-4.148802399580618
-7.500577171527418
-3.5361467272552107
0.03806209470423992
4.409727670599991
5.07341063958803
6.079076046923277
3.599131929130835
1.0220663366826792
0.10344253948729654
-0.29317121151231607
0.2633382898594844
-0.4988238440578003
-1.650322445038848
-4.160568661038629
-6.3228593904997865
-10.02186066184237
-5.958962959284256
-1.3673776079303261
2.517959183102164
1.2149608830546774
1.1860860215291302
0.18106212048403378
0.03608696371761516
1.3228527496789897
1.0220964181032088
0.17880106222836772
-0.3922459325127071
0.49004521719351
0.9716719484589322
2.218968221452505
0.6960019511085076
-1.103195102030156
-0.460308056982637
4.936502638613218
7.936455075734292
5.99890228369001
0.6132142049424509
-1.517904239739931
-0.0329687381080631
0.44999629958459925
-0.07620282927441202
-1.5112315208093168
-0.49493672059487137
-5.169883119396782
-6.887496955958121
-6.682848469216799
-0.27422730370338916
2.940903595853404
2.0745216779230318
3.708250403723925
2.73280510764887
0.9624304043244581
2.8605460488182244
-5.39209460038294
-0.33996180023577743
-16.82158844238923
2.139948095151947
0.800602588353249
13.24351850570787
4.669727500588935
-8.8434839145277
-1.82748437643665
0.0476452310937332
1.4139870289146328
10.483669462364988
-6.506090085485856
-4.640399925433728
-4.5336128878977044
-5.892201290374635
-5.9847790291949465
-1.8145076832509854
1.4056932456355453
1.031729591174597
0.84664100627353
0.19128543619219374
-0.42779988991039175
-0.060359414234756326
0.19250936447541317
0.2399576026228115
1.2175666525559363
1.9094619599521825
1.8192880763177635
1.0400245955626044
-3.33385646494554
3.6655229099124798
2.311561398500857
9.45740395599621
-0.026843053775455344
-0.4400098156229038
0.4890359252789323
0.4264016404520142
0.8073341602745813
-0.05194850930814919
-1.2573032732518046
-5.39415756494158
-7.9198383510441
-10.279529837444588
-4.262943937711964
-0.30133299928329355
1.9278373424772763
2.099858790999872
2.7379581372040627
1.026058203479981
-0.12754614221382582
1.54693732420519
-1.0620535281305048
1.0378149079410617
2.5811072548804486
0.5284526421725223
-3.461722381755739
-1.2530835690364641
1.5316499336449012
2.6400502194311195
4.00646803422006
5.233789130026252
4.827703757092094
3.5947007794978525
1.2955057552052134
-0.9598184010634557
-1.1277268757678824
0.34087406883872956
0.007485951734925038
-0.6815102473691481
-0.39296651358681
-4.175270645033922
-5.4904864891102365
-5.624719972864684
-6.003842018862198
-6.505371389526802
2.5739041150450186
0.5041285901441713
0.9043110883742054
1.5452517994752881
2.6102162324558713
0.38636748918493535
2.2593021523452768
2.6137013623414784
4.877606213874172
-5.56993451889595
-1.643541506613234
-0.8718213948172394
-0.2012635448275207
2.8646213416907074
1.8537691269926768
6.420379228458743
4.510570592959641
2.17506446751475
0.4690077596816655
1.4948576982114676
-0.46573160404446795
-3.6333901167049913
-4.118363277523297
-4.500320609857836
-5.379428844236919
-3.220189148876256
0.9961613117677054
1.0983484815931501
0.1283411987161064
0.5820618815980714
0.48268098313348073
0.2557021593454185
-0.12298356721244984
0.35101920299195283
1.0823751667375685
1.8270415737422814
1.2941870249778362
0.6823453053134464
0.7128891139187482
1.0120692290037256
3.027494504316811
3.903915490074108
5.209385969965014
3.1417483821086996
2.4741084736288275
1.5431310614957006
0.7793394653117857
-0.428869930464137
-0.5734703097002674
0.4082461399529046
0.05345672900164271
0.18924174893760454
-0.4594413831393468
-0.3593606012310695
-1.935492832065101
-4.737053547158211
-8.851717713055761
-9.802514991801525
-3.8038103173813136
2.735228512441565
3.5730610783169285
0.29966290905881027
0.15677280669823315
-0.21961326662241626
0.7458943535628317
-1.2868344461754786
-0.7248889740367802
-0.5532567879844866
2.6476552247241996
2.4931728019874697
3.1008708115799846
2.359138090744347
3.2508120988094396
4.043068211467809
4.090633422391433
1.8315003410689654
0.012129975617275046
-0.5528934465485438
0.2979982166539466
1.254774397407439
0.5923029155587515
-0.5155754632896363
-1.0672940216769018
-0.21991178037055997
0.5221304913061794
0.0855850588683093
-4.924739910288303
-7.942504668165734
-10.032070206414387
-4.1230325717899365
-0.298255493729129
2.566151357709166
0.34698140467136723
-0.5231313463052976
1.7561633514731378
0.5470042918453307
9.32971360724526
4.0415754304104725
-0.3875080592104009
-5.495123746824024
-6.95329520536362
-7.071984397329745
-3.6993112917559783
0.5392749832525596
1.2988431791140538
-0.2393093977979147
2.1140082927164223
1.560492875723523
0.8502727064028942
-0.15340409672631994
0.4765735639129325
0.6250065809777994
0.3066384204692583
0.3335695757180791
0.4608687640502147
1.686151610269329
2.7580601524933077
2.769308673452001
3.2273589483525327
4.9923955521009304
7.4419687094059395
5.840328509730846
2.646741092052211
0.0756210068604711
-0.3314329075414794
-0.6033059172431919
-0.9813972082020974
-0.597387597909682
-0.6400481689939128
-1.5771287573796942
-5.00511107553914
-7.03489067987338
-10.31255119399527
-8.399947525866224
-3.3786164396946727
1.4562383588884453
1.8637486153366234
0.35650147950253647
-0.18546292791345953
-0.3368303158902753
0.7181402517049033
0.7743551133804134
0.9587601738354534
1.3728720342593628
1.6152877983453693
1.395064295905402
1.908252706448788
0.9479603783223273
1.9462318670033836
2.9887613761879774
5.416873520898344
4.93223192050597
3.304391414249123
2.1583170675206302
-11.166721338047315
-0.42090488608769894
-3.2872572276647665
7.9767835913884175
1.3944330712753032
0.829291438495279
1.5731053949542801
2.2332060984459905
2.609537495849699
1.51224478539909
0.15361191488621348
-0.7447432859249693
0.14759645723076
0.4047606246770882
-0.31946986748614886
-5.1073125720432895
-4.494407122915058
-8.415082099745193
-4.336967095554271
0.14502266929002136
11.562472913234064
8.168303858598474
0.07259235917033781
-1.1569595095822995
-6.415124484983919
-6.343865052125154
0.3750547184330679
0.199694152241432
7.070830470314035
-4.2185351762701515
-0.11555985633185191
0.048854245120907434
4.963489102551265
1.6563384247432775
0.45831399472287143
3.000159118148757
-2.459245715302034
-0.14051705784432503
-3.4368995531101443
2.9754590480585135
3.500197722660944
4.754869438475813
2.6054582266133144
0.8632593421078496
1.3430587110914636
2.045796576827401
-1.9907655238601962
-0.806146096124169
-4.680154484404121
-6.911359990939623
-9.072002289341633
-4.602393615850988
2.3135201609255103
1.746155232938702
-0.15766440702512716
0.12838870297972824
1.0332068373128618
0.533767326728252
-0.35863851444260336
0.3473788463831393
0.6873738293174749
2.4807808963584743
2.9294653609758146
2.246934930691876
0.16194317963702998
0.6766868035765279
5.131752313320943
6.481022533665735
2.9479435707836763
-0.5062540483550392
-1.3772242604390124
-0.3542867487865606
-6.711090499611081
-9.46992994636229
-5.3390080440578815
-0.8390029384670367
3.1976866668184805
0.14672906430547122
0.4143077708895817
0.23267073506738836
0.9947038896615278
0.3573285607769935
0.46048141547509314
1.2816770510143345
1.6481023528017213
-0.4068049245414583
-0.1443054512209323
1.7705883538849405
1.7649791855943469
0.10778401277123874
-0.4565833596706985
1.9931458165350602
5.700421722212904
7.2025638688008335
4.943565004806171
1.447351633206935
0.8469899427203583
-0.37766241836987663
-1.0322151350074136
-0.8715875767678886
0.035228489607106235
-0.2819409415144763
-3.959935467882066
-6.593536367567809
-9.978469151437096
-6.965093443764038
-2.475340241630288
1.9407758021007502
1.0212920580596454
0.8223500106293425
0.8302341347730052
-0.2968479972580742
-0.48308020567019966
-0.14698356494279366
1.1033615802084535
1.1644393864882547
0.6845874905911521
0.29827104432556123
0.7328142912481215
0.35466489369588866
1.0950504278049233
1.0683363833512367
1.5711590143441432
0.7265695329840018
1.5060947816106665
0.9085197022015118
1.1537695347602135
0.8135363826276306
1.9183865762694199
0.39442783587414315
1.7935624643236145
1.25709489433028
3.1811394055834072
1.743024690504556
1.6278837419062613
-0.29927218036223924
0.23221848632010367
-2.1007395278245715
-4.954722141337837
-10.060202963366464
-10.243326247103306
-6.115683244879173
6.992270176489765
