0.9150958542865402
0.9664231033588294
0.9904571967653641
0.9990766385988743
0.9988210546135509
0.996987259027683
0.9940230793768408
0.9930662502621429
0.9937074572214806
0.9942881467585734
0.9899102398264343
0.98279823102599
0.9816743062210898
0.9819439268779352
0.981698528157517
0.9770033591752882
0.9742151024784502
0.9726803124836378
0.9763087138766274
0.9843765623774597
0.9889813894365106
0.9858957479492481
0.9827709505681748
0.9841345223080111
0.9862557700816561
0.9874324352516639
0.9886713415851283
0.9866037724506246
0.9862966412287859
0.9852358681803324
0.98790746186705
0.9888070059175922
0.9911501761849654
0.9890796330439472
0.9873559197695103
0.9847763217573204
0.981841798931768
0.9874038933451169
0.9911858710792725
0.992899698549165
0.9861545354323943
0.9667814431467845
0.8313027314032652
0.5211668458216311
0.2160376876938337
0.08324270270875683
0.07155524425761506
0.07113771503979466
0.09124346189680971
0.08673279011763506
0.09198377164531622
0.10851015754891111
0.10486484466069378
0.09233271339793932
0.09009677464258899
0.08828269248445528
0.1746162802889693
0.38944734678312476
0.6344810659764609
0.8011229878620258
0.9203007770151698
0.9699790870704066
0.9858793355967241
0.9890164908025553
0.9865485877312515
0.9917319197536325
0.9508373220841104
0.7206144278598394
0.3362308896563281
0.12106279425768565
0.09433104958133254
0.12263418765913114
0.088583661199639
0.10705280396634781
0.07633044196892012
0.03493468012894221
0.04460903149073356
0.09515052540754354
0.1305955361162277
0.21452604267689968
0.39760629391418534
0.6196060928525197
0.7823714140003137
0.8816157835033195
0.9137636887959639
0.9236337530750305
0.9358949832622465
0.9540615228905661
0.9705358338365238
0.9130429384955976
0.6384429363904918
0.28219602414892087
0.06663081696605694
0.05703535437840762
0.06365902026072998
0.0903978702003801
0.0907007583121544
0.10989818021895731
0.08221232214177679
0.08097858212797211
0.06000768612659739
0.17881660478975842
0.39041878323959905
0.6496853202964078
0.8168862548233178
0.9131667229157711
0.9370714706144302
0.9219393302898714
0.9119830065101784
0.933968856052418
0.9503450009234248
0.827136376575583
0.47612126675914274
0.1289854321631418
0.015830632655724666
0.04845099922684717
0.07902251986770877
0.10460956880402039
0.12699322178702804
0.103931692217722
0.07311571173827398
0.06120982023420406
0.09012683868172097
0.2382035280579316
0.461251438870602
0.6746325626080918
0.8142753575624956
0.8856977017196715
0.9159240141685998
0.9308117257110132
0.9226975612981531
0.9324203359045796
0.9419005304027315
0.8249107897013974
0.47274135855648647
0.14703895294703964
0.01466326213224483
0.04498519867585844
0.06127265235326195
0.08196123758896134
0.06884844604097581
0.061770311596306644
0.06288433185935417
0.0802925462771002
0.08488594807318119
0.17136116845719432
0.37107606152254613
0.6142687371867227
0.779212414188873
0.8607953638698878
0.8958946304955119
0.908309948808649
0.9210342460947137
0.9307646319603577
0.9446213967055449
0.896238697406803
0.6441673781754873
0.30244823772261775
0.08698721694229244
0.07924414539484129
0.09117968277095143
0.08916157390740725
0.08097366840591697
0.07476951172190843
0.06751032981785611
0.07868135653729996
0.10534827117230373
0.17406389812308304
0.31617410158744214
0.5199989388500359
0.7072110598746397
0.8180279719814488
0.8639088079119566
0.8778283709227904
0.8966520310403536
0.9052345602597937
0.9302146580320956
0.903731354276016
0.6816954256843857
0.36916635150531024
0.14785660371680454
0.09214434522175918
0.060023329389419955
0.05890144835172549
0.07172814659804619
0.1051364600827317
0.1116101360472819
0.14163264890734437
0.1715013968710043
0.19376804627035207
0.25411878497652496
0.43915504169008157
0.6538907560143509
0.7817606686849384
0.8422468061748972
0.8726046628942582
0.89420342154712
0.9107311343190221
0.9175601104194664
0.8086722735641281
0.5024364451252102
0.18684115317912536
0.03613763230032996
0.03305668518058547
0.046160834038400995
0.06612272166009395
0.08940305769958029
0.09022073703102919
0.08837979352715968
0.11967185488983798
0.144505128562801
0.18722782943051047
0.26458167763787616
0.4061384209913529
0.5829730234968724
0.7443093686572353
0.8552408097053765
0.8829628832314643
0.9083342728329941
0.9223883018473603
0.926438422862191
0.8997414711344948
0.7677796921099665
0.45492005438699445
0.14412266299496176
0.0462447349306203
0.08909608093301596
0.10784392201928113
0.07275103098468887
0.0841787897475818
0.08218317770442116
0.08753404002657886
0.07026407207409766
0.08377522542711877
0.10524115155072379
0.19432477221700784
0.3387401781545243
0.528415678520372
0.7018464131697661
0.7946819379235551
0.8079116033262371
0.840791317834808
0.8901886606568823
0.9131467950529814
0.902319787463927
0.8310747315756105
0.582855508208749
0.2660975897392931
0.1433817905225089
0.1497438435800174
0.16131117126694489
0.13528776933527492
0.15292433052502125
0.12956105375128865
0.09863378631150158
0.0905374890323871
0.10867496358873116
0.1767940577600631
0.32891657184365286
0.5279850359087411
0.698749821785598
0.8079826710339465
0.881414367880303
0.9102889256798863
0.9179900673233011
0.897257685072947
0.8895620993037365
0.8882277211770515
0.7922847106191206
0.49641098015658225
0.2397098361107584
0.1714140102880477
0.2124740456334102
0.1908369329187537
0.18382201043512375
0.19589378649943182
0.18851744748854365
0.18710305436764083
0.202771658163215
0.2838080618841734
0.4139925920342196
0.5957514819510721
0.7399604523613886
0.8348231767299783
0.8968306143318898
0.917480292858881
0.9240463122418232
0.9265356695886345
0.9178383940808073
0.8278520889151672
0.5538650580125914
0.22623947260717878
0.052160800916920755
0.062278166770637355
0.07689844870973458
0.07508028800249746
0.08767047950783681
0.10535948614337828
0.10391233587401733
0.09961220884228382
0.08971109990355286
0.1244977214033306
0.22783064028746633
0.4005970794671796
0.6105232893491626
0.7676656481029105
0.837394609142075
0.8416346145477094
0.8470115468128567
0.8514666693973694
0.8632850543004307
0.8830402921867295
0.8958157262720308
0.9102562301761316
0.8533939283867336
0.6145610287826914
0.3168930855669271
0.13267905491506443
0.10050094709000684
0.1424535439728512
0.1768448048662938
0.21024338027124229
0.22334094370893554
0.2815550262299766
0.24496662576252373
0.17211910959373614
0.1363977800226265
0.20910259495832323
0.3629556506188233
0.5548124702675444
0.7393369136206431
0.828815197274511
0.853819794075466
0.8753435195227812
0.8905011093530365
0.885377873159091
0.809327357047287
0.5497818366648869
0.3328611220042392
0.19306473123741177
0.19797106875353543
0.166843440212035
0.20534167751104568
0.191964708078547
0.14040501656520976
0.12932356610701165
0.14775225580306717
0.1559071299380841
0.14048675457202198
0.23750875430378576
0.43637254953111876
0.6454205218136926
0.782392344581533
0.8594042335299805
0.8935423589292921
0.9101868022898643
0.9133351730857193
0.9219302558828544
0.9352224456348998
0.8895073503818158
0.7095849497735897
0.4018838786312418
0.14885455653587434
0.10111132560908602
0.1566173643470849
0.16903408510502002
0.1682497781100616
0.20454128909792554
0.21340883085402504
0.16941726753515912
0.15944122125288848
0.17738977608951492
0.2178643758944684
0.3000865313479896
0.44578070959753924
0.6149114827425002
0.7431275349662017
0.8176630545277912
0.8486365267961947
0.8654532643035118
0.8769846203846741
0.8796867586628314
0.8724621935192984
0.8081598231089245
0.5765251666874214
0.429210098340661
0.27103520786159374
0.19822222506745707
0.098350900709696
0.16787744307952776
0.18108965045169884
0.17867847389784985
0.14982260466466568
0.16341754598847774
0.18787145555815285
0.21428706891867316
0.18868096087372294
0.2481348915143563
0.3860707684301309
0.5778490118585794
0.7154960764541575
0.8026362085796206
0.8444065208403443
0.8486044627143814
0.8301734757264156
0.7910646151049605
0.7480193485597992
0.5817881504530207
0.3788936054132378
0.21947491647438078
0.19232052246937503
0.19127836182906974
0.21399405190268195
0.20077052965282915
0.19341439794593268
0.19232424379212426
0.22303860616266336
0.23386150233982506
0.23973666194739698
0.2661378071090035
0.3347414100364036
0.4433734651675644
0.5688671171285933
0.7149896187517603
0.8115591625650183
0.8669068191682769
0.8792738351520676
0.8901095359534037
0.8937208398555677
0.8839050529788836
0.8277384306150012
0.6023756538634059
0.3827790180225233
0.18543817623747064
0.12908527360153305
0.06598457201202534
0.09220888027124782
0.0850970287920094
0.09153214826089667
0.09162239768126469
0.11001479857525107
0.16006821028693732
0.20744289254238968
0.23172413615842352
0.2613117534065381
0.3814624729325605
0.533826762801102
0.6870156062891363
0.7848943368600767
0.8491039645633863
0.8850963251540972
0.930120874218985
0.947571711412226
0.895218637623133
0.7524662187510496
0.4879608943759226
0.27692073438630865
0.18182551251172047
0.21848632479393298
0.2022194760266701
0.19052661063085113
0.15198182176370104
0.14856804455478084
0.13816316327569605
0.14444723048916233
0.16500645888665424
0.1981469953695652
0.21061712340580793
0.23578091409444302
0.3528365598629971
0.525691459008312
0.6934317155725478
0.8028343784347316
0.8521259375662206
0.85095543339195
0.8600694370094649
0.8798540618955375
0.8676390725858527
0.7301436423907239
0.5461238914348217
0.3217428822124939
0.1784263586659248
0.10215645351611624
0.115120790780926
0.11120087305419432
0.09722631011520391
0.1013568885306216
0.11877006914628087
0.1833820751249899
0.2229480243299352
0.22699634427591384
0.2567960925989446
0.3972859230591489
0.6017783689959666
0.7545513585363997
0.8354288498287173
0.8772976978749828
0.9174227225760687
0.932998803956376
0.9072751694515315
0.8349192717478365
0.622676213803675
0.4798749306033723
0.30724069201550763
0.21321235791460375
0.1393541464423168
0.18110102976236048
0.14816524414394738
0.12652941671354426
0.1542496340104626
0.18120931581634392
0.2168834746759512
0.22550348496914585
0.26415788078597274
0.36236472080991716
0.5669300414960216
0.7392429477880278
0.8406708268000901
0.88066470544127
0.9107513383541035
0.9392041454768043
0.9500568756170117
0.9616876705343167
0.9503882194683761
0.8537060615106986
0.5659276588708632
0.25375305271044335
0.10990771191418429
0.16263586156003942
0.19343883068524195
0.1736332815042141
0.14594581190495928
0.13360789186514163
0.11117161648071179
0.09367198379256762
0.13233263181798888
0.1557116907998362
0.2161559994362261
0.3501364831652738
0.5751690949442826
0.7389401651963802
0.8349964594970205
0.8656767874040024
0.8867571733748998
0.8959111025935045
0.9198877808884866
0.9239724786532656
0.8926788947278764
0.7292852356149138
0.47703234820003504
0.20894825766022582
0.08137803168814584
0.061008583139782885
0.10772895980834224
0.12508396078555326
0.14294888404170775
0.14761909812724283
0.13495079859250553
0.12209141129051074
0.11253994650929172
0.17432125552404612
0.32757925510746677
0.5585275161532121
0.7452635194447546
0.8562744105285316
0.9009235734674732
0.926970118780611
0.9525735066296863
0.9668053944977208
0.9734595064948829
0.9768335609625487
0.9543709417812802
0.7862972102340847
0.4411898782799972
0.13872094612834296
0.051430440371710184
0.09463971232063689
0.10837110021661187
0.1046531929144722
0.11515069066627877
0.1287712379913718
0.1430574291967381
0.1280815992376823
0.10527510080454092
0.09980997166451708
0.1891044778990073
0.3622862262275181
0.5682982677660238
0.7223723981302329
0.8205178898679959
0.8630743545224849
0.8966023141597341
0.9172221044687128
0.9383289571515626
0.9424923832256661
0.9470024743297734
0.930012237164879
0.8589070271779923
0.621385255822881
0.27698492374387035
0.07812415534695252
0.058206750941886334
0.08774788533008292
0.06853252953727741
0.07787537343107594
0.08274508638570649
0.1004554176132158
0.09873126090779243
0.10434751058722122
0.086980335358785
0.13806130109038134
0.2729386072635521
0.47399694521447305
0.6459393653351004
0.7665706744229527
0.8451915555755362
0.8679372108119722
0.8792646821119503
0.8917817609275571
0.9033498240242197
0.8742191337383671
0.6884861200087351
0.40197834194436766
0.18142827269761808
0.13997000367730772
0.1281872032897359
0.10107020577810436
0.09530957570441788
0.13781063962121692
0.13932382491569023
0.14074447254710643
0.14326103572645393
0.12745286948799606
0.1426603078951203
0.27258416268115365
0.4610109029148015
0.6222180227284883
0.747078332066635
0.8346951439097656
0.8656747617322282
0.8859575911967688
0.906161126584661
0.9204845051300983
0.9228243644128785
0.8980449348182159
0.7200377246611673
0.45224466311554357
0.2010272502712772
0.12172650310023346
0.1297258897518993
0.1545269775135314
0.16068569681997105
0.15045921078477698
0.13820663301643366
0.13348200330904342
0.1962338548370925
0.2289853906857355
0.17698629871215435
0.12654518563570807
0.21599619329615102
0.3771157547882752
0.5380146868048487
0.651960117498527
0.757172271842277
0.8135638035590484
0.8440152047032156
0.8563935891953127
0.8641472320327137
0.8580121812548069
0.8047751746331188
0.5894870891353645
0.3457313797130809
0.15817031367766077
0.11016341426479816
0.07950700414527045
0.0908091395650246
0.10415064248089956
0.1214556849067739
0.13980965060183034
0.13320087910357944
0.16142993234570505
0.1507329650909588
0.1770966572880026
0.30955812112895287
0.5308386142700994
0.6933228382340586
0.7786970273245326
0.8359888028038044
0.8604742294199108
0.8781606524276235
0.894915597488257
0.846661615924913
0.6114088523787596
0.40285619172165554
0.2512955709784656
0.2291448946453505
0.1674911890075312
0.17549791952140448
0.12099947654925036
0.11699911129517902
0.10777845298401896
0.10816289901101742
0.16085100597893487
0.2043295463953806
0.1780511829966748
0.18815130683319292
0.35795289810366687
0.5398527725346929
0.672082210910354
0.7588551086820594
0.8269922580573775
0.8541796962564018
0.8833462887964232
0.8905874872133103
0.8924040049578941
0.8031221129984029
0.5466812205301073
0.2753624025818965
0.12087435204963669
0.10010938372165676
0.08689505505625127
0.09240215570702681
0.10014746916988583
0.12159988351278468
0.1444513609565275
0.13098275479113583
0.1596510809192663
0.20431352004486714
0.22266321849486898
0.27432118851221454
0.4187273464956721
0.6021146642353781
0.7130326837166582
0.7976809191654775
0.837427751057999
0.8751570100977298
0.8937664278553489
0.8803768785658413
0.7779625058794117
0.5392111218639222
0.30911584270376413
0.187522988715876
0.15665678565037972
0.11443725943284457
0.08483591026560278
0.10250219507904476
0.10548033538975608
0.10785866589534017
0.130093249224208
0.15860764810805517
0.13689941585413387
0.1599862551441448
0.2952436080577485
0.46500236695396313
0.6019733246600422
0.7194969068628968
0.7967756650029165
0.8273156675060473
0.8409077583465998
0.838258412214971
0.7934820219440084
0.6635703848202855
0.44185933169091673
0.22799522331461325
0.12933678599735288
0.11414429073215134
0.11325512570684745
0.11346872572501797
0.11654549536942796
0.12256283351842348
0.14073762562315853
0.16892203173644077
0.14467001439037486
0.10575343758469483
0.07780943146592562
0.13223800462888016
0.2680410696949064
0.459642320159166
0.6299184384910324
0.7470002467381724
0.8206445461298606
0.8593993148202813
0.8874997854467244
0.911804270500105
0.927875722504344
0.9281246739757696
0.8986136797789053
0.7285328965539477
0.4778716720268553
0.23485587031766106
0.11702950292632958
0.092509522575379
0.15855777399201498
0.1973783676918313
0.1699676292897918
0.14195109634566813
0.13603218791630928
0.12405085332265782
0.11503730425021755
0.10659095048638212
0.1316842447450506
0.24964473978743948
0.4371477124281634
0.588398929120197
0.6864313267656983
0.7628591778940945
0.8118218326564202
0.8449442727329158
0.8724383362024489
0.8794298574442417
0.8417773767725534
0.6288554999064706
0.4170134696731105
0.21556357022586842
0.15311029353740718
0.0890081749740444
0.12505571574114224
0.12011325738770719
0.13741681408989698
0.16836504708006433
0.16908717774586482
0.13288458835399572
0.13992927237314984
0.2719130723335603
0.4402627071757235
0.6097654331189409
0.7392803240085166
0.8321940599401639
0.8690850634546209
0.8874035158899125
0.8936065507277637
0.8760407912832957
0.7910248947624803
0.5837066942145632
0.32825277088091914
0.16974853082091657
0.1255874955803169
0.1076806467438026
0.0687970070196101
0.06627411110938997
0.08740428752329718
0.08956017261440544
0.08937598907937841
0.09701297884298818
0.10205409071937002
0.11293437438349249
0.11854618232304717
0.17633529844904172
0.3172138541023161
0.5330799219159325
0.6917160794836351
0.7909082368773954
0.8497343466030566
0.8846387258098675
0.900238266388746
0.8923666398495207
0.8287965708189876
0.595219449069868
0.3325819774544121
0.12396445166622251
0.08552400598048973
0.0794964290753604
0.10413692299756767
0.08722740241220106
0.06669038503526432
0.07437180867782844
0.07892465382865893
0.10105779984666358
0.08546886686734578
0.10050274081541834
0.2021426896647093
0.39586708047173746
0.561659751384195
0.6761570768075656
0.7619369325872138
0.8111702687815465
0.8299262873640538
0.8381801191270053
0.8474850612683611
0.8091510593635061
0.6250422367694617
0.4158269026568566
0.2251762024396312
0.14618598397596605
0.08652078938112873
0.09599073743959846
0.08515321962787784
0.09285354219348961
0.10686977412587684
0.11027188989884144
0.10606175510607882
0.09670128123170488
0.10378751142231546
0.1617425666626981
0.30586906222917665
0.4679854023969938
0.5856341905330931
0.6644772784096145
0.7335751487174949
0.770982942295475
0.7720244328595964
0.7379347155753302
0.6171383103444834
0.4062641823733339
0.2150701152293529
0.1332734058368103
0.09561473169450269
0.09425763090381678
0.09611423800690275
0.12921117877668148
0.12370840658207821
0.129771704327556
0.10377378499919337
0.11277282805394498
0.10030234899866883
0.1583131368889902
0.2930336928191354
0.4739571601043231
0.6181729845300218
0.7402296137886356
0.832007655259263
0.8718915744496922
0.8949518710919684
0.9070938262711447
0.8793967287453888
0.7982964024950391
0.6230500421660308
0.3703752380554115
0.17168261291750764
0.09220054473333314
0.10352546514806293
0.09871220925647575
0.11239350817466526
0.10726628019499582
0.1137797852013876
0.09387441718525544
0.15176360163573163
0.17650316650658152
0.21292145925764086
0.3161962064387346
0.5364678921717154
0.7244746325932936
0.8276044694787912
0.8922418977263974
0.9176961497664664
0.9315450643151741
0.9274814076048937
0.9368043527756338
0.9508495143618958
0.9760086026198166
0.9456800733145754
0.7736254653548024
0.43466873923794225
0.14988116528441026
0.06538387556368397
0.13480132658316546
0.17122415127155072
0.18140845647356924
0.1285808398050443
0.07674971608693862
0.050831045328085814
0.08247343896688758
0.07486440217474438
0.10161092111687513
0.22379179187952147
0.4450409113272645
0.6533828610224248
0.8058229895521971
0.883462641566906
0.921121646600633
0.9415417500551667
0.955363421035019
0.9644270255959714
0.9481346089678364
0.8737534166190231
0.6676554188342152
0.3721206004609386
0.13527055373709135
0.08310233509287696
0.11366223283650578
0.11681386948431838
0.08367250101498573
0.07469125596419332
0.08364582694184011
0.08816545526168099
0.08617153197093508
0.08419659021077178
0.08448641843050467
0.07069440821466655
0.10395449662635046
0.25790824043625615
0.4875146296688708
0.684336181045186
0.7985949930549547
0.8586577166625871
0.8825296924592725
0.8977260676428084
0.914672744317043
0.9258632889790424
0.932755392958881
0.9221027788048894
0.8262512780145291
0.5591925874068258
0.23677138693126826
0.05544667868681007
0.06630202272031818
0.0917983778639818
0.08342333041680595
0.09444677230326652
0.09867750055478725
0.0781490655953404
0.03186861591252557
0.013269739988564365
0.00240652056055376
0.03874385692201085
0.11065918163605298
0.22483885019967037
0.37595844143930857
0.5569628784187102
0.713990424390426
0.82250933202409
0.8749583932037478
0.9028575885213844
0.9132907153761987
0.8833158451665578
0.7555767005604941
0.46854419123887436
0.18707385866242576
0.0594441734382848
0.06738504952404986
0.06127390784963015
0.04024153841320918
0.05712702758986374
0.08163581513049846
0.07583449762963929
0.049309373283792875
0.045645940286796804
0.07236631264743183
0.18538113716015264
0.3586482293575606
0.5542597047092171
0.6992489702697338
0.809803502481139
0.8719221834491246
0.9048323119120184
0.927573947925799
0.9428745308333935
0.9429183677241935
0.904308691185441
0.7585700806690239
0.4706616783500697
0.20658229954225715
0.09600362790880786
0.07916937546003149
0.09061267940945651
0.11558133672713532
0.12988531767055894
0.08731368080586778
0.07410875398423325
0.07529441351969253
0.0881763017882918
0.10615699048975258
0.20093091218324088
0.36177325886269746
0.5358128854204183
0.666486237457107
0.7571962082423492
0.8263571186542816
0.863636223890083
0.8811659184443652
0.8803332329204596
0.8864110202569119
0.8800389807964217
0.8132597914315699
0.5661091393879376
0.2713290414064392
0.11043956093804515
0.10859963757813781
0.09935723676203811
0.07359482722940647
0.056692268672328544
0.08764855040181016
0.10246973681682627
0.09116144537651141
0.08112898254690945
0.08919690469235661
0.10480542803560877
0.18114353993593577
0.356515746107094
0.5234268801824746
0.6477290741625872
0.7335291277114121
0.7947656229945912
0.8319501519346966
0.8581408682440301
0.8664158000358182
0.8369961455483063
0.7424826948307128
0.5185365532877185
0.2571978884763918
0.10783774866745074
0.12289217981594006
0.1370556747908982
0.15371735602988054
0.1458206916325514
0.14449674066029405
0.1532828717722322
0.14867148495216792
0.11909647301883708
0.09225524856058874
0.09820404116085596
0.12245069059792549
0.20589498575104243
0.3456931806339395
0.4682514397602911
0.5661320013290568
0.6343167286761333
0.6731453967812754
0.7024106485805213
0.7145479215969519
0.7220093736783668
0.7254359338584406
0.6948907473753592
0.5451246473945478
0.36975846716220745
0.19974872689209971
0.12970370461142328
0.09369527291053177
0.10513067297844224
0.06578039969265455
0.04398596262813633
0.049792562169502015
0.06808536466347657
0.0692295483794415
0.0671453275582971
0.06911398245989983
0.09130576356164424
0.15996392664667936
0.33084738421489
0.5195539619741315
0.6776305054148025
0.7671087110132192
0.8286143995639063
0.8548785053558928
0.8658827264712132
0.8440795096249696
0.7326496601300714
0.5248554504604825
0.2655644132184374
0.10413672353093709
0.06913682224776649
0.08635155259648526
0.06886289566694634
0.041135232700376376
0.02988615828978227
0.03834466294520436
0.05428386347802771
0.09232892995257716
0.11113708136155256
0.1820023451690095
0.3506882630434557
0.5780546627050877
0.7303795070466743
0.8215561518236592
0.8904911640182582
0.934762924298365
0.9516628026231102
0.955991133108772
0.9546580798476219
0.9546886163145302
0.9394088647149601
0.8301140868999893
0.5430958455774794
0.21644532696944901
0.0741479579487839
0.11685598388158197
0.18043187426823482
0.178293289169179
0.15633720522027222
0.1235356223311159
0.10879736591934601
0.09414374737322051
0.09185379307737673
0.0894890828765422
0.1605975084391627
0.3017843045505223
0.49812033164839575
0.6743262625895408
0.8161285812424562
0.8976453164439511
0.9359397191847167
0.9558364808012474
0.9615197532862562
0.9644484446006908
0.9722161360483764
0.9731950522842943
0.9110144143512822
0.6465649722069308
0.2928002311949801
0.08734021815135366
0.10851564331603715
0.14699021132292117
0.1826074848759747
0.2081745080389683
0.16691962094011012
0.07279875167156774
0.040022018633980264
0.04896039693317218
0.07828494711670347
0.17958610121382038
0.3656705762563852
0.5610208080713559
0.7201352118190654
0.8258013705253002
0.8950292630861663
0.940737758611021
0.9603512297040062
0.9507096633304352
0.9281727005214506
0.8767551429689133
0.7364539780877479
0.49421693687650725
0.2165763589681201
0.03737510583046414
0.010156657096125114
0.049338208746618276
0.08086820542259575
0.07567515398779653
0.08288865048418775
0.07669100464913939
0.07822665332046072
0.06450446910019313
0.06208116269387977
0.08383303579212062
0.1810410867699961
0.3479752390121569
0.5461585003695755
0.7165980179683988
0.8294367571969337
0.8807584405489448
0.8982080594707396
0.9116418730389729
0.9220005013331061
0.9329454490551747
0.9392032044402083
0.9047715683132393
0.6852118472264064
0.3993778488410052
0.16717930291855176
0.12081048095856312
0.09859007064050358
0.10073778283829164
0.07221214483411469
0.07679382672253016
0.07641480300156775
0.06269333486172939
0.07141687212323314
0.08635136319142797
0.12044086615477886
0.19739164196463643
0.35092811845003813
0.5255987634075594
0.6767966015505691
0.7797265036227243
0.8147972250915693
0.8554169853794892
0.893213591782232
0.9198620098385777
0.9280752206468408
0.9438258295764135
0.9503963031939573
0.9107716688533185
0.7096908476985644
0.42753076371902216
0.18039600421300195
0.09677007618286915
0.09189961513382622
0.1410489782558371
0.1713207657508462
0.1340346510409226
0.07698991871110684
0.04262896140914578
0.0802607946175462
0.08288499192092852
0.1175890916586614
0.22919024813006003
0.4279761644393139
0.6124819038092489
0.7489909121823451
0.8326227454975524
0.8703587671499289
0.8969315030043777
0.9107651912673783
0.9159233535824984
0.9115493445194354
0.8876774790656414
0.7945418209395914
0.5660248449897074
0.2661908057606079
0.07282537117695072
0.0257986612058775
0.031902955512813455
0.029693700941512722
0.041192735518401705
0.02861548084055656
0.015351127980547132
0.012369692347460205
0.02724645605705095
0.04206711796296081
0.14362201513861572
0.31892013867014724
0.511258397408515
0.6514024605436424
0.7696520072025641
0.8584430088363479
0.9088351172076601
0.9348025240633846
0.9332757693780873
0.92978709893765
0.9220541257531538
0.8947180962688717
0.7148758716279993
0.40992570489566627
0.13658695246698718
0.052857244727949226
0.08298177469645966
0.14860838020333583
0.19002548620988255
0.19689943437254978
0.18209480235917963
0.17938117160352485
0.13773982607812235
0.09371367118219044
0.06684346696966062
0.12310465351335872
0.21569631902560005
0.3901926910695319
0.5658407813707218
0.7266918746315602
0.8058041153097933
0.8426059571768855
0.8616899541085994
0.8961878782936865
0.9135412542522747
0.9328138963568081
0.9404296363257536
0.9145432758583795
0.7648202750914543
0.4769573460053963
0.19936005916317223
0.06482674001670065
0.08932786719143439
0.12560119139504483
0.14910488336273686
0.12212742808713378
0.09139760492564784
0.05916496609361781
0.05039686445695524
0.039077880942859744
0.06898223775087423
0.08735663120403081
0.11690358222220598
0.18969261557349582
0.37346356554802473
0.5508412574621588
0.67820903182921
0.7589069273367562
0.8252777092105186
0.8587341362398568
0.8794283524013986
0.8847863914537821
0.909055094689476
0.9002130473701755
0.8514331496160168
0.6830003871567041
0.4233938597140798
0.17198823639864724
0.10115521870378252
0.16573241760733837
0.1807527802242349
0.16755833668035702
0.17549695677758512
0.19191643226940466
0.1961931621807949
0.21991783996288222
0.22801908419088637
0.18998770011744864
0.17847466577107685
0.17399872744126232
0.18881336569872084
0.24442532897993918
0.3635944972479097
0.5060519182608182
0.6338228122927874
0.7347614678396639
0.799145209580429
0.839029632139889
0.8653455008795243
0.8933617603205747
0.9055467343522188
0.8657968956578402
0.7431084768902867
0.4879211521813986
0.23855359407261614
0.1042680469751049
0.14524020055328318
0.1747096705524708
0.1656419574739386
0.1205398487868144
0.11938730353615114
0.10900237448360092
0.08438416827344164
0.0742603825163885
0.06518089915171299
0.13075292678674255
0.2552290438204762
0.4477273482543508
0.6070641831225939
0.7513080381534345
0.8215548106354433
0.860526010130135
0.8795523860956928
0.886259963093856
0.8771854537890178
0.8558487027454625
0.715643471365207
0.4589448556003149
0.21282676324033872
0.11147037514170532
0.1274166926272085
0.1609280616289829
0.15292868192470804
0.13999433631425032
0.14445239503543986
0.1448585800404117
0.12569204948202947
0.12001453283444108
0.1211765152931368
0.16480243884447612
0.2935024096257791
0.45383564650171254
0.5923731404545876
0.6758560296402971
0.7309349718979358
0.7562251181647338
0.7768949557797575
0.763654018392233
0.6848360285811108
0.4572322209101624
0.3169047176058929
0.2200475958821858
0.20872586174511
0.14123171793140366
0.12763596846177894
0.061142963708515144
0.03923172474394065
0.06310516437553033
0.08878146268642245
0.08386751341057735
0.08823072271869199
0.07761658302259623
0.16494005402157141
0.31769763129140355
0.5024488108695511
0.629448766893943
0.7512078906418751
0.820519011871603
0.8542719773519692
0.8704414848208097
0.8822880934131271
0.8567574325477546
0.7504813010276082
0.4933829390488404
0.2890985641788764
0.18504528958889085
0.18464972155037493
0.14752015568784113
0.15496456839608047
0.16179191125408296
0.1582742226477971
0.12464211767901709
0.09587399295775301
0.10816146065942794
0.12271795609267797
0.10773350957994524
0.10354315153222836
0.2149506724422247
0.40819216509401457
0.5793899784152525
0.6833852530744134
0.7726391646657897
0.8354172833002992
0.8713942387070663
0.8811556701944219
0.8606927945593259
0.7625744535141454
0.5405774139778077
0.3283348295486719
0.17391613565542813
0.13193354192710113
0.10785098289868432
0.10769155763891107
0.07554473821491575
0.04280180755099304
0.024501294176017346
0.033829739889744026
0.05691079689607827
0.07183684022310258
0.07049133408218541
0.1449675791256383
0.2887862801950626
0.45618902697178115
0.5828456142569727
0.6794611652128393
0.7472048906951972
0.79357273664685
0.8262799887915755
0.8120031991699856
0.6967391407035243
0.44647886253012803
0.1941683318646737
0.059543551842022924
0.07721924697385416
0.11713722375247623
0.1181251803892524
0.08831501476539105
0.07672545922325266
0.05650203914843756
0.030499779415732342
0.041128616247051705
0.07294196373305742
0.08901089228277939
0.15221271358245625
0.2755115298426072
0.4305229033551291
0.5461614483131652
0.6321092180500653
0.6787324028278416
0.722038785537738
0.7500692737367052
0.7582940628605372
0.7181685055317636
0.5562038372467567
0.3373983455834989
0.14359667181021052
0.08252452444458085
0.05902629820469765
0.057831504671271766
0.03999192069604849
0.0518341746334154
0.055922379625611376
0.041749443190707364
0.032188710959030156
0.04680630551115344
0.07077968176952243
0.08153006073411509
0.13722105845566296
0.2622292701111387
0.42464677521839117
0.552772427729073
0.6431819574814814
0.7202186310901434
0.7902653320314857
0.8277753800303397
0.8393331004840894
0.8409190181169905
0.834415587271579
0.7512038477858486
0.5444312755866543
0.31406992763954034
0.147708392771972
0.11973028933882789
0.10887739196418922
0.10811682643799578
0.048770647853464466
0.04097613767677896
0.04373778632314212
0.06748024941999316
0.05588638175941973
0.05920752682074257
0.0584787576002411
0.08959763520374682
0.10244355665716097
0.1281066935571646
0.19354728152471262
0.31068829898555644
0.4048416275401862
0.460219070489937
0.515368998954143
0.5476557726462272
0.5685498905579596
0.5735257122760147
0.589446849293955
0.5956130477515358
0.5138436930278778
0.35496922896149563
0.19135392294709277
0.10530312478403248
0.07433385984365018
0.06157359342898184
0.061425739138940505
0.059476166678206294
0.06022592059303747
0.0730644060106043
0.061922039061401764
0.08014052866571014
0.08530333186185934
0.10335767452973058
0.17003922068312805
0.34198733790125624
0.5332751772183898
0.6586391968279609
0.7560157864147599
0.8264698152072488
0.8636215693805783
0.8740063761660775
0.8770045430704985
0.8496793367670458
0.7269905672750236
0.4607379516554489
0.20442685042570138
0.12294354298777249
0.11872097293639042
0.07626693847476462
0.028964769076326495
0.08662322154538785
0.10891302203781826
0.117646914054886
0.15056082713255334
0.1694840071051637
0.12647105570754685
0.15259463082626817
0.30821104498242846
0.4891258903042666
0.624496623697499
0.7427773207243207
0.8226629766043311
0.8797065495234935
0.9032378264477792
0.9316714612530133
0.9490541910443508
0.9490633218053488
0.9057301444165051
0.6947570660022964
0.408687378155911
0.1484678153125614
0.13571313051269338
0.17329987061326768
0.18338444330062342
0.12316862372821835
0.07451909646765167
0.06987566484735341
0.0693927169012418
0.08075315612411998
0.09012398743435561
0.0946059759407045
0.16496608683675879
0.3004886543300706
0.48142750440519333
0.6048599589085797
0.7140143540296802
0.8112115268343143
0.8668435131304885
0.8912680929610803
0.8994640939510843
0.899389202476848
0.8425545834524454
0.6356956051398764
0.33065659023414995
0.11472723424380735
0.05390546418097902
0.0633536052521263
0.06448022217694399
0.09145276706857663
0.11271441187946098
0.12235467029992123
0.117162861285393
0.10423421483658532
0.07780689201570026
0.06755730718962648
0.06363612449076413
0.06154193955572106
0.1512029063851617
0.349510943689623
0.5665346772409023
0.7070160936082546
0.7999363815582037
0.8535021767532363
0.8912681584778844
0.9100114511422823
0.9213534536439614
0.9297332019935568
0.931537857566872
0.8419159457349317
0.5500711086723542
0.25488750295727153
0.12216580820610999
0.15253769162981007
0.16018285252158218
0.1744846026823785
0.1459952557628425
0.09999303391238208
0.059522745576667674
0.06116713842783779
0.0540847074025989
0.07516739979527445
0.08184066507396354
0.11502203025534619
0.1955388654078206
0.36727281835237563
0.5434009565916341
0.6915993692445263
0.7881578624437251
0.845550367347918
0.8819258208214683
0.9086993127020435
0.9163315875029087
0.8965599258721385
0.8818463207971343
0.8409896387310563
0.6974661669151047
0.39666624109708815
0.14152139161449692
0.026593033321941312
0.06436334267714053
0.08447005744154737
0.0884209434483299
0.05442127321975766
0.03404626430461595
0.030348305569171792
0.022960353937065057
0.01770604012807591
0.044048989398801544
0.0706836446743038
0.1057982300236131
0.178615739405925
0.3462923035695883
0.5111038504834442
0.6472146405466196
0.7460168189089302
0.8301634112653735
0.8807598086747358
0.8967400982180704
0.9097681192893947
0.9279102891779064
0.9469477220746102
0.9429503272123081
0.8515724390954228
0.6168504641626648
0.3070390675910314
0.11868070014771523
0.09175580214352341
0.1119639940295465
0.1125448453574759
0.14098665798066845
0.14835791695875195
0.11108263720191713
0.07830732882906762
0.07121929588599613
0.07457841308801877
0.08817926574893378
0.11279165841844527
0.17232080928032925
0.2911352801014641
0.434921126717504
0.5613177708267448
0.6800889873494137
0.7756515039559408
0.8399695570836467
0.8749459283906497
0.8987739425475167
0.917283792154904
0.9381134076415885
0.9287143776005307
0.819493865169426
0.553413517133829
0.2770521911469931
0.10426246510280249
0.0613239351705559
0.06911593271316785
0.09884643549147543
0.1340648253251709
0.16276213284880853
0.1694370417760664
0.1404655392004337
0.10438593791285256
0.07785821119597319
0.0926498641385089
0.10388083911833446
0.11785026916546901
0.178210480609041
0.32712088275163187
0.508390886692671
0.6662924160867498
0.7798680135123578
0.8427307893085574
0.8626799351187969
0.8509756698663883
0.8220821328375313
0.8191612950103204
