3.079634944337355
1.4420456043920835
0.5171665100106094
-0.015335039119406261
-0.11002773515206947
-0.17785077905053684
-0.057409746881871296
0.038472417560260215
0.03484137222556694
-0.26267441592834123
-0.4267205280266622
-0.06743548829401204
0.016177239410726244
-0.014723923225090644
-0.28171013893372626
-0.16729540181028127
-0.09208739968874281
0.21770408357937537
0.48407091004993863
0.27628962354305125
-0.18513848923575218
-0.1874878428643972
0.08181430439018202
0.12727486641869848
0.07059991020046842
0.07433438000786109
-0.12405414807022067
-0.01842787331032048
-0.06364638290721204
0.1602956212030588
0.05397264303252955
0.14059021604239064
-0.12423258846109109
-0.10342279646621234
-0.15477588073139315
-0.1760713695331434
0.3337256648009335
0.226918664049333
0.10282964819355458
-0.4047097870062442
-1.1623855371365919
-8.128722704611135
-18.60815313489811
-18.307749487667788
-7.967699099104586
-0.7012475070685089
-0.02505175306922395
1.2063448114209072
-0.2706403067504781
0.315058891660871
0.99158315421569
-0.21871877329304062
-0.7519278757652652
-0.13415632532102031
-0.10884492948802221
5.18001526827086
12.889863989649287
14.702023151600223
9.998515313133865
7.1506673491886605
2.98069860331418
0.9540149115790565
0.18822931234986862
-0.14807418427822458
0.3109999213428552
-2.4536758601713338
-13.81337365345631
-23.06301229221076
-12.910085723918419
-1.6039046805811925
1.6981882846679224
-2.043031587569536
1.108148566002518
-1.8433417198456676
-2.4837457103986837
0.5804610817074755
3.0324896350086097
2.1267006425210577
5.035830393640336
10.984815074237032
13.319987936300107
9.765919268867679
5.954662170180366
1.9288743175586476
0.5922038567439957
0.7356738112329646
1.0899923776991798
0.9884586567574486
-3.4495737204555823
-16.476000126306406
-21.374814734494045
-12.933912430971882
-0.575727755258961
0.3974199529393427
1.6043309963789922
0.018173286706458024
1.1518453144081782
-1.661151484630837
-0.07402440082827988
-1.258253760082488
7.128535119789687
12.696130706990484
15.555992223408373
10.032056071614635
5.776828085547217
1.434284861919534
-0.9079284194735303
-0.5973794267815834
1.31915097253438
0.9825686922603987
-7.392517460870531
-21.06090658898649
-20.82815007576013
-6.789287970444961
1.957221994267357
1.8342912384517023
1.535222936178703
1.343019178980446
-1.3836917741583676
-1.8489588287668874
-0.7143534902441981
1.735021106851021
8.884601362572432
13.382874648760271
12.802867424249433
8.378567697264257
4.285340649430573
1.813578746935702
0.8932626925448083
-0.4868498647716119
0.5833664763855805
0.568811669889113
-7.019384442080068
-21.130165868694732
-19.54214433656688
-7.942541448887717
1.8193161926168233
0.9772472206441879
1.241315114141968
-0.7867674928791346
-0.4246880666801517
0.06684121578285195
1.0444928650647651
0.2756041077648604
5.188513223040807
11.982893583920832
14.591560539850645
9.896620620129053
4.894976980860903
2.105955997537455
0.7449190987882308
0.763457837163886
0.5838231519386271
0.8314058847112323
-2.902961957924527
-15.124279153878993
-20.503148427172246
-12.927661246819564
-0.46458429284707115
0.7161322425666109
-0.12108653181264749
-0.49127433008941906
-0.3722494010405133
-0.4355509142431409
0.6702616031666335
1.600014878100232
4.122937617046773
8.52661220786135
12.22949023575567
11.232727261476269
6.64901472640857
2.752850155830474
0.8351737806500344
1.129419607053796
0.5149517531664034
1.4988058663380808
-1.5889982253647783
-13.322155715497868
-18.751744450744592
-13.27858486731039
-3.342735509702733
-1.9272609499403606
-0.06731286226166627
0.7696018947792446
2.0044988090811375
0.3884205578730135
1.8013507716037545
1.7921248778196022
1.3359989639608714
3.621044322370386
11.10217540281314
12.884142859456205
7.672194760235281
3.6291682493975403
1.821471403161665
1.2959255191717103
0.9916627663141311
0.40973856602664893
-6.533270211320322
-18.374149706335135
-18.93571751676516
-9.042211252727757
-0.1848568271846698
0.7862489314689342
1.1977132573015814
1.3968201623691483
0.04906075988693404
-0.11045661023217118
1.8775236817607046
1.4899964203777873
2.563362052062577
4.641230892441958
8.493404601208407
10.610076150331208
9.680180709621807
6.655886462888498
1.6633244115652739
1.5222833760917895
0.8432417408619782
0.24300726088984345
-1.6018171036617386
-7.917706741471721
-18.77157826337839
-18.647843483522028
-5.872675683860509
2.571080760143749
1.1248704651759138
-2.105573462075487
0.6856655257735788
-0.1197367225896394
0.32105173932946324
-1.036198077148876
0.8106692011812695
1.2879555674163061
5.345017239977062
8.664924356250786
11.380530021950902
10.405844078963687
5.570131485227359
0.7937799241609228
1.9727828705142585
2.963840569324469
1.3774880637659486
-0.6496204553432606
-4.2747033532990075
-14.893153402011745
-19.005475108166408
-7.362947953007078
0.3817231834505116
0.694039661215651
-1.5614041159002034
1.0581936713847833
-1.4017966064239606
-1.8556360463872312
-0.4857778367468699
1.0882484733806472
4.087145650279931
9.127350845015417
11.94410784390534
10.245887152611447
6.553970954900935
4.405901810781173
1.7324734679750016
0.4620684986048923
-1.2439429350212516
-0.46173514615263034
-0.08006268760110152
-5.756580633475872
-17.752423827752366
-15.402068642749486
-4.097749549362657
2.4636021207217595
-1.2982267628793955
-0.4208953490177984
0.7243065638584865
-0.4425803406532912
-0.08486358725416554
0.9401162277344532
4.862184223257522
7.811071809002801
10.905533395011187
8.652538224619024
5.6917634621154
3.7204462561147045
1.238980711619475
0.3939611629765341
0.14936144080868016
-0.521836530469639
-5.399178309938425
-16.4392218541546
-19.657535124324827
-10.444720301414963
0.6070419512229982
0.8772169163458369
-0.10908964243422814
0.7554114903203639
1.0613403981324923
-0.08682901616165781
-0.2580076219040113
-0.5940665363238598
2.0871972899866718
6.199975133048166
10.365986350782833
12.595572592919023
9.42854152522491
4.183737662349884
0.2544003243380517
0.32261593590884213
0.26730735507075926
0.709103094183681
1.1853142731779351
0.7665260451180772
0.8664302342460504
-3.4117381073638917
-14.329973976242583
-17.86007659294592
-11.052841839111798
-1.9306864695034622
2.5171558129706706
2.0634756536065635
2.0039145242969156
0.7858538062615559
3.492844951262475
-2.1953040280471785
-4.370850970127271
-2.1432797742665852
4.362288896141819
9.231183339630036
11.51140917892331
11.07146660118596
5.368697019232092
1.5002758080573062
1.2914235268389154
0.90945538981532
-0.3073941716367312
-4.563030966708258
-15.572731222943231
-13.01524287963891
-8.387783446009674
0.2943802509674203
-1.8676577124900318
2.3098942379406484
-0.8026181659499244
-3.0935814908002444
-0.664887027491889
1.105721381763335
0.48929244810101696
-0.92522252196373
5.821319983905848
11.931827713640022
12.542878336954473
8.218309366070013
4.620713336906871
2.0482875239587033
0.9986666016343317
0.18890224775130426
0.5157049678281053
0.7975313851227257
-2.7429057151850453
-10.795344036493608
-18.462064268540935
-15.1817593257221
-2.8645938556073096
3.3303623242799447
0.7450032454761101
-0.04705841969750618
2.177490659271729
0.5320525053659716
-2.6394937991319645
-0.5985627769362405
1.0769132901975902
2.4284759882972167
4.9333293272112915
8.741650694973007
10.147846388697692
7.692963133422116
4.472131173695389
1.858408336104218
1.0090042504390264
0.69188136486974
0.16212829668944165
-0.4334739086119572
-3.8581422246224477
-13.89807938529024
-8.838904100805655
-9.490493428744069
-4.368778967648216
-5.992279461465685
4.17159254218992
0.7927324423302673
-0.14467059323093942
-1.7313521539910566
0.8156964794287265
1.4672345741805117
1.5849368016312244
-1.5363664826970191
3.5672358384378247
8.276152614946504
11.506694605706953
8.258823875734715
5.2284079275278055
2.5062187356434307
0.2518765124422271
-1.1058592192779488
-2.3465316372873164
-2.582715992709686
-9.973871886406748
-12.173672702387016
-9.565121336331455
-1.6292636403003504
-0.06252963841831793
1.3629414044166648
-0.7934113349911703
-0.44136790241379
-0.06540924922850545
1.842861742232352
0.6493737706297044
0.35250957645431696
1.5840687096963952
4.116216175644023
6.517923307869668
7.5296191176617615
8.76735009739005
5.794172628795501
3.3208593961955333
0.7420209590274411
0.6501420480801344
0.216678234129842
-0.5889472126010519
-3.369997341832954
-13.521766605095769
-13.175798150453002
-11.840450507103201
-3.3811741581562673
-3.7860420953704756
1.5734584955533544
-0.42671108875430724
0.38610716813323814
0.005414965222081144
1.1035440536391863
3.0032047027011863
2.842480935327
1.4568746169620357
1.775257034886882
7.20904317156137
9.14185739211252
9.19133060928209
5.872723834256447
3.852577662198591
2.1595416354426598
2.7014729438932803
1.047050231594459
-3.141184427345587
-8.565145132325037
-15.870319462507675
-12.662409599376883
-5.705713312475007
2.199648736932759
-0.976010926035777
-0.7015719237491399
-2.312687332029014
-0.20482663253521233
-0.6242928767450895
0.37704403280797794
1.2335537038495192
1.9884321889746646
0.7482076821745663
1.5098274413181105
7.023338746113271
10.371293948718932
10.06441539385418
6.564159771730702
2.957493547889349
-0.0702302504562338
0.5468402170508965
1.1870774931643588
-0.7328993585810898
-8.249725811707755
-11.041185057354177
-13.462860553338995
-8.598991412794636
-4.576194308988286
0.7778602358886301
-0.23519506360388934
-0.8384737763394722
0.2478347049250486
1.0447908369396157
3.8767203587223498
2.373956952296853
0.24289919675870533
1.787984899381947
8.429389827611839
12.26954675620976
9.166379372425528
4.8526494775388205
2.51213088277607
2.4075014820650353
0.9345648828184914
-1.5434180702905929
-4.341353862221946
-12.734583476649059
-8.56807699201865
-10.358054315271364
-5.641700046054554
-4.431492688336996
2.5048129992027626
-1.9761471371046873
-1.2981496458242614
1.6632130378150178
1.6175809083527988
2.1404495315765586
0.517200617591653
2.319263749009745
5.892410401436372
12.273919241166961
10.33877437751986
6.085672740724084
2.3996327184706727
1.8051979747701146
1.7071684273619643
0.6511638084124797
0.6978476950382658
-0.6779670639564713
-5.800929477460364
-17.266704158389267
-18.730476369626253
-8.630720447775113
3.163688978751488
1.8481781475120598
-1.1883329508617395
-1.6612481759552056
-0.7402752023891012
-1.3461765230657234
-1.0499779612887097
2.31963888152516
1.4027435389109197
3.6266585181832127
8.038829023743318
13.501956706739856
9.826264215125367
5.763377658038747
1.840819674418825
1.2648231582539124
0.5492357531162544
1.4386006976990058
0.24508186588673045
-1.8776150355234569
-9.803619546777272
-15.135173244893585
-16.08504543238775
-7.6542135583252335
-1.2221669129017163
2.803222600113721
1.041300058632609
1.071895395369216
0.280212845132121
-0.7600979720842004
-0.7715632381197313
-0.5730878868731124
3.7068785408854747
9.195479975004782
13.856895662745504
11.204160197491992
6.660653465027001
2.6789497763363634
1.562792718788355
1.5362032709444442
0.8539132720821204
0.3992467198297024
0.20244326805993854
-1.3477571508761843
-10.084423892831229
-20.706439917246428
-18.148135929098352
-5.2374303453982645
2.5925563169354735
0.8238832737585452
-0.2230744381283689
0.62984986510843
0.8172328395055413
0.8571714723220274
-0.8985497975433034
-1.3683899059885614
-0.327907748401414
5.357670374069147
10.390904899711238
12.360722492309725
9.244447821853074
5.888729504265487
2.5533878792694873
2.0116775782348517
1.2371874185387892
1.2664111609709274
0.24980556444622248
0.2706054662464229
-1.0194142298937183
-4.266312599212992
-14.251306281307489
-20.66401992473961
-11.931646103814476
-1.1950442643040393
1.7724680632917067
-1.152921347568396
0.5605706336278836
0.2921827772778498
1.062619873650506
-0.1034494023254085
0.3369749807657109
-1.042030513706233
3.0648579438956283
8.092638370390707
12.063500277054656
10.31654520723823
7.237878545270775
4.717252869154774
1.3647393141862383
0.6796482779986541
0.7510247289364519
0.6940837857997205
-1.747841417151254
-11.143980823777367
-17.190466683863026
-13.233004154804316
-2.4874961412187626
-0.7069680232542739
-1.6270198506979854
-0.34563780442117137
2.5500638350080878
0.09079111766839391
0.08523885788496742
0.1509937907608591
-0.9484899743074254
0.9124463044275063
7.795431287161613
11.305604414019514
9.672427188820723
7.49161856028923
5.257008710587577
1.8587770693478625
1.2169697678723705
1.2122121232736016
0.8594027127261955
0.1403915569668226
-1.486765775679683
-10.680432609422382
-16.06758369273834
-15.073044770655232
-4.758044830262896
0.47996319909992674
1.48806526569801
0.36952315838636113
-0.6135891621116795
-0.7351546661005627
-0.28347778244343036
3.765111091682757
1.9650921509186927
-3.1199455184147142
-3.0264667845869484
5.36706045962631
9.667173689526969
9.653935920994956
6.836725841620361
6.312729260625358
3.38349190300612
1.8270840686501306
0.7427030695257927
0.46521857024408564
-0.36810304667438787
-3.1942203973014722
-12.917285129864613
-14.62534256533785
-11.253663962124646
-2.8804139647719205
-1.8393846071715707
0.6781281251852146
0.8004901749525434
1.0383025455524089
1.1012379417034492
-0.3965262898950342
1.6937431945276324
-0.6418180352847432
1.5818215318227191
7.94768783045662
13.276829588469544
9.74905343783707
5.122451345428732
3.4375065287561357
1.4691255969664687
1.0611853804627107
1.0052967036379579
-2.895238893800807
-14.115165812768497
-12.513159639426958
-9.093637244590944
-1.3290405799869816
-3.699222338268974
0.48040383083242333
-3.2699065783290844
-0.240021915244294
-0.5532394986695762
0.02306676161990865
3.16128641807489
2.6087124249868916
-1.5767018039222689
0.6060074301910572
10.188095476229016
10.913992465861018
7.9337663025401195
5.206373866302064
4.088228962519319
1.631246291941374
1.749995552401384
0.4344719050132035
0.10899106467503425
-5.356913517569207
-15.386453548098611
-16.279129076891838
-9.269283031936114
-1.2458980996787339
-0.79285971992429
0.3304260390465515
0.464718807771518
1.2871448605740043
1.3710886466245007
-0.808116369923546
1.7200995676877429
2.6797463475362022
1.1009819070000555
3.09947820104091
8.664369479007023
11.003239064382983
6.6550811688764755
5.078894126929446
2.384809913551177
2.2637555423837346
1.116565065457206
-0.8033729573704118
-6.144862361186126
-14.32508304092866
-13.805716749610268
-7.295571239272925
-1.8519721839298824
-2.533171573051983
-1.7760809500346082
1.0599770888064663
0.17868841864268947
0.14269983033503808
1.3340749997321462
1.7108639330307445
-1.302493935235213
1.3852103574007346
8.11544117481582
10.185525533773456
8.218257462364333
7.051414932171679
4.636725488400953
1.8324001501879537
0.8155254504331072
-0.158960767897738
-2.6865834162576214
-7.794698227423816
-13.302663187761466
-12.831846502578939
-5.919506239035328
-0.9115497159120471
-0.05334990151823591
0.012816001090230263
0.18460617866460993
0.36104028893971335
1.090487526284165
1.6910643667968503
-1.4551210407640376
-2.334994608340686
-1.676640367126248
3.26571438977711
8.148183903962035
11.496075027855007
10.216567099912561
7.024908494828057
4.41865796350107
2.3252861214253753
1.6860282375864992
1.4582691032029234
0.9642871202542911
0.014937088285534599
-1.7706596518117708
-10.204846993498034
-15.039673471624795
-14.580948102552485
-7.069582043479537
-1.4711988210571179
3.9628950849979616
2.3292356219891124
-1.6446443041222885
-1.6809919766473371
-0.3551345057615515
-0.7188800756190517
-0.540812944346447
-0.5067812258301005
1.505597655520195
7.07762970254298
11.250178358444076
9.075073001521563
5.881943858730413
4.5856710677035455
2.9377592857397055
1.9873464045896416
1.6496438081720792
0.41949127450754764
-2.2591488403011892
-12.775312611965692
-12.710521814000975
-12.08699396683521
-3.7471966013074876
-3.8461271138019857
2.1628524460257634
-0.2965475012061202
1.0382134021313358
1.8568939794101469
0.043327839948026976
-2.1721553635122697
0.42268104114922606
7.919027997625079
10.10097809052929
10.17016355659254
7.770893453374983
5.574824155898561
2.213460210867543
1.0991071461174426
0.3721820902710949
-1.0539455666680295
-5.100953791249215
-12.439092032874404
-15.327235400019516
-9.510254403599681
-2.6496621144361305
-1.074410930190805
-2.3330183834516824
-0.15137375461320043
1.26781058483437
0.12935310546650272
-0.011051012101621077
0.4582193858166122
0.30246671258289554
0.6528170198473853
0.33670847637326407
3.46734696755987
8.452713339196043
12.951964068817716
9.518169454061686
5.951529443625956
3.529566583539494
2.0942627524087722
0.9359724347326682
-0.4722975923534976
-3.8142041418322017
-14.01462730494648
-15.758248296928251
-12.517051547290754
-2.3064267411440977
-0.36165461430774154
1.4784296353325201
-1.0145712351219462
-1.2322210426162743
0.46088541855382426
0.27317070904984475
1.3279887610802128
-0.9353359787591208
0.9020324368843083
6.098396930957154
11.623463448422351
9.947560254746957
6.86983952540263
5.1467913467786355
2.9540001716601285
1.1253611149503824
0.4952299057771163
0.5582965284813202
-2.3000401142914324
-11.046529355642113
-12.552920046757018
-11.439042013032955
-4.739413107820179
-3.5799116756900613
0.5681968835081558
-0.6502510687032745
0.46201935393668353
0.8409739159432814
0.20412694637786621
-0.2526080875657718
-0.5616284324624086
0.42517381143665905
3.477303314422785
8.647589733989205
9.726980410068547
7.058927288166356
4.730585272591048
4.145872218473059
2.2444676146786997
0.06248943384728056
-2.045383037056091
-7.247784313850446
-12.65244767826969
-11.47164402863829
-4.907802563552835
-2.2595204485383444
-0.08142604744115897
0.11139642618515246
1.9858164461868368
-0.3301663316761796
0.36379786472868786
-1.5598751597016798
0.5399425832851269
-0.7482287433165319
3.48064727341911
8.08323335580917
10.855408037110722
8.652949465542413
7.323397755516465
5.506682488237957
2.393035151425634
1.383617798536648
0.7285173107505398
-1.6618258515454476
-4.866019575020739
-10.514781619741097
-15.160488246636403
-11.92155750827491
-4.768924091050232
0.6794952248837539
-0.2887953534952473
0.8208779350913294
-0.30763367878018394
0.3908103003834873
-1.1943220809679973
3.473351067028399
1.4843738922510774
2.185097565063452
6.196484830865976
13.216301143978193
11.28040442529533
6.1877902131295475
3.878245694856593
1.527255122404065
0.8309348729224229
-0.24381940261683885
0.5593767102443757
0.8427096951757685
1.5095452954751725
-1.8197117583145763
-10.323276477585868
-20.337403567012764
-17.08725443721107
-5.069837383243866
4.165047061168682
2.1853694813032396
0.6110583121210806
-3.1696570001116755
-3.109867423086187
-1.5551202455312567
1.8985436183278093
-0.4565422075286178
1.604791136527936
7.330852245759197
13.274947166862505
12.500516981710332
9.146407711786857
4.658379120882799
2.2595403020232663
1.2252062072720924
0.8293002587911863
0.5438162736571714
-0.9775449976879451
-4.462871540929055
-12.365879867089175
-17.732089102393825
-14.211002803431642
-3.1300931186530416
1.8335938646178338
0.18909819886872611
-1.9884821081600719
-0.5388747030475752
0.537274258658838
0.27117769919041
-0.11963539744476129
-0.1184965056098048
0.01738969318397442
-0.8275206129501578
1.9956053047011484
9.237224628594866
13.776383353954726
11.809293082579583
6.855528720586514
3.603763416458144
1.432318547800902
0.9117825110122054
1.0168006004541374
0.671432679719997
0.41352623879025363
-0.6391568492395291
-5.751090047421946
-16.023521436463113
-19.345272028530427
-10.879482494668109
0.6513206420105235
1.5297813086195782
-0.5025028468305794
0.6614065131876716
0.25384369509125787
-1.2317060975666179
-2.776826980969048
-1.115932555437736
-0.6517931656806734
2.1802401816870844
4.3149194828427735
6.850780113817432
9.067175474378807
10.8602662187624
9.421652758303487
6.51113445802021
3.146943670778973
1.6739517190582929
0.6259876112888897
-1.798492212578553
-7.664348676362626
-17.22195055929816
-16.888219954587875
-7.657781113448894
0.4764525651458292
-0.36666850046520333
-1.26194216618533
1.0131293505993308
1.4705272524378534
-0.3480790500515702
-1.5915074607508752
-0.21980597981972985
1.6032223416381928
6.7808894707636345
10.396025531845067
11.736688521097559
8.699355933631491
6.63327193268469
3.7271208580793522
1.974607707773317
1.36449816082691
0.9180349744557226
0.0026302134480006675
-2.316580592324786
-8.744316630985525
-17.27450413913823
-15.844762728466277
-6.634720298007335
-1.0100551469266397
0.6865982369655407
1.4981194390604942
0.8582388566054663
-2.554298211881615
-0.7922956092981168
0.07113957212754567
0.7729132961160005
1.0788413220877078
5.686435301609621
9.650540800765885
10.442377593463842
7.8404011222017695
5.442598247113684
4.14965462471618
2.2367463141482085
1.0517816732569927
-0.0499611314343273
0.36466724018715607
-0.3823223676294302
-4.006751361891338
-14.829039122615619
-17.686805878890908
-9.653368828104194
-0.11039540159444627
-0.5545440489658953
-1.5457445719579868
-1.014153513424733
1.8573769037686065
0.8892711849010169
-0.6784974864189297
-0.6019477697761519
0.4840753287267539
0.9365114005951829
4.58028671401988
10.522332370270094
10.01466804452127
7.458131638807177
5.148003212929788
3.6741897169909543
2.231071736405974
1.571442978560103
0.4964959075073121
-1.7651792692504402
-5.670807043055928
-13.436768492580422
-15.680319888680495
-8.961608388535062
0.90326586890941
0.8498096984975367
0.9997008743389976
-0.4737998638396743
-0.07943705833544541
0.5271678667163193
-0.27668320920387307
-1.7745007159995732
-1.6104734674949919
0.3569275560160534
1.4547989662239442
5.006657709187301
8.387891692974302
7.353495547581514
5.872833694125026
4.091083640824821
2.3297200863086567
1.755915107954853
0.7282363809857245
0.44768712488492
0.2055936108044404
-1.832711188984992
-8.985965998847277
-10.521970813941019
-10.200584416207043
-4.2027013368399295
-2.1605059020536133
0.686124004074667
-2.3610163971473956
-1.3076662238708887
0.34839597248196086
1.0975681496385359
0.06865102295789906
-0.12505324926864447
0.11811929409617095
1.3315068661047404
4.119489785102341
10.253007454091037
11.322394665555134
9.4845926064408
5.368692335904162
3.690341313041433
1.5758463475192837
0.6602532669192616
-1.3081930107744142
-6.685790969694272
-12.467652580176038
-15.557462234523594
-9.685661381248503
-2.099994076990355
1.0328838209231852
-1.049319415772395
-1.6636597779939377
-0.6749444646356847
0.5075102793253543
0.9563520319692514
2.282703988473097
1.1284890845385884
4.251915828447658
10.121155072465188
13.641983979698693
9.139490660495719
5.470598686619401
4.136100731675298
2.65630561680656
1.013992699484767
0.2596998291397249
-0.07998319566899863
0.0018321880144990185
-0.9167850959742562
-6.557686668897221
-17.221094479351578
-19.599031116482934
-8.537842141240393
2.5624815559674836
3.8145534231993876
-0.12831510594335635
-1.3173650369344814
-1.968094973349072
-0.8842953847062435
-0.87921711276758
-0.1373972577506344
-0.14188261205004996
4.266505533757473
8.471207766682056
11.780161625870566
10.5723558564693
8.508139119175413
4.891004112089968
2.2976641644455813
1.1938056969919066
0.3409963491005457
0.1757214788660877
0.4660614868610651
0.05873497415507357
-3.730838275980938
-15.866966528661985
-21.225884460713722
-12.327600782618287
1.2705255098810815
2.3084740804126804
2.137036413183333
1.534021389779704
-2.4752932259316323
-5.6472521561116595
-1.9666039822553605
0.5363026979515456
1.7594730110119776
6.078069245826064
11.165068502554526
11.721013908898907
9.54686422486311
6.3399695223731
4.153673553652198
2.742509731491443
1.1768082655789263
-0.5784939824142961
-1.3522177685391492
-3.085053453152413
-8.418069892868608
-14.534222472675268
-16.658434674504175
-10.752075188259969
-1.6331069240600864
2.350893099029723
1.891799800558756
-0.3115830860879706
0.4328097897834055
-0.3718587501029231
0.09213892027928518
-0.8233310532159269
-0.14539838437880975
1.3051123858945253
5.832483058672861
10.01604913452808
11.890995681445792
10.226371055929983
6.770324353712474
3.0793010011201876
1.0469771353077446
0.8060288140940478
0.6215176976480239
0.6566968633240172
0.37546532310203684
-2.065898167618256
-13.173583265207919
-17.150039903125045
-13.931912755347998
-2.7821293175994772
-1.3332246190833636
0.12886273186729091
-1.7115382802507146
0.2749009133049438
-0.022741423257740864
-0.8232880883903486
0.5234122356902549
0.8960694640917409
2.045370177800734
4.617046548591716
9.212188589124626
10.480238697449638
9.071870288581097
6.1757941243296655
2.1042432881308155
2.437185617274814
2.2677963841646998
1.5989050833808303
0.49279264849581367
0.945036535774214
0.3942284170526513
-2.377478060438462
-12.064849269285933
-16.92960503876989
-14.828085570362056
-5.017555681808253
-0.29222766294253005
2.9489617873208203
1.8163072497006498
-2.237166882595543
-3.4226839397884103
-2.061657438117781
2.2579099925041537
0.15745183820294778
2.082245984263647
6.6960693882842985
11.92715497855591
11.070344362196732
8.190540502384492
5.017909998912723
2.264161299142715
1.5943641512666824
0.8300212957800818
0.3094897389072247
-0.26244054378379894
-1.4323119272274125
-5.588139487563322
-13.711018556993817
-17.990042353746993
-11.601926075017618
-2.821602598264554
0.36625765841617813
-0.13255527427805153
0.6899420746132311
-0.7546352806707516
-0.795861171600611
-0.1788861379851877
0.8926058225754955
0.8892397143546421
6.093293830539641
10.517887411890246
11.54029552430272
8.408643788108122
7.094972799535707
5.327460098026197
3.0235265022789
1.5580444113435596
-0.09160528111784215
-0.20932022642620676
-0.4639783910697967
-1.6401617690570225
-10.790533478450657
-18.29701000394102
-16.40032514572168
-5.023782464342563
1.8074717981103436
3.937596330412794
2.4850263603929443
0.4124368897600573
-0.8882779208020701
-0.16281784533929625
-2.4984807315242916
-2.641569293756065
-1.6122122527515372
3.3756711926220784
5.555499930734795
10.469782322634275
10.538885418071992
9.65106559565085
4.7467344406942615
2.2081105120251823
1.1450398159029003
2.069875451105345
1.041202557515352
1.1563585262718226
0.45694439813675536
-1.5531816280425366
-8.983380046016018
-17.27177574516078
-16.65583721053439
-8.071999148788755
1.4700676304837945
2.1763994522167502
1.410221518061602
-1.6186473165362767
-1.8437893896888682
-1.933958329921912
-0.5260860981997841
-0.6791390108457682
1.7942614084805883
1.1024636071894578
1.772817061090611
4.367342001077638
11.02625699847001
10.642661514848651
7.642066462023504
4.841873730452018
3.9822469124259663
2.00738562176041
1.2416529696925767
0.32148234314296115
1.4561221941417142
-0.5305228391580599
-2.9267938652496883
-10.105965747557184
-15.576391646558344
-15.08433739892681
-4.249981061692124
3.874631934212745
0.9012217570138438
-0.7916666126327182
0.4763172058336112
0.9851685295092287
0.2566037946834295
1.4234806669253195
0.48607465368017305
-2.2818830444063933
-0.6907820607823472
-0.26855629978888657
0.8888782954473721
3.33671779687329
7.150150096078638
8.547445260774994
7.666253641916952
6.0563193328129366
3.863024504446126
2.3930653535672266
1.5789521243782088
1.6809755664631165
0.731098441898687
-2.384990321662339
-7.361305126053631
-15.311239482534157
-14.962053486527797
-8.057132825849415
2.4583292146908367
1.7681681999513577
-0.5440627847119638
-2.7061265212270285
-0.06915271503979946
-0.6230957431530484
-1.4770923726093261
-0.6074271454232228
-0.5447690018805617
3.9343216581019975
7.46856702202285
11.549898266033134
9.560210092095131
8.654631301850927
4.214806348919871
2.3382719696816308
1.141582557933532
0.4024546198898189
-0.544470558290208
-1.2802050626133883
-8.41231388281581
-15.40191694589112
-14.76708554159941
-6.081383285918349
0.9567790491302453
2.0106821401061494
-0.47996278225651895
-0.7760607366275076
0.2674835232713876
0.024371100298306102
-1.1499918335029984
-0.34065099885532296
0.06971894752174754
2.61755541307995
7.721998246878618
9.619994212556552
8.3122496371712
5.008973351142859
3.304736535458507
1.5174087760079686
1.2401902569012295
-0.7944562432515164
-4.729079388667601
-13.65622846025768
-8.419650198254855
-5.8114273034227555
-0.679304048224588
-4.04964862882261
-0.8157449681773555
-3.9895802851960545
-1.3146743378745445
1.4324063778951572
1.5405778986536147
-0.2948369565507226
0.26179255848689315
-0.636848381765646
5.239408259938808
9.165454636190448
11.08507077468948
7.619997361462326
7.30554742487634
4.158667273783912
2.025177928822088
0.970170448130278
0.710796515539081
-1.5318396519224358
-6.376567891207785
-15.425901718726948
-12.257062492198536
-6.243196475399489
-0.02373408231095182
-2.2277739517521544
0.44666476249438575
0.4096405714801726
-0.21106131637711775
-2.017926298126916
-1.726087483275943
0.7372480621005381
0.8733897259948648
-0.8990667907640149
-0.2514214828630269
6.684451254598736
11.59448955910805
10.271868799274861
6.23971647955001
5.355234695481741
3.7666871180707804
2.1586173244061517
0.5856858892413652
-1.2277725381055662
-5.887100462711163
-13.319822372181022
-12.734555065748872
-9.265121633593177
-2.518955623699763
-1.444953541705091
-0.009565515586393462
-1.9288091654398287
-1.9645758398354745
-1.098030802498604
0.5597067428235133
1.384863420380133
0.8955625996215095
-0.08073036845503438
4.468574702606474
8.629122064165948
10.044164806603685
7.599395237111923
5.79693305735109
4.064623528941709
2.7820707570993246
1.9624351286832216
-0.8566073772954396
-6.915843507988075
-15.015616690404627
-15.138631839924894
-8.077486801359505
1.0605417079099342
2.395078606717461
0.059277398206561034
-1.7886099374317828
-0.695373332528343
-1.2134052044889752
-1.560135583962069
0.637730209879198
1.9088008491604513
0.9641357129831676
3.792109277980827
7.397928975609476
9.300682410751843
6.938312697481078
5.1568661842143
2.797391086666742
2.5983829625939316
1.6818292919377655
0.493487347429952
-2.407533439726556
-9.717880097100965
-13.128329499793416
-11.628100426397964
-3.6643288419379885
-1.4098935743927712
-0.07168761200555726
-1.0703750385134574
0.7105352362420551
0.24529229953172024
-0.8503761860942891
-0.573643933900665
0.8770556731274468
1.4384025755019145
0.6450227378755963
3.341459863293062
7.500492699328972
9.745050306433624
7.687539150641346
5.424571785144816
4.622200416518995
4.20280205648078
2.250602879931364
0.6934632272250213
0.09515505797405521
-0.3902058507247119
-4.9927043691441115
-12.406354331952365
-13.821680876824676
-9.981692092054667
-1.6786862059887426
-0.6511738424783571
-0.04563393157159931
-3.5607707150720813
-0.46767061060115683
0.16569891878176346
1.4245477858111433
-0.6956320596344453
0.19926870367938174
-0.04372615323008127
1.8671326562104493
0.7707552872048928
1.539788214000306
3.9264352780522667
7.028461047651029
5.649199713278107
3.3226465769852354
3.308995707851844
1.937206421525163
1.253647074704012
0.2985493030832597
0.9552682210764717
0.36997190745487013
-4.906161283419758
-9.53246784398144
-9.81691836086473
-5.163047889783911
-1.8581558964230434
-0.7656159848799807
-0.008871257402480548
-0.11697434764405933
0.044985234889873056
0.770309125053889
-0.6685420169521898
1.0931093762585649
0.3097681917689037
1.0832605600723355
4.000892769204076
10.316887033088278
11.47727035902622
7.521841176574694
5.842595375208269
4.227241727549578
2.2291052503994213
0.6230884071299835
0.17989001426527063
-1.6395123782072551
-7.361326169520177
-15.975156937175393
-15.378666073785727
-4.888998446274969
-0.2533542030829388
-2.5472420676976926
-2.838130163906449
3.4595071481431403
1.3373880295459009
0.5240335210240944
1.9748347846601524
1.1353907983564444
-2.5807770838571575
1.5674145071233683
9.336984849370149
10.854890719308592
8.122244003594407
7.0968418216097024
4.793139352799875
3.4226143751499385
1.4118766154572218
1.7060180883141423
1.0429637874800926
0.0005478456598773418
-2.5999906433307687
-12.658384704853246
-17.16418127078044
-15.613173770601861
-0.7652810879921248
2.2552044060345864
0.6050743612412499
-3.6129491743445095
-2.9189716356341666
-0.27860589721785206
-0.028976876766698672
0.68162635337273
0.5622498786141694
0.2689193103808911
4.221606653763497
8.131354049599171
10.85633100450798
7.405947270202024
6.549263707266401
5.831830368278379
3.3379191777706394
1.4654747898352833
0.4917600594002649
-0.004493488454180549
-3.410077141463621
-12.411538698754843
-18.30234089434463
-12.955761359421293
-3.6493062037691293
0.5668884642688692
0.06759701548906534
1.6183526934980506
1.2756986886528612
0.5784155052276478
-0.3115085408717116
-0.7757187869285045
-1.5856393692528556
-0.614975089564462
-0.2352709619317545
-0.1256510961025641
5.379658009766744
11.898482238268354
13.021424013077501
8.428884982039817
5.575217276997264
3.213947711702137
2.2659589034790195
1.1245975598636977
0.6805201501007816
0.5027849009757542
0.10827933439891918
-5.377314709915581
-17.510690223755642
-17.711016342905967
-7.963301685068447
1.8223130054221082
0.45870965350635284
0.8581050096478281
-1.7093608151718929
-2.760133311027782
-2.4282173001430025
0.09866357107021251
-0.42494586151426683
1.264961543560605
0.40039591672136776
1.9908819108830722
4.831010109147709
10.304037176673889
10.56768829435611
8.891904759172139
5.79350959195226
3.4435502942517697
2.1825272084131426
1.6064095128342613
0.4579364880519348
-1.1862996978462768
-0.8828163045003015
-2.4514009239643006
-8.611408308957586
-18.047995549082017
-15.308690968956341
-6.895701497552259
2.266218561312082
1.206402885864479
0.23705316040691496
-2.0399802137144505
-1.2225005349085722
-0.2218775241266621
-0.4432770979263348
-0.3152588285393667
1.5805769562436278
1.598079316530226
2.1068751209582293
4.369050562938963
10.060593849820368
9.888692814831916
8.166647403789247
5.928130701738976
5.048795541386884
3.035783844561262
0.9588173726001327
0.7816812642795012
1.0885301933107636
1.1422459738020487
-0.23984369173814
-5.482673287013429
-14.083318495966283
-18.588683794295097
-11.301502046599612
-1.6154938802516008
1.2124915131614542
0.034851079675758505
1.70650875739165
0.44227553868503483
-2.236516785409739
-1.966518502371083
-0.42528197658431355
0.20154703212137007
0.8160511596547733
1.476743560170773
3.571749051713242
7.128868249268497
8.627150796961045
7.5837986465548815
7.126272991360537
5.733750996391954
3.85908318766175
2.098582278420295
1.4296808494121063
1.1105909764430595
1.2497769292011407
-0.5639418024635
-6.553230745866651
-15.964820882133324
-16.5816795592111
-10.367383562652025
-2.576311795934942
0.4675198525566439
1.783830166698556
2.113103390021848
1.7218384514183562
0.40049453563540904
-1.7382901545380602
-2.1647760772549915
-1.5916636030125129
0.8874991765521927
0.6738584987895718
0.8381658028281207
3.621612686613753
8.93462412855596
10.876200236462964
9.474091763645271
6.814535845535413
3.77176654777219
1.1969487486144406
-0.7022559151445584
-1.733612221731149
-0.17525026963266185
