0.4798761609907133
0.357405140758875
0.4048582995951427
0.39210526315789596
0.5365025466893054
0.41828254847645546
0.5164473684210542
0.5365025466893054
0.5578947368421068
0.580762250453722
0.6052631578947383
0.5365025466893054
0.6315789473684225
0.5578947368421068
0.6052631578947383
0.5807622504537233
0.5578947368421068
0.5365025466893043
0.5164473684210542
0.5365025466893043
0.6905263157894767
0.5578947368421068
0.6052631578947383
0.6905263157894767
0.5578947368421068
0.23774954627949246
0.5578947368421068
0.8421052631578978
0.5807622504537208
0.7236842105263206
0.5365025466893021
0.6905263157894801
0.7236842105263133
0.5578947368421068
0.7236842105263206
0.5578947368421068
0.5164473684210521
0.24376731301939156
0.31802911534154726
0.6315789473684239
0.5164473684210521
0.7236842105263206
0.5807622504537208
0.0
0.22631578947368486
0.5807622504537258
1.0
0.5365025466893065
0.6052631578947356
0.6315789473684239
