0.03989155036304336
0.05414897729143929
0.07390292053568212
0.0861087792784498
0.08715013001764405
0.08669472976830613
0.09845874282728681
0.11628544304724767
0.12807763809456968
0.15621424554185206
0.1879223118966048
0.23645812554753254
0.3427775084352323
0.507085143369677
0.6533009619781461
0.7512529527356261
0.831741939051281
0.8829997527654119
0.9135457033835555
0.9389206939365322
0.9618306681289236
0.9707146088385399
0.9698681988909326
0.9647468416002016
0.9553505648034493
0.9391714609932316
0.9070050759571192
0.8543660459639275
0.7867432688564827
0.7114152017539292
0.5647134725446735
0.38732205519686425
0.23085594173641544
0.15095132650696674
0.09946759017306236
0.08806989103671681
0.08488378009577333
0.09607770374958777
0.08911490058434679
0.08852636801304536
0.0794121659612862
0.07644422251846245
0.06854543838380447
0.07730464466069428
0.09887007171013987
0.11060010871651212
0.16614230171799682
0.19574758257606495
0.2349569178211851
0.3207413501714584
0.4905618423255056
0.5789986804337532
0.6113172253301328
0.6427653114428107
0.7031855754680418
0.7551697925327467
0.8045965023533448
0.8303165343020102
0.8327678015111146
0.8165594579259523
0.7812463658872058
0.7301510151412468
0.6693932787332788
0.5781036987228723
0.44860156643643057
0.36233788234380004
0.28164120329289594
0.20765908430397514
0.14381619343208
0.1171597242349457
0.08453278155594224
0.05864319462944205
0.05759615157732955
0.04778312887563016
0.03867513896513139
0.03341317413018977
0.03562552691273654
0.035986463797040374
0.0439051988953242
0.05366015007531877
0.06414978376022655
0.058756300000703685
0.07728492588896627
0.1328531724793255
0.17577317997867414
0.2434379024633301
0.35013973726638936
0.46878907407741216
0.533759916110863
0.5834663784464031
0.6457708301819569
0.6942681154488441
0.7314607571788934
0.735578873715256
0.7397558085738332
0.7374682045040271
0.7376593036809954
0.7274195775630264
0.6936485519566238
0.6253208962690184
0.533827471423505
0.4337232470386471
0.32926966655424444
0.22466302124161763
0.16362160248553353
0.12646484232397642
0.10918682187606897
0.08283910496895994
0.06750674209120824
0.051568204016865106
0.04898932940505805
0.047957036881622346
0.049519608961235466
0.05840307505041563
0.0660321714886386
0.06633152188201336
0.0711280389375678
0.09252368303520506
0.13136506137924314
0.1911126476450725
0.2932132755694643
0.45543490179171
0.6231325024392746
0.7654426167588497
0.8663458816606348
0.9404798316240843
0.9729137503655231
0.9840646071472617
0.9884194232229286
0.9898451712751015
0.9921104246699393
0.9970662403287425
0.993524683454335
0.9769854669941741
0.9417519899357728
0.8876232579775346
0.8157063890338129
0.7191069802419763
0.5779860062019799
0.4442232176500994
0.3209365259646331
0.22479264535004112
0.14089928026127108
0.0957455927746511
0.07124066906635187
0.05508659381130031
0.07023668464271382
0.06904159490854106
0.06399405008667142
0.04595588703995132
0.04674468005683425
0.0516883426746339
0.0538405953507383
0.062209255259314936
0.07946608974619393
0.10286473952056797
0.128815540066849
0.21844962135004514
0.3494556389401747
0.4950102730839758
0.6106480872109895
0.7189954575412775
0.8017859166605382
0.868013528585277
0.9172963708168944
0.9480531245429438
0.9691768159583795
0.9793435971161851
0.9863679330089287
0.9867785109463993
0.9821070657631674
0.9738965397631514
0.9590171637266629
0.9322424158157586
0.8793951779008292
0.767443546011735
0.6067484064131055
0.4096928034723229
0.27519776888950753
0.1882643745304411
0.19618219286941352
0.1570275741927643
0.1130780915189878
0.053586570102367524
0.051829198218333525
0.04240972157344958
0.04016656343510037
0.04071511427672099
0.042908636375293296
0.04043095231630503
0.03643313497111825
0.03351781904358244
0.03357233035960864
0.040876864731782814
0.05719435090910667
0.0963324762909401
0.1163000636746577
0.1883860044155834
0.2866233702195913
0.4374612862534395
0.5741686239732204
0.7252033234061889
0.821048078297443
0.8856871119360374
0.9175115949584136
0.9432025888953508
0.9537473849372331
0.9618607772834873
0.9543966906504359
0.9345163576055391
0.8879677963618978
0.8059399768916695
0.6818184061926535
0.5586956014347353
0.43369809503742185
0.3529825686731718
0.26858751296222505
0.18599309455905838
0.10834425023244959
0.06762069659701803
0.0789318448090057
0.06705962927559124
0.05520034014419618
0.029345721125248563
0.044573064903194494
0.03697941640444296
0.04664723469428278
0.050584523619216226
0.05338570144795197
0.04164203412363265
0.05511621185923501
0.06363842141367362
0.09442991983105595
0.15273550056815738
0.23102117832079222
0.3061781696293284
0.41213803218655737
0.5014347525554406
0.5821368491102832
0.6445140345175719
0.7119598887714925
0.7360757112952386
0.7568752947267771
0.7778506543199916
0.7985781134943514
0.8026087181379633
0.8009847404620369
0.793922111525635
0.7853265152498873
0.7809498378033188
0.7835737848567419
0.7564318527711081
0.6582516699942166
0.5287103726786744
0.40025933829253846
0.28673622208554994
0.19986397908482917
0.15288998355896977
0.11379958651433592
0.07486767002508717
0.07745024790469997
0.08315258212781128
0.07143183643444309
0.046857040763187696
0.04137558926109387
0.03854293950049769
0.042909223604373437
0.045943463507911626
0.04915282423802782
0.06204002567645868
0.07164695941928242
0.1032561006889431
0.14676335785765854
0.1744342870568692
0.17488197802658978
0.20787251163143403
0.2797149567243984
0.3530448083553766
0.4281145899199772
0.48550517827232403
0.5246620751885395
0.5505689970537908
0.5851701979427533
0.5949403492840593
0.5763652278295808
0.540643720358981
0.5122582809419403
0.472048414179744
0.3950436912579758
0.30488567286365004
0.2458678588948156
0.2137813677544152
0.1526470996081042
0.09599776617371156
0.0594617211116058
0.04953252333694799
0.03658900875708577
0.040248471165966755
0.04820707125481345
0.060569533892098605
0.06292220077213712
0.06413821222662645
0.09777458019462747
0.16394349979313022
0.20873536180785318
0.2103072714404199
0.2298099268646122
0.2687144343057624
0.32564623777767004
0.3757201233938227
0.43483584070568776
0.49708443708836625
0.5445535781126947
0.6052807766834725
0.6505065133463668
0.7033602833798407
0.7226364014530282
0.7559077758980333
0.7774063108512779
0.8010084388307234
0.8174889964560106
0.8298523160560618
0.8330113845614169
0.8396935058788697
0.8507745429058383
0.862545709608781
0.8291165683626882
0.7677662861266474
0.623384661182273
0.47376390754483705
0.36282563674550344
0.26287466774356044
0.14760938459077863
0.056316433708307585
0.05713146793550668
0.06488257423760288
0.0847287669852592
0.07883162812451572
0.07598217864863978
0.07684949098660329
0.0747630176520535
0.09262248797599877
0.16421009060218947
0.2609099673719587
0.26890016588113863
0.27038214020911894
0.3016186991727029
0.4149287953116674
0.5093483536332247
0.5946889762195536
0.6345634665598653
0.6700516457591079
0.6966711435206163
0.7059606114707666
0.7106247689074402
0.7117343248058386
0.7105096065730375
0.7052401159389536
0.673230445349646
0.6170749009921057
0.5376007300125816
0.4661471364896443
0.3556977764581031
0.2932417548691369
0.19336868158424736
0.12443283103334968
0.0483472899130889
0.04472243014788127
0.017272712767507643
0.014798351630761177
0.01433731747940087
0.017222992301896566
0.015509010263136318
0.019622212569676008
0.022571478159756672
0.03302512594463875
0.05350408566487343
0.0625461563526658
0.06640485984023413
0.07553225376985911
0.13508088816390923
0.16728726791325738
0.22005540186737468
0.26116553685270105
0.3373111759350792
0.3863670360380567
0.45592191435591234
0.5180422201171921
0.5682334990492766
0.5964150089898043
0.6212682091569078
0.6476050551310233
0.6778202221755874
0.7130383207960039
0.7224621739308089
0.6993362771834963
0.6634246605690954
0.6611788819091475
0.6270497280006726
0.5577305379544324
0.42767748346545587
0.31716365554575215
0.25988305377590504
0.18918854299595322
0.09260980520206785
0.01966702651522581
0.026578709537500182
0.027748821956632284
0.024312651058682574
0.014039762214668065
0.008558987972249849
0.010668271899693667
0.01689167806263417
0.029291379328240975
0.062228992509340816
0.09780685137054773
0.11845736768784941
0.13689988466566302
0.1842332284054015
0.23410624409799102
0.291947771947279
0.3770128926662553
0.4737336507226813
0.5366789351198588
0.5834104153363027
0.6332324069321683
0.6718701065742584
0.6983379202507984
0.7351869292242352
0.7788377207386228
0.8098250548328514
0.8102779917615341
0.7450261057665035
0.6374166748381735
0.5176588220313159
0.3433061879811968
0.2251237494720062
0.14132747274109708
0.10135731062586567
0.03045915101207309
0.032571497866344425
0.03733635656388864
0.03841952911159268
0.042891776427049354
0.05145513862203249
0.056394808863177534
0.07204845787608599
0.09802226720342001
0.131063975841825
0.18907766646690038
0.2519442529746743
0.28629004780174994
0.2945310797910401
0.35995545331542905
0.44494538522480814
0.5133562842930408
0.5635102458256582
0.6228972048374921
0.6745630313599227
0.7018207042486828
0.7284305036276857
0.7416930754878392
0.7421126529294311
0.7156287602155075
0.7135739236623484
0.7165306606673694
0.7208733534200298
0.7106553716102311
0.7121830687828515
0.7044249980600668
0.7068607248947283
0.6965656537151896
0.6509666621654229
0.5361603479438878
0.40017374910981207
0.2663265669557362
0.1593897799576195
0.08207675912621101
0.05140146323298818
0.046615733658323125
0.050489771611525736
0.05130575060163686
0.051136766656996
0.049685247979273095
0.04597593700725883
0.09001461423849282
0.16283200016186877
0.24686589841089318
0.28081386640414974
0.262457330091604
0.24214402295293
0.2727330083254474
0.3495646693107697
0.3876459241279357
0.4293016444234088
0.4772581220599803
0.4749101462360033
0.4351832767809406
0.2840335276025649
0.20957321643500165
0.13891791373920326
0.1292010850693463
0.05268499098151115
0.03909642374772716
0.02937826210649891
0.024245137359539207
0.02822706588410727
0.04733601081419306
0.0944709067637628
0.14859195521774088
0.17416953592194181
0.16094644278138176
0.1680986772635789
0.18386315676429718
0.1863411177895331
0.1789477003172605
0.20061357193454338
0.19569048848105183
0.1910446827087477
0.18658861182473452
0.1825733421963917
0.1268973658635181
0.09242913817808344
0.08723071421900427
0.12751994436619568
0.2066525097252776
0.30190700880070653
0.3211317451735635
0.30799454552055533
0.3048614731092053
0.32013521571704295
0.32523755470105387
0.3495394910370434
0.3824163853161354
0.3832292415034093
0.3897745346735001
0.414178510463597
0.45653578739726475
0.4749180662933557
0.5068597595253531
0.5395422810546657
0.5728016159388218
0.5923892507023119
0.6272633251891613
0.6518791121152198
0.6807558774786404
0.7073033139461815
0.7247490137198656
0.7259392920865448
0.7134269748333439
0.6762610060173493
0.5369694863686001
0.30621895374705665
0.15904416763809703
0.15385554729175493
0.1964390500898774
0.11200479610856176
0.10052213152257464
0.13363458756569147
0.1826235970964611
0.13952355380124218
0.12217256707123848
0.1141899134356319
0.11969312668994479
0.09028276857708784
0.04083018229037549
0.005080829001645789
0.01193187030152445
0.021979718761922815
0.04921752411363177
0.09465100608916961
0.19947811149962302
0.29381260842156254
0.3409937534767641
0.35996121392239283
0.4203907346735658
0.49388402560449574
0.5539416864416145
0.6250845896269108
0.6828873167899054
0.7220301690469116
0.7180873172080109
0.7227597473468851
0.7458764244396734
0.7629041563665968
0.7688311930046747
0.7694649518425434
0.7763748690375164
0.7369566368763728
0.6955613645936627
0.5926733776485928
0.4618030259460599
0.33561278999473226
0.2316037036826947
0.12187348738905149
0.03909616653153463
0.026172224327092854
0.025738739292373573
0.020426435129315752
0.01754070650864272
0.018317539370859573
0.02327660330671843
0.026324172124759473
0.026788300929537386
0.019161422117070167
0.016590574709851903
0.03221218166554489
0.07091216647763324
0.10748153152557977
0.1511982520817751
0.238294726477334
0.3667007022266386
0.44010330173764034
0.4752958509825018
0.5572085507248592
0.689154419141353
0.7749816205431507
0.8208403175133037
0.8548933273701824
0.8906777135159049
0.9161792292107269
0.9283381532940816
0.9296435548154309
0.9287197530180107
0.9188101698182618
0.8856915095121451
0.8427756753075412
0.79336987452484
0.718316383803288
0.5973286407201329
0.436526319203355
0.31959081551396024
0.21468644412325122
0.12846669156205628
0.05993733772626349
0.08881494150434632
0.09187656888641252
0.07957399139866426
0.0488772176297118
0.05267773704037597
0.03944818483164794
0.04008891491382108
0.039898735545156744
0.03239441988463633
0.02881148032844183
0.06888034565137172
0.10914022645028906
0.11764022288071584
0.20704319450225647
0.34022056636270703
0.42642809958262257
0.4849912183254975
0.612345371550663
0.7440787728316222
0.8063276404580765
0.8508918781775897
0.8779220328018726
0.9000263745046171
0.9150651755698109
0.9275285606534551
0.9327181687236014
0.916052693860548
0.8976188702671261
0.862341556641639
0.78049576234165
0.6427577301688321
0.49555377176114185
0.363637484161133
0.2530193228959317
0.1708317681586691
0.1525234701607787
0.1512193896491299
0.1169243939509292
0.0680313964757754
0.04907969742673951
0.05217326769698943
0.04011369582203193
0.03655672943425702
0.038194283191641434
0.043819810527161523
0.044830693879978886
0.045696033247870686
0.056866018839906884
0.0753211635005597
0.10001379701567767
0.14637102481140105
0.2395762370524513
0.34772808906008956
0.4286581514174539
0.5418271970456903
0.674862425963759
0.7901177862729017
0.8387591965755803
0.8762137393076115
0.901388196643712
0.921317726976886
0.9329089407213962
0.9291185553421925
0.9146356261947685
0.9201855343986337
0.8947228993147052
0.8699490558352172
0.8321258542773274
0.7942123224448734
0.6870174020495676
0.547166302241457
0.3579904958293082
0.18052256815201356
0.06955361904969101
0.03379860831210961
0.09348596079877738
0.1437924119599931
0.12538216874683034
0.04745610161256905
0.053829437411431535
0.12162912312111462
0.17109006821635908
0.19064099789080008
0.1740498806168904
0.1956316189997271
0.2284533838192391
0.21028380977692682
0.27663045793318475
0.34302256891402483
0.43746470644417157
0.4102966059647652
0.4827449636559289
0.5811920488786501
0.729158698218758
0.8021507130920832
0.8311365291989393
0.8486071729601362
0.8731109623231588
0.8987866074981021
0.9023788227503269
0.8967523400783856
0.8993010271927603
0.9036852902874168
0.8982968243918501
0.8929006193393759
0.8735301200368306
0.8558780375594461
0.8324111451064196
0.7700528530085675
0.6306489128141202
0.4610193704710848
0.29057385464068164
0.2034226392507575
0.13844693317780482
0.1425435850353345
0.15295864561836975
0.19337949167729607
0.1456510116422068
0.13227740369311572
0.13226279677608965
0.16027435110172644
0.1312284230681996
0.11402558803756803
0.10691572441096951
0.1147254567387377
0.09384575219319191
0.11851746506357305
0.1013327183048344
0.12987607076179009
0.14326870763366778
0.2510951331940592
0.3036474911342246
0.39842438713464956
0.4482027573081776
0.5538916214254592
0.6676467715290162
0.7748021542093271
0.8240443484251332
0.858947344114508
0.8851835521710671
0.9009541075381611
0.912651378038277
0.9278982966916374
0.9320842318053284
0.9330298294238182
0.9394932767940941
0.9252578197287754
0.9005429448912382
0.8722495194678758
0.8549978897488872
0.8264597288835587
0.7813580116952648
0.6639550595749827
0.49453404160817105
0.3036771714858491
0.17867646849865443
0.14035859316118396
0.13652748830193248
0.13079367176591777
0.12517094635063958
0.1499988232548467
0.16503471765157646
0.18368385341154692
0.1731677047589168
0.17192969383975962
0.1452996574249052
0.163060473432518
0.22245600344762206
0.2943266185853177
0.32648008359738556
0.2870842239378734
0.31314471815676526
0.3668501017752065
0.43177207863120504
0.4212799017657937
0.4877888140088719
0.6045321561136157
0.702849338761749
0.7534697028307485
0.7847185837327376
0.8139585650782453
0.8401471286833614
0.854521551875776
0.8674044560944073
0.8741395808042225
0.8766317758402671
0.8691446517652877
0.8716681890527357
0.864230063066198
0.8368407721063036
0.7788277640908529
0.6664803430355227
0.5236994362743779
0.3721661222963059
0.263891786387209
0.1560990821037218
0.08750678207557841
0.08774085022024374
0.1369490075162054
0.11565714260573272
0.06573322228874344
0.03910698482152434
0.0378463069694113
0.025233560559584874
0.037071636826195284
0.05199643926865058
0.08021173149061339
0.14233527332593215
0.18362095729475778
0.2073140803892894
0.2673739251796295
0.3846291392467054
0.4787900966498054
0.5544941644750105
0.6302489821400283
0.7067063993680327
0.7634121847699724
0.8013196970289548
0.8220406999810594
0.8454462903561288
0.8682815543696015
0.8888504521979059
0.9091928579687282
0.9223845424170712
0.9313543648572878
0.9343943745506043
0.8951223032321711
0.8794114917510563
0.9010127034722653
0.9407002119546617
0.9107915569743825
0.8284359414673295
0.7009330685159032
0.4997037062516334
0.3260508940910356
0.2442151852318085
0.21229674734671738
0.16383069567115643
0.09043584273155153
0.0764041350721631
0.08721348255438835
0.14405587441214826
0.15327478029498962
0.16615644486371584
0.1865166861828758
0.2110415929721265
0.22923187151909097
0.25901771283277564
0.24344679927500162
0.23748692664916649
0.28265165768195394
0.366685240706997
0.42454313528611964
0.47318298113301793
0.5284906565537442
0.5986702198223172
0.6487489814148686
0.6729084889615694
0.6962436276289632
0.7396861184826959
0.7482279077774296
0.7489628072626422
0.751070491709638
0.7642933712751332
0.7598587313609643
0.7685688783432183
0.7776753138363269
0.7909555583684028
0.7888863466278018
0.7909893069528475
0.7567596381225918
0.7120051077295543
0.678705383026978
0.642338499859265
0.5365035493981871
0.35614001119935
0.2894864172748379
0.23592762291634006
0.17132481649783676
0.06019880394769822
0.042025137760527326
0.09249159134428304
0.09248417521103738
0.12383947019233449
0.10591430887766642
0.1200249788433032
0.12800885226726466
0.16265250561826308
0.14924933137927848
0.1145963121940705
0.11850418437541924
0.14260804716743145
0.233861338848784
0.36378744493737986
0.4411269393720757
0.4609380499213637
0.525911330767317
0.6341701013282517
0.7435450454299386
0.8014066929298812
0.822072729346137
0.8269621575282321
0.8437559265441753
0.8606920852391227
0.8728694040527949
0.873780318899488
0.8771963472006519
0.8696695979129274
0.863339054590359
0.8560349041223667
0.8373166280629873
0.8202668981715903
0.7807768221829805
0.747447160939223
0.5469890750620401
0.3122573698455894
0.13738451370816654
0.1110473619249398
0.06945986818294693
0.03206496854479495
0.058677051748280216
0.08496613701468753
0.11908703830133535
0.11386720691679417
0.0852478174984774
0.08146657064224459
0.088963095298051
0.10718125731090075
0.08353862828356323
0.12179466369346849
0.12426498827097199
0.1950729784785123
0.2928980177327801
0.42573003901172995
0.5194654889109916
0.612979796273458
0.6760587821913928
0.7072607466927638
0.7103312960795696
0.7031607708310951
0.704689156972568
0.7259744689635008
0.7267175748227387
0.7177966539750691
0.7183471746137519
0.7414934044826834
0.7625375659046252
0.7770063818364373
0.7882257047449377
0.8041009444806293
0.8130082602074904
0.8146613825535306
0.7882269269823607
0.7110984369407807
0.5066602969873889
0.28685626471214554
0.140568553242845
0.08867382367583904
0.04481943279173048
0.029065586594032574
0.026900410362389778
0.021853507205803993
0.01191264289860568
0.013979059649758596
0.04260061290202519
0.08376641242399044
0.11911602466722401
0.14973005507730752
0.2550913977707534
0.37432144945093193
0.45742613031583423
0.4998191006517367
0.5901335216342343
0.6855125605116129
0.7373314479579526
0.7531461434004256
0.7455239567178398
0.7315062112779588
0.7135266632666022
0.6997676094363154
0.694898780482758
0.6897193081356809
0.6955339900382949
0.7117875646410792
0.72923320984796
0.7419323053374548
0.7553924304522937
0.7802537661700016
0.7811785733273231
0.7772607557791394
0.751665242999709
0.7437781378627397
0.5969407856164286
0.42093600121185326
0.3008069299044913
0.3262858802580226
0.2576373271026961
0.16688014286870648
0.16105102903492086
0.27433939806928875
0.30645594853002234
0.2802916695784544
0.29950148196651893
0.2554591370680813
0.2535774978646289
0.3215139075899699
0.375021696962352
0.2959193872265147
0.2912375122778818
0.3816636911048903
0.4273310041693613
0.4667148029928349
0.5274961886526561
0.58907210525702
0.6315293932785471
0.6478985875083983
0.6616108666705891
0.6565704085233188
0.663340701015517
0.6634781237165921
0.6620266606946281
0.640070102337469
0.5942111584288431
0.5014293036533188
0.4100433429122953
0.2693358160930459
0.20170450534618095
0.13304297803581097
0.09541672509816357
0.029810927800929626
0.04279333984113415
0.0634033824255494
0.09458910525015665
0.07936150534754272
0.05598786980966097
0.03972050037330388
0.08271098291151362
0.09311499534222642
0.09490127737706802
0.11295210066950076
0.14564286414352284
0.18040411504195736
0.23034349319361677
0.3205723786460555
0.4049628127747842
0.45961491322904535
0.4861675989547834
0.5065835574617124
0.5468408513892506
0.5751144764886787
0.6023854473006496
0.6090388652078712
0.6222579841934561
0.6211001837969957
0.6391524078606716
0.6332624539182619
0.6316596159435888
0.6352511438814801
0.6552302920999302
0.6621761972513547
0.655781266585734
0.6594318729843419
0.6558622933950102
0.6419685884436324
0.5922090514746057
0.5356667104807951
0.42103537371871064
0.2791030448017842
0.19668600789162508
0.16046798933156325
0.11793549014688946
0.05917551520849211
0.05328809646619829
0.11034780438391198
0.1259288589600241
0.1626440387328858
0.12496176132002848
0.12276783558814786
0.09770349816411525
0.13392175956153715
0.14160553302021828
0.1969875845716734
0.3187178467180948
0.43314118394263795
0.5274383566468515
0.6187899678443916
0.6998787905747559
0.7421055984678768
0.7751901578231895
0.8021769961408725
0.8024951211447012
0.7854081885381461
0.7869677767094558
0.7959017329118745
0.7911727842279039
0.7671545116718474
0.7388493176855011
0.6928190903956883
0.6225433376186648
0.4961758503792993
0.32275175322670335
0.17190314753464142
0.09512999413470587
0.05453879093546855
0.050525998711799316
0.06275695284628938
0.10969198436103045
0.07983496752738603
0.04531171009828043
0.05171120251640693
0.0861624374025459
0.11107516503374641
0.08656534099711438
0.07440847976480189
0.07338596339365479
0.11351084327706175
0.09430428233354915
0.04882593440153063
0.03923596489674995
0.08676146665436055
0.1510644362215241
0.23370057782385906
0.34210813607961865
0.44983296832663583
0.531395386297743
0.5798839173180806
0.6241881484669947
0.6439067021771079
0.6569035272646131
0.6503994404170179
0.6216563956018071
0.5374848970928207
0.4416466437937427
0.2835748098826205
0.2075890227843715
0.18860414696585937
0.2009407616849704
0.17576249132275493
0.1522990029750433
0.16504033166346335
0.14321155845860456
0.15678527434356207
0.14548398639594062
0.1526384354877618
0.115607300548758
0.09465913360508904
0.08871571915017226
0.11501790889411881
0.1395691647389038
0.1491041476971068
0.15276399638386057
0.15020377509135233
0.1409535692572297
0.1139796463648569
0.08693766011315715
0.0605578861722762
0.06220096805437568
0.09741365411099137
0.139094729694069
0.16565140584782134
0.16987380973641783
0.1638145343392965
0.15746661305287069
0.1977626022966328
0.24191639998279765
0.25562601038214516
0.2768338797077849
0.26713557203604094
0.28235433893754636
0.28457643877667205
0.32654175259371043
0.3340021032516377
0.3473562314603163
0.3416520240224621
0.33240018037858793
0.3322678155194864
0.3303115818562771
0.3285536116435773
0.32411621833818716
0.3261232079409008
0.359154553678367
0.4329974291630255
0.525031585367602
0.5762573917718896
0.592239159219061
0.614360794252858
0.6578047560882487
0.6912489523785368
0.7067262419620861
0.6995384215492271
0.6941844362209597
0.6736283768964009
0.5414834422906216
0.34622521221105257
0.16092222239149187
0.06458208751499656
0.06865272879573407
0.12959817350122924
0.14639356388830918
0.12801304989774034
0.14400275248049405
0.16757288180640573
0.17912883957975922
0.19541285784219936
0.2174673651359465
0.24916514050562605
0.20034808512103658
0.22964824134016384
0.3048051365812075
0.3682969656604146
0.3369206011885276
0.38161027235401435
0.45092732522136203
0.515341490147397
0.5505494255087273
0.5694679541823966
0.5533142119801391
0.5550063917816137
0.5646535499698524
0.5407471228104275
0.4525432652842233
0.3002508645843656
0.173287355495386
0.14643903857337642
0.16229914128275186
0.17187365633167162
0.15346717534497703
0.17120311425099705
0.1738911511421461
0.18909073447119218
0.1963765654933266
0.175225068047764
0.17016127955948668
0.14354084042928375
0.1630721574280265
0.21058364318278774
0.3068567474381876
0.35936414626296914
0.3979191822311553
0.433952538039102
0.4513453266667712
0.4283407382834414
0.28343043395782
0.11365558116068891
0.006652352148687507
0.009308929811647305
0.021605476002629232
0.028592706248947317
0.03349037558416875
0.09195268829607417
0.1441840643350324
0.14846863714457212
0.11103629009989706
0.12189666858307234
0.15775205267231762
0.1897246784076172
0.21356174575214387
0.254504844582607
0.26771827857951414
0.27683188442725404
0.19950108185229298
0.20273254056169673
0.2507624568966076
0.3096157340540573
0.23144585664308948
0.20338902896925515
0.20699556100402597
0.21073128540103941
0.1817693873708218
0.15858250353692036
0.14800351784282892
0.19917613090748532
0.2943016016373191
0.3111594080743838
0.2627499709440859
0.21302314053552063
0.20327460501257516
0.33186660602075757
0.41012514563203795
0.355060608218782
0.1984516604934381
0.1911498874970668
0.1949150333953386
0.21409832382330424
0.3003136229215767
0.40634964273998897
0.4234527214558646
0.35412160547726196
0.2982090562473948
0.22120746681677703
0.18862755599449677
0.1854760649659919
0.23018234188336587
0.2443338547946122
0.2504171658008121
0.28045379764447015
0.33394001908303894
0.3645908504487665
0.38978841826331034
0.4442874846382852
0.5183004035793957
0.5408674391679242
0.5713472094582772
0.5786092430753451
0.6053042891372036
0.6038621542610495
0.618682347098241
0.6086483265431277
0.575543914973641
0.43851577245149753
0.2830868409190517
0.1799954518576795
0.14782638277413895
0.11879565656098467
0.11578700549351942
0.11830952993732938
0.11968784301608136
0.07839549237835228
0.05243767295821533
0.04610072880167336
0.07302672357204582
0.07674071520684714
0.09237782720047452
0.1366372830177609
0.16132325101332443
0.21088899417287366
0.27809676052438925
0.3226783280401635
0.33310948975009724
0.3915860560922939
0.4827357543542361
0.5425594811418333
0.556777103650727
0.5614271089002787
0.5687258296699693
0.6043336485383204
0.6091637815024359
0.587705399341589
0.5581618603166073
0.458015721049184
0.27277366857866675
0.162797122455514
0.20955789604652397
0.27245734002172173
0.20721085475844345
0.11982045215894804
0.11087407742467453
0.18222117612898744
0.17290459402796177
0.17472698654256755
0.1262702142729616
0.1523475696053945
0.13143757298186626
0.1977397445682674
0.18624673061877514
0.2220387348529524
0.2602168239693727
0.2985696481748636
0.2752711929276089
0.24003132142352213
0.25025335694137374
0.27241520991200896
0.2864737534444849
0.2735561552400473
0.3130308494797415
0.3924628506701634
0.45013421269252574
0.4687978457454307
0.5122155184810178
0.6031104966449403
0.6604405343631292
0.6932269597506624
0.6982783109293352
0.7054237405622492
0.6995390289839933
0.6927237613117961
0.6179323742125242
0.49905163730923563
0.3774941217655916
0.341390111421639
0.2814656224609586
0.2097295450452678
0.14426918217084755
0.14226542909581646
0.1336733828917065
0.15955330916333701
0.20511410417010714
0.22887846982558685
0.22430964469289738
0.21253077542480245
0.22005817800033983
0.22879128262871967
0.24203815370107806
0.23396666532565277
0.29406526920359816
0.3522554355014876
0.40683322288184554
0.4492366638855852
0.5258954736410145
0.5589474671917766
0.5902767531393285
0.6269849591670046
0.6604214833669124
0.6616228143243736
0.6564159473215946
0.6637651789070684
0.6630347223687656
0.660568132948145
0.6653482583596695
0.6715729430514058
0.6366775625678174
0.39958763168138967
0.23765953310275856
0.17468935043566106
0.23989378316987614
0.20039429226659547
0.21361537514518275
0.21819912280199238
0.2032773885682282
0.19135975906300307
0.19521211542703745
0.22787379248218234
0.2423098530719181
0.29041978045522
0.3000155873522572
0.27333353283734657
0.27109550461739645
0.3658434608038134
0.4518981389914578
0.514788384425003
0.5771677973014379
0.6639338319645021
0.7169009588765534
0.7548429505440648
0.7531272997531732
0.7570094302368433
0.7545415709183833
0.7488635907699859
0.6971312296866794
0.6444526901398183
0.49425962520338795
0.386153327001014
0.292404457270547
0.2813289039832788
0.21665497599267725
0.15078503187361203
0.11846312021207014
0.09234230588005436
0.1187288152827975
0.14297470091214956
0.22809233320813876
0.2459578763338265
0.26855690079208216
0.25716092197864415
0.2458679512800519
0.25405554186113355
0.3164164168856004
0.33631358048470883
0.35059358939235263
0.3726530987695642
0.4266517696949499
0.45973673208998556
0.48253780325992585
0.4834233295816496
0.49344140812162174
0.5362346652124277
0.5747199499796949
0.6051248273242851
0.5979799799233352
0.550295287314453
0.5329278013015509
0.39943151781938
0.273999324746279
0.17359696959615142
0.21289882530175258
0.19028368783325011
0.20009798772719473
0.21982098359307056
0.22602624772822244
0.19911991794435696
0.19926536890285998
0.27109320516323865
0.3170363370876773
0.2986420986301471
0.24870963171010846
0.22711152390004502
0.23596459866374841
0.2473241536327967
0.2598474491385503
0.25431836819507847
0.22679643555098328
0.20665905898601294
0.21627530724237215
0.22153261255008377
0.18690517669765544
0.1813137480309429
0.17790912186415997
0.17227241907554464
0.15080393199693434
0.14938094561701296
0.16559915426164312
0.1686492132566382
0.15099320408546502
0.14878016821023093
0.20743260467235577
0.2774287668358719
0.3469679703693903
0.3900928629321555
0.3949665962650151
0.39931779108417786
0.40432015934757504
0.3720639688338219
0.236442152401568
0.10048442539433788
0.021263432152737
0.01748260035241661
0.06931277580583937
0.13571269580970802
0.18299527755796924
0.13754905643892318
0.13072067895747402
0.18512176355108526
0.25574384767686964
0.2421351133294948
0.20619013359441285
0.1926711993225801
0.18392496457980068
0.20784112156887358
0.25324310484349455
0.2948030276050722
0.32388251874579216
0.3774195404686975
0.4445357361654171
0.5052805222951725
0.5522454277440805
0.5751688376402528
0.6116361443140654
0.649203390320246
0.6824722517386781
0.7046204962073114
0.7244084706730127
0.7420801352660684
0.7514041293176483
0.7833024205722727
0.7966599922562008
0.8034316124532979
0.7736363142962225
0.7548607218832437
0.7260651293666549
0.7114954494824921
0.6939219885644426
0.6807791681953413
0.6688345343225335
0.6633352585176053
0.6639650116103972
0.665983426159218
0.6722216161998558
0.678481621563686
0.6917765105884485
0.7221217796089279
0.7542982916704406
0.7775186735031971
0.7897241633653971
0.8074570042257503
0.8246748797748767
0.8437223737835977
0.8545991758969838
0.8601455788082737
0.854070586819291
0.85156077485198
0.8502529018175338
0.8529143873315225
0.8557065792116645
0.8571308333613309
0.8540708753934593
0.8563319023393182
0.8595729696592954
0.8586908358390961
0.8530614973235905
0.8342950256864838
0.7812333980543378
0.7316411062735279
0.6589017319518119
0.5605913569330634
0.43086022979173594
0.32875188484237416
0.24700944968157645
0.21465790531999915
0.17205653092202253
0.15042881387960902
0.1409953543593192
0.18609625072459282
0.1838777607261992
0.17951397225803306
0.16991062173294408
0.18502879689564458
0.1888436859926188
0.2235397429138369
0.23952511737783785
0.23959463919768098
0.2118622675220349
0.19404473618307894
0.2283363512837053
0.2667967797250107
0.2815483073971565
0.3056742188399919
0.4052254388019306
0.4518830629927847
0.4645703892171642
0.49341018605507736
0.5366345944099102
0.5616286304538332
0.589442298657103
0.5893543995070434
0.5157441399117053
0.5178201667349429
0.3687995297035506
0.22811506669931042
0.1273459414003151
0.21849531773581132
0.18593914301876818
0.17793065525665497
0.17887939002682357
0.19591390598194003
0.18436730955315878
0.17865275327390445
0.1640059974418234
0.15218588072526973
0.14838315650125744
0.15953168890402447
0.1549101003958705
0.15080797535361315
0.16287701262616183
0.1830005558439206
0.1718416275838009
0.16686251618217
0.16690466692724015
0.17677083682777756
0.14492208907417853
0.17995106687966997
0.19278323363823707
0.22209256015966708
0.269461650264099
0.36347140120815313
0.39173352340356904
0.4111477192337298
0.4358568219787247
0.4112497859199101
0.27307463166075374
0.13317224413612752
0.10226126941260225
0.14754030150328362
0.19008381029932936
0.19654654747553862
0.21726923061135947
0.22853969458569467
0.24064419920384988
0.2343585853546405
0.21144257961697455
0.19153191944413347
0.21925537685063806
0.25378230216703307
0.23903696196529126
0.2365790368087679
0.25988431037915644
0.30301447570867934
0.32441065663845636
0.3881466241478981
0.41747420315224293
0.4438297071543011
0.4586780199090449
0.4572984883624566
0.43929757255068513
0.4546727437786798
0.48612189577626785
0.50810058228954
0.529005787576756
0.5558251543710114
0.5904277719430091
0.6318472648271225
0.6638597615542107
0.6879996223137796
0.7014573851075916
0.7153421155143358
0.7404952185711091
0.7732532545304548
0.7920390860480234
0.7885079437674936
0.7895288719619548
0.7969331497281218
0.7768520159312229
0.7434847349529221
0.7164987821790461
0.7003757752112643
0.6647930269053232
0.5655668758737301
0.4533204021003606
0.3989284127704104
0.38594686149801893
0.31187578622429923
0.27700230299299866
0.22273222389606034
0.182680449827183
0.1020500390024216
0.12670186330017122
0.10309076041281079
0.12756511251344888
0.12357947235784288
0.14960333965062392
0.10620703079782534
0.07068194470184544
0.039356491911535466
0.0534059638888541
0.06932549572059576
0.09660547432209995
0.1345455309369981
0.18419698635843632
0.23881489906618542
0.33539975712123477
0.4219285409180359
0.46759643378865245
0.4690007351926867
0.4963681774527991
0.5287006105554679
0.5751855214055239
0.6173283682845703
0.6355501950412259
0.6370023813714885
0.6320849710551572
0.6238881738208844
0.4909773147323452
0.3474762296515882
0.24155270965461734
0.24946368176213188
0.2207598306533885
0.21757507676288862
0.21380510944927586
0.22002175059827367
0.1944019128257569
0.18969009056112135
0.18983752980541302
0.1949232212495844
0.19541634901022237
0.22236010567643646
0.20600596500914536
0.23323090618354336
0.25337520049371165
0.2697811617777637
0.2742865353473878
0.3158768111172573
0.3516306303598703
0.3372181737731113
0.2547414032997535
0.16594910654187556
0.10379266299747059
0.08932699921164801
0.06905770413925819
0.08585123441121892
0.09136810709274534
0.07877455136672157
0.1112078392318793
0.18152207832548065
0.2377987581788848
0.1541997735222807
