-1.950357073666713
0.20042098571913966
-0.0011595574586220627
-0.799362592827108
-0.5915376910130242
-0.09394639294561583
-0.2513774252681012
0.5803437437358284
1.562463281634455
1.8810947550518096
2.734012235457752
8.5515567631102
15.036661303427385
13.802115614063059
6.81692695868618
2.1216325722103995
1.14539312147143
0.47445407331762735
0.17618430026287826
-0.05782036921606616
-1.5582536026020737
-5.370967840282322
-11.63404893581231
-18.318981217143687
-13.793107110060236
-4.458374666328846
1.3040840245344376
-0.46433476159173853
-0.534049693556068
-0.38342645629630046
-0.08822469081465394
0.45349563365351925
1.0563075164279603
0.6170749394711111
1.4904064428868178
4.864538887345915
14.13599334225047
15.459927724368711
10.526022822074141
2.983771955203642
1.7699122182770672
0.20393429229455354
-0.3252213955827988
0.1977554180264301
0.2337306126308551
-2.5648463589477926
-10.015200378601875
-17.751638831717084
-15.603931769132862
-6.020182546579602
0.9909379065496488
0.042769311751062064
-1.0939450992467783
-0.5885012364318908
0.11224516722804133
0.7530599507375931
0.8198442308065723
1.1364329903890853
1.1418714238169
2.092862722165497
7.545724656208969
14.486771093388422
14.493452096007884
6.574288092672943
1.578245320262848
1.086651476729607
1.0245657508841512
0.1272793429022494
-0.1901200988136579
-3.489410546612787
-8.940545258175364
-15.836265999650058
-15.633460818501828
-7.876171200004206
-0.746776759896643
0.34449193926330884
-0.8519176508481432
-0.35365264906031274
-0.47467427836455495
-0.03612384104819697
0.5517907953006721
0.7279909920457698
1.2183765395159747
1.6217558343828173
3.9293735191121693
11.335309659742878
14.96300883961222
10.090002103573871
2.706317757337787
0.7623613486987417
1.337246698514616
0.2576571325228758
-1.0789423721904339
-3.7289617997720947
-8.75077070246525
-13.206158144572422
-14.309532221393502
-7.452674586966842
-1.0601534940186048
1.2607321518415626
-0.5497495142229769
-0.3580190243932684
-0.06041429558936769
0.09902956004387793
-0.18633136905780012
0.7429916723034327
0.7298237524029328
0.6273253050304328
0.028336412511493315
4.6376973150227085
10.359355464322338
13.27984532602458
9.403956864443163
5.217474611851967
2.1790577649642127
0.6951324729578958
-1.0668864888219758
-2.1242804717425026
-5.134140970753423
-8.858751060426906
-14.681017418694628
-13.038560051754422
-6.285208145838417
1.237088259041621
0.8980579005936722
0.17462593408614271
0.3105497085219659
0.7886503258579808
0.16968145372960214
-0.2547505242367418
-0.4260688423555094
0.13907139289973552
0.6160660174787097
1.844965669015921
6.410395442326647
9.679576246493797
10.564979940987119
7.565200830716009
4.140861175905232
-0.16298138320575642
-3.8135540588602383
-6.590297872136101
-10.562527427328096
-11.184633289186715
-7.560404959332881
-1.5054420132922164
1.006033672315551
0.21182500822730507
-0.5539732151104863
-0.6368950195364798
-0.034515213416267246
1.3451447868581043
1.725303280308705
0.010710474763022986
-1.0501436799284112
2.0636469521045315
9.45664869835207
13.37083812997888
12.115832066771425
6.113186545150768
2.047554936293958
0.3826913107034349
-0.498468507309195
-3.284878075794338
-8.621248103441825
-13.890951291681123
-13.584336058888779
-6.1353394256346085
0.001971269756161638
0.7586074990740473
-0.36025428586675057
-0.4547763263262122
-1.219097843110472
-1.2655932987075136
-0.2840069108453049
0.48385663800953405
1.1074290462136394
1.898304155298215
5.09233093695667
9.217710766028107
11.970993289835443
9.982341239619243
5.900221905102273
2.099606273709512
-0.4946926312820761
-2.9875713922767617
-6.416956783446699
-9.657120068350158
-13.812352853600173
-11.063921282398164
-4.422085851893667
1.0537920611394438
-0.2220292313866642
-1.0722044224303247
-0.9395438427164563
-0.21545431202579204
0.38835013104498256
0.6881121794765097
1.0299431209067618
1.2950552401345525
0.9587936237221848
0.9490214051398586
4.090372646490009
9.087208408887012
12.476585441733304
11.380655923550917
6.439994250270594
2.2144885139300188
-0.2611329745840694
-0.8830005417342965
-3.61037685261371
-6.999784395497482
-9.067182232617075
-12.432991987055315
-9.791663790497863
-5.604368197477989
0.1336082855099279
-0.6792726875430447
0.4353600390104359
0.03829313787711425
-0.027165656304384066
0.6617047997330693
1.8004201732937606
0.42241953693810325
-0.7924463889249095
-0.7077130245160949
2.2862350724825857
6.420038289913764
11.6280179937616
11.805812184603685
8.64107862753646
3.633202293650883
1.6337082695146967
-0.07203118700572356
-2.389495715809779
-6.1124224741051245
-10.265614108147453
-14.50818609506992
-11.27418305145318
-4.351145413893393
1.437725874306417
0.21354886358809963
-0.34509961011519985
-0.6851968766297832
-0.07521801799144216
0.7900396159286803
0.9612747071384293
1.2356044429867903
0.012832279022164151
0.12270839081495359
4.144772796659508
9.242345201528183
13.230728928267768
11.071038050791516
6.500360864421585
2.298589749149257
1.3413733261809393
0.3170477699052243
-2.3608106417510872
-6.32764637088544
-9.482842629469689
-13.712538172982445
-10.683723225449492
-4.867524133893906
0.8066693749857315
-0.4119288561414925
-0.5368850331882637
-0.8034766289688697
-0.49635250553146837
0.021325772628148852
0.5315966537228961
0.8261873449857975
0.8011804917207872
1.7212638627747179
7.682909486206126
14.19417097699717
11.496916658705645
5.4730557561038635
2.472458676832412
2.7213045115983667
-0.2684956258988201
-1.8996417242715125
-6.814137970403622
-10.170661677849953
-13.50527628021172
-8.839961599399167
-4.326797213240066
-0.06213221988458606
-0.6842001227411689
-0.009708070316388796
0.05296783458914119
-0.2684497786132253
0.21592202812609868
0.752198601835332
0.8144719136970014
0.5074149504843157
2.5774396183104966
8.559946954923223
13.508613527801964
12.510744739770471
6.368344157690733
1.853299577195826
-0.11627614701230457
-1.0761721349106372
-1.7501375451766816
-5.139340722563255
-7.842074969563969
-11.699205668697022
-10.00940234383772
-6.647091995548036
-0.7864049825209962
0.2492622661717051
0.1409955132274548
0.533826278162556
0.14903033164867183
-0.0728015060019274
-0.5449590558004943
0.14674765986763647
-0.10840681959750614
-0.17892188833206377
4.87864015620536
11.742485106816536
15.420909407106521
9.495589362336487
4.237023252857061
1.4547885489415353
1.306495956310927
-0.17377133751970425
-2.2417621868813433
-7.278931626934061
-11.806614827697608
-15.342668418810158
-10.188427683813329
-4.19730008713132
0.23685201051232618
-0.9613193523457012
-0.18177417432076526
0.6460893125539603
0.5833049327308603
0.437251216192605
0.5978856612770782
0.8966133967136959
0.712546433633468
1.5803858035509843
6.4444875117316895
13.263508571448643
13.090762717772588
7.234531870047066
1.2295917520159905
0.3703511192305844
-0.08303341285562678
-0.011006267735788618
-1.1095474112760368
-5.214001298285609
-10.55804491160405
-14.992349373840502
-9.067413215922562
-2.7325733282133933
0.8566754175976312
-1.8036536535974248
-1.1588187182456235
-0.640964730273832
0.28148291471010545
-0.007021987139583266
-0.10191948759581551
0.5966811723802986
2.0117699862014313
2.056075972727791
4.455847230848554
10.03403206433569
12.797019314561112
9.331416021410373
3.6122185590154006
1.7242538380986634
1.1391077299801884
-0.06289066248006203
-1.0076824953135435
-5.672367982953477
-9.085781033157906
-14.874317376458414
-11.985435865659655
-6.2273414208924995
0.8030582872337956
0.32782775841876227
-0.15349672344691562
-0.5331542047378237
0.33100813386309275
0.49907434626741587
0.7613537809965012
-0.4277318206861051
-0.2775723565336917
0.5140242767192633
4.2942828246910585
9.679095368311701
12.780002001413079
10.137081626535469
5.213032123635798
2.2516173549482557
0.10970375334786547
-1.484666488007865
-5.037358306090501
-8.276494283329184
-11.427483574628617
-11.306430088160539
-7.053307777558579
-1.4003094034211077
0.8545450639412733
-0.4049998577758252
-1.059062869682115
0.043211256137475076
0.3121340370175106
0.45699278453045755
-0.0778882594462843
0.5030296884655132
4.286895429191301
7.921143101726482
11.365127303545327
10.599803970360341
8.391875199545021
4.232858484901849
2.2933634791129034
1.0505044043831229
0.3225267296892043
-1.1316160255174164
-1.2769367610058358
-2.8324348981313787
-7.373864285935827
-14.844465576998008
-15.000812747086135
-8.213468824785055
-1.0925205507862488
0.45503356007958595
-0.509749867743044
-1.089105405789635
-0.4110070433382388
0.4402978501472055
0.5452083298164264
0.6830457218215784
0.7581652046032729
0.565839195860842
1.9814612748378067
5.2311304056699175
10.288336034081786
11.83958743916012
8.273991444295174
4.085451851472283
1.5608825725239772
0.5031177208836275
-2.8911211231677205
-5.333029057964719
-6.2784290798152025
-8.955570458954293
-10.306941971668323
-8.466936226531443
-2.2357143205506467
0.2277917930356271
-0.25846154777925945
-0.9724340088283024
-0.6322446071996888
0.4384318516997936
0.696238441333884
0.5533435203145909
0.38274304523342983
0.6143942048275419
-0.12052630245784722
1.816956013438523
4.298378002662151
7.765469897291155
8.22799683610804
7.9653963049126935
5.668064070027839
3.37389772491819
0.8020463496850911
-0.8313404579852687
-2.638828647938805
-4.355754886119909
-5.259691605417261
-4.712945718406564
-6.9090415306172215
-7.440174827037027
-5.287863773620114
-1.8955706190805799
-0.8061538712798147
-0.07820690587546197
0.2896088225592634
-0.05527705043177486
-0.12874870040558856
-0.13127933907109327
0.13639067563508186
0.294648677892104
0.6764217541914814
2.1175807294854563
3.9500140461580475
5.887834049202934
6.3937743454884135
5.320469461621354
1.7831588203157136
-1.3429802752023532
-1.9926690166980252
-1.5632113344630227
-2.1041843121670984
-5.051184568382695
-6.390960556236139
-5.646493964684584
-3.2461041849050947
-1.119636065736164
0.6718231094658097
0.7444737389407635
-0.00014293725921792744
-0.13563645653875347
0.4980583315216089
0.14374816267757862
0.021029224618137696
-0.14057087381532907
0.06979562993785363
2.5980619292618687
5.1048226202972105
9.374870156207356
11.212887950403527
10.418374162415777
5.794784703977781
2.1399801926885997
0.2720319384986713
-2.3634231301754327
-6.821725638681058
-11.800025479974774
-14.717431232507424
-10.497081507350007
-4.1495639748815485
0.7013630478018227
-0.000108748666969022
0.06698593879391027
0.5596957531229251
0.68692343772319
0.3858677514898578
-0.18617796525046265
0.29458244755785673
0.2536225682664528
0.36127821842043667
1.1373222669471053
5.023524485329606
9.253820074434794
10.929849706195522
9.151361910256572
5.881767726463835
2.732233786619493
1.5389605699614837
1.002525299027096
0.5842639507814206
-1.0108240597127924
-3.3621094941687657
-7.102112196308241
-8.927943300978185
-12.342289958250365
-10.937742405621801
-5.375179406943513
0.4762894448766492
0.14249332158755934
-0.4408387050422527
0.17233162604806654
0.21397581822471443
0.2650015897879459
0.362861844597495
1.0312095736212388
0.6594985876979959
-0.48677563612752067
0.3766103227337732
3.8974829757946776
7.4056640974736645
9.325134696219802
8.357693899219242
5.790268164301745
2.534113030831639
1.0215876543955351
-0.3116791799430029
-1.3233925340966421
-3.546663583842446
-5.094959804118329
-6.126027946227619
-8.753984145588836
-8.546679735585027
-5.01940201976172
-0.8799870680872625
-0.4938680645345415
-0.0660198416578645
0.2215017077890442
0.36958712674514776
0.21599683809835296
-0.24451331287545125
0.0020416861910672653
0.8967817259636077
0.5135303540878849
0.5553270476364354
1.1448820770591244
4.9014878884509585
6.210546727759181
7.467904419323432
5.464204402370301
3.8192041656772
-0.26910843208779894
-2.555585222194475
-3.3054847647116903
-2.1578061636734684
-3.506406960617091
-7.021313689691225
-6.932726635496875
-4.050698689555152
-0.6876594115745474
-0.35793324503327406
0.033054355582518034
-0.22255238762824775
0.2680333295006798
-0.04286535734456109
-0.2723100487742478
-0.25638700629317196
0.6365968625793592
1.1973208071545447
0.7765775414716564
0.45946727112262237
3.9964491513950486
6.979293123815487
8.876787772137696
8.72156503312464
7.356143562962712
3.8499940738327205
1.1005115480179932
0.33321842338663094
-1.902815758281417
-5.408383980470495
-10.780496877130316
-14.125545335815248
-10.553119469339054
-3.9542863594590227
0.6288927977005221
0.350892314043235
0.414589303400584
-0.04150154007204851
-0.16230095111118
0.10130375828052755
0.35037796680073197
0.7877393860079448
0.5405420221133442
0.5076595312944168
0.8201323614565181
5.070117255428094
9.470440330806372
11.019015848666616
8.55139945651505
5.298846491220318
2.7869600585053798
1.2317234803388941
-0.5114219274924172
-2.5380790814282066
-7.1630617243662895
-9.116358998932256
-12.447252515292679
-9.838291839007132
-5.335594071019202
0.7510431666438113
0.5332310148464021
0.29055334566395324
-0.029542072893738364
-0.003639163389459811
-0.45855909046964194
0.19195955450008012
0.3562246102068205
0.4240881632854387
-0.19928764153688225
-0.638593587444343
2.0935438703098876
5.530307394717068
8.329773359557647
8.623705483324379
7.799824994499841
5.68957889906129
3.267538821094268
1.1543646668670517
-0.5780239338016897
-2.153146371287426
-4.223416104923219
-5.084567159652256
-6.541897361035484
-9.62365644969591
-9.435403842517706
-5.071842416657275
-0.9228885077797905
0.04366200054818336
0.5649964907059087
-0.027398930171292243
-0.14929144066081068
0.01920452407827648
0.3104424649001055
0.10751262625979821
0.22390295413839742
0.3196622832332774
0.7044624590864658
4.252926267251016
6.678270778952495
8.789303229668043
7.3059145362849325
5.70640509034571
1.3711952857915317
-0.9030859380518199
-2.8120852975262323
-3.104979824361543
-3.876141968355245
-6.16129060088015
-8.057179046630825
-6.303467554525393
-2.91337028970882
-1.1155834556299395
-0.5273049092137851
0.3823849772933782
0.3606001274898351
0.29039846243204864
0.014116043373517516
-0.17328251725096913
-0.3167637741658764
-0.12606623533844089
0.4199149073845839
0.4573677140132142
0.534581135901113
2.4030738479686637
5.537963794043765
6.787742425206027
7.106513730682198
5.928747219477197
3.849855529643133
0.3460948218993406
-1.4315437527145123
-2.130258831955948
-3.263578736556982
-6.81811500592103
-9.878116808966313
-7.272185917271392
-2.347882925447526
-0.05037504625181307
0.19584989392205254
-0.23322567175379302
0.2590321161779699
-0.13429003750304436
0.163300070208658
-0.3701588013548492
0.04551366046116898
1.624833096417066
0.4749482030681968
1.3439237646937663
3.624764413446523
9.44636204509534
11.066087715274287
9.478404536828936
6.064412377483284
3.161405963052679
0.7983674022408629
-1.7963098062396332
-5.308685484959533
-8.342295079257896
-13.72747881935739
-11.759482744924464
-6.226045630385172
0.17582665859283877
0.3627282104647983
0.059590262292602475
0.09496589292551177
-0.0016948654311343115
-0.3264988377990221
-0.5264255768827589
-0.18137120606525395
0.6637540628337562
0.4328026252216057
0.1516015777855103
3.6403568164187377
7.736927520103635
11.346033585060548
10.733345898103776
7.991336193098374
3.3725971348933723
1.143947735071081
-0.24120213188106776
-1.7203450042063417
-5.823640474443623
-7.798995157991998
-8.907637225115216
-9.696986577083907
-9.398639060466987
-4.6670046302194645
0.4618889130273583
0.5505956467043419
0.21604076190157173
0.01672387566611158
0.29498242379780104
0.04686693931562877
0.41608701179238033
0.5459703743581221
-0.22068999331886732
-0.0527897540961072
-0.20385679141748644
-0.3543471155270721
2.5654232995296553
5.775172541888834
8.350115891717953
7.746177126341065
6.959271146179815
3.535684151772666
1.556202945979053
0.06503034756461115
-2.3143368981616512
-4.44292742491251
-6.175071318414506
-8.897324292735528
-8.913421627664503
-5.049425089632436
-0.9640942611977625
-0.3887362906744143
0.646630738895066
0.8260966825053745
0.044077952077839495
-0.6202587576494806
0.036631284116257073
0.3577434782453506
0.2670680515268402
-0.12566196933775017
-0.4534023123214378
-0.17118784560231562
0.2894660288024254
3.2892803085131206
5.376922394111094
5.59101099732118
4.520850775377697
4.724986051522541
3.9119713573609136
1.606766410140559
0.8420203171535116
0.7119654536893033
0.9861868818863948
-0.8587010786705451
-2.2831795594594957
-4.65366319431507
-4.862248522816682
-7.240548111607916
-6.47713053538645
-4.3578278944520585
-0.8210891308558014
-0.162557486577225
0.05100644736343958
-0.08894108855203005
-0.24105527581902414
0.11283555041764698
-0.00902872433714004
0.08818166087515975
0.20541609513227826
0.796519704148522
0.10796924953772438
0.19908392943659878
0.02177993721059704
2.2133459958004273
4.173444989478548
5.4561593645978705
5.6350360668946395
5.37592260095155
4.310412157652678
2.707436824509067
2.0861041631192228
1.4847088504406725
0.6945736962870052
0.020057466184996185
-0.7947191766528232
-1.4264096217856548
-2.5178758968491612
-3.6160895383797453
-4.684122006651386
-6.167344779649314
-7.282243348834367
-5.723467551355391
-2.614598343383717
-0.9516740237412787
-0.3258581630801955
0.010185340235893313
-0.01609314306547588
0.005612463942718941
0.2668226262310174
0.23258511939981388
-0.16444556356143605
-0.15594587335728302
-0.12071975904261036
0.3045718959769057
2.672047130171407
4.735849821802609
5.245274433202987
5.079751785828389
5.487868047206764
5.005400818091856
2.4721470434636164
1.342179576275858
0.18414804006201296
-0.33485559351312716
-2.090774719994269
-2.8919130785400893
-2.7470180491168747
-2.620671860654658
-4.006581863455284
-6.904950162647839
-7.0014643284803375
-3.5055721942511195
0.007225664944998928
0.6368187219047353
0.04379676682335409
0.06718048856922203
-0.32414041899691115
-0.2357451863934681
0.08038736881218102
0.183752801028822
-0.0422200492881213
0.0880436233978591
0.2533877241425649
0.1564745600857731
3.898416162989629
5.715872934103695
6.463349160625147
5.7195291443089875
6.5788477759485
5.293062096395883
3.3366367825957925
2.2296344241925947
1.0896455573726773
0.09862875472503979
-2.886618740681016
-4.300803660739135
-6.36768477012186
-10.520941740064139
-11.88355049024032
-6.402063838072787
-0.6796889143858563
0.25136766908789077
0.14626926504215626
0.7287854183024856
0.7749167083219778
0.6033403422477163
-0.07101621052504185
-0.2258524496186383
-0.6222828261824133
-0.5559707276988821
-0.21017392303936677
0.44806387801194747
3.899022415773321
6.382367857015199
9.110898113106431
8.42879136871384
7.158135306511197
3.182060282970659
-0.1759917421227765
-3.125540100283084
-5.133166934475375
-7.695628318432906
-10.26695181904875
-8.79737488437488
-4.285989321167868
-0.21414694747680557
0.03996529614296469
0.034518241210802304
-0.18542080774269937
0.4214309821507936
-0.0726743305800855
0.20337956982274624
0.07634288434043415
0.48910538008687976
0.26544408652695717
0.4682705773276681
0.4368367897894108
4.992888825365413
7.013070682885488
7.898964542348531
5.530269911506184
4.66257934904478
0.8823970841258268
-1.9087469894617306
-3.6588566333264287
-5.481656116740876
-7.705851247785559
-8.229073255270215
-4.647864125486684
-1.0626409036582263
0.5188492041423807
0.24195720028324477
0.5283735552905547
0.10512457131927473
0.13129676178168317
-0.2604265874314959
-0.06296262001530242
-0.15257726201536445
-0.1319035258236214
0.615490572904722
1.0449446252784358
0.6583126967340602
0.6282347233520075
2.6662688535337193
3.835406682412165
4.861181496861096
5.267818749508946
5.677800558152507
3.7674553759491345
1.6482292218498933
0.384116486480932
0.04197879621252526
-0.35626662804394443
-1.8772762300909935
-2.7217965100468002
-3.779592587281913
-3.7791203602103502
-6.5555107090716875
-6.847246731201576
-4.457624986374835
0.06964064956076772
0.5390222586294209
0.3791260869951628
-0.14898019629284956
0.1605080771500594
0.0047733296482211675
0.4563184263629481
-0.6673301148020169
-0.19910488707354343
-0.12129324154366429
0.7670233507101554
3.054971915662451
3.484636893926422
2.178936795116147
0.878643704452261
2.9069841652720463
2.566031505720888
1.0904861695948207
-0.34364011878397727
-0.6327687068725822
-1.1658248272788305
-1.1862160041339695
-1.3701341747554499
-1.0150053735402453
-0.8577678452344694
-2.485376001301793
-3.765611377262487
-3.314599427905221
-1.2099899151833204
-1.243733941262608
-0.5861098083709732
-0.23517828735325869
0.1390810822497667
-0.08802828830176303
0.4411981602426276
0.13022385353900565
0.059616759190471214
-0.11594122962087429
-0.28837163080545847
-0.2281553059035441
0.36753369946108205
1.4500931773423296
1.5133307551284874
2.283153183897455
4.147809049448934
6.692200987780219
9.603885740036624
9.932531884289633
8.357367740382639
4.380154312942557
2.298874545058312
0.6514226264255345
-0.6020346727640544
-3.057464933068123
-6.503485763126403
-8.541831425767299
-12.338686230293078
-11.175133653386386
-6.806682220041687
-0.4888073878132421
0.3735719106660936
0.3438397776624409
-0.40207353150334396
-0.40903764490079647
-0.07320014073706693
0.20191539749652995
-0.08994918000517033
0.7993911442630804
0.4289697082188172
0.2742471945183517
-0.5982936512452365
0.777907890134367
3.612406216309483
5.548455666251583
6.961619321182267
5.9458642470114995
5.330423828144299
3.3617722484664947
2.736328676259876
1.0722347931979135
-0.4378805176372062
-1.221430236466848
-3.6359338451134904
-5.710380758406901
-8.201498642889735
-8.055646410639762
-6.836155929810358
-3.0874994589129083
-0.725526612723925
0.4912489727351906
-0.3583218418347737
-0.3689242353907298
-0.16996127271420727
0.5710184916950768
0.5525323518216788
0.11257567188998954
-0.20089146462482946
-0.4663587806731669
0.6645381416978438
0.8242942264020792
0.9130617008285876
0.8720300020173872
2.904996383880485
4.604792962061501
4.477474156593797
3.9720044514518786
3.622807202201391
2.7516094959130566
0.8150968975968361
0.09228734771781846
-1.077189505811336
-1.9161550185187828
-3.898605591117602
-4.654475889299083
-3.900008910498746
-2.4290666167313133
-2.716501278283792
-3.1870745087508925
-1.9846161996677691
-0.8241048175265665
0.18718183151870232
0.7326640180388324
0.6711523737526763
0.2666715022010598
0.025819302319211947
-0.21777154501204138
-0.5804757082787029
-0.14904477101467473
0.529487524300952
2.1376828570153603
2.719779492281407
1.822583231238709
2.2633525134342127
2.5652838142333714
3.2570409143478694
3.344913897367844
3.8954849270519283
2.136212342781501
0.08024555713455185
-0.7530735091265157
-1.3295205620992288
-1.6188883922629846
-2.021797559501011
-4.128984560339389
-4.881331130495483
-4.483353616427807
-2.057263853890163
-0.8589426556805638
-0.666381242117967
-0.5290903514569287
0.020241713986229634
0.5089848785313729
-0.5372450870192425
-0.6992834208215679
-0.0767480860431021
0.1351615607785078
-0.03847666676343755
0.039860225306190315
0.7481146014447678
0.944332037668573
1.6259140811597999
3.3754905427614452
3.36690485009798
2.465367037691079
2.173334551295837
3.1428074386655647
2.7277232209264155
1.6640189871224023
0.6360406710423034
-0.41763642394956824
-0.6349595027755468
-0.6948172144428595
-1.417304038611132
-2.6616864592108684
-2.83341326950872
-2.79803669604502
-3.6081202019839473
-4.782675008467555
-3.342123646187403
-0.5621785228576872
1.2906013608583857
-0.055527825119635256
-0.22883892091386163
-0.1762390824176083
0.44448546477263123
-0.6646011636026959
-0.19912438110077585
-0.1904265289720579
0.7944520411439737
0.5291605922748591
1.1693937030619153
2.395011516365367
4.585956115094136
7.236592766796155
10.42581809990059
9.937760994321481
6.663152071534035
2.26557224228487
0.6397799580232064
-0.4198453129690999
-1.8163826127153129
-6.039360067270351
-9.329907527096035
-12.78625504202592
-10.726732798288921
-5.5774076796417456
0.3792345161217144
0.5361897982825925
-0.1737431200801619
-0.34724005802437374
-0.10232307228648498
0.09737496529390811
-0.0635984862357121
0.1276568857734552
0.2541189146332584
0.27158673801463
0.19421490495614363
0.37526859023716047
3.7032455624350527
4.919159063787867
6.827458178440402
6.537277096814945
6.269654197699967
2.983356256066448
0.35258882613106174
-1.1319586979288299
-2.6385471341146842
-3.1713723308113297
-5.696253749569726
-7.202411474314457
-7.78312272416931
-4.555247980860887
-1.5890083056843556
-0.13488839385237456
-0.27604391435520376
0.20477911479575753
0.3430782675069339
0.3010911637306046
0.1626629500245929
-0.1199683823263606
-0.00517092259098838
0.644535539752218
0.053220100110045715
-0.06316089454314026
-0.46201131398365697
0.06942095210471785
0.8940081491903207
3.5791673567114066
4.600268343396097
3.988505161100814
2.7764673990226907
2.204986343746634
1.7018032081433625
0.3950906531208423
-1.3090807643498648
-4.916831926184149
-6.4076937989745195
-5.633143276123713
-2.7564389177071433
-0.8494681389680657
0.3096874792370107
0.25901851416001004
-0.30906122679395664
-0.12783188862648212
0.07297036714805491
0.2681227012205781
0.06792452921544329
0.0830693408381617
0.20101291237067948
-0.06449691304084659
-0.07088182732526427
3.5769101209442895
6.065768218487335
7.175109906089723
8.097230581863204
9.528894209654421
6.669465712540689
2.506775579518488
1.6190940393129916
1.042988147662373
0.9295357689617663
-0.05043947980618422
-1.0348687363941458
-4.139272897153368
-7.051786632800202
-12.04539305590289
-13.192154767343613
-7.905704956054285
-1.2961570199427723
0.2837813813315961
-0.4689045780970345
-0.15196398298506889
0.13439394813256747
0.39229625088395975
0.3734285405700663
0.12720868762077983
0.2546843934709391
0.7809622766483443
-0.23340073921905535
0.9953816410036431
4.569191621339346
8.487929921251675
10.315544458534626
8.371761268615233
5.42166526529084
1.7359484678492638
0.9747546932162819
-0.7946583344670385
-2.856112741818999
-5.196157553985208
-7.585925840178591
-8.260297663343367
-9.21483017984746
-5.047284290449463
-1.1411035485764967
0.7298872480400358
-1.2231374386562446
-0.9368204893006182
-0.5250663439809843
-0.20944113977327536
0.04907517395580217
0.0976260772570034
0.262238311457468
0.9044268390374781
2.1462024705477676
1.099225283509205
0.16616661773228736
1.8121709000953738
5.468726057374631
6.7349973885689325
6.119544263077021
4.544439543953462
2.5582015106903975
-0.17914253212920303
-3.218283849938982
-4.201469326318408
-3.080843743534229
-3.1622898827080257
-6.308985200722128
-6.7326411461102404
-4.5678498096937625
-1.4442954466968867
-0.4167352165086207
0.42565989202737636
0.764042143865425
0.5932447203204627
0.06900747718702073
-0.07455793287634425
0.15808837825280098
0.1867455113348646
0.22472811746919186
0.04483318584614487
0.6446232184622508
0.5684755828302215
-0.29568450533597623
0.25933857538707117
3.4907714283619122
4.792626794063249
4.696458017387575
4.833922437098021
5.395962895700703
2.995455269461998
-0.978145870817353
-3.357325393156737
-2.43630198114951
-1.8693366762061356
-4.170813952878232
-6.1329795832662795
-5.063977149241271
-2.3390463979927
-0.47561719510708017
0.1320393901753203
0.09658879578282337
0.023189405014446204
-0.15459226782412536
0.06849051907874411
-0.20302909250824666
0.16039198036688151
-0.004758829047889206
0.2911724926099592
0.004961774830025191
2.148204797848767
4.173228370659904
3.9086575416743887
2.0340470472901586
1.0626404340615163
0.6666751080120482
-0.5174626756556434
-0.4040890834133478
-0.10198843138138483
-0.18263835610299134
-0.9196411046607472
-2.6386784067679234
-3.4637922067979767
-3.3386656075652255
-1.7685432507869727
-0.8256454295859231
-0.12138220638414544
-0.34423283298443164
-0.4324081999573869
0.1299020086151133
0.020254694529425785
0.008464549066071811
-0.21736766070463445
-0.01618080196685809
-0.18992828926632827
0.16842707703208049
0.2913570850633611
0.15975066104853655
0.3696471767690698
1.1976615286548773
-0.5399489588682833
-0.6919309463507886
1.758536175102647
5.089362553918374
4.280406581277258
3.2368608665068073
2.3669155540198137
1.7574506171881499
0.7558785364508044
-1.7170544970701285
-5.521335523381436
-6.34716269746352
-4.542643035599214
-2.0473927919699055
-0.8939976395689281
0.179626468872666
0.14421203532986718
0.19165619635159506
0.33124772043694234
0.340074502785447
-0.20354395626015423
-0.3364216772980254
-0.17636649086405348
-0.19760454168937097
0.5023017315526777
0.42332481992717885
0.08833076667114972
-0.51823875535887
0.38754413045213776
1.7527809142800534
3.4541055460133
4.336225120648578
3.5152386768469226
2.652615738553966
1.647683482992675
0.6873192968923927
-0.6869098568385316
-1.3147535191813047
-1.8886705934825128
-2.6276079764787146
-3.19094090853889
-3.7276472477208293
-3.301628577989382
-2.2899800517128597
-0.6799536335858842
-0.003195486075185981
0.3643844659725647
0.4540304243017331
0.36415711766622133
0.036608000169596755
-0.3076441478925214
-0.32144221945121454
-0.2537687971453692
0.06608398046537832
0.09222061834922937
0.4511614093573471
0.9234472263728991
0.8749697862546468
1.173976304886353
3.0771134358007743
3.817369737832234
3.3452758631065262
2.9365725200145203
2.9844979664444202
1.3643932145721702
-0.2074196993645279
-1.253399984874381
-1.118625784206604
-0.7241500413147207
-0.8362205992213954
-1.8478339393225416
-1.9999318659816328
-2.774848002582843
-2.5947895322601253
-2.054177304100549
-1.325266169250223
-1.3498835989267746
-0.7970927929325586
-0.051695847610612904
-0.05475281866110827
0.014416827974188515
-0.03476746927188896
0.1939473832573859
0.0722559118494836
-0.0172633526785053
-0.058273137296561466
-0.05574939081686559
0.2529017950625428
0.3855687933082644
1.0843276356689286
1.8943535402690226
2.6522022925185347
1.7191633448712307
1.3517882813777173
0.6176102438162846
0.6196968289005835
-0.08623008872455691
0.09174269824477632
-0.28493105045975087
-0.1674704013144019
-1.09235114003611
-2.5158045182670516
-3.1192815154390305
-2.529750715756614
-1.6766846170179177
-0.8157035127072354
-0.3492808567018817
0.2058123695241629
0.2517026691927306
0.19271248467740837
-0.15167481033612598
0.0718843514052081
0.15865581287433358
0.16565419067172554
0.30229637598499653
0.1850926799599239
-0.3141612479259907
-0.4670314093606108
-0.2823700173001497
2.111992549870222
4.056560549692964
4.131561659985973
2.2657050170547586
1.3456073649445164
1.1169707231468053
1.0597466417148251
1.1852193165307203
1.0996076847410454
0.8376873927290195
-0.1445346835510002
-0.537605281617464
-0.7655743430723241
-0.775215382388846
-0.9495990632201996
-1.3403252192649409
-2.9795337474863417
-4.110929298879218
-3.053080354303294
-2.188506789942434
-1.6096422296836772
-1.179519447313915
-0.10110530371107278
0.20485843355121547
0.3909487538927023
0.2653589723834128
-0.2588378910996434
-0.271541286450332
0.29464476643803816
0.5573554330669203
0.47334475661439457
0.5111760200645851
3.036481607992591
4.410694302518737
4.430732420446548
3.792410207405521
4.573226978683501
4.183725753758091
2.7830993050357526
2.340258569549434
0.9608370156127357
-2.1606393021124055
-4.121597164786554
-4.5452249469751544
-5.701954624467245
-7.205682770504692
-5.376442798116159
-2.3533113378698993
-0.31017330839230123
0.1315699340868982
0.2346493505633428
0.0586954373909035
-0.375281160753211
-0.36154137585563156
0.20132321435079042
0.5882453381313109
0.03062392108897964
-0.2788800579151252
1.644573680751206
5.116256358998773
5.88594578468729
5.778445382523107
5.056373746178386
4.022178515386903
0.38171477804150816
-1.6230995174905951
-2.258549477116983
-2.4797517391061064
-5.403877180241405
-7.569887647492537
-7.009537475913733
-2.880966343130501
-0.5187554569030688
0.16239529602068586
0.4026094889973325
0.34840366843790405
-0.06960792079004914
-0.24373930544238542
0.23413364579418355
0.29802440947987313
0.4881694470122026
0.17711377609118653
-0.24862873914844125
-0.3423007987033476
0.11745182963750324
1.1249879706890293
4.100142649346513
4.991858773574783
3.663707110855565
2.420300136922473
2.233389128623881
0.482124372657747
-0.5636408886767051
-0.7598378556003504
-2.9580540707830734
-5.943007173419795
-6.170807799774837
-2.353769121431836
-0.22816118080358264
-0.03422582529221091
-0.9443320396432859
0.3409201712050164
0.7652041116192414
0.8223272115301199
0.06840614802531036
-0.15328618281493003
-0.4748480466123841
-0.21029567168313712
0.014423950304674159
0.49400235154839134
0.8577543802289946
3.3707612540722276
3.7089949319817657
2.7950991949028343
0.9473313627715663
2.0519184607512178
1.9776615786492697
1.2082554147102273
0.043145956389042624
-1.0709743221711596
-2.1016385767697954
-2.774802234848455
-3.856328617365062
-4.233992527372957
-2.814091289264545
-0.562166507309783
0.22604809577645152
0.4841456611662305
0.2717261831904984
-0.44623754943206706
-0.4745069996771909
0.47611962717890915
0.4073947412720986
0.022262773062475694
-0.5298713679627316
0.1625457053335462
1.4822359341051945
3.20360288271389
3.295974880217277
2.464972616644249
1.9128482560717852
1.1029627081223952
-0.279282053266395
-1.403464853434677
-2.01338627154394
-2.700404431795003
-3.581190821804073
-2.711975465134125
-1.6872291292055657
-0.5392550854469236
0.041064391571491825
0.3503614845141054
0.07494378556901045
0.1213764260813394
0.16547023192477844
-0.057356076260027325
0.5844499679359075
0.37760049169742943
-0.31838501640249295
0.06745143534217785
0.7046654357327538
0.42588800894019485
1.1458010776565941
2.416439192211543
2.816393850755937
2.410246491970099
2.3199494913925416
1.2311654629962054
-0.22669888777913214
-1.3030741559631007
-2.870192614169656
-3.8796312716041115
-3.4277786193609385
-1.5299120900620067
-0.619013969180944
-0.1671957040102647
-0.2721454516552505
-0.26076508997119285
-0.27290312643054215
0.3527717502901339
0.5098734201292556
0.3224677587629976
0.45479680777932163
1.111060859441217
2.3030811471346206
3.305456451959893
3.1272659200196173
3.296630910457705
4.424312792728809
4.784667235379409
3.3288951532555826
1.6964409796168503
1.3323991538905358
0.38378667200928046
-1.3891710712339114
-3.6285619703873673
-4.481004902035229
-6.92225589908002
-8.010301432479935
-5.657572075924347
-1.5185759012994804
0.027190168193101678
0.3169461071249133
0.3220050809154924
0.11621542345605121
-0.05270239964339335
0.10037904065713711
-0.3716146700337482
-0.06534255512163215
0.47640649860278234
0.6108632892732063
0.17518986981027326
0.0708082942419827
0.66472862743224
2.580725923450515
5.045179374889803
5.608442670773989
5.3272214175937895
4.838653547890824
3.0361001122147564
-1.170654464835843
-3.340251778041032
-2.929131381875709
-3.084657956596325
-6.744001071259338
-7.481614474922455
-4.291193964444659
-0.03870415827201724
0.43355352971614286
0.5127543500653893
0.22479312062236245
0.16978042745188487
-0.316825171581764
-0.17485451203091149
-0.022104835828622445
-0.050016306731872975
0.4913439287274824
5.2554485799918975
8.754450811373614
9.95495693954697
7.803554123885176
7.245393420059591
3.0391107231288768
-2.99988157496684
-8.14061122993396
-9.038105688087965
-9.132155300107247
-7.460753847571514
-5.346452634284877
-2.004279241818646
-0.4627734843144213
0.7361775522123147
0.23516348547080995
0.07745067992836581
8.77468208487131e-05
0.06531571279454902
0.9789331443452288
