0.7187813310523369
0.7849083487273505
0.7906167992186639
0.7849249133997709
0.8004288460549911
0.8109408290430146
0.8171057778969886
0.8129707302810261
0.8088962622215533
0.8006870131449603
0.7978104003114217
0.7968005332289746
0.7882782849956554
0.7651468182726567
0.7326039313463164
0.7023974814550595
0.6746820444539886
0.644385954914126
0.611329527615275
0.5563346349661771
0.4829935411463506
0.4112475759820784
0.34370604977440944
0.2740832198906
0.20428506524000475
0.1559175018968417
0.125310104509536
0.1206849193970567
0.12406453849088947
0.1224738623550392
0.11903173572249069
0.11782493045789477
0.12197888470409712
0.12078280059499663
0.1213114383177395
0.11332381662201879
0.10984286959609688
0.11591078756199287
0.13130488143147565
0.1512142153341024
0.20598112111357345
0.263835389426879
0.34897038164456706
0.4775713910129298
0.6603996798746898
0.8011440122366096
0.879073839974947
0.9140152286060954
0.9402722062684252
0.9611963956637183
0.9699535568706894
0.9728276311726501
0.9760644905272967
0.9771068914864998
0.9808782934782345
0.9785061106154668
0.9734468565674956
0.9595578967259762
0.9436330667368937
0.9047607797328237
0.847818300276518
0.794478550990995
0.7471010358461234
0.6759308223177554
0.5798610849514109
0.48641807244845703
0.412887438149901
0.3592778658026496
0.29857580823753493
0.22610644382014863
0.17397765762274187
0.1549855477614786
0.1360604106021202
0.11131470697770096
0.09525504110742479
0.09215404811817263
0.08891037364082334
0.08526166574565716
0.07494959849739347
0.07161872291806118
0.06981045070226731
0.07099408760815692
0.06973856461443581
0.07410352955707883
0.07893764864703183
0.08055722584660545
0.0764309472703672
0.07766580551569008
0.0856601095640758
0.11680680374332407
0.16478313966732697
0.21911704595020443
0.2880875473443877
0.35089698155529336
0.43242282388400277
0.5026894938840208
0.5851314091355297
0.629336815241647
0.6567390685236171
0.6548765643391958
0.6526823534296171
0.6540465815158171
0.6543043570651874
0.6544756558520977
0.6532868038499194
0.642205488859015
0.6192106137271095
0.6056469635473644
0.5905526166803305
0.5593502793880009
0.5118882273024152
0.45886551744844506
0.39831597966397325
0.35668090755387194
0.3095267287967193
0.2274040188618321
0.14533497759444225
0.1118639686277106
0.10942283354328851
0.10352902548026319
0.09248493352880235
0.08330847262959781
0.07993166479893836
0.08134932683459521
0.07557823598747065
0.06752943697217333
0.06445794404258358
0.06583317380604481
0.07092746111605075
0.0782134406206948
0.08483777440077075
0.08563287218367296
0.08284229279844431
0.09040702930521487
0.11677458843329144
0.17640239856898693
0.23768430463084722
0.31581899208302355
0.3838297625704604
0.4508905391059249
0.4905517038814888
0.5318267812820338
0.5459824155708822
0.5518675369180551
0.5400161116512352
0.5327652537099485
0.5154380191441158
0.510472280233318
0.5063048027785313
0.5086894882951214
0.49705953953058507
0.4829816687536699
0.452068607624944
0.4012039124422301
0.35304749591942625
0.3364052014428851
0.3424032648157528
0.3343005394976758
0.27933451890163813
0.20674936585994474
0.15270022854238566
0.12994259925452556
0.10913832162242951
0.09759825832188389
0.09238172403422483
0.08674684265959678
0.08746700026792892
0.08429501448735993
0.08518248972172034
0.08104414590781248
0.08484803932891455
0.0928231620833789
0.09120271872869115
0.08306801731933908
0.08641377321823658
0.10584843488314825
0.1348983520080887
0.20271110987180163
0.2753856371778279
0.34698428060597153
0.41234616867347496
0.5168455149667448
0.5780249473254143
0.6090340680133357
0.6105640847588572
0.6126732541785311
0.5970948190700665
0.5845860467595734
0.5833193192299857
0.5743744520958929
0.5861771206925385
0.577214684370355
0.5552452076394441
0.5029562285503835
0.47457930344422694
0.46249259850791025
0.44990214269159584
0.43850646888200023
0.4259558353973531
0.41626287339326246
0.3781297147832912
0.34737801901234944
0.3210819807530707
0.30294363968786
0.28530293781292654
0.269319503034714
0.2564815741713515
0.2382591223626584
0.2248562006994204
0.20810798662869245
0.1897695569024262
0.16026202903308423
0.12834846291072594
0.10488122438030079
0.08913885836946125
0.0800488569420465
0.07626354909362248
0.07464106173756457
0.07073943466267846
0.06119542696567583
0.0574293687481227
0.05906805996854857
0.05772695447080228
0.0633725378228219
0.06389863864663056
0.07098312878027496
0.07452144157283973
0.07966651653530224
0.0850521410349759
0.09809634710719364
0.11323076463073961
0.15964163411318494
0.22562841789582544
0.28924505947716544
0.31062166312104644
0.3228098970786271
0.3337146446605779
0.34663064202515415
0.3612564378764428
0.3748201547511488
0.3869667233383707
0.3921613979689811
0.38964021358672574
0.3949301382789532
0.3921709706890142
0.3957607065756729
0.3908087963903329
0.397792120278252
0.38530328833802896
0.3628190969283414
0.3395962364210721
0.33009985595965186
0.33047846540118186
0.33371881254193375
0.33273288166972503
0.3154888884410695
0.3073820241687014
0.297979596132682
0.27410687772844683
0.219078667138851
0.16480058609975728
0.13440064242585475
0.12471308276931313
0.11816103693928529
0.11118026619857554
0.10638227712633815
0.10458160474000928
0.09832457104254029
0.09820220692573951
0.09484893980379083
0.09060679320654953
0.08967256921127331
0.09883426959454647
0.10063727170240602
0.09885329660076286
0.10240606443441562
0.11132728105744687
0.11541868545432521
0.11793615972090672
0.119241879421617
0.12425371099728859
0.12485028536237072
0.11883829449949046
0.12545426231499457
0.12819156825643355
0.12497965591934648
0.12278659142287837
0.1350116469181024
0.12764421141846852
0.12685109535322303
0.1352646769476747
0.14074482906689975
0.13896340961643977
0.13832560277363054
0.13986460078321972
0.14204541895822909
0.1521088847573655
0.15400919625757536
0.15890262567931968
0.17651702944406947
0.19867494289858484
0.22401234978916243
0.24065822618285956
0.2568746033186579
0.25647327161886213
0.2700447249379254
0.262365375172218
0.2686691482182978
0.27389938570667677
0.279636445601962
0.27753433268607064
0.2844259296372522
0.3001489339533061
0.3090226260084251
0.3239422050625631
0.3431046346552499
0.3529046537213837
0.35696676250800513
0.35699214591865497
0.3620312285651016
0.3753528140565059
0.3854222954261983
0.4124367889969481
0.42099300375323834
0.4317339308406056
0.4287589246682344
0.42886766858186154
0.4054232183707569
0.39868353052363503
0.39752731868150487
0.3955221982500584
0.37579169278543323
0.38128790521930667
0.38400033252629334
0.39813914926622607
0.3892562873792385
0.38850630369378236
0.3665285590660726
0.34938345923606495
0.32042372261063784
0.3262589056371183
0.2975826711596844
0.23817528132960336
0.1712202934813787
0.14313448848079097
0.12799898665970735
0.10676172346582
0.08895515956343758
0.07557992324605765
0.0791056583069864
0.080429362952671
0.08261076630927053
0.08594225740341241
0.08829568686362915
0.08728427284647886
0.08527084532929015
0.08352733261842729
0.08649314973030403
0.08836726626510372
0.08593322227310099
0.08601779632742856
0.09126143502127479
0.11349029571254995
0.18286289938310935
0.34964150181166487
0.5852332909896556
0.808101953561736
0.9344698984968423
0.9682153709716643
0.9673763153292195
0.9631245950896741
0.9618992937149199
0.9545538434587869
0.9586567378083908
0.9621848156200363
0.9685369802911927
0.9720618412176831
0.9817028314958095
0.9853111292098263
0.9895549099508139
0.9929471494005656
0.9978895470847997
0.9972140640899251
0.9962311465253256
0.9893493577510871
0.9832364397590092
0.9751766647460394
0.9690100816296541
0.9477932525906437
0.9232048472004489
0.8910824924784418
0.8364252973174264
0.7012971098100813
0.5296257918625529
0.3838907729609008
0.2858416393235552
0.2064542668353811
0.15125661890796172
0.10798077593232933
0.0800515050014975
0.06375145582468217
0.0613390194338712
0.05743205409149471
0.05981733427537145
0.06337958582111713
0.07031190990401988
0.07234527178102337
0.07022899207763161
0.06694865930784252
0.07294739478128173
0.07017608557904155
0.0803651729264624
0.09047330703946344
0.09179050334006161
0.08236671309291906
0.06631755191943173
0.0516150266634771
0.06017289135516957
0.11632669555278122
0.24822517647818595
0.46933299003849904
0.7391628682800382
0.9127114085606066
0.9762683182263905
0.9645793697636157
0.9608668981254154
0.9536510468830762
0.9551444598615063
0.9441963966989037
0.9383001152237911
0.9361151442507174
0.9361718177736984
0.930416444213426
0.9229747871087791
0.9160315859837812
0.9135212590583186
0.9127851766033916
0.9098219699219771
0.9109657726840836
0.911650364663995
0.9131361131171291
0.9129257480196137
0.9146693826877653
0.9180066696510106
0.915935871058321
0.9153188383955511
0.9176155097219612
0.922868224653816
0.9249452232164107
0.9261795166379662
0.9150439817456273
0.8955107844774726
0.8531432927474483
0.7858494847606772
0.7108507041226708
0.6485258638072715
0.5835313113425644
0.40658819706753013
0.23223893392672126
0.11435349082810906
0.10915948388628385
0.0862019214884245
0.08432598009185725
0.07786339779785427
0.0865133708413155
0.09036989572796772
0.09396341408437042
0.0893282938638641
0.07130328357223123
0.07324696641409309
0.05893769939395446
0.056114772416863135
0.055923881965539435
0.05738281385105224
0.04068141726907273
0.03910363019911019
0.047319960479133324
0.05248168867979579
0.07269314369005679
0.13362235679425433
0.20130018879202108
0.2686144896032172
0.3772628538691023
0.5842290133742631
0.8140061786661648
0.9423594517881339
0.9731317898502106
0.9731777941710017
0.9718957852443795
0.966127633880933
0.9614379504886197
0.9643957459364096
0.9688735916222583
0.9730247053321137
0.9726960378761049
0.9701793800438956
0.9689410654559081
0.9648761774658015
0.9579480198658832
0.9479410325669888
0.939857374832441
0.9370231304878345
0.9292080504814645
0.900666167995856
0.8429839550302802
0.7596293360260575
0.6478691622603863
0.532501995282282
0.4163662157484394
0.3366684874589083
0.2656331684155304
0.19533946284239914
0.11741499558474523
0.08070009088294726
0.07183187364022439
0.07485794326106765
0.08060041857206347
0.08096384649417906
0.07495827869377267
0.07186666922876606
0.0716253427547398
0.07095951846718894
0.07279313309948497
0.08129662541196565
0.08392476189200362
0.07592053674492652
0.06652140037971924
0.05999498422837337
0.05411163164073558
0.06300802565532436
0.09348043566820942
0.13181236487662754
0.24501999283399942
0.47901982283162386
0.7461037276757537
0.9094268376376771
0.9677320119126618
0.9712128179062597
0.9589668545650925
0.9455156735133665
0.945277665087229
0.9456832003814177
0.9505511204180367
0.954097290420328
0.9524318896997108
0.941961414979468
0.9360963280551717
0.9387526796311758
0.9444589657830859
0.9484055865556067
0.9480093235254191
0.9491206109426146
0.9492433527331625
0.9484443625846151
0.943310076201424
0.9451043482916746
0.9486476402151544
0.9502149489654769
0.9463548879412357
0.9429298785750327
0.9349786195155423
0.9060664681672159
0.8356140695080284
0.7638123894371094
0.6831533679556326
0.5725239995895769
0.42279443427748603
0.282024566654197
0.18600020065354
0.120943060742133
0.07967275460857777
0.06282648252475828
0.06665399658191655
0.0723889392804633
0.06822552049594097
0.07252251285439919
0.06665031078564204
0.067183412009158
0.07025214395163637
0.07251211646543304
0.07385979461238697
0.07563538684245696
0.0739027991504122
0.07078113848721929
0.06793386741662584
0.07161921308151534
0.06890776349921189
0.08621964122706362
0.12484396047453872
0.20670443221378657
0.29504302357804124
0.372983141659226
0.4412143948135694
0.5462495113663267
0.6697925713608863
0.7854451601105368
0.8725065846551905
0.9307623792121247
0.9498275014475357
0.9564416126731656
0.9627800567522262
0.9747228137374299
0.9816512312232477
0.9884896212467816
0.9918134952682033
0.9963780569889507
0.998138255599163
0.9987913505963236
0.999307828711828
0.9935768036548135
0.9854000912592173
0.9644333305493815
0.9373185900797874
0.9132882055709945
0.8938946591299435
0.8552195139440322
0.8019559510173646
0.7429153572280885
0.5921703723482115
0.42362348782261866
0.2921891594082422
0.24149063287923395
0.17681750148146794
0.13315097266540277
0.10200361079068872
0.08334090045783199
0.07286170881559614
0.07117008906573746
0.07327741753811409
0.08206505118465937
0.07775637188906592
0.0788637670838276
0.07303145686929813
0.08250007813927235
0.08430637878235037
0.08347829198860669
0.07882705612362963
0.06667954387370649
0.05238739291727297
0.05830632082550587
0.08754927655829005
0.2367319432202618
0.4637054091607505
0.7358511366222705
0.8829970240330629
0.9553840554378532
0.9483391496393723
0.9478251121504224
0.9422098470813906
0.9378636917147564
0.9338108440416178
0.934126720325976
0.9342575559880715
0.9293818096420543
0.9227427094911488
0.9200698988958814
0.9181230543529982
0.9186403893575664
0.9178089542127437
0.9270398051965651
0.9354055894162406
0.9391626772449624
0.9369178785168577
0.936868363037666
0.9274302308002167
0.8821626862383839
0.8238209169726096
0.7700026132335828
0.697651003801062
0.590166923610354
0.46963216307848626
0.37836817196698286
0.2907198866118906
0.2142817788458804
0.1393521512986575
0.09572120599118575
0.06122123628049191
0.039869427990675776
0.02636430348190439
0.02468093997748332
0.022676496424836046
0.019439724354515065
0.014562928273045454
0.009625327149097328
0.00589521342525422
0.007192069288868781
0.004098798292181656
0.004263171398040838
0.005746386607988934
0.018986911916652565
0.04274275599210492
0.06892785460788362
0.08363642284014836
0.17146722121836452
0.3614254467999622
0.6479100025653297
0.860150329685977
0.9483909966074118
0.9409061798203384
0.9450595752990847
0.9413971837600693
0.9265398853314329
0.9223605699961324
0.9332802459492804
0.9384896578947147
0.9349929081834716
0.9395001800715144
0.9470766173120297
0.951454634806142
0.9467528929799952
0.9521595586958029
0.9571752929880343
0.9586443462790052
0.9574991647429906
0.9650420317113518
0.9672423431210666
0.9668425962488
0.9626097333911157
0.9588822113753042
0.932699677228567
0.8649253015280174
0.7652255037666416
0.6201911302712939
0.49088665082667904
0.3837784532649879
0.34510817652439785
0.3125676621385949
0.26309949855962705
0.18868814013166801
0.1395509207029686
0.11505835295050176
0.09768437022502113
0.0849794852395689
0.08104186776833974
0.07377505153356217
0.06816831714646927
0.0652637629408611
0.06888325467601034
0.07062867423479832
0.0714494608300395
0.07004453370348866
0.07061965542769626
0.07028471896686962
0.07275544440673005
0.07554806341803438
0.07984878940176438
0.07758078463391638
0.08475987193539922
0.12076107200554398
0.24330646159024205
0.4519582176190561
0.7001106294817241
0.8797149707584824
0.9564658918087897
0.9665967873373634
0.9587697092609313
0.9545679504078433
0.9458674442239882
0.9434757174773496
0.9425376211585447
0.9468847067975892
0.9548644869787956
0.9623464095677309
0.9665220639680367
0.9700082326713155
0.9702126955026303
0.9685942875330462
0.9632664178534698
0.9592612856490428
0.9421314758593402
0.9190606917146781
0.8678245716108121
0.8003284069307828
0.6841163401148503
0.5661463819274202
0.4638406798790087
0.4113100863276189
0.33008109209883985
0.2241561768101679
0.1421000729549044
0.11799680593254497
0.10667580828798158
0.07758704662217
0.06360244344272009
0.056540548062802364
0.05230409407400118
0.050326315222695234
0.05982812928393865
0.061955981751944264
0.05356623618046785
0.049508248502270806
0.053780645156481593
0.0600511884755275
0.055484929619697206
0.05308161718421621
0.062144647629046756
0.0738750455723183
0.12304890194109419
0.24101338404750755
0.4862302160468734
0.7529906615940178
0.939919625007106
0.9818838614167755
0.9708682737426271
0.9446898570161852
0.9310015527409052
0.9216194591012634
0.9251798779003146
0.9305742938228043
0.9402637904405879
0.9443496248932784
0.9516114421433222
0.9593514336006519
0.9639340498027756
0.9616813218383058
0.9561623374661108
0.9444324425618048
0.9299536761390208
0.9155106698163527
0.9041580140110956
0.8847224848405679
0.8451367671597776
0.7914236851405214
0.7202826988039615
0.6290273028236186
0.5090930829040927
0.4043982781077077
0.3449077086517044
0.3220967016489311
0.3010281750764469
0.23829433029022368
0.17439306190543957
0.12933207820046527
0.12643840456337
0.11482980102698935
0.10880820412383786
0.09709134229555501
0.0919872880941638
0.09158406428612077
0.09431447447534896
0.09239689115241019
0.07722987071052348
0.06650454648888918
0.06134985746727417
0.07216767343294286
0.08111015638170375
0.08164669072406232
0.08693216202662896
0.09345414292508646
0.09631638602917905
0.09391850849217233
0.11422112154083033
0.142405832183096
0.19747169347873084
0.2744719746818542
0.34034454359327626
0.3711967463282698
0.3880138364000557
0.43210387733351957
0.47718255728165127
0.5223670991376212
0.5584360453293431
0.5801381161507966
0.5814972752850619
0.5691949054873515
0.5873837872793617
0.5793773783399793
0.5808241556491108
0.5766107652675035
0.5736658347064066
0.5543794689118832
0.5521524760253472
0.5560537786573915
0.5438799293022629
0.5292400468832305
0.4959529304345931
0.4402424436072372
0.38577783430876517
0.3223097932063529
0.2607131671608566
0.19790578511409967
0.1601749253639027
0.12567197484543602
0.10692117156119979
0.09516748368355142
0.08903679430741274
0.08512004036527338
0.08105652641390636
0.07667599136774493
0.07238672707486386
0.06817718569175892
0.0714562333437549
0.07058699807669468
0.06425092565124854
0.05696865915764422
0.062103125643868023
0.07948720339860676
0.0996177250336127
0.17075940221192637
0.26626591192981786
0.41819371181871484
0.5725880337054599
0.7131096176314695
0.7651980606224266
0.7858886388796912
0.7912931710439092
0.8010697045376465
0.803941498682488
0.8101997163418139
0.7947208286828634
0.7653662685401557
0.7186422706903727
0.6543666317306203
0.604714044610666
0.5358291925741924
0.46423407569706765
0.3893224238106946
0.3359822217233489
0.27352385951393665
0.21317928991155585
0.17587926504847293
0.1477969343600459
0.1365231412213327
0.12700816872890217
0.11541814097122705
0.10420934316202188
0.09941840565670916
0.09654023094876713
0.09424985192122848
0.08645252635326783
0.08312408260610755
0.07496731939988244
0.07405032328969752
0.06885783081822802
0.0671989154659738
0.06691408304325269
0.0748579878463366
0.07749894090178144
0.0763494983022763
0.08149584309003993
0.09841699227696622
0.11573899380120264
0.14918190640669873
0.20807480188195554
0.30589443359472557
0.4183312160927757
0.49339905045526417
0.5126185033619641
0.5199795581965109
0.5336943845591755
0.536806772209245
0.5308361804062591
0.5198063974448959
0.5224292113785828
0.5080411552380638
0.4721531990125901
0.422146228292855
0.3866978478847985
0.3482089791038075
0.3121456363124183
0.2684998089255876
0.22615091427992956
0.18570522318947233
0.17259403292493591
0.1538575853561733
0.1422923241490301
0.12109867760657608
0.10884003684553101
0.10209021499087025
0.0964437826622191
0.08816200890044326
0.0812742839572624
0.08034373444883647
0.075433427594682
0.07115362586803703
0.07059749305085525
0.07269671519026832
0.06973026095029182
0.0678460068241643
0.06686437875949898
0.061786840697967714
0.05903565538396928
0.05825370470333113
0.06369757061370052
0.06408540509433036
0.0657998161114105
0.06101288935306006
0.05998571786603835
0.058394848101925315
0.06037593908937073
0.06167255799505017
0.05723766998432316
0.055106648675731895
0.058585645872370216
0.06193672681421526
0.06445155070933395
0.06431347737900173
0.06761350882551029
0.06920516342802582
0.07657359768159254
0.07453600571690429
0.07744999143866885
0.07347812868811576
0.0752612281646049
0.07300519436167618
0.07639566789671912
0.07563618319872815
0.08143814087322093
0.0809995941502348
0.07564416378695688
0.07154999959981839
0.07004497876085973
0.07087648136631175
0.07451690662621815
0.0774513991724555
0.08062017816529286
0.07946314188911018
0.0856287329614839
0.08205506602210759
0.09237968551957426
0.08373736771264126
0.08845680037929748
0.08008756062001637
0.08965681663531173
0.08411775288690021
0.08965504060402685
0.08765648585906677
0.09155634141514069
0.08611991147573589
0.07998107344719743
0.07941065532362841
0.08620768382253322
0.09646311268522602
0.09767049984872304
0.09579191578483531
0.08377659118466436
0.08956957021385573
0.09035420330566532
0.09253944668971963
0.08974408821723823
0.10665896640702546
0.12367622235410008
0.13966015411111396
0.163758433908298
0.18408111503688424
0.1992828745187174
0.20923956785399617
0.2274775194521519
0.25986158649430996
0.2980577646487085
0.3471006017969309
0.36636805859367727
0.3797115740063737
0.3823068033519784
0.39919211618689715
0.41023410222385026
0.4218281493235969
0.4251217181727744
0.44042159852800733
0.4509143911017265
0.46365474674417045
0.4598629785470817
0.46747741682714344
0.4556286646472927
0.45295568221493654
0.44963300107235005
0.45871753430813156
0.4512271303534226
0.44715669181109197
0.45669364447391525
0.4629355223928652
0.4526400354455519
0.4468853310338339
0.4529005771081204
0.44922770144521207
0.43434479383230873
0.4367836482237167
0.44553590959831196
0.444982408960475
0.43599216723754375
0.4355999901050208
0.4359543042238078
0.4301081063766359
0.42855200065554605
0.42910176524969046
0.42727429295322594
0.42193066870675505
0.4160427817723785
0.41326516350905396
0.40292546168972004
0.4008346938666144
0.3983924213543171
0.41145405586500217
0.4063399119274894
0.3999799814341969
0.38368816544650586
0.38074242019182303
0.37031079249322657
0.3609659648767526
0.35439482213656837
0.3563323180454543
0.3540411061466185
0.3371398216460189
0.33183653658363144
0.3378274294142617
0.34955064572977257
0.3471897843452764
0.3474181775884573
0.33972765262139004
0.3262999258767493
0.3239244476688467
0.32399262816366015
0.3214860318233531
0.31953259242622156
0.3333646362678836
0.34064757105335175
0.3418345531118403
0.34244753064173206
0.3452388673331329
0.34398276853285137
0.34054569642449006
0.3345701235366799
0.3277428096105943
0.32578670533051635
0.33753766184758277
0.3468125716575178
0.33848300433584455
0.32692686293770257
0.3247142566981009
0.3218643859813812
0.3125702117019913
0.31531684214196765
0.32379573043124166
0.3277844065922504
0.32638158138871276
0.32256546315189144
0.3190735696179754
0.3281655078561493
0.32526328944685157
0.32529240200501036
0.3248354920590517
0.33988682363184475
0.34414935949595216
0.3590164894440732
0.36308286818883984
0.3585434490539006
0.3523663522844814
0.3582800006900964
0.3683020806714117
0.36805115480952105
0.3567934788729481
0.35580418826355226
0.3599013128365017
0.367087856119947
0.36571518416844817
0.37334818053422636
0.365132042543541
0.3578316306853444
0.3561706858713154
0.36214315838396166
0.36397159684675195
0.35609527660935747
0.3562249703490311
0.3554594027906858
0.34604406587977415
0.3197680690814979
0.3137435506112527
0.31972922371313445
0.32750578108630746
0.3308094702165081
0.3358943246941155
0.33291402766127753
0.32965350722578923
0.33632702798030223
0.33594548575619176
0.33364905331383654
0.3339232826842036
0.3382975654126893
0.3338265447816675
0.3328095131894614
0.3330826209916683
0.33390664839911094
0.3302590588500022
0.3344844472310419
0.332517103727893
0.3334558238178128
0.3276533674890366
0.32881722069726926
0.32397334901866237
0.3290841391735011
0.32922466719323723
0.3311823758213407
0.3228682017795666
0.3251897451511717
0.3219386062776143
0.32285369751078585
0.313351357913444
0.31522811748366164
0.3035872248287129
0.30955207990978373
0.3020261386572851
0.3123186196712946
0.2958498743103165
0.30640178515040645
0.2940018682432477
0.30829798675502995
0.28822935906507396
0.3056418243406722
0.300118688463896
0.3097192749149648
0.29447334964423333
0.2971081679220585
0.299272240443289
0.30460261103686775
0.3113285533566329
0.3098851643472054
0.3103609533873665
0.30675615218117314
0.3100815272698428
0.31365660534336504
0.3095204489149297
0.3130592956401357
0.3125186804392239
0.312916169396266
0.3073584051546589
0.3097428049496279
0.3075407092422743
0.3096972475641298
0.3094321508532318
0.3052791240372784
0.3004404109610782
0.29673460866435375
0.301086316008667
0.3000418854929906
0.29682958469977144
0.2839530586887199
0.2808652222127035
0.2796920115104491
0.28220797931921204
0.27936984944987175
0.27525002399820253
0.27451045103896055
0.2814732307251244
0.28181421151052805
0.2883390280534542
0.2808234330939796
0.29436778039187766
0.2816488382059779
0.28978430054333937
0.27851804108895173
0.29327169876006154
0.2812622738974044
0.2829770155164805
0.2731832189274438
0.2750868136330954
0.2723001805947561
0.2770900284654235
0.27720581824769913
0.27611916375437706
0.27662582742628605
0.284565750042509
0.2990555656322661
0.3010167864654275
0.298641523744116
0.2960476171004729
0.3084451132807601
0.3143699009292499
0.31760976521804485
0.3207849209712575
0.3310154930180745
0.32764142213810393
0.3267141763221919
0.32435773177259475
0.3272245544777961
0.3171137276419769
0.31854665921755415
0.31520156980311387
0.3223049723911906
0.31972129580386066
0.31765561659672453
0.3120685893956901
0.3157649671368771
0.31549920107057067
0.3130485989248618
0.3094242208430276
0.3123567088633402
0.3095383981659753
0.30892314358861106
0.3128213035055628
0.3110003244873075
0.30030663883459535
0.29326369424161247
0.2999338502298798
0.29543400638671014
0.29726140626401504
0.2977352069261069
0.2945093923538604
0.2919040271572652
0.2897358019028938
0.29387822157842247
0.28726138648256
0.29316117544123427
0.2836114592867103
0.2894618016140647
0.28868382392741077
0.29390286282275874
0.2861712699920921
0.2832705147007115
0.2849408834792236
0.28344253217490323
0.28075779642882936
0.2761450837203599
0.27833994789661853
0.2682411786664619
0.26812639395110127
0.26436042396886916
0.2733504744777473
0.2682544112392458
0.2762522901115343
0.27342301605073094
0.2781711486186744
0.26463021830154665
0.26702206456586364
0.2634008508426333
0.2682690406848292
0.2589082665026953
0.2607854764433276
0.25709178972707164
0.26437248960911003
0.2600083374213023
0.263727504595892
0.25848507620731864
0.26470234407232673
0.25990030705495043
0.26626733876033487
0.27084764601005124
0.27945034774300576
0.28396381961673955
0.2881076925768537
0.2923031444590214
0.2932952777109037
0.30475642599876085
0.3108375213379673
0.3195727213973617
0.3249944414917758
0.33642776930054835
0.3431743368928377
0.3571611765342222
0.36136256011475804
0.3564617758186835
0.35144661723154447
0.35812835502053014
0.35751988257112927
0.3446353131907741
0.2873678885972363
0.2094963242998665
0.137377231138485
0.11567045628231384
0.10222465809573995
0.08416331681914027
0.0622956509789406
0.05400584988750317
0.04839264447300221
0.04013261756566769
0.035671848750138666
0.035146174068915785
0.03595316229864578
0.04007329151802522
0.04347648046986191
0.045635831268890564
0.047849948611628654
0.06463997789510999
0.08764907693590693
0.19132965924305262
0.39747619881302454
0.6446229702284128
0.8160851647681531
0.890924411062854
0.9068775073125852
0.904250420799031
0.902466231088491
0.9071283932552482
0.911637749332495
0.9164952548282744
0.9005588604542335
0.8940081721041242
0.874036985858835
0.8479185958392469
0.803104594971225
0.7543731019417124
0.6876594691664522
0.6279009095889738
0.5479822058642514
0.4556752648854959
0.3151721331192727
0.19865634924012104
0.11949424254324086
0.09808059181142016
0.07230859120344219
0.05603903468719191
0.047158363740300704
0.04257830018261358
0.040980517037041544
0.04491479849566088
0.052358341172786024
0.054495201973762834
0.04521357401202691
0.03269014034074458
0.033082076926417174
0.04105161202785493
0.04878663884050011
0.06507511311118913
0.12443174534533977
0.2495410681117561
0.4640689169049981
0.7120920449825594
0.8849313567512365
0.9307295005319198
0.9187804911270534
0.9160671565230649
0.921601032263816
0.9247415224433471
0.9259459874050315
0.9236186179610859
0.9253657015049506
0.9261126801587214
0.9319446095433653
0.9221420794838971
0.9088495086051545
0.8812257546744707
0.8604385505841237
0.8426252421016793
0.8190126968780482
0.7443494565422366
0.6313187054618877
0.49747891164883307
0.39273602306066835
0.32732274493374075
0.3109196961185031
0.24785879911086128
0.161733855465645
0.09748631076570358
0.0878103368303891
0.0794074560933887
0.06980279678078043
0.06485257109182868
0.06089454784296688
0.06424103798131961
0.06344812103980824
0.06465000521243781
0.06302476217650917
0.06490652867834117
0.060552334783545575
0.06160382488874022
0.06340321420362519
0.06717788923390383
0.07479984457237501
0.10130321117573192
0.11356057351521752
0.25703450584387993
0.5174152050484992
0.8046785965554799
0.9173791702836995
0.9307970070096632
0.9038417071365541
0.8965588961409924
0.8986798234994516
0.8974690224212464
0.8941236487527519
0.8894498916135174
0.8905423353032783
0.8932049016327193
0.8949686738901644
0.8946199366482388
0.8948051296055614
0.8973749128736516
0.9020158017554913
0.9066754447646205
0.9146855086976079
0.9215220060035594
0.9244915670022434
0.9217832272720552
0.9098105520020479
0.8828980376968477
0.8369660110172754
0.7398112097509015
0.5846813666517129
0.4151871842210551
0.30560283320619847
0.23182530266618592
0.17476564609521145
0.11800532383717478
0.08641805223863352
0.061966031270679706
0.05263507201727361
0.05821716326040899
0.06382377740431641
0.0679142954187357
0.06454690829376619
0.0600350867128247
0.057834851289119873
0.06255397397924999
0.06330499782440771
0.057933625858448794
0.0596132548008938
0.060160292157802935
0.06216974860956225
0.06602594848020515
0.11331636021342999
0.2564388490652231
0.5048764082190192
0.7589755548435193
0.8964149768362736
0.9344698197755515
0.9390109949777529
0.9551154629289696
0.9581417914076222
0.9599052596756437
0.9481238362818235
0.952395695453331
0.9488787318776418
0.9564691791233613
0.9474482147578812
0.9453450550180333
0.9273842852072474
0.9197376992637265
0.9089466896533016
0.8975249858909151
0.8842605824683166
0.8678094848564964
0.8434901492326714
0.8102940980567901
0.782055644848033
0.7584424844904099
0.7056406808418692
0.6444528042770856
0.5887942770504337
0.5424664729798614
0.4735231835286497
0.41270226903820534
0.35723213634663425
0.3149100181900926
0.2636017488595126
0.21161306585654222
0.1705839899044731
0.14835029820740842
0.13883207708755757
0.13174043301662547
0.13035130452280805
0.11823441671871576
0.10339136057375518
0.08730294998766612
0.0805840045765229
0.07934437185801355
0.07738219481220018
0.07920880445074027
0.08088498203336676
0.07993340741105258
0.07786025529946566
0.08543270154022142
0.09390454912276894
0.11155477001637164
0.14319438747021457
0.18298501190746336
0.2392748108696778
0.33253293263450245
0.45583849658142866
0.5321569707335498
0.5787085335093161
0.5953056943559103
0.6243034790828211
0.6157366609487201
0.6214011034593152
0.6064489052076741
0.6055894627691167
0.5922855295271416
0.5918064624442096
0.5854150392036501
0.5760272601012257
0.5377075639781232
0.48916919723415553
0.43886834556653376
0.40511298182238964
0.35851976831260285
0.3086855925643014
0.24490087813627737
0.189959075884202
0.14862150084816808
0.12670892736489536
0.11096202015998939
0.09749028124162157
0.09185499176379137
0.08968990748875506
0.08424428873797576
0.08101370395722372
0.07924935835110963
0.07791428686959187
0.07798190950632619
0.09089527781406986
0.12136609208321714
0.16958494378613248
0.26787882993483
0.43276721140586444
0.6259446733782308
0.7556850590643568
0.8074671342061949
0.8240976868744214
0.8302155370491886
0.8190034476546185
0.7969755645280612
0.7771994494414193
0.7492812632053889
0.6952067677652652
0.6351962994794828
0.540895623049
0.45273766495674295
0.35833056580509975
0.27680840805157964
0.19130912419821708
0.14987159701929897
0.1324564294687406
0.11019927460504574
0.08488178995726789
0.07319487304372016
0.06709704508361135
0.06023298887440391
0.05426445530624172
0.05632437046316073
0.05476729643176788
0.05334648735476441
0.047630856381588996
0.045782115191025256
0.04404732856825941
0.047593163547312585
0.05400419480782357
0.07213091529472443
0.08930918231128238
0.1214958997232462
0.23807424164570837
0.3859369659378865
0.5119887272915549
0.5832910856490418
0.6334216245401807
0.6525397024737785
0.6509685092118673
0.6453921681431423
0.6316313716500941
0.6231821511628319
0.5823637219344302
0.5368412593700354
0.515254895947209
0.49552560260772993
0.47722921255054335
0.4432682318268449
0.40948714673010106
0.314724511216947
0.22220531918142056
0.1531917237780563
0.1301700898873648
0.10865765668313523
0.08853862346017423
0.07977947142885274
0.07536271283055213
0.06815551087150035
0.060806739457692625
0.05522108574375073
0.05541744286131646
0.054178448439837656
0.0566411363456401
0.058275002165660506
0.05360074985740851
0.05089697520800163
0.06211644932166137
0.07407233135246656
0.08774568870476658
0.11187136758655611
0.16453975863168582
0.3010532139153504
0.48624325158156806
0.6494491182100878
0.717222569048868
0.7333559350537141
0.7163435749298852
0.6994993543593608
0.6863312865154414
0.6768972975417005
0.6656502639919186
0.6256027036443651
0.5880849927214733
0.5443127639099967
0.4884191850192488
0.41302674919025595
0.3635626656542262
0.3192999103539053
0.2682484171900762
0.2161054312644537
0.1727004714609249
0.13814718643141516
0.11074757236850644
0.09850845831134677
0.08926640956786205
0.0836469575366366
0.08189861406907356
0.08133731009776039
0.07526287954458516
0.06851907658434458
0.06834507928894426
0.06783693567583654
0.06555582878475734
0.05998219636226067
0.05664328503618167
0.06296930677339616
0.08075588883410886
0.10367247599448758
0.12384955933180597
0.1608130276754745
0.2194463204023971
0.2901854494724906
0.3342723437515829
0.37189912947673376
0.38375954370592363
0.38087737737986205
0.37901136379961414
0.390299931538442
0.39499402102907505
0.3913944734503667
0.3925631637539297
0.38577004025542155
0.3664034684340587
0.34449408575559853
0.2973797216501989
0.2388437790329285
0.1787966610164903
0.14162541656867408
0.11176639087346699
0.0880283600996992
0.06548517772137176
0.05092415128431978
0.05118041558110991
0.05325528730066255
0.053661135444319476
0.04939513348108033
0.048290661592736414
0.05134970486103272
0.060359943946311
0.06480613721159381
0.08083145120903605
0.09970106809623869
0.150801858292475
0.28271345489520305
0.5037986423476631
0.7161683401503214
0.8476841420158716
0.8979838312642874
0.9126304408495666
0.9212228080538057
0.923695170370545
0.9273434093900093
0.9190704156990532
0.9190753774959198
0.9067002012984138
0.9030323798981268
0.8870344099768408
0.8782059578712608
0.8196492783920972
0.7208645323112305
0.6034132384992255
0.5068580778380213
0.43170272520997083
0.38722231350488806
0.3412888475928343
0.26708398777092346
0.19300654093791314
0.14951955848710138
0.12324980229781621
0.09658679104975093
0.07464544107262575
0.06283144375806066
0.06106749724437187
0.06415289910047653
0.06709715467242584
0.06872859568768087
0.07369849306682236
0.0833685197096165
0.098781492555799
0.11622694334031602
0.14314631587073157
0.21488168339122038
0.35016490968750985
0.5186103506230724
0.6753836304961087
0.7865028087288366
0.8605914847477739
0.8984755475417338
0.9073450291149789
0.8881484494504863
0.8766471428989735
0.8708661009540186
0.8701933806940949
0.8819084387749999
