3.9676210605008166
0.34250702947880457
-0.34151314913358105
0.9302359593132128
0.630718979281408
0.3698969312384404
-0.24810285695775042
-0.24446808356836552
-0.49255494459558247
-0.17259677001231435
-0.06059202494682605
-0.5113348939991492
-1.3878880033799226
-1.9525732155804203
-1.8123869934754127
-1.6629262200642563
-1.817765372391758
-1.983385637931057
-3.2996935589458785
-4.400465629189588
-4.304757909856335
-4.0524915724601245
-4.177369793028566
-4.187889279035717
-2.902053800589784
-1.836443843238342
-0.2775111067487585
0.20277714562996657
-0.09544056815101651
-0.20652759795290956
-0.07240831587575546
0.24923725477214032
-0.0717650465460298
0.031718263364571744
-0.47925730174324394
-0.2088568215553143
0.36407507795376093
0.9236456321689637
1.1945600341576095
3.2860143467682525
3.4712560987983463
5.108099533061267
7.716060562101791
10.96969733170557
8.444659941715159
4.675789664300264
2.0964833178688957
1.5754186597397946
1.2554513637175795
0.5254296724182691
0.17244445811764378
0.19421156127879494
0.06254405755218276
0.22628411950408625
-0.14233097176606435
-0.30355524287826946
-0.8333375904911607
-0.9554897993449541
-2.332337220244198
-3.4165487673783477
-3.2003849571313547
-2.8426509086923026
-4.270212811702098
-5.764184241980691
-5.606580750177176
-4.4118380579133785
-3.216574340835095
-3.6421234539068923
-4.348161865043136
-3.127727171844417
-1.1395265916757997
-1.1355082295615078
-1.4847422174651403
-0.9635799522165737
-0.18605957935513046
-0.1946204686409553
-0.21892247370997148
-0.618724034895824
-0.19985253475993797
-0.10849633294763106
0.07101821435337716
-0.07533137962326712
0.26189789655858203
0.29004714539717724
0.09717463197441746
-0.2475767145742958
0.07409149471937297
0.4796582429031385
1.868801650754903
2.878580155440184
3.260034376972616
4.138230083651011
3.768566052654354
4.891550539722582
4.2160002000010435
4.946514915090551
2.652324366367043
1.6441351969182119
-0.11175025106527349
-0.13165265457472367
0.08185368517199783
0.015466532962220614
0.010277927214614634
-0.07133112013069345
-0.664878899454271
-1.3796925079143139
-0.8138190107847116
-0.9056608120220321
-1.8721402375397878
-2.8477231251351096
-3.1813625912382215
-3.6329722670683213
-2.4981043266060876
-2.8292507254291324
-4.927362596093248
-4.924142476043408
-2.0082605380039062
-0.14646810506532404
-0.35362848378152056
-0.6626455170876523
-0.5505876539522745
-0.20260846983956793
0.08505972213940918
-0.3462654508274747
-0.4829279409178414
-0.18428957577538552
0.08251378580767411
0.30565723860035754
0.43715877027864436
0.3974600268045589
0.04770586697413149
-0.16743476311371994
0.4538841904062351
1.5820535476846003
3.577668608141742
3.6769143637116306
4.688081247130596
4.080646229246118
4.023646592127884
2.3796698865338404
2.4765046440327074
0.8493380573309114
0.35310728083037496
-0.7110855160091981
-0.4350514764772011
-1.0396340739499403
-0.2979443346478671
-0.2500486472872052
0.1430811309954066
-0.6977969258721819
-0.8446722466149145
-1.8547836677235596
-3.0518817109627645
-2.8893849913682406
-0.9985376685924721
0.359883802372062
-0.4861635190846209
-3.297961235762272
-4.355109182501619
-3.2429482390535567
-1.3654577572715743
-1.2482566579257675
-0.6924037980327397
-0.3129920572595446
-0.33809288247768393
0.043209456499928175
-0.19031914683413986
0.05324851406162306
-0.24830062883447251
0.22823360526612516
0.4785073652678629
-0.09722660128126538
-0.4880820845611262
0.20074535393385096
1.1660796998947045
1.7429950274963861
4.068765471822791
4.360471638361591
4.295918605688634
3.9217132840502194
6.269960777596213
3.670765941520184
1.8605472412752404
0.09180100473128705
0.1265501651804395
-0.9347061065078843
-0.7505263386295873
-0.07600365177526074
-0.5366920280455708
0.7081601157987375
-0.5377461793309988
-1.3181686038546572
-3.1373387453436474
-1.7026155063693975
-0.7252022961790042
-0.755427348978867
-0.6837404285757389
-0.7530380090788106
-0.5815777202454407
-2.2879895165982824
-1.8451017462565134
-1.5777622955567294
-1.0883004639126475
-1.0584421124960102
-0.9590060866927542
-0.770275731801735
-1.093347108521589
-0.8041752997942831
-1.0048928442436798
-1.1003057835759795
-1.7704516721605241
-1.9148139673415046
-1.4080343118254766
-0.9445419606503752
-0.5454000856448873
-0.2271184709054416
-0.09734924136347502
-0.2340976244931678
-0.5726404618201598
-0.22596349305318866
0.0983214732255499
-0.08046632986477732
0.33873500112117827
0.031566049428519816
0.4250694080186655
0.21229876755388669
0.3087044977477518
0.3231374699804119
0.7826523643330677
0.9080650514127613
2.7846521689467294
3.959207026958444
3.816998494880414
1.2825962186328645
0.731294037454843
0.6542848549170304
0.774959841874579
0.877547751077322
0.8138230124823649
0.7287941152333136
0.31168047783662556
-0.15127106293532142
0.3173954815336477
-0.16555005539634018
0.21538415319952453
-0.29711461112040255
0.41899943327512595
-0.7493299164133853
-1.3490514845812578
-1.3933716304361625
-0.5697828276852177
0.022716566491800618
0.1944208284451139
-0.05915585233252328
-1.034639593719337
-0.48641185634208556
-0.5641456821611677
-1.4323631042541147
-3.301692635375762
-3.256684862345634
-1.8239966204341582
-0.5812535793924686
-0.39312274980167206
-0.41884624444258595
-0.28787934433424495
-0.10804034317973205
-0.375422021848141
-0.007341847008046657
-0.20119602731692154
-0.2545287958344789
-0.05605343971657343
0.5497020229963915
0.10818012647157355
-0.10703850609858993
0.21316607001916613
0.5352729973818767
0.24548426381268834
0.15104845599489128
0.07834318204261698
0.30070989454029634
0.035794461904928146
-0.360719451772817
0.39695806893024793
0.16423835648633925
-0.19271474022522453
-0.13158386978808714
0.733503329713445
-0.4420461299780353
-0.04758696391472933
0.5048148956671012
0.3288091271535049
-0.10688516702759356
-0.03826841056855393
0.09233988057535092
0.13084909050056262
0.6038079479481872
0.11401869001259209
0.2936057653046597
1.0568642258849912
1.329474807270927
1.5202444134346609
0.9987525836218316
0.9729826281479044
-0.024079901987746986
0.8142871991438001
-0.46076098594244824
0.37822638276477033
0.3138142493027396
0.34422359371711464
-0.12612677495348157
0.4134958170708961
0.9433802589632367
0.5324215233071424
0.8951747432482825
1.1497457755612102
0.5880011439680309
0.24372652719728746
0.0015230046389902495
0.30234495878679984
0.7992951294842594
0.6041688821815482
1.6208696142449046
0.5133728853774173
0.6444556252420365
-0.17850037034227115
0.006524634817628462
-1.4066670126662835
-0.40438127082731345
-0.06937271052780994
-0.12030722588678809
-1.183830327877515
0.3297727460324074
0.16274563841920112
0.8483290043959665
-0.5329717132192554
-0.044999021127368914
-1.3186646776625188
-1.0287059898004638
-1.737584197525633
0.35011098158882825
-1.7205740686460398
-3.564443389804875
-4.017299270893493
-1.6851483000352705
-0.90813010926502
-1.2742357916332459
-1.0683938341429489
-0.8025141790427984
0.21154410365572576
0.07942227874107616
0.13088420139597204
0.1998894656485029
0.14120576761300513
-0.06068484102901805
-0.12080565103132283
-0.10461076265177181
0.177949026712605
0.11244699208798155
-0.14604263952016414
0.005074443259654467
0.31461832163077463
1.3337316414765146
4.162356220233578
10.006716145713368
14.135507350679495
13.37211975432487
7.582076696105999
2.0247283484893313
-0.050343338546688
-0.2551032143727281
-0.07351808248525131
-0.4407270153679803
0.24617366097623306
0.21168466869873356
0.38112988026938543
0.21149165558942493
0.5784594166875844
0.21649786284101047
0.2546268444592523
0.20353436698510602
0.2965438610540471
-0.04052897969247591
-0.05897505387596723
-0.41290732645431183
-0.3667750795246762
-0.48358650077819204
-0.36999498698311895
-1.273009742340625
-1.4753043234116934
-1.927341283320432
-3.2794317096609364
-8.107691250440736
-10.300279076851742
-8.744101134099155
-5.882948018240755
-4.763242349290464
-3.3118588756449983
-2.596550578537953
-1.6757562558499153
-0.9780029506089237
-0.14474618344865878
-0.23441792054259003
0.1431168110326047
0.21373509274474198
0.41593944497416613
0.12200171262021013
-0.12697678220350606
-0.19681996618734612
0.35992412840635385
-0.16627855213441153
0.6113452408452535
0.6064880467800317
0.07903177803589095
-0.5654274148285555
-0.9629496704092431
-0.8821515153572808
0.5134718815015498
3.369228251856711
7.913908855524312
13.266468813618832
16.189792694492407
10.412912416834143
3.813414579947046
-0.7013369077664902
-0.22274829829202006
-0.4329510745403502
0.08960477870580073
-0.656883789756162
-0.3537768885067551
-0.1310982583844216
0.0034004113788599476
-0.3453224136163481
-0.44649942627881184
-0.41659206749987615
-0.15061961552775668
-0.04416494729561753
-0.17779240088487588
0.06862816572639455
0.04107551879468
0.089144907188046
-0.012621905850922533
0.10461808008909314
0.20023721779471942
-0.12424791556138004
-0.037021959766194844
0.1378002795846061
0.3151628959112929
0.12461991375568182
0.07405760529332754
-0.6681320935403346
-1.1719918360892876
-2.5420495038014668
-4.03762847920628
-4.499926838280397
-3.739490418923972
-3.899673147882439
-10.61658685650153
-10.460955788448569
-7.073126585916758
-0.31164041650951324
-1.3774537438715664
-0.112556483794035
-0.3877549376401804
0.5189983826076754
0.23139149319913427
0.21561110138416295
-0.2781072132303807
-1.0815006174979758
0.11662097051171202
-0.8585560212083206
-0.16937561862548028
-0.011453427079421416
0.08753591313076864
-1.0020837949187744
-0.09466722419775273
0.49297981680139
0.3097036920397489
1.2126873006156644
3.655752786251865
4.060669919865803
4.038858048671997
6.518901855952781
12.417969570310357
13.78662991751341
7.701196387318583
1.846340283724516
0.002760259247463083
-0.07692053559732964
-0.346089081806806
-0.2813810035387869
0.1774677268674075
0.2686707411509048
0.24906682259134033
-0.019720047360526478
-0.15099946993255256
-0.07429887527925483
-0.24389327940638536
-0.41568945599511997
-0.6004192379336327
-0.48501946407289426
-0.1700546606763846
-0.46890480038222604
-1.7125129491364257
-3.460932777934741
-5.001277140253113
-6.705610425940657
-6.922030018685909
-6.968146772030954
-4.7818636973716275
-4.262119142602462
-4.217622334388117
-4.675468035459002
-2.2028942821080038
-0.5320930345633456
0.1815641772506058
0.34454851865973224
0.02180567532693674
-0.3603340680243659
-0.18549656790040725
-0.014479588441574211
-0.039949457253054314
0.11001687793775647
0.5102095387488699
0.1576881888022704
-0.4802535088246024
-0.5639481819124691
-0.39158496908073254
-0.3530011552582873
0.5337836408753001
1.8283446007732076
2.2999157525049725
6.792457677442699
14.039989799856768
16.0250342906487
9.799386597714912
3.498310456499282
0.20884835961586373
-0.7347578004700757
-0.807070863103516
-0.014280505568250846
0.024332117651325865
0.2920752021971228
0.2127702001374897
-0.09992404323702467
-0.6282284832146081
-0.3519052154577554
0.1593810945602538
0.34237716911458566
0.23679724635126367
-0.023775781811253765
0.06667724503173146
0.0073645074328761665
-0.04793940891284982
-0.308057182991446
0.10765632541502554
0.21259751540879987
0.09403852501934627
-0.23160366145448458
-0.20550056197216593
-0.47707554356945453
-1.7347290808994955
-4.227143919551491
-4.308100804254927
-4.83954128888888
-6.637762101963014
-8.983773918725962
-8.446192057396921
-5.761461960039748
-3.903428394684226
-2.4762183680131904
-1.0107763250292268
0.22965084342948466
0.34409656191282484
-0.24980512707132785
0.2578195415075079
-0.3523321241254112
0.031986073410959645
0.1841239165486927
0.13559835082780797
0.08086068881723155
0.10653553380420588
-0.10395526152268057
-0.1872996397915856
-0.17083626423559828
0.22112073989335884
-0.16268697493821602
1.038712663671052
2.317459154848638
4.911628304354626
5.3003154818555815
4.6764070848708545
4.093875189260834
6.302106993165126
7.412583599673998
6.939155324978682
5.223685472679519
3.495347673415878
1.143907334124726
0.3968466735377765
0.3803066447436165
0.7165654191122591
0.4157050491490504
0.4103034014120588
0.1994324412852889
0.27387370324485794
0.10561191661273701
0.03918569982963805
0.030988686930260703
-0.34386150342088984
-0.4906027437357441
-1.2580056425902213
-1.6268844281755692
-1.44182307052765
-1.1636127864630061
-2.320508711154563
-3.1958137756002354
-3.5424356273563875
-9.04469909279314
-10.112813071535065
-7.886059704863036
-3.0419115917403436
-3.880387883866181
-2.6199917289637797
-1.8688417124829493
-1.119762619971348
-0.6287514985341865
-0.10149718499151578
0.12643970834260496
0.5272580187926905
-0.258520757735594
0.06644371168570434
-0.3499386128717508
0.5681172761984855
0.1083780385846757
-0.049685207624623244
-0.27907415189861007
-0.7288507349954296
-0.8575290573859685
0.35513567449399397
1.7545773439669636
8.950959999718815
13.618407956428642
16.328743647692132
8.828753244647103
4.343221884287202
-0.42269434790888033
-0.030842249336989334
-0.33691590414193145
-0.26076932199803815
-0.24317086038832475
0.018952577061487508
0.007850139725729567
-0.29254478076101587
-0.3983460090543538
-0.1603686357160337
-0.11681067257299779
0.031040100274089665
-0.04988610868936822
0.5538510590292614
0.5019470531805043
0.22542526972331783
-0.1346879236862741
-0.0029709287515046778
-0.566287934246928
-2.7160526737101223
-3.5005061559462827
-3.2290982243417945
-4.341096565951028
-6.449044811442846
-7.2320856319117075
-5.475839466690515
-5.258897121305275
-4.586286465960871
-4.495777652833151
-2.6178567184481745
-2.069998182641748
-1.2811084973889044
-0.8103074705263292
-0.10100181026525924
-0.12026661315884324
-0.19420632421924916
-0.29260776488819334
-0.2962560674368728
-0.2238068234305992
0.07781135181686981
-0.18559625980123803
0.009862386351550395
0.08899291259689086
0.7944315185197783
1.4253506445270703
1.5711059169468111
0.8825140939358406
5.26984790269327
11.397493534895293
17.189073345923028
12.734419627238207
5.294440015286384
-0.44908900722437906
0.2492037287247903
-0.21974349234091156
-0.8914379057182327
-0.2507589201180224
0.6551805571889185
0.3125647167260448
-0.20980498267457803
0.2704363132825825
0.4545862344309
0.2626810496467507
-0.2821045095687939
0.32439994294848185
0.30094405753386566
0.08814319745825973
-0.06871089216087359
0.4525720181017014
0.13201868458287977
-0.02398481233599895
-0.2539717714610463
-0.22365132094870283
-1.5709520488041546
-4.066462542032771
-5.98198786568289
-8.702062409720426
-7.758268766677333
-6.426491853701149
-2.320216604435534
-1.952430863148081
-2.968089814738238
-4.46468150567732
-2.9482331657221326
-1.4695540651479368
-1.042438963528897
-0.7622930991270961
-0.23625704827376287
-0.43600897408663236
-0.3364040632255574
-0.1742732523365003
0.21716950410894334
0.10472517352728512
0.04924719571446833
-0.08429562759305516
0.03450730345245396
-0.020096187649599227
0.14824352639161859
0.16755714067826924
0.2580435590237867
-0.1360802860708876
0.43074523808894893
2.1600720042088084
7.352723375081519
12.519105361728219
14.889144711760927
10.77626047660496
4.605055263018702
0.6078537317143926
-0.46962468458595424
-0.2521055311852701
-0.5220303710313353
-0.1435036047983069
-0.056285779128298775
0.26082513834265775
0.4787868108724097
0.44891535533609683
0.2505392640183666
0.2091701221967164
0.012267769878888057
-0.09710447817505294
-0.31967218077457027
-0.24030793226563352
-1.0277885873821035
-1.3842470486798062
-3.0741672062318086
-4.049769880801987
-6.972724008955599
-7.078197491246213
-6.138342122904384
-3.151835613083566
-4.873739653726501
-6.355494917320678
-4.923366231315565
-1.446196021341494
-0.6792598586738419
-1.7453256999486078
-0.8390761907670424
-0.4237137227950426
-0.2541872393280853
-0.11866673107835103
0.5701088436746374
0.12767114808033042
-0.5033847342886133
-0.24347926069181067
0.2563437992526618
0.37623259914273555
-0.2739755313498331
-0.1441987461288526
0.5437818266898058
0.7038238765963328
2.9504313821264065
7.077868926385204
14.713009919961218
16.005626732829576
11.215737804784732
2.5178541845803135
-0.6609352604488743
-1.5707050035865993
-0.8212982565167595
-0.5629256183785412
0.2136251279430628
0.32366495534939926
0.5813697970669884
0.2451500671614182
0.43570903500264746
0.4643994874397608
0.2749569721274404
-0.13516367786818412
-0.3311390623317189
-0.7037936942583239
-0.8687259853670898
-0.866580379360046
-0.6811593483154598
-1.1661317502316046
-2.375143060847555
-3.22278492115521
-4.26845918019384
-5.475323758820297
-7.196053195171197
-6.28168828778346
-3.5694341673600194
-1.3686604201664743
-1.2641115943489893
-3.7640306871736082
-3.8340761030868555
-2.703659022298612
-0.1736204182257081
-0.6965162121828782
-0.3612958141890713
-0.7030117096970112
-0.30624325208345715
-0.024193428482583143
0.1638246113536833
-0.11505499937632069
-0.9100212265132543
-0.6435194532980262
-0.3092813412969179
0.6490689579400892
0.5365489769256839
0.0321920605415122
0.31712827815401634
0.3913188539074305
0.17173458624556553
-0.14387265222039625
1.2181567829195497
1.6910826385358555
3.3039516777382785
4.620016872187172
3.9523541346851276
1.851132164099719
1.0090254043071032
2.645402456007982
2.7047207968877673
2.711072511358353
2.1641367715032036
1.3021242492872827
0.08154954805591513
-0.7381421878626646
1.091332907520556
-0.48038453636297285
0.08680663854788952
-0.25280342289645147
-0.1766958336658054
-1.157181947671351
-0.13361957319216394
0.2340781579226431
-0.7304309613077546
-0.8783929451419044
-1.9972269869183548
-3.3426292096411885
-3.267876557908507
-3.808082466144547
-3.695797562729989
-3.7684429228052263
-2.2638515850119467
-2.0701770311078986
-1.1250481970542376
-0.7052212726588671
-0.36784136256830274
-0.23500523652837504
-0.24381083708200893
-0.26283210276970054
-0.25735585757285123
-0.25257248298631124
0.1967428591197489
-0.05215411602361599
-0.38016434552674916
-0.436935989616284
0.30806798917341277
1.0430446652843839
1.207831298100296
4.268500630699063
5.730390583073204
9.115667993333366
9.263659313205228
8.43129503556016
3.1253065794576007
1.241434695435815
0.32427192985309783
0.5865920096242091
0.17230764869050044
0.37549305955953427
-0.9287332595370796
-1.7612736085623781
-2.8034398709871384
-3.856538337584953
-2.9791552271974235
-4.133091122188214
-4.295707012627269
-4.494699113182639
-3.2004121252405824
-3.7475017325649485
-3.6206741761426677
-2.2380014917851025
-1.6849398413055379
-0.6764275883228311
-0.570898349545803
-0.6954016654605467
-0.6725278685522766
-0.28745625031877936
-0.17269048247651356
-0.13742274165232662
-0.4678395340776154
-0.19970662482960677
-0.4894057923735349
-0.055019766611092466
-0.31154954828818743
-0.09953492113524841
-0.017089945363267384
0.4766342881850107
0.1584571833266997
-0.068966555970305
0.3087806872658353
1.0152689512155268
1.0393200914542444
2.0065747563296656
3.5335737285156092
5.86917790276591
6.746206949882671
4.504070061749565
1.1531671744019405
0.4416632900728297
0.8228895817598371
0.18674325900418015
-0.35823550817913435
-0.6617869776818329
0.1573688360212066
-0.8632833684311871
-2.1532773735283146
-3.000418243184279
-2.126902824483283
-2.3093321268595917
-2.163800567483243
-2.6187496432099913
-2.540933678739086
-2.426741465427572
-0.7866714158722297
-1.1241868541258204
-0.6939156724284843
-1.2716187925473128
-0.7355184456627464
-0.40498931127966875
-0.3387859397190155
-0.49690642570657884
-0.41326349659087536
-0.05583297050555892
-0.2946184112492223
-0.25678810359871257
-0.03336796903090878
0.1259533283647649
-0.1779872543986004
-0.11305524756765721
-0.05889768387992296
-0.30465228369182834
-0.16507111883991546
-0.04691704083829146
0.32663195462218153
0.023270068837787067
0.10286466102481436
-0.28721560550104286
-0.061630289221305985
-0.09545218584676739
0.11886545924673166
0.07779713434077086
-0.26609328064357884
-0.12786127851548332
0.20873983179831113
0.20106485651071418
0.15088943370709762
-0.008284399819933811
0.19800188679052494
0.09549927615093755
0.44210605521393387
-0.12225551788130203
0.17483914330588346
-0.23831176503319862
0.10698596858933145
-0.13536202817573054
0.20342841210258747
-0.04556908187945056
0.3481174604695864
-0.026312803379169133
-0.32132582179669406
-0.24564985122827057
-0.09030125033752487
0.04989015632712402
0.21842551559439669
0.1760695527742131
0.1901267395702527
-0.06942217657096522
0.36993546434244484
-0.21442001636254543
0.6194771698480356
-0.5185390684160096
0.2831659599993293
-0.5021543855568952
0.5741553609177542
-0.3323438249047103
0.3322372630275463
-0.11991328469761157
0.2339913333644483
-0.32618579636430634
-0.36833028171224985
-0.034225087414143096
0.4078217099343114
0.6153257317616032
0.07244322980981022
-0.11271504383327027
-0.7209194760102979
0.34757874175142733
0.04707798550857835
0.1311146030432658
-0.16772150834889346
1.0148926913870755
1.0210353568245354
0.959035905420887
1.4458967878311246
1.2193608677149834
0.9121055689100418
0.5974016001167599
1.0942770958894055
1.9430440225291805
2.2917706892640415
2.942570228893514
1.1560474078046004
0.8006109247618298
0.15571376073629348
1.0131187700951814
0.6625191622170831
0.6956428259848386
0.19761413095065974
0.9179928213140287
0.629567554423051
0.7644213385466815
-0.2275060918253387
0.45686629680373114
-0.7109251307909347
-0.16037894594137758
-0.19936086855520085
0.5450719941468055
-0.449424237282563
-0.24422631253985194
0.5722171597694296
0.3745126751369368
-0.61772921683883
-0.3452822647031025
0.36091476445721027
-0.22037253977446378
-0.8929744567742511
0.14633126348448544
0.5251356824757468
-0.03321003827021421
-0.5394145033759041
-0.023530627951377177
0.021258847127216825
-0.3507718708303364
-0.09336634326539503
0.03298587564866638
-0.10964833778785384
-0.32061745478827164
-0.35327321606261186
-0.16665709579948343
-0.6203821091599379
-0.1254460693863451
-0.14653635073784865
0.7836980706411502
-0.306848636250717
-0.3815958295975736
-0.9775089592615172
-0.17674471528094218
-0.625897661915823
-0.5606896569884708
-0.3942685644110757
0.11624975453313717
-0.13747271393015575
-1.0140770700360324
-0.3181971037432666
0.3594535698377592
0.7033929789306925
-0.141651683069777
0.013703594590852243
-0.46143149802396205
-0.8056636046784917
-0.14252869247416233
0.004090829688805835
-0.1503957804184305
-0.11720636382789973
0.8299226304997692
0.4369760871280209
0.07121892350931708
0.03677865179350746
0.16748020148406104
-0.07536592801688101
-0.20622432650169004
-0.35853437326862897
-0.4096388355651592
-0.11736625680466015
0.7050573910240255
0.556494588596132
-0.49977403930031544
-0.6933684838885584
-0.1327563743761082
-0.17099224300319266
-0.5576504567633062
0.16479782639859103
0.5087332973564695
0.23932056966053744
-0.0841695122122445
-0.2289670942092922
-0.20951361203497468
0.5455162942904644
-0.1741331045578359
0.0017467534895277853
-0.027414596757520563
0.903079894367441
0.25575215184645905
0.8920277968873144
0.243982724686011
-0.27236514809631035
-0.3706258061651757
0.35481890433692226
0.6013247988789503
-0.015055551713435289
-0.6754605561944156
-0.05935743656375396
0.24582747437697902
0.43119259700665136
-0.08236031708993365
0.45797978194671735
-0.4929682794410457
-0.4380247114918195
-0.09965668884174617
0.3583483507587963
0.10970630776740048
-0.472579214243696
0.007781624380418959
-0.04593405350072283
-0.564920214654609
-1.5765598078966645
-0.36147110821473316
0.3591403861129254
0.46659344239030764
0.19822134781204886
0.30509126865646286
-0.17881782197025056
-0.1956312261293092
0.4004112452708025
-0.022892533446629195
-0.13778594654129184
0.01645376222202604
0.262456963709155
-0.2682612378613222
-0.0610218955323576
0.01638646813241533
0.04944164444656122
-0.21885537294653834
0.2535233028623455
-0.118040610188942
0.05632320539519107
-0.34814737972651666
0.06983119249396272
-0.2906323007164301
0.3066474092903412
0.008431681184166498
0.11746251768621431
-0.49885044250647387
0.13929260229631493
-0.19506833241341562
0.05490547399029745
-0.5701403758405446
0.11260557421306579
-0.6984535592968141
0.3578913048642688
-0.45155647514994246
0.6175488608404722
-0.9881247216587414
0.6331146504054324
-0.7439950144295672
0.857767110706801
-1.2041176613974276
1.0447479165359546
-0.331388152606592
0.5760351870640389
-0.9147555162439411
0.15808909666952042
0.12984435127383526
0.3198222356146762
0.40355653918593154
-0.08660334056565348
0.028547342409661593
-0.2162880723716155
0.19952250532019014
0.21450468441134737
-0.24816938570608188
0.21233080351237152
-0.0324369120547104
0.023849337422528174
-0.33346585449637317
0.14306398769814913
-0.13212574244122563
0.12939229931133903
-0.015905802653879152
-0.24918160895721603
-0.2903227845720289
-0.22234813780343277
0.26110244065880844
-0.0626658309405861
-0.19273804759316046
-0.7725915606629721
-0.18527018856099473
-0.07039264213526808
0.15095806852578578
-0.17028779216039072
-0.24718952710016745
-0.04437437755452164
0.41776678116985644
0.020458847124214107
0.3914889925755905
-0.4509356975684998
0.8126608378737561
-0.7631365311540285
0.488127740241715
-0.6759755672632968
0.8852194602664503
-0.7205654917594705
0.10288449714457444
-0.5876277953422372
0.11421568233907821
-0.16719798230036836
0.28739087224006277
0.0069473869365370205
-0.06519926959931402
0.0303998203145412
0.47639535697340407
0.8693889353852897
0.11767324998969156
-0.14251576327869808
-0.15563439861859593
0.7438497708171147
0.35548725890940847
0.1943918573277092
0.19050934519276946
0.6138343228089234
-0.20244425279824438
-0.0556347489547247
-0.14138667297583757
0.17200936231205308
-0.6066496101491871
0.0859758945346416
-0.20070536486638563
0.4262041552846283
-0.1550205952398053
-0.12394075242817476
-0.3352216320620136
0.22178266447123102
-0.01594596397838523
-0.14703612874253982
-0.21746268491001738
0.17594928121876574
-0.16909864184190565
-0.036915274641855386
0.23388959501706838
-0.10925874109532341
-0.6416211391627668
-0.42257667557890677
0.4002093592960615
-0.26999063059019424
0.1096439926383004
0.028428039725506556
-0.19354887433479895
-0.15632191179572152
-0.13009351526229357
0.24854518053168295
-0.3970101057517709
0.3539873375204762
-0.572982969271472
0.35102053964121094
-0.04667866119923912
0.3131423337208961
-0.46389556983992686
-0.1740453174828437
0.10022212671072965
-0.08990107825922644
-0.1610841447644066
-0.2767627625081838
0.13169185057552574
-0.6059261538094318
-0.006887082921637234
-0.2259581989339394
0.5394030305327187
-0.3057637943101062
0.47987273233723365
-0.16975644364821096
0.28488795407662537
-0.8124558190275395
0.14351077585902744
-0.2172728233938316
0.2920913905317701
-0.5616464509279483
0.11263259643794683
-0.22162120297537097
0.4368419929223281
-0.2618491312684225
0.22315003047539464
-0.31454570331441956
0.3730360719005067
-0.2881222210425332
0.38202190232308814
0.27481843498299746
0.5161621039771905
0.2708083124240433
0.248632377606863
0.25172711293007566
0.05952799511292863
0.6876688972714686
0.3648657203524094
0.5241120035636924
0.32530320566479554
0.6859996685263915
0.40479405553738496
0.8392103784831162
0.25208301483211126
-0.2940470577644894
-0.3009095152283585
0.40090426733907786
-0.03650834696405466
-0.7730741628213529
-3.436045475612466
-4.672293857841456
-4.327145589683137
-1.3024064913703428
-0.8067478911944793
-1.0836804765958115
-1.3120599504120547
-0.4973880654862743
-0.3367923248700766
-0.49560161443999395
-0.2676461289317566
-0.03154048087337462
0.04841929378379204
0.24720775316278035
0.20419133711021326
0.12956104794172654
0.1328470405642646
1.0074017570089373
1.380545942447895
6.220834938429095
12.368792374196381
14.828806284924136
10.287731672385004
4.490354777682312
0.9571857749837211
-0.1576251908132643
-0.10705138263240319
0.2797297300053876
0.27056136463482244
0.291450329746784
-0.9561836624425102
-0.39304130100649665
-1.1982711747174173
-1.5671034011753784
-2.6888400520814666
-2.923889581770301
-4.00281796651584
-3.5855135746489037
-4.795122223483618
-5.538416458724463
-8.430187905973872
-6.9909470327494985
-4.749726401812069
-1.2848190439093146
-1.5463200364787666
-0.976173390975072
-0.532840256813389
-0.2748038134612429
-0.0958669887343278
0.2360568875171735
0.44661256062743887
0.1282116480586159
-0.5568976777041873
-0.7514060202769824
0.023516195140352095
0.4781721060862924
0.4641016087587371
0.9773084562411887
3.5613979340492405
7.5065593659854075
12.87167092759525
14.881387684651353
10.370358706121213
2.747888626841158
-0.7169405642920265
-0.16280007623928347
0.3320325444450811
0.1884294107718772
0.07226789770107234
-0.13964216663671575
0.10482501263188544
0.04481871922625202
0.3499157630785818
-0.5881518035681245
-0.7975542527246069
-1.6574252358411177
-1.247232245420629
-1.068798508946721
-1.4167527134179465
-4.479794420148952
-6.781845064819873
-8.030387628783735
-6.28457331529024
-3.924796687615879
-0.984182928914104
-3.783653820458725
-5.167496618713271
-3.854852681995883
-0.580558436118902
-0.5041728442200523
-0.5762795587565293
-0.2970135413370583
-0.23748139493172174
0.20078940830117536
-0.047575016490685115
0.07211305035776339
-0.09751458215572438
0.11290599010992639
-0.26125163368775034
0.06308940631166894
0.10796335889310396
0.22648050181673163
0.4573173203081994
1.5902019962015048
0.7354417403691779
8.608435939720234
15.622841952274717
17.23580349041982
6.762034423693562
0.8050702035578641
-1.6173179923862915
-0.43696865973372784
0.12725564150756266
-0.07264806469231969
-0.20072242010963998
-0.2804254283540834
0.06554662138565853
0.15975397976643213
0.1058263354467164
-0.020924234515539233
0.011111577439353947
0.15418699608538844
0.2784533329104025
0.27957858054776386
0.4806038359792726
0.4101898383570249
0.17817365992105386
-0.16250038381130408
-0.7183605162004811
-1.614750858311756
-2.755921600774495
-5.829288075982764
-9.307790585949864
-10.169650945840045
-6.575061060891772
-4.426651832401004
-3.4235793942579336
-3.4056193354823936
-1.8952362959125832
-1.4671212580773125
-0.5598575552042782
0.33492547458814165
0.3363968486344645
0.24543108086517115
-0.2020432274981388
-0.2707092948565047
-0.1320141254222973
0.2831473614077625
0.04506143070946606
-0.32228231795755335
0.10077773654670612
0.03282224141454294
0.12056738710556589
0.23137199223858732
2.8374247039936513
8.587349331106243
14.906253549228618
15.24594879747087
8.246365319565726
2.283290576356321
0.27247051213209467
0.966268077073062
0.18157970871912668
0.10580809608129173
-0.7068854036292496
0.2563115502904657
-0.21101781454131918
0.45542683474319257
-0.5412578619288341
-0.1261895843908794
-1.0776461886469904
-0.45879515661127745
-0.6474605766255305
-0.6853022257432285
-0.7958642053557851
-0.9870658567092666
-1.4591601374295857
-1.9917630705525675
-1.6943071925255202
-1.4167896214574711
-3.1681082189126224
-3.671272593886438
-3.3395116335993023
-2.7796682442344993
-4.136597367072937
-3.6492548694260907
-3.328207961494454
-2.5393270893926423
-3.0784961598349767
-3.119320980177735
-2.461744557124287
-1.334021501823957
-0.5710932671909614
-0.4254986442559503
-0.08334770962904998
-0.7270132682455784
-0.8905833686974955
-0.9653046351653987
-0.40313672466861616
-0.07437796311056545
-0.11773062274878335
0.10959657831241156
0.1005706549575951
-0.05709447733885423
-0.12438912669519546
0.45434677444537136
0.5083108549528798
1.0590132536159964
1.8983770472306838
2.3874374662350633
3.377387937733059
5.5954873058886045
7.398333836815993
4.5791084491275305
2.793093766546132
0.9958296507954987
1.739867083614749
-0.5140090880460882
0.3398665506357228
-0.8971318950983239
-0.05156654631344697
-0.7982359945185512
-0.028744024975915165
-0.38348539443359325
-0.5632667461454952
-2.2991817673862798
-2.912302004637608
-3.0180511000574777
-2.025321824648762
-2.795592810587366
-2.99005054489762
-3.827082865681659
-3.29650813512471
-2.480254502162176
-1.3147544089961576
-0.944814432294412
-0.8083043351021153
-0.3381173686697588
-0.12990505650218603
-0.32673712504677654
-0.19383508684513348
-0.10586073636682886
-0.08010428889107035
0.004057358204059511
0.7748020984646644
1.8282488561485506
2.893131102175085
5.897633168922185
9.89330288826263
11.590647718340168
7.784423141168003
3.1069245085104615
0.997833160093437
0.36707101048605173
-0.672725363674243
-1.3216729875935158
-1.1865669051983285
-1.6750911741619177
-3.244469726407604
-3.6006280971471543
-5.658040585828083
-5.289477485535722
-5.664425949098914
-4.891329465211485
-5.129957031200951
-2.4862516307352274
-1.0449100530335624
-1.3354292918214825
-1.5190490788667572
-0.7012150148129036
-0.36586967760654954
-0.4118433725523818
-0.3581120140897517
0.1235949094151475
-0.09342444188357645
-0.08524854462019477
-0.34293785839054436
-0.11092447143383066
-0.10408719736595679
0.21275009874315734
0.384661875630681
1.0876032292141133
1.0306960209933156
1.9312030447179394
6.994700515348128
8.871763457531193
7.563105681218919
4.278141501449456
3.0078323334685075
1.1470846760159312
-0.09427159571465307
-0.334580464123523
-0.8256477895829376
-0.5069532292357581
-2.449105753703721
-2.7313477538638464
-1.2951818053696567
-1.1837576003685573
-1.0977834034312575
-2.0376588434220237
-2.0268651058047444
-5.685758130788355
-5.551151522131902
-4.140815724202092
-1.3812980334415672
-1.2907459922535727
-1.207141993377729
-0.5255491218793195
-0.26500551589805166
-0.4324321175430391
-0.44092628482848834
-0.33513922283653275
0.011781427053941907
-0.07433966528873243
0.1477612743481551
0.09803194920122982
-0.280455138495076
-0.1622264789644221
0.6731684468196227
0.7173529218483523
0.8204014411378729
1.4475407329074539
3.1601034627079625
8.19080731702034
11.111402259971323
9.792351997711739
4.066407050327048
0.9680019602906117
-1.0207416074297917
-1.0106532342315198
-0.7900840706352114
-0.566039338424367
-0.6748220129869493
-2.402853620853348
-2.251062655373636
-2.6263337286881843
-3.353614733445066
-4.523546149739828
-2.9678450121619546
-2.6557653180188368
-3.0630895898299215
-3.1285791555375275
-2.6042975882113204
-2.0731971017707025
-1.6439768437746167
-0.7343468434296214
-0.5545229246089965
-0.33716712187354614
-0.10490060805378856
-0.03367823827879199
-0.36446583319045706
-0.40462817761445746
-0.010439837724020056
-0.03048861678646493
-0.1368664134647307
-0.3344179453498193
-0.2003346795647512
0.37956130423280976
1.067194923642823
1.374995229622801
1.2106250002391725
2.2178081006197656
3.517997563615555
4.244347744205851
2.645213656745688
2.2576071435086997
0.7116248537514329
-0.17292997956370498
-0.11196081481488067
0.6773140643295656
0.2816453694379988
-0.21597285472251265
0.07012141821376786
-0.4075874099105113
-1.161994309281838
-1.314562960707684
-2.826861846323537
-3.5121565570364224
-3.6028270809864966
-2.2302746668691
-1.7915415417121459
-1.4242818464261486
-1.352590942699723
-0.8736615862231686
0.01537585780740559
0.1244923031731654
0.024350888619417
-0.2559601177943088
-0.06626831330063866
0.1835425960977888
0.5406143451167276
0.26677159591692695
0.961518839846589
1.1321770132322226
3.066047411774353
7.914695796162446
13.26511124714836
12.742181868160218
7.890948111933462
3.0179813549044745
0.8787965751168014
0.5155420322543796
0.14834173900433525
0.21889434116786477
-0.49637962145738945
0.00029770781199591227
-0.7425105718502473
-0.22006928401723166
-0.9598781952772141
-0.529707126334832
-3.513400768749263
-5.927084764852341
-7.047077628720703
-5.79330963967258
-4.509321157682322
-2.668824702305118
-2.756007954723383
-4.452291589313954
-4.444646809980871
-2.609218947048854
-1.5761853713572003
-1.5997806748836665
-1.316480998627586
-0.7088398388739456
-0.10583679082133332
0.1851241113662507
0.1766553343169689
0.09788646091530741
0.2981938427485059
0.5802015985675583
0.9247783707710023
1.0467270470710808
1.61516235182468
4.304122051229573
8.11699357777783
10.106726456134325
9.406396792380711
6.667150693964052
4.445320561136492
2.2730437676377195
0.532168894394628
-1.1517947798696226
-0.6900783930908087
-0.34686251669731244
-0.040363215595416245
0.7029034848543403
