0.8510223953261931
0.8087201125175805
0.8087201125175816
0.7328677433435179
1.0
0.7328677433435179
0.6368670886075951
0.732867743343517
0.6987341772151898
0.7328677433435179
0.7328677433435179
0.7694394213381572
0.8967088607594927
0.6987341772151898
0.7694394213381552
0.5822784810126571
0.7694394213381552
0.7694394213381592
0.7328677433435161
0.5337552742616037
0.8087201125175782
0.6087456846950534
0.6668027766435264
0.8510223953261923
0.6087456846950534
0.7328677433435161
0.6987341772151898
0.6668027766435297
0.7694394213381552
0.5822784810126586
0.6087456846950505
0.8967088607594954
0.021452365089940178
0.6987341772151898
0.4703018500486829
0.0
0.6668027766435297
0.6087456846950505
0.5337552742616013
0.5822784810126586
0.5573236889692601
0.636867088607592
0.5114608279165279
0.19568375181572803
0.09452572743712029
0.7694394213381512
0.6087456846950505
0.4903397734843442
0.5573236889692601
