0.3029350104821802
0.8919753086419748
0.3777777777777773
0.25757575757575724
0.4621749408983452
0.4621749408983452
0.37777777777777805
0.0
0.9444444444444418
0.2153996101364532
0.4328703703703689
0.37777777777777954
1.0
0.07264957264957231
0.3777777777777766
0.3269230769230762
0.4047619047619048
0.43287037037037207
0.3518518518518496
0.2575757575757607
0.6680216802168011
0.05723905723905621
0.3518518518518496
0.432870370370375
0.4927536231884006
0.7953216374269012
0.4621749408983484
0.5246913580246909
0.13934426229507926
0.7083333333333386
0.46217494089834205
0.4621749408983484
0.1218637992831526
0.4927536231884072
