2.8322548124682863
0.8370581411834357
-0.8428308704227041
-4.923331769972063
-8.639729264708144
-8.73966383342289
-4.042352495942118
-2.20429521089972
-3.282403832541922
-3.1454339526779274
-0.8627967007625239
0.6068336859647395
-0.011017286350872848
-0.148451734281595
-0.30439852051236344
-0.08357294384076176
-0.4502904004111187
-0.4729519095902003
-0.36893802885796806
-0.0003860422328405556
-0.282710162629742
-0.1927486662997469
-0.48455522941499973
-0.22167846936720031
-0.5772690078015725
0.5725613327544972
2.3316860386950093
5.322254613278599
10.132854383546933
12.746712686009188
8.823701391799693
2.301615284933324
0.661804811746718
0.6346604930721211
0.017780955767638884
-0.6841334369120868
-0.0028933810975861804
-0.6096063634760585
-0.08732887027944586
0.06263633180466877
0.21299916317210887
-0.01608999335247502
-0.18475448062036545
0.04283171589843469
-0.00968522324307889
0.2961777190589023
0.12173121963760013
-0.1924385365894204
-0.19580175321520413
-0.353558829852173
0.25707951381586414
0.030937396876911008
0.2564046349915059
0.2229149801632839
0.8700594401620196
-0.6308261831398767
-3.25866694419148
-7.348275049739365
-8.276541470741309
-6.892185505818999
-3.4933463854927793
-2.2462218201354234
-2.8920736975556895
-3.377971907008245
-2.468319061255569
-0.8492764698793345
-0.669668057701089
-0.3592754241230854
0.27832030828673293
0.2760895529041495
0.08067087393956425
-0.13206033282858726
-0.21344210395817984
-0.4467098056977408
-0.2614134715325924
-0.10434872395596577
-0.07265080031917752
-0.5685384504646666
-0.7847454055305643
-0.3834872314786955
1.4056057223513068
2.7482199370121827
4.109009715270948
7.762130204106835
10.15672308581977
10.227608805955471
5.990095656068421
3.3942031596301634
0.42989027366014665
-0.06700643036964872
-0.4885508937395672
-0.04766855275426546
-0.41374399469568035
0.17543923915094345
-0.0024222774576410176
-0.069214191983096
-0.24867256962987616
0.229649188584049
-0.18832030712473702
-0.20284258966274687
-0.17731232457734844
-0.1026375507633771
-0.01262465310458043
0.08905614481246969
-0.22921905997684397
0.03464726342236281
0.8275636379259439
1.4846574839324864
-0.3079163948510525
-2.1378569353555474
-4.439688466085427
-4.332695922663447
-6.686541133400107
-6.53713067896815
-5.714015510502839
-3.238723688188097
-3.3143860773665055
-2.9945023748414807
-1.887251153879026
-0.855329256773791
0.11440083370288719
-0.10730193616512258
-0.6261227235728706
-1.3108183480385807
-0.9272175299855273
-0.8173339182443263
-0.7235771559175278
-0.6591700560915749
-0.37771474321878185
0.003316582770433375
0.060213737492506796
0.4437500076139105
0.4795177243668131
1.5418694171827345
1.6177520214916
2.481856981062812
3.468609336393463
5.56656320129971
7.40352728293604
8.993913524428024
6.071989716303791
5.12140364976037
2.700399385300417
1.454441523231141
-1.3514469632286084
0.6498985462397645
0.19113703427345485
0.04278063634999067
-0.5468369739960651
0.18683809153575104
-0.4309037159300504
0.03113170323285547
-0.13120598252151885
0.27423346757436395
0.3457204077689958
0.013300114879706329
0.178705722677704
0.06402645512197291
0.24363634346325022
-1.4049407295412784
-3.6789177039802685
-6.136096691012263
-6.596356904596213
-5.825064237827482
-4.664768943739448
-3.804397778772708
-3.5845207445042333
-2.7365390365885163
-1.623714697803316
-0.7124417784855012
-1.0227610524149124
-0.8119078580379331
-0.6467528173319588
-0.10422299538461836
0.019662577032622076
0.23694305355024897
0.1799595824043255
0.3792205753006641
-0.21258213684649827
-0.3445927926041471
-0.2351167672660412
0.43235039806070075
0.16968202508309332
-0.0708695737921469
-0.35049018079791283
-0.37774782461522904
0.6987792239218262
2.9614541408916732
6.215569527787867
10.196324550084055
9.432621615004605
7.867965836802756
4.373735906337088
3.196409415316342
-0.7891820694313739
-0.6841410940342765
-0.5312218361476939
-0.16709723411116487
-0.5893785222072688
0.03345755157083475
0.040885587767540844
0.279871385811744
-0.11995766209211432
-0.14664323114938202
-0.08691036427793696
0.19326632175255057
-0.28299420609129033
-0.21757457425954774
0.42454411113575546
0.2825984027313432
-0.18916320537494768
-0.08134338844508794
0.5964406748541305
0.6007054822603662
-0.047268575722023864
-2.0842006520078202
-2.96850739671143
-4.94578100862242
-7.066018054682315
-8.047931708883391
-5.675134891264796
-2.651491062451756
-0.08861833353459168
0.2568202536943729
-0.48040332578516204
-1.0834662461524673
-0.8965612904947367
-0.5481678382119235
0.0032863583517439682
-0.02350604304825596
-0.21981817802115355
0.03983523834959271
0.48338078362442033
-0.1062757455579059
0.9466443956111718
0.34309749969759895
0.6269023537729224
1.7568192633993236
2.101221337948775
2.5269137853900125
0.09571353735448519
0.5790108983795638
1.1052831013761173
4.144284622027058
6.283035388942107
7.236067904035903
5.9878142002375725
2.714221676586511
1.3779830520256091
-0.12249621977994661
-0.8523692080084352
-0.5018627644306646
-0.4269270010901642
-0.14350251081624293
-0.030625301506903676
0.05091133159278467
-0.3423094981085585
0.003346808045128225
0.15669373334599224
0.112412038058967
-0.2269056604549611
-0.3798010287906841
0.3991009961875239
1.1678946378563857
0.43320810659594966
-1.4104268005134675
-4.777873790595776
-7.7560507720246905
-9.202702078147464
-6.85211058131119
-5.843284202187271
-4.157201703086264
-2.067518470097901
-0.06930302570266636
-0.14379308199163715
-0.05494989639233509
0.8792800162648682
-0.2309748200640091
-0.8705251387020905
-1.2524864670747677
0.2603659755631486
0.5673719056222046
0.14507886115417143
-1.5386296924313518
-0.5950747312839659
0.7561359762494911
0.6605636355142959
1.0394011824135956
2.2937778690081547
4.218676027685248
7.8211079842630005
9.719684038045349
8.795317263622955
5.406368163091909
2.9591683494632943
0.2454447703233251
-0.7675712578545252
-0.6936988988231076
-0.6524481820672824
-0.09033792404570949
-0.3886730557220078
-0.1852603864553377
0.19139861398753744
0.05542291143899611
0.17702503980146675
-0.07496351535335748
0.26367300059124116
-0.11815295538763634
0.010232682046915667
-0.05555441091638988
0.6120600266909126
0.8506358326373772
0.17449121769085146
-2.3770754818239044
-4.9731113791216615
-7.938792501042051
-8.180203136167835
-6.797509325826103
-5.094122277281847
-4.184641575927242
-2.5258636842709015
-0.8041611552476059
-0.5253371388057118
-0.31313832397407815
-0.6729164342769369
-0.7738836063452997
-0.22290024066974304
0.27030059538513435
-0.0843201105582517
-0.4025671741113105
0.09387151746101197
0.3002076199151182
-0.2293471253837445
-0.18946213790323363
0.7503013056548129
2.1415118748007367
3.199103200355034
3.428115777780114
7.3511662742065225
11.57043715027579
11.479791169675723
5.392066191207307
1.1319446477291324
-0.5251323026918527
-0.8780708828757153
-0.46014246113649176
-0.10517119615961727
-0.31405514589050054
-0.20476457589873115
-0.1351071121727703
-0.0015056229869125166
0.14041456645558276
0.4049615015898703
0.11959122203323112
0.5297889863185953
0.41130521364704553
0.17553291466397897
-0.2062477501144085
-0.014224799673308081
-1.2821676704104925
-4.305015908867317
-5.339536394557015
-8.89432878317567
-8.011748127026035
-5.577495887766485
-2.584028399993387
-3.395929552717097
-2.785036638498095
-1.423818487805973
-0.7947358680450356
0.10685028092766706
0.31061582277580047
-0.05210330267393278
-0.36538770404509274
-0.9439309790211103
-0.5627602051634443
-0.280507010535752
-0.10052062135891474
-0.3015272068413443
0.5275712318332789
0.501439359523746
-0.4715325615332311
0.1264895277510868
1.3300751131920343
1.5000302633110756
2.0616436046515285
3.6587565140949883
6.449470940819124
9.343325289009705
11.118195637530297
8.35756363446353
3.447019396842105
0.294955018227202
-0.9287309915262976
-0.6079569268802042
-0.6626216330397375
0.07383090576988076
-0.18873911449665282
-0.2260262153233147
-0.08799315730753797
0.48951105357043007
0.05045486975221909
-0.3729844716423538
0.06196201999832307
0.14057731357834774
0.5380145937719468
0.38673232002599894
0.25964732151423014
-0.35780771953338636
-0.3135684377133796
0.2901526685505085
0.7862623133982188
-0.24905303153577618
-2.7445323373570294
-4.955324527871947
-6.590211351272361
-8.291431257706314
-6.185765404333644
-3.473380033032153
-2.7759995777717847
-3.9029801628541776
-2.561522335179326
-1.2650630910302185
-0.8985203047268358
-0.21654244353205088
0.254291841487554
-0.2563389617351345
-0.7466462377550391
-0.9237721797865373
-0.46196072387377274
-0.8555148613848381
-0.30145283314128074
-0.24490373224898807
0.7720054433216011
0.7468113914184042
0.45371647952831323
0.13538574388030847
0.6678583930315325
1.6786254180082432
2.3834261651452673
4.260647752370067
8.311927817990673
12.048835486953418
10.321041260617674
5.1073741403479715
0.8122300879785367
-0.5534337409790211
-1.032159670241825
0.1971689774779091
0.3354222882776637
-0.25463832104669937
-0.5313455861305757
0.2763828352405594
0.5156568234968436
0.23573648211360293
0.0536825942514536
0.0019030873706715812
0.015662676048287028
-0.1667531765547198
0.1974054321940695
0.2931901567030925
1.1009987707731557
0.46009537767570824
-1.3403849837191075
-4.689767045350909
-6.32186971076344
-7.472008177521157
-7.1428851346103714
-5.44329838096779
-3.009918596694879
-3.2122717720612948
-2.3174930646456353
-1.4242284619954266
-0.5324797344758444
-1.2469335188486779
-0.3708572553464681
-0.33477724853307417
0.05043586939662688
-0.4773141717730457
-0.5551829863709894
-0.295439838514078
0.3976352387520708
0.08558145651671807
-0.18509716145449714
-0.2039792743819539
0.06256974854379727
0.6449461038193017
1.1590808333558538
1.200008158123035
1.441818039875422
2.2058091446303854
2.5598372871419395
5.173631503741329
8.455202784225225
9.28134462446166
6.818944542586408
4.555461185237636
1.7694177945282838
-0.01363533676990014
-0.5075204951365101
0.2978280684561954
-0.2734478196150067
-0.3376599809348183
-0.6700253934839351
-0.3486087878274778
-0.12488125421895191
0.18936908188565715
0.2117803574466809
0.050451986822894465
0.09797144121142744
-0.17815389087602054
-1.3128298364408133
-3.312224133009782
-5.614263525838318
-8.304981374516482
-8.35513762181434
-5.832951538182621
-3.707814425662822
-2.9217576730478814
-1.6922224867520648
-0.33225366707398296
0.18613514549048862
-0.17846844425117414
-0.3573879217007364
-0.595270415317683
-0.20007497707454527
0.03514738234223691
0.26654327594150934
-0.07330789827905887
-0.20183427961366568
-0.298954726075926
0.0360401619687649
-0.012240522582929876
0.7718911052689874
0.3828721879961323
1.307524417412426
2.243188531079275
4.895705108945099
8.579506235794788
10.825407661960032
8.76379765131048
4.788377738890185
1.129597348165971
-0.6997360949929485
-0.9392197786022137
0.2368764790131618
0.01742780372136512
-0.2241042930309661
-0.18635454706210602
0.45874640334557293
0.5637732717235696
-0.006237674385112601
-0.177605951654285
0.7946753777925446
1.0141264191068822
-0.7508342503356196
-4.095580821822546
-4.868342123973153
-5.398919119522817
-5.466115154658474
-5.745318847915524
-4.056854649530397
-3.7731294717581934
-3.653579226784395
-2.889559862957843
-1.1849624637633616
-0.4976204911356258
0.12890121294277493
0.24951199319114362
0.07671354677757361
-0.8615514946662866
-0.8834757814960755
-0.4283228714612417
-0.07931397007152736
0.26685706540792337
-0.3317874438399593
-0.34802185242390804
-0.06992845829079616
0.3003606457636749
0.03714025340228011
-0.26814496655822473
0.5509953079303711
1.2844276881499
3.073570141533833
3.68314265899985
6.1813518092104385
8.329764159120117
8.385164113790463
5.576843034392784
3.7916219585252287
2.50722161858465
0.29281966604469123
-0.8609333589795188
-0.45436327312289043
0.2587526587965941
-0.0469047420232126
0.20382434196212043
-0.0655813365516001
0.011187984375717329
0.14267858566068858
0.9749017503143235
1.01733817628199
0.48347885429134857
-2.2625925427014515
-6.129949841412236
-7.588031957605737
-8.020458747293002
-6.020459309690813
-4.002008728684358
-2.47814676459742
-3.2077559090544674
-2.214708109040119
-0.5610964494320013
-0.399041079237641
-0.4543563930647057
-0.49462670967212224
-0.2642745593414881
-0.28646400815323286
-0.06262962745394086
0.17494567338611616
-0.05104173110256417
-0.08742773450426854
-0.3632598025764129
0.02730873820684074
-0.07484464420198826
-0.12032182909370538
-0.3842365833801244
0.4711189490376776
0.9381430994041878
0.9926840673213353
2.0087988565219916
3.671524803098123
5.082607744576867
8.196765882868911
9.48310033279854
7.766651446700276
3.9402519878741833
1.7474111594086998
-0.17555456947115702
-0.8214589417899544
-0.17317937949162615
0.3435113009475028
0.11415035433256603
-0.1933874736165279
-0.07857896390133015
0.3114932803912707
-0.021909315483103067
-0.03447690816053057
-0.08210141510922608
-0.09990327021652759
-0.043144470908387474
0.9906495717371073
1.34272880338539
-0.9641143221997925
-4.721785693619873
-8.885486747042064
-9.12983555495615
-6.839852296698822
-4.8845607808062494
-4.163975420522204
-2.581729585778575
-0.559612242639513
-0.586897244121973
-0.658442931254892
-0.9680079380274521
-0.8886581417527373
-0.8320336088650778
-1.071423773419024
-1.092593180146559
-0.9945959084547317
-0.6555324632733079
-0.5696200367129025
-1.3663249822615162
-2.5083350736626873
-1.725890970989789
-2.280761943616893
3.1077348169128545
3.165059436445987
7.104474451306128
6.296912923642417
10.217795502633475
11.388851846863094
7.033704535824575
4.34229541139261
1.097689258561224
0.611181575954746
-0.11427895010977948
-0.13482670875969432
-0.6545703575983824
-0.22270920783408424
0.01516065898897165
-0.014040410315831331
-0.0246183416109927
0.21907640365809186
0.61007128078331
0.10893058455293217
-0.600870065957023
-0.9123271319971117
-1.3382417642410689
-2.3260710174489625
-5.183989801435131
-6.576658852842784
-6.993168224705213
-4.513471496447188
-4.4152476018048095
-3.23393995434442
-3.201901156351981
-1.7929680826302572
-1.6186984185885371
-0.5736656743367573
-0.5808305817977333
0.00785340727280748
0.05250614704603379
0.11628301339055175
-0.1531451176044603
-0.6623115048651206
-0.7791526024389007
-0.8649216720600276
-0.2159482059498064
0.11069955524974533
0.4324640892569444
-0.17808995199764535
0.022335914258642835
-0.0155957696764667
0.03406649540935696
0.13188799456841938
0.7940174522555717
1.0396561585092505
2.299112124778932
3.7852039179301427
6.028961762416249
8.290207299280391
9.709400292328098
8.360412069251788
4.540145114638932
0.539119572223627
-0.8331216658567627
-0.07528504544010756
0.07087262497345573
-0.32566175432586625
0.05333211089054003
0.34835878198860676
-0.04708550336976357
-0.34306984387220746
0.10197799299693049
0.47345929231481537
0.38434162948832373
0.29197805449711167
0.12528379704624995
0.4214150603862067
0.538806914579812
-1.0223295403140733
-2.778838899034111
-4.434119788889731
-6.801490686360141
-8.657734927244968
-7.048132363200944
-4.248352817250036
-3.6110595897393236
-2.7947008302814975
-1.4315458564720231
-0.39595984296525916
-0.539147008392806
-0.08695578070386728
-0.3127179520349599
-0.9146447523396692
-1.5097088252236517
-0.44177423411919114
0.12591193288472785
0.3923380698132046
0.05561142213771409
-0.1583196143647826
0.11721066485670867
-0.07167037120832406
-0.20143196293002982
0.23134321983924883
1.3889725486429436
0.9306194731109355
2.096836715142941
3.043045508139733
6.036074954145701
9.017822152243548
11.145778049587204
7.845983342941572
3.5330428169363945
0.8679934097003018
-0.6462966274458516
-0.8277715974456844
-0.30261796020739584
0.18739114029455672
0.2227181561609608
0.07317474387625059
0.15081216640295964
0.02226066227055361
0.2667603678445119
0.5651536524144684
0.4777744305479199
-0.08668017796346787
-0.3354270069525433
0.6819684277983172
0.21226565428624167
-1.792432368958927
-3.691565568079239
-5.481818060685833
-5.540071252927452
-5.855201873184543
-4.476702751880452
-2.5015367699167776
-2.2220594957405155
-3.967134295451448
-4.850303872720964
-2.011014442790092
-0.5557256887378986
-0.3272069800460568
-0.5356703973781672
-0.1181836242003228
-0.3825284103075228
-0.7151154394427139
-0.7299731871761932
-0.9133712083706326
-0.9870354299082895
-0.31402694368451495
0.5449055839455198
0.024369494184744152
-0.09047635847236829
0.04876750947735875
0.44585569823799415
0.6187386251147283
1.2532341603376111
1.149678975392122
0.25711455294931185
1.4568511905301458
3.3647727153973097
4.238517702156272
7.247983800267255
9.679219975954695
8.847776304826386
4.947947664468686
2.6388197775614333
0.970088962461349
-0.07535834785678415
0.07564028821033976
-0.026761270622285692
0.21644685064531133
0.0683769214646962
0.01003283740427413
-0.18364953333890477
-0.37764417263606587
-0.5448594440451292
-0.016847280916304767
0.16482227579335312
0.951806585160883
0.22439508354646914
-1.2737034003228334
-3.2009893399659655
-5.318748621252958
-6.775731883203245
-6.839612468496887
-5.113757666115962
-2.5951500917201975
-2.0068972319473746
-2.098895849563433
-3.344467873746877
-2.377831475535187
-1.714968961766399
-0.34311954380438386
-0.008491570691870476
-0.37392042347312554
-0.8160998731906874
-0.35309251259996755
-0.1867582546725139
-0.08482787414587156
-0.05432937637225053
0.3180396143206163
0.3229144698669851
0.13991884933205215
0.16158900210000302
0.02169424189471528
0.3094574619941641
0.3283169722744953
0.18236332774033728
0.06447529714147761
0.7634536638135367
2.1675429896666807
4.116039216209538
4.992995314743174
6.825085307485743
8.316829983523146
7.2613962184423535
4.591323105118029
2.0485302761646045
0.8102430719369019
-0.5348417395661831
-0.07683717134361771
-0.0197957837985009
0.060895595857185646
0.024994649979202956
0.2010363109726765
0.07926851900644578
0.08207168362658815
0.32153143204923623
0.016273122774920514
-0.5781043031801087
-2.4960382985247787
-4.453158571681882
-6.132763760535022
-6.016890059159168
-5.466828804612972
-3.6938833069291035
-3.5081756389104144
-3.632773070812345
-3.8300967990392647
-1.5774042910371293
-0.9607724552097454
-0.23336526240973438
-0.20112796013301715
0.0203581735787096
-0.26961733998174175
-0.22127063298247215
-0.15514956128810758
-0.006111403693296021
-0.11604412165278681
-0.08676758090441007
-0.30639946268980167
-0.19454573781879123
-0.5583367907700727
-0.3413051776510103
-0.06861293255801251
0.3872036147034822
0.6889446335741007
0.5043917796701606
1.1593997144488144
1.8833130230922361
3.7251002533838884
6.350589864304109
9.32944406449293
8.790683663190483
6.139790910985975
4.442845035044955
2.1445615563729925
0.001302449531945878
-0.8904609544824816
0.3243998539521236
0.03225928101064662
-0.25655057030946893
-0.23469668379077827
0.2907157812442829
0.2246512076313073
0.44256199459661544
0.2017279078230664
-1.3523403880869205
-4.475591693645468
-6.490769597956258
-7.436463149648423
-5.911377529966596
-4.605133475502715
-1.4148405310246055
-1.4739028020394411
-2.2910523011185853
-3.5941577551362194
-1.8515619423337635
-0.6964573014701544
0.06071742057895452
-0.09759276308829556
-0.32289275370974097
-0.40651129644211004
-0.2824731968628183
-0.1890145202251555
-0.3560818476824726
-0.42029139805044524
-0.447247955673899
-0.28417602736396325
-0.05765306172702317
-0.19475201068190404
-0.17487860651253512
-0.32609482626885644
0.3095194108869796
0.14099508486770457
0.13182430361005776
-0.0884092006036852
0.21514684087514283
0.7208101619476881
0.766978718842741
1.688689089649758
2.693453742176355
3.8834891700926737
7.994759001480476
8.518813825077334
8.625849659409855
4.958635318015858
4.283676452171536
0.9306144392305522
0.2789234302120422
-0.2745237663799261
-0.31123883321970464
-0.26144752051378606
-0.05764149267678973
0.09549380949597551
0.3092810524226251
0.5552691784166268
0.1286160138206459
-1.3164949882553405
-1.9396011538980977
-3.2636343888136503
-3.216723362702066
-2.7500347802511658
-5.289490662505524
-7.944059032542563
-5.350527600203874
-2.8539179068704934
-3.296846068500707
-3.532436221748598
-1.7156541861399541
-1.4850689925697447
-0.04555606319817144
0.6391808942395671
0.05577624517646746
-0.5572012943786026
-0.9341941330372067
-0.4746801060596676
-0.3785823542943305
0.12641135942239864
-0.2242855672359916
-0.37335508727609945
-0.34974358978095743
0.1948005383887302
0.11488356531568691
-0.2911392271724671
-0.38768155325526227
-0.1638424980452612
-0.20938552407424874
-0.245734091990339
1.927628051943589
3.7919370421789425
5.092609132851867
4.51495462563236
6.520662929154973
5.761959118825651
6.373858344661494
5.589919682868583
4.362588422319484
1.2239954465667164
0.25744284708459597
0.5664632967256866
0.07985066318823907
-0.12319792819939074
-0.21795387400367922
0.056712958814143406
-0.24627647195085403
-0.2867265497728696
0.0935384362283118
0.38930421827518374
0.337299334148245
0.42816144133798184
0.41192464737032874
0.17860145756830054
-0.5264870099625906
-1.6287674118939248
-3.747986870475206
-4.411301507457033
-5.811028741981432
-6.94756900610072
-7.285585197655469
-3.8860942746788307
-1.4362768979407798
-1.6527074234049206
-2.678522651351458
-2.0403914000170094
-0.6102026995296019
0.03667123253619495
-0.2512108347465212
-0.5432876657671221
-0.6741097887763442
-0.6440007594867558
-0.7405851803767143
-0.2723365089477094
-0.025828360636599792
0.04090579708305408
-0.17389412069368285
-0.5032333377323176
-0.21671584608771843
0.17036336206599859
0.4273130087900499
-0.30809024263904333
-0.3609958886119341
0.4898886079162469
1.4899286234703826
2.9752043189418167
4.021221544903108
4.005358546996446
5.828581907937342
8.185224659541166
7.993954507078131
5.098716904810184
3.5497446045850007
2.2486782289670417
0.2832565086412725
-0.5599508651529863
-0.7752455271643718
-0.0651530268447457
-0.1459039444572657
-0.23504949774102324
-0.03572000099831366
0.49481642089516925
0.28121531298381397
0.20976534986424208
0.38481647660897533
-0.45264080504718107
-1.2699379809706692
-1.713114482150868
-1.8662408405574178
-3.4212008228950577
-4.395217774849715
-6.058046647248694
-5.574290316889891
-4.820241872813581
-3.640608353221231
-3.6890997497632725
-3.0590816027535013
-2.2009098774369735
-0.83283555942224
0.4494854292157735
0.3198213139479615
-0.4943885394807239
-0.5929802385202059
-0.1208805181059782
-0.006430337631992221
-0.05768282606638573
-0.16067234813290002
-0.17346185877537376
0.030998544477192733
-0.013304626377872582
0.1808837062937671
0.0748452548186455
-0.04329859620549572
-0.478761975496272
-0.3397685226207091
0.3983240894835287
0.39440504187106645
0.3847891483156404
2.754033154586133
4.035641946652
4.2678684710758565
3.563916661725049
5.808080855227663
5.735433752632739
6.685298811031029
4.749600703836206
3.5501060044675943
1.302873368806606
0.7289923375090972
-0.1566619446335982
-0.05465165055514065
-0.10987222222175244
-0.17925016744161934
0.026860774251914882
0.10348621243231693
-0.19240829854368358
0.28378473006053734
0.13158198020499415
0.16692880101698176
-0.026007611937366823
0.06824741838756088
-0.23183838506015006
-2.2987443107770495
-3.9226811534343704
-5.67870442731439
-5.3355094345535035
-6.549759913188981
-5.518670506746518
-4.3818654388089
-1.7058613475119948
-1.6835292866736673
-1.7325513321195327
-2.0179560649332675
-0.8923817615205883
-0.007321059089935266
-0.03503862857515671
-0.7823154659877275
-1.1371143151781862
-0.8139643061737333
-0.5267535376576421
-0.3552385033243479
-0.22547233327501887
-0.1727767484437091
-0.29240090719017836
-0.09116492899450675
0.09596370468133884
0.45551036296579117
0.259077251141743
0.5251580144280925
0.8958879251289591
1.4553140651799186
2.9668558117615462
3.6338521189822615
4.548985301523421
6.177323913794341
7.3233832354983655
6.470302833605733
5.922244360995602
4.273295851609303
1.255885167226916
-1.1767272453051696
-0.23187093294233949
-0.26437444525821924
0.31150510724955
0.10712556767032634
0.5418154233461766
-0.09780513818636317
0.13589445441474107
0.10359392492141618
0.44509511821829806
0.6615035191581397
0.4733388812785126
-0.3696105251624592
-1.4104415427560093
-3.0550213969488897
-3.627457483397484
-5.567940274945481
-7.084484732584147
-7.379893743082501
-3.1237807614749493
-1.726231982567417
-2.503645756488302
-3.593383210214279
-2.6124002033945803
-1.5694227223845063
-0.9252886616836102
-0.08724323542958125
-0.32647717256625597
0.045195890674437425
-0.512058407787301
-0.5080094844099453
0.09169760804390825
0.25760077909340173
0.011802398511107764
-0.15463535692218447
0.248694326121531
-0.3694799896079136
-0.38487712654593964
0.18129681791705485
0.6967445438923039
1.2034393241625747
2.3865437865767545
2.6512153922891364
3.825654943139465
6.601707007317742
8.14663010738014
7.511761736951115
4.641699889904951
3.161845472279885
1.881175133387957
1.5826729212067525
0.03356251604321039
-0.46471458339487826
0.01978073251166192
0.1264291729346306
0.08417423873970521
0.25407748932892577
0.6035373619387073
0.3263113785959101
0.02333881724484587
-0.4103116648086383
-0.42962752708563867
-1.7104546181620446
-3.861684175015296
-5.348042026598429
-6.78798573635344
-7.514755774863391
-4.856655694575636
-2.9311956568490642
-2.325168388348481
-2.983157624666117
-1.6854123487119994
-1.8841646311476306
-0.49545772588227716
0.3821804648085864
0.44662203043990056
-0.8359887644120854
-0.6070076318329216
-0.3693501041116769
0.2647587846147067
0.1933295281732349
-0.2184979681418183
-0.1362477712070342
-0.22308003834422785
0.1314068075221683
0.1757914862676102
0.9987428343131315
1.2787686953776827
2.3895701740891155
3.3445530255746427
5.926028765270155
8.171912310333953
8.807581014771719
5.876446521483355
3.456060893516827
2.218905086541269
1.0413802339194083
-0.00018007583736158098
-0.407799277944348
0.10643716307338896
0.039365893180178815
0.06575141500337527
-0.6469854062411374
-0.30715642853435615
0.747955920647079
1.3182550076238124
-0.40157242635761986
-2.8502403207431004
-5.212227645843152
-7.484939674685894
-8.531919418252796
-5.968763672211367
-1.7108968889973426
-1.6624303501283
-3.365343891441051
-3.793248357914182
-1.3265517294050024
-0.15493429354743618
0.5140584028475707
0.07936971142081369
-0.40886787853376677
0.11848826234510564
0.23222385257053102
-0.047679156378706504
-0.728016112025423
-0.29984955923236395
0.17679033368367852
0.22444607729332822
-0.13205618574666333
-0.06854197271307151
0.13766195395628517
0.311936586282613
-0.06931497382266677
0.002282968781453084
1.9471981943601564
2.9666368302319204
2.803634979173622
4.2709550685379645
7.7452047815891865
8.758493613573274
6.699251482751319
4.673151330562692
2.154805722795921
0.18164214343957366
-0.6008408687931031
-0.3558543803430616
-0.27462322719610394
-0.31974545324809295
0.18393057352628686
0.3033745090936341
-0.0011325063546950183
0.165011533004003
0.2304227365928655
-0.2189644554972272
-1.0751049832719557
-2.451964401085966
-4.179536190408004
-5.425272322308761
-5.351526386250661
-5.554524361710489
-4.1471768455784135
-1.9887981898132745
-2.288590103706274
-4.293968608125072
-3.5548990128570392
-1.1112724031382
0.20680645668606346
-0.3005453060065104
-0.32948745157271514
-0.7141218450967185
-0.49151864873954804
-0.49832175059587813
-0.37162891673201975
-0.4865578879956356
-0.08215614722874766
-0.12462562614387593
-0.4764696469209444
-0.9930872966833924
0.06469786520095368
1.612585644058256
1.5613110699993045
1.7814907397045263
2.8204881311518486
4.53515749280799
6.528767137062503
7.240113178532919
8.085095727051115
6.295467429708824
5.145651093416096
1.7777590152627532
0.4282413355210512
-1.0314310601010654
-0.7456675108425139
-0.46042381920966274
-0.3929244043371428
-0.4232542606871186
-0.04082616300162166
0.34964967632256083
0.052486079346817024
-0.11187194511842496
-0.021705765127352353
0.6584170431361632
0.23959831339505552
-1.411300892987676
-3.7803582203536985
-5.0480060768146755
-7.633665350405035
-7.833834343858857
-4.1925240567119655
-2.1799329896320727
-3.6142976188813427
-3.6791158184161814
-1.097831603613786
-0.7597628691683588
-0.8162330920358053
-0.4284322504815468
-0.13507443110917386
-0.326603042365213
-0.4659183452645459
-0.7835242563130896
-0.5844184676108037
-0.10795036189101137
0.10368629828336286
-0.22922937166911264
-0.2573626270442022
0.6822920821881122
0.9348751586839537
2.333572659271825
2.973707343328115
3.3769006952207965
5.371464793575394
7.829103473052902
9.548077581238797
8.129305554786585
5.576307732949505
0.5138422777424448
-1.5047158078686775
-0.6431548797153784
0.5306076783046212
0.16687283473308118
-0.8295586584512584
-0.49740477814065925
-0.33459343414340775
0.11772704704686723
0.17718795723814634
0.9057618016957907
0.3302206114715399
0.3198843345272566
-0.5244822320122824
-0.9774262817432056
-2.874059305453981
-3.7907515004403596
-4.506195850809337
-6.425928462751026
-7.1748792572430915
-4.607916984595088
-2.047950025138152
-3.048257862446999
-3.263353756904732
-1.627994151515456
-0.5803633147526118
-0.5099205500903615
-0.3670561948963966
-0.01336030654925282
1.530614200995462
0.7219414075306518
2.2708650686740555
1.4021806681404068
-0.11791583228047302
-2.9076312925821344
-0.3466965044692274
0.37612882657125063
0.06493784959632301
-1.2348040230067505
-0.8991926794582521
-0.32463215213980057
1.083601329244757
1.2556010320383484
1.3393415333223395
1.0982482502795679
2.450232387297025
6.464251425426851
9.089831415548018
7.951270820211139
5.33253732139149
3.862929415533758
1.6422794548949504
0.4046858032978692
0.07237094103000852
0.2663980646992187
-0.1099004318866266
-0.22846638450656231
-0.32180072379036917
-0.36532482571071173
0.4171606391813613
0.5395314330166974
0.10619252159688292
-0.6088485523642753
-0.3752356611435461
-0.4446884371779078
-2.2546092187481275
-3.5284464385138157
-5.475135961717639
-6.058804379413747
-6.610551045611099
-5.202794194899227
-3.368731451880462
-1.6978733946207858
-1.162780434719566
-2.11441641069853
-1.9923658341200279
-1.15286651885327
-0.07802776103554288
-0.23081398533734457
-0.4775085200910106
-0.5253811532066799
-0.35921227025069935
0.15468303265896258
0.05618208804291744
0.11842050762948234
0.15381607313455378
0.5509469526564494
-0.010494394028728912
-0.12194686229077137
-0.3430226164783385
0.2567653859918119
-0.20989787199456816
0.3522797201326711
1.9521553509639455
3.8028888404230474
5.140304216137268
7.276003860618011
7.207758930992939
7.2953599425285605
5.894789509624205
4.430707098393202
0.03412900065729446
-0.8234476235937807
-0.9340191765653932
0.07081655956076419
-0.08624218360643134
-0.48168889773398305
-0.10934256964287359
0.26422784638048874
0.20720555904580062
-0.13291607059258057
0.3601801945659893
-0.22986504465312338
-0.019710619719214294
-0.17567639256880793
-0.8343812566157601
-3.5847464217865217
-6.105674536397852
-7.478009824022082
-6.5780838949645375
-3.756479933759304
-2.7213810093914947
-2.8128334298353255
-3.5768762115194166
-1.8572226550851034
-0.8244609681683001
-0.42911136829072655
-1.0850416152054239
-0.3179401659935336
0.07467157902247333
1.0279981566403802
0.7905149671923867
0.4001387953468677
-0.905838456328682
0.12867539943791373
-0.3712218575773829
-0.264123930888178
-0.5429199739984489
0.789310235360206
1.08327135309429
1.964323549352726
2.04164728703008
4.107807924773168
7.8165698237731265
9.627826117527825
7.801239593792157
4.703133621894145
1.9635771031831968
0.5016003325967338
-0.14789405008122045
0.02917130312065363
-0.29488476367427296
-0.0067494492105172835
-0.27236841256123684
0.10322904954089528
-0.07750886617401097
0.1329566981880168
-0.09712163049075404
0.49330407598568465
-0.29244680932514067
-0.13812656035349655
-0.44351372800836975
-0.5552848883094268
-2.550056432642672
-4.986614930725414
-7.498523281993263
-7.6261015968614565
-5.84890666660444
-3.35996863016263
-3.229668542919545
-3.0287480294051767
-2.3187577113158504
-0.331887118955454
0.25100115870263046
0.11529033611524882
-0.2117651206872027
-0.13155522166556324
-0.5365930118257661
-0.2125972873839522
-0.15368293634162186
-0.35737310722155613
-0.11479712392188073
0.5317694609046794
0.4253580892024509
-0.1885017092265719
-0.04880735649736692
0.556234735836782
1.7662610692337803
2.2412075528269955
1.9059825466567843
4.8872949747256715
9.043530233735876
10.512281252693148
7.416824853460757
4.021776978957432
1.0533159432344452
-0.6032902345143077
-0.45609741471034065
-0.4679761707369056
-0.3115310025073947
-0.17097298370480676
0.3888195428982443
0.2804624338128007
0.4942996496011257
0.4439485648740299
-0.3262380912564996
-0.8047361708674563
-0.7255741082980028
-1.4362791966646313
-2.174428866246293
-3.008049617907862
-3.4982950936924357
-3.855547144041162
-4.312704771222845
-5.125690503627263
-5.041212550349424
-2.0187777760585237
-0.6453232639181627
-1.9479926531495615
-3.3450860778663927
-1.9833365651578112
-0.27502182809442066
-0.012686020317772162
0.12378376189852555
0.05800640697835143
0.38528742907813135
-0.5320813500407852
-0.2938065391291678
-0.6843420633946595
0.66331948946322
0.2530732577064602
0.8272170262411409
0.05131775556951393
-0.4096813019293277
-1.3480945502027644
-0.3349458651210692
0.2731751370555502
1.9610907264622117
2.6187902962700607
3.076234031825848
5.993812946647194
8.38675006913141
9.238315249588474
6.2829535233189215
4.437777575522015
0.6566095012365863
-0.32527461901491767
-0.8595132847667841
-0.40177550965879555
-0.36209866894563736
0.2777466895263616
-0.0009464401416848216
0.4271763846083297
-0.04406450917965298
0.09881030731690672
0.14159515479534562
0.7352054013447634
0.5625743724345242
-0.6799514567432228
-1.5707704255775239
-2.6150729514426825
-3.9348147254426076
-4.763398314994607
-7.029000523853545
-6.1614689911684115
-4.5748888214336025
-2.5258023566270906
-4.294742067360051
-2.7009491167129225
-0.8826506083535015
-0.2511905677268021
-0.6979205190689904
-0.039900447051119996
1.118656386481285
1.0776210639753006
-0.4666597974713008
1.1763654195197106
-0.015986461286672048
0.7535920206544229
-0.7022488256311789
0.29525973493356517
-1.6852748828403599
-0.9643603459336973
0.26273481153177847
0.680892947333409
0.6609652554332244
1.2874649073645559
1.5561550833365296
3.8648103908989406
6.912936727343523
9.970255633019594
8.650735455030048
5.5612485474308535
2.0356020305777482
0.09065535927215289
-0.3243270950349937
0.014845998388216274
0.021903727639455275
0.08048158646765631
-0.3630545775363643
-0.058480251139912946
0.23196278398603426
0.4664809140069258
0.6567346371279288
-0.1977891568118674
-2.3536586496917598
-3.367394468899459
-4.9621311904536824
-4.654136031368155
-5.378990107697389
-5.774407942439721
-4.579527573549023
-2.278363367291984
-2.569456363687145
-4.214903282758683
-2.134877785685694
-0.7369013090305967
0.07688380597868798
-0.1465810734048617
0.044237219029930344
-0.7029754522375331
-0.7127060993191331
-0.8058356362957234
-0.2130532081193658
0.10348658024347637
-0.07372915568441249
-0.12904963463436236
-0.37290834407996476
-0.7472613661194281
-0.12376353296411106
-0.2288274422378103
0.4666131160730206
0.3345531779465268
1.751844930731757
0.7028151079690104
2.88036052195251
3.5210595893860277
5.542754526546837
7.671590332989589
7.378588003542515
5.880462600065587
4.119763009213239
4.755744070628584
2.1618987224801396
0.8547673730165382
-0.63451129828555
-0.8342411053572768
-0.3938509259639302
-0.07997069646324528
-0.19313472583919455
0.2643844006389759
0.3491539578822377
0.09891795555101342
-0.09281087685482386
-0.4706311855078346
-0.552462914552421
-1.253745176973167
-1.589251913355764
-3.174051276044777
-4.424866411879898
