3.025236734623114
0.7750661741944939
-0.023928450572979217
1.1529286181665264
2.137807615887491
3.136875165564007
2.90082288827229
4.0618947676219355
6.757778082381235
8.252297620695854
7.029613875347335
4.174972490324916
1.5609985931596375
0.6016318768741981
1.2321843377653299
1.2746968371089353
1.391414110109124
0.994601426679689
1.0270871828331531
0.38394059635406885
0.48648483916140367
0.2691460465475593
-0.07059799991766315
-0.180469949272184
-0.6134730255658628
-0.1828019299682704
0.6475435409694553
0.26697803494417643
0.14551553043642373
-0.026827823481547868
0.8907786735042017
0.12549220483427703
0.3987833273728879
-0.4762939446159037
-0.5749870567587161
-1.0198365533570644
-0.282698219517751
-0.6388363493713833
-0.33187166559578546
-0.10689057689914831
0.34569805715544694
0.7172015872642582
0.6008421613157359
-0.30020493636632967
-0.4370660230152883
-0.09371903307666211
-0.3769249358178164
-1.5055581479846
-2.901790488874462
-4.607532688517754
-6.544741025982704
-6.962564152992226
-6.755443649238489
-6.424300347158512
-6.491116521552351
-5.660098520664992
-3.3745296172688426
-1.1193039608418192
0.038592513939877254
0.20712767373238355
0.34240927425264034
0.22564746339957847
0.527363719576543
1.7494265502407405
1.2380481740954141
1.6708459384217338
0.22354765905540666
0.0873323703602638
-0.742705614437502
1.8044031428524734
-0.5898012964954584
1.6462139011611594
-1.113793181079663
1.0798402317725087
-1.844932811357389
0.3255601346499066
3.9312135933116115
3.03979784094244
-0.17573079291501476
-0.04968978493014271
8.67209624489619
9.94693966112401
8.666031695206174
5.962640245470165
2.487273173881057
0.2985277988102319
0.648440327374911
1.1293892202761486
0.6009825953917146
0.3436657620996153
-0.3980042451061108
-0.2585947643998963
-2.828062594917088
0.35540845931623416
-0.06892324591279334
2.345158404327152
0.10015840589575645
-1.4252722726907356
-1.0659543945337429
0.5270178361077879
1.366304181497631
-1.3248909064386831
1.7094715412631072
-0.7961364000549526
1.4305107775978658
-1.3362344824045438
1.7393370478784216
-0.32580975093845393
0.7637953906092579
-3.3583441049753224
-3.334710330464293
-3.82860065912138
-4.974274216795114
-5.241494689886575
-5.478350249144197
-5.415054595953207
-4.683799227014777
-4.119281269999922
-4.788691892212471
-4.003163146958609
-0.600317463107314
1.1192680105628994
0.6144887826026135
-0.6245471315029679
-0.6908900077266678
-0.7982525620593462
-0.05824679426240424
0.05561637282111112
0.25540575220891626
0.33161544132949733
1.2610750258703303
0.3529748577501686
0.21689246741493717
-0.4271153410982535
0.9590352889204835
-0.5676760231250619
1.002993852691962
0.8876062103993674
2.202850709315502
3.4251055877706547
7.0030630180465705
8.98321544800848
7.989678940621118
5.792066582098084
3.4185127220895892
2.4140598522638474
0.6488588850470746
-0.01580599727669224
0.6078397333262896
1.322671439576817
1.0640043675450988
0.22053583472217023
-1.8062742151559295
-0.9096678343041408
-1.6956552843009802
-0.5799670488454532
1.379501867283444
1.41654164064627
-2.1811800743315266
0.7875670061668201
1.6023833903545994
-1.5638876491082565
-2.810604455587716
1.2278430477132884
-0.1803244050885728
1.4098735333307528
2.2943069188210856
2.3014704855805825
-2.0514912138317247
0.1768538467852305
0.48506814880996346
1.646910082275478
-1.027349123687077
0.749827932982639
0.5096644678729894
-0.28631396338683823
-0.7819957899473701
0.17245699477706217
-1.2717741692899454
-4.245526880222385
-4.994878161018496
-6.123230424640538
-6.430696077383041
-7.3060962736285235
-6.877852708004166
-6.992630057797163
-3.167552756903831
0.055405144364717634
1.0389322641954972
0.5678943335827016
0.6139299081104022
0.10685358600082888
-1.2300128462079296
-0.4495889667159147
0.010097592318618656
-0.24927905501133196
-0.40630961186631404
-0.011716096867274192
0.09609717754670434
-0.013089214188327139
0.13575291498421618
-0.1300468073771304
1.3943447400382858
0.9848079867355416
1.924510860237616
-0.013380205458292152
-0.5332223977283398
-1.608818310036509
0.902101161695769
1.4400594021243924
3.841727907464541
5.333798555529871
7.932141960657533
7.341044774210566
6.773256860823722
3.8721394666134583
2.464308599108558
1.013981874085176
0.47868196885309805
0.7729396367629547
0.7015498569309389
0.9509396408852522
-0.8409041453309015
-0.6166847367331552
-1.0971294947600314
1.095356668925564
-0.8435457000926744
0.7188812531824643
-1.4815821853954811
0.6743766512920637
-0.8102232273390471
1.1567535923254388
0.8153109561530465
0.6282746390484961
-1.332247216794811
-0.7726044498231782
0.9993776958865599
1.4070423746499057
0.30128409204698164
0.2902706539336874
1.335296501209822
1.0226827746486369
-0.6410291974716854
-0.8644999068684753
0.2145740851136376
-0.14267234175640642
-0.07716531954802291
0.5812901074348996
0.37157903987311025
0.13047074537343487
-0.7177609654894649
-2.854202100991198
-4.423455722283838
-4.333848285168147
-4.930750885613981
-5.825393864286144
-6.636467857941181
-6.32615743169856
-6.665265109180134
-3.264264006822317
-1.7259829352788127
0.7084964389709179
-1.0750765827464381
-0.14595753803987307
-0.710837391673885
0.4355334995219583
-0.3170223648069459
-0.5047514546023797
0.5084690438280075
0.45660126756996344
0.11419779096330725
-0.33887447955172023
-0.47226667492798635
0.6078739775010438
0.13569070891895732
0.37928111147831456
1.5225419539403826
3.500353470014185
-0.260210933197416
-0.12160220710928303
1.9490330875263993
4.0709955046820845
4.559760009259393
6.345142204757563
6.952584548379432
5.4453520842449645
4.806541111891029
1.2935226963276494
-0.17706756681711575
0.15601278863633328
1.1894316327459151
1.2826455618856916
0.7613152152231422
0.525209041617973
-0.3101297484877741
-0.3148365201314174
0.2517627552635502
1.2103786030236094
1.2924912881336905
0.9516761945801078
0.6092697794813894
0.7717396368241919
0.40741668500730166
0.31626122392110045
0.07593696782047603
0.09541668231607595
0.4469183869652487
1.1672339837289678
-0.5121525487244378
-1.0708944147034198
-0.8897562543954849
0.025276568506653697
-0.7771926171283244
-0.7117227302840637
-1.0584841822831341
-0.09132619536616847
0.95679884700976
0.09812264049610143
-3.466080336045926
-5.48522248812288
-5.605882526399383
-5.318800076433897
-6.596227857069615
-7.504568473647828
-6.3231642978082485
-3.195662376215744
-1.7504707933173709
-1.3273219693609108
-0.9935937695489913
3.160815447430528
1.9051896224580456
-0.2785500396663608
-0.343849430097264
-0.12137668453839166
1.0031121980494975
-0.6792466518244828
0.19371372708016324
-2.390865743156659
-0.12750707363503744
2.314401629275997
1.5526931120454124
-1.7860795228592572
1.0410989561903077
2.4850917762305333
2.2253634309168335
-2.643784207322689
1.379107926924149
2.9137845029274794
7.8888818742510365
8.008016187239042
7.965746545129674
5.442583202837909
2.8638185371739358
1.0872105592022245
1.0720523462122105
1.0737219877033548
0.5977529800046376
0.46401740740800557
0.025939323429162813
0.035253094152072464
1.1845975285024777
0.5775410730325834
-0.0829745958824016
0.38255956165672256
1.03194209883584
0.26125168994170644
0.274266090009737
-0.30727169735545456
-0.2526501684641933
-0.6739533172533931
0.25053260400742383
-0.6726472087143167
0.24737980369570733
-0.5283005456592568
0.2765129746647298
0.17941430464133498
-0.0786634750677509
-1.1468461896336875
-0.6532992077594725
-0.17799487504634623
-0.12371474255683353
-0.7536184448428966
-0.09219121878220526
-1.3399364100475466
-2.6441673882606636
-3.2273035971351476
-3.6292133824817037
-5.429420588564623
-7.037045594588614
-7.125540071556533
-7.101385712845672
-6.65080662141761
-5.106871966132853
-2.5539800917641933
0.3527955020455838
1.3105056591834718
0.7467323588113005
-0.3635573649669029
-0.5644893186242176
-0.1765981834603931
0.22008981569339248
0.08201136198538962
0.0028719891962808546
0.12915222859370348
0.2122979801937596
0.01976056138787881
0.14232619991821177
0.3948554407797186
0.9165112998941093
1.8448076319752453
1.9187949621162015
0.6375823135047243
3.22352249017286
1.4924841059968705
1.5657662124897787
2.3276907818668597
9.728269097644937
9.621826507140268
7.635538614968505
2.503872341209301
1.1240186465731457
1.0507383875684233
1.120279649275144
1.1542727858946629
1.1654236735951893
1.2069567679452442
0.6888180401369961
0.8072131311250159
0.7539130333689563
0.7566798120208689
0.8904608799683076
-0.3929992746994984
-0.22030556510476884
0.005531977590644852
0.7958663919940762
-0.06535066628675447
-0.36783823516791125
-1.027639682135312
0.19483440486620054
-0.5202600974184076
-0.2814670717302141
-0.5442873087316543
1.0245361862369275
0.6472547262643792
0.08219595805701892
-0.9426566084705146
-1.1467902800814196
-2.547416146311452
-3.8618754402843796
-5.057316638859812
-5.4322319215218675
-5.8076390564172184
-5.785952525999522
-5.347868769224833
-6.484181322052458
-6.089776671899956
-4.80250555103693
-1.0738222344943082
0.011045819716332434
0.2510174825990708
-0.24806580880588158
-0.12890896594970244
0.22152085636071317
0.3961052481965366
0.7270518350263669
0.35604116257358503
0.30772089519818524
0.15016468934314017
0.619029282322141
1.1291296205182118
0.5450002964907198
-0.01756099562507058
2.8405668437984217
2.7214455215269755
2.7376995495052463
-1.1715802813234342
-0.3340260044785249
1.4472450629088014
7.783809636772514
8.08380445789201
6.963475782361182
5.151530886259092
3.745796755900037
0.6405216690862345
0.038178590388458264
1.9328565212014681
2.129865533532292
0.698793582305832
-0.5454280211894842
0.4252871727494309
1.245600352714429
1.3949976451724926
0.18453050984577027
-0.21739230039222984
0.5965007068104816
-0.2294166179551246
-0.6962387942787869
-0.16775653821863798
0.44592305520891756
-0.25876376323806616
0.20440727303813686
0.46207716674185584
0.11751458382178727
-0.07915439783954087
-0.6652953000962737
-0.7455047702933444
-0.7237673902645015
-0.5824897832285546
-1.1687431569144198
-1.7705585947165343
-2.9845115040255914
-5.431246043637448
-6.794773828299751
-6.43674324256099
-5.432080991260386
-6.006679394856746
-6.472480756769134
-4.9970017653868695
-2.8841408976120926
-0.7598176225929818
0.022590566508466206
0.12938082188634112
-0.18475388997853473
0.2058723518897235
0.42327029517466824
0.44330963272290375
0.40535324669620426
0.1853609867905034
-0.0005321225800483967
0.2877725921961753
0.510020452357607
0.2032411752025472
0.6240129407964294
1.2422648091930073
1.7574625821829015
1.6595336337522695
0.6408840989533507
0.7563158118107717
2.675752945613014
5.785306697679711
7.122137305523998
6.8414555754462025
5.511789094098915
3.699554693491735
2.108299401049975
1.6162781690617387
2.037257043959025
1.1869944610222602
1.1215671022066418
0.671097899568776
1.5159464910620435
-0.2850230760124124
0.23488450251629875
0.4555092757550079
1.1618933440588857
0.7703239761881869
0.5324932972883426
0.29222899348057096
-0.34025477928390546
-0.08316155510873754
0.1921172806108327
0.6918093983156803
0.6271988272051733
-0.4640178365336225
-1.4644874541625763
-1.0684726658058044
-0.8144509737383628
-1.0137365678378936
-1.6223092576281466
-0.6182261913946615
0.07442594385775954
0.7687307894080668
0.3735101083908879
0.21874818259145634
0.23158430739940797
-0.3281439607144119
-0.3436513356419464
-0.8147084615388774
-0.6035966942628901
-0.8218859882602537
-1.6244867416880018
-2.9940184275480877
-4.563642028576286
-5.634874978163808
-6.277642008036809
-6.072114643933485
-5.848438503365727
-5.326315957988852
-4.724527683505948
-3.730712828712678
-1.7795966841638104
0.32766701224192624
0.8971318747864885
0.37526371643460266
0.23831330254790958
0.07183952990746163
-0.09394764281550706
-0.10988560623314209
0.07614913806668326
0.26875319198365805
0.33925099416606436
0.23593826573136198
0.2016216885499336
-0.08822217609320922
0.12218514087010943
0.47631807492187916
1.2063236862922124
1.8140912132782536
1.2878942016332933
0.4159191593919601
0.751132349008907
1.3328204057202744
1.5845206625278703
2.658424836593296
4.302961438680426
5.087211701658676
4.8779781352566305
5.142723079016127
4.298006607248066
2.934248726542146
1.8956397987651596
1.7293399574845798
2.027216248791252
1.8636025560412313
2.0335882737496846
1.2497480700359498
1.089160314062467
0.45741039504649306
0.20607182934496568
0.010045526065543557
0.0450546261609208
0.530926698038038
1.3587415950937567
1.1444960054827586
0.22180259477706307
0.056015274725521445
0.5260527828214427
0.25419819489414297
-0.3865620470589589
-1.0944013357446858
-0.6509076857536287
-0.07039079490893618
-0.5115605468184737
-0.08937471747795911
-0.0153659224865441
0.32927393702624347
-0.6002904275763296
-0.7465831693884868
-2.9135726529435693
-3.7737485180124017
-5.244347611346788
-6.411904701742622
-7.417996558659579
-6.941000784068346
-7.053127181231043
-6.221429410252707
-4.333974484706191
-1.7468809722815315
-0.7040149078343644
-0.013522966619065399
-0.04224155500671981
0.1305724025347219
-0.027096480332160403
0.08143255574576339
0.15871688465954398
0.17413877647761608
-0.12756147064500958
-0.07277102353575715
-0.23334632048750906
0.0004956546701207214
0.049639554653290896
0.056822600746991615
0.10390362981067891
0.6719610234184015
1.6299679333036095
3.189278828872136
2.214662060802921
3.395782637795776
0.23181107812273047
-0.014237980892683313
0.23170809795923383
5.611471069724149
6.449552850514501
5.8898064494280575
4.308377296980855
2.9740542250133504
2.4842482949706115
1.894409300009562
2.0775354094908702
1.5722416328715676
1.2237624332271837
0.6168708381322325
0.8673158718127606
0.641436542702952
1.2099097556494807
0.6635795726883797
0.37782480429672144
-0.7095738122190024
0.05825476560274477
0.2075905920753536
0.8769296068689022
0.6052188666079916
0.5785586570814029
0.7284579895958048
0.22496354843281666
-0.34981865973017706
-0.502621282508526
-0.29497908762634006
-0.793862914761257
-1.4665165834632514
-1.6415771084366848
-1.9712901963074354
-2.4890913786663478
-2.3580823537776934
-2.4087003290106814
-3.496511098488605
-4.734085530536601
-4.408991329588282
-3.1398078501580766
-3.3698881437757437
-4.554908401900306
-5.313608845083303
-4.911623241393827
-3.2460552351944236
-1.1328976946747007
0.13986033647024376
0.17952783972252023
-0.0960154626095668
-0.07048529007468339
0.1346179170918445
0.4954949454436822
0.20415580273491768
-0.12161410473093442
-0.2504537022000495
0.15508595767469735
-0.00639170980720856
0.5212067386101251
0.5178646715588814
0.14959065172882136
-0.06724541132038712
0.40186570071601907
1.519049299187933
2.410660051397699
1.8200433372718932
0.41413265696733226
1.25813918420496
1.2575972147653707
1.7389379344440237
3.8148646530543453
7.681834691435847
6.9840777856828105
4.9493418248491485
3.3563750139878796
2.996186444539148
2.4630560352277904
1.1698508258451021
1.9804361307867149
1.368104126933536
1.0293165059434426
0.17022737264622192
1.1122227574516932
0.6090632443596169
0.5621459471634913
0.9345419656011346
-0.23772337146852582
-0.8436724347074411
-0.23415415154774077
0.223905982146928
-0.18511924538044675
0.1892773538353282
-0.8758382612318414
-1.0025072745367025
-0.5556503212642498
-0.5966559976662326
-1.383741695535262
-0.3491014021006937
-0.34676934739641146
-3.4819803315599063
-5.744415585236325
-6.019960683697891
-5.337583102122966
-4.662327657960802
-5.1499336159560745
-5.633757102471076
-5.848722030268798
-3.9075208269072297
-1.8956602034270722
-0.30194282948237555
0.6919967316966618
1.0277783227030564
0.39382861529419316
-0.1815909210744996
0.3702989004730541
0.57214386772812
-0.12514888724533757
-0.4322511742099726
0.09747828680444325
0.29510260985472997
0.38299397202241997
0.48167804205908704
0.6341558601514088
0.7010829603987468
1.4973996218625598
2.1462203415183225
0.7513766396226468
-0.08368004784977928
-0.6898735756840055
-0.7750748168972053
0.2191363520240249
3.638501219117626
4.982699665686665
4.882148446799709
5.212474558830175
6.0237361324262615
4.658209703174247
3.8431328588110145
3.046857876778128
2.8932926288085836
1.8170624347906934
0.8820529810070812
1.1018276350043605
1.1213783953335337
0.135067503395998
0.21764033244432684
0.8106707097461924
0.05288228979185753
-0.24896994856342086
0.7361442098939819
-0.04660794816794532
-1.0018190973642351
0.1324615891789591
0.8784495087221706
0.29854744436341873
-0.06704119703130229
-0.20229958140012977
-0.8625193008153247
-1.9409053701920136
-2.655777425145728
-2.4599114060382794
-2.3367184641594214
-2.3086522052951413
-2.254303556212413
-2.8615662375906448
-4.781944464483766
-5.57557041767811
-5.22299415007527
-4.9388573097279185
-5.587289125061348
-5.061602755040224
-3.1950759567940117
-0.7375456155777212
-0.0007926493543706122
-0.15355182873193748
-0.1153093255510974
-0.17157799855284903
-0.019337767946905487
-0.2508039050653984
-0.1339334687409878
-0.16466671635203897
0.29070768856832685
0.11563324454992577
0.012983539512448676
0.11449199779214754
0.35030490438738676
0.08574289375259407
0.35117818114959787
0.8234796844366096
0.8685343794448936
0.7908419703119347
1.5646143295590933
2.0863198744868976
1.863885788704931
1.8384869270458017
3.06979055211138
5.0549541947858465
6.6569040973157145
6.5993027688696895
5.644892535443366
4.079423546773222
2.9942041386067055
1.46489988700278
1.8482273217405794
1.612573905444463
1.7828466202830608
0.11861287282402441
-0.08765347560226963
-0.4098316976737426
0.9680244101403408
0.8095524804107972
0.532566574879847
-0.024150497300866866
0.6263225354037448
0.6309777319803515
0.12659018653511636
-0.3056961986079672
-0.04370007679799897
-0.39458465386087016
-0.3464055766854074
0.14563146743590435
0.8724501674236115
0.28554529755876157
-0.32614901197428237
-0.6802381788093598
0.3388060540902497
0.14313829459811697
-0.6044026845760785
-0.5177538902164378
0.42439841907666115
-0.32771549358659924
-0.2902065955444631
-0.03511824870242422
-0.4650694170793932
-0.6832472264615601
0.18622640865350887
-0.04394260377507814
-0.6704823080197886
-0.045011307154283815
0.09229379565660152
-1.2959759384641272
-3.4115499405608976
-4.8650904044822205
-6.967866740531858
-7.339747072275871
-6.879567942133218
-5.709337092760174
-6.115265419658758
-5.1027686145079905
-2.5826430178853137
-0.07922206035237683
0.4178366517732453
-0.03951936679021687
0.29920839313764275
0.3498047590584467
0.3026106484479621
0.42827196242883453
0.9719593634478016
0.6899853170715166
-0.13309524546089116
-0.7159595389514954
-0.5564831562372574
-0.006698494255175602
0.2883651118404934
0.7034809341730319
0.6311641609083043
0.0689785525319681
0.5929385791709056
1.8066879267415121
1.4201391111787858
-0.09995621358792352
-0.7962533246367718
1.1736781164728
1.6510880304512894
1.6578145732525948
1.4624994736564771
3.3384402815071113
5.890715073729007
6.836609791761737
5.724898267906301
3.6726136819408284
3.708299470301528
2.76077179995785
2.1752782778512927
1.146880096235535
1.3341640759815923
0.23298895631699948
0.2654597185814884
0.7583767892406676
1.5012794111507362
0.5773192698759861
-0.15173666922671167
0.016482508221530127
0.6152933053156111
0.07837915745650738
0.03756439316796581
-0.19860247705485892
0.008861659991717345
-0.638474980647273
-1.3736390464987984
-1.5311856025540176
-1.4778037132408213
-1.4213978192997199
-1.460917946085479
-1.0227646815715241
-1.511807915883027
-3.0068717956519952
-3.504615182427166
-3.104551463220687
-2.0776028300053366
-2.4095762664374867
-3.257805333115103
-4.658872112716039
-4.797108541223893
-4.248784769726653
-3.4342447676313057
-3.6576071176410956
-3.2246486608712246
-2.4134599539969086
-0.8113306255001985
-0.032424180112860426
0.3743343573449777
0.5054428962303273
0.45793432053250566
0.05586649489059527
-0.13666486321670945
-0.020753486427011556
0.4996230493696345
0.7868492550035942
0.9787290281575327
0.977374945500437
1.5492843588944953
1.3208990355074164
0.08157005138562787
-0.19421650422765574
0.27075639157614056
0.6976524979355422
-0.3793682745829823
-0.2588395559188717
0.1769454378157515
1.6099897972827648
1.577977139637005
1.5960840715074474
2.950078319961782
4.752730370009761
5.8652357156288915
5.7133370232244305
5.192672089488479
4.1680012039810395
3.419040677860235
3.263746914662146
1.5593252848905268
1.1115238087210388
0.6581915151740306
1.0783063546766094
0.5395998659852226
0.5166481548254868
-0.2884267665193882
-0.3155092150946805
0.032976137146165305
0.29355333932331656
-0.430125105701622
-0.43494754189991297
-0.5654696208240984
-1.1427141111733832
-2.1405222771331207
-1.689788444237948
-1.822097006503013
-2.926287495756401
-4.385122542025626
-5.563203617975311
-5.868354867927688
-5.564933176027894
-5.074795822036823
-5.721095690149222
-3.4767192119033825
-1.7405447972444061
-0.5677754424121152
-0.9867547580384423
0.17451154500715207
0.43559068914324434
0.9115095868441208
1.653555390515651
0.3483040149800259
-0.060333638348395544
-0.6643798608822155
1.030002772398696
-0.5558513016276584
0.22382341394982902
-1.2993955431968303
0.9650429139775458
3.32596637946489
0.6260032949439877
-3.002067514717538
-2.2933506172450975
2.232171461921552
3.5533368803230845
1.1465242644188065
-1.1373963882029978
-1.9692316795724183
0.47992360320994526
3.0120386465342412
3.455951496140913
1.02274627172728
0.9709317215901722
2.6913425475226793
3.48631007290862
3.2963912152070503
5.687263827401995
4.820148049582355
3.6773876668544685
3.0477329614384074
2.1873537762162054
1.3629609889971817
1.7207909598511841
1.2660977230647261
0.5491501406353113
0.5947454892619436
0.870195591623198
0.5099530499447026
0.06459354095860503
0.06705974216970105
-0.1495305350354555
0.06771995528609794
0.48275348223640885
0.2506679727145276
-0.32284440359756034
-0.38602747186641445
-0.2441789484778241
-0.6093371438585917
-0.7767101395701201
-0.8340711762717941
-1.0857849064678966
-0.9753747873798723
-0.13933646012424764
-0.20060413844000785
-1.0659399843199109
-2.691452488882853
-4.624232308672639
-5.63881095879476
-6.128917587847577
-6.654206839764548
-6.986192544303296
-5.353828036166193
-2.628487806242343
-1.4919023056420437
-1.347373009013868
-1.7115823639990806
-1.0047562703732638
-0.1308555304538902
0.9553509445694003
1.0593729514143306
0.3294138093235839
-0.04770565111370161
0.0038989284897077993
-0.09598202306328647
-0.08223115317247616
0.08418727821130519
0.7976060822713237
0.4880090371802373
0.6388518037004589
0.08859539256136309
2.2509756346554646
0.5674991925665663
0.6245061767568627
0.12697828426388016
0.47757301813167224
-1.9578752196109708
0.6390588710845049
1.8315380167633506
2.7611863850551224
1.4271487285011153
2.950620132629913
1.9164578452123118
3.8389218301990495
5.060336493720078
6.206243810038563
3.730525966655424
2.398566469868558
2.1444750832963084
2.749372693851667
2.0236418537944596
1.5352433733857025
1.1108589221173513
0.27042971728737475
0.07244815191222966
0.7971348908383034
0.6377488692049335
0.16159912618009115
0.1548116239743468
0.3622247639986537
-0.3584638311920458
-0.4002400345473506
-0.0032555013040271494
-0.19451034068117096
-0.2101035738143491
-0.923827468869222
-1.722491452556172
-1.926407125610042
-1.967334143667624
-2.279103983772964
-3.442981113692272
-4.091876481928364
-4.866997274086114
-5.076179236340985
-5.3796301718543225
-5.615556645017879
-4.847039170098703
-4.050194577750675
-2.5420296291122257
-1.7373497836859828
-0.4741521351896783
-0.19451709967372535
-0.38952258534186013
-0.4344226101855086
0.15352360743671853
0.44345747555179027
0.15425904672390053
-0.09524993516705933
0.02877421148154893
0.19193009285028576
0.43766248767016974
0.5065493835417688
0.5522502736875965
0.5552908420717975
0.6331189931756441
0.6890358727722584
0.6483395887868003
1.4940630531833914
1.7862391671604216
0.8119012341125549
-1.275347315122066
0.6904781154961291
2.558801566871261
2.930194854391048
2.236343980176447
3.0380450074885093
3.441740812972696
4.582177024734011
5.62061459347327
4.676270620525475
3.1642645136193526
2.8204878014184813
2.2209586834439516
1.6668324527683003
1.2695172542489652
1.1931806294355518
0.9794016490455372
0.4926088930625457
-0.08120501992529246
0.019179707011837112
0.4156982332387165
-0.16598979655638113
-0.8699299070382255
-0.8288189633299807
-0.4612622501021047
-0.581920459045959
-0.6033256658589613
-0.37634131626706285
-0.3243590668014788
-1.6268356468089897
-3.1737023537364477
-3.6188326094465686
-3.5548726683427274
-3.502708139570875
-3.3660295000504097
-2.6054406975193825
-2.8970522157232605
-2.831608181089329
-3.0793047730409335
-3.0584171477363444
-3.674326500940478
-3.6038743273262686
-3.135087158379763
-2.012561768934459
-0.9879249086104176
0.3541646463439864
0.45950862371515583
0.036314456179765156
-0.6657072085731122
-0.12419101210005208
-0.04085319809655735
0.049181478429658775
-0.0270902220218837
0.46256814618710945
0.3752014784087933
0.3094449415979759
-0.08602805116406947
0.05194912599021069
-0.15502482963478106
0.0502880813307128
0.4308387278513299
1.014040486292417
1.2885816720063359
1.1963851221407342
1.742296189817627
1.4483321306563712
0.81309511204272
0.62478230752959
1.860345306740159
0.7263399607141643
1.7838883401132215
2.9880253199738047
4.974951586639334
5.475939357426184
5.8062303202744765
4.793761944982579
3.1559591268576277
2.700801790761664
1.7999406643430496
1.55013234539143
1.2777480447639777
1.4824180938016804
1.2540554786777316
0.5304125127024752
0.5272666593299167
0.7827210465592783
0.5331389373462795
0.3488921930296172
0.49851914741778836
0.3687096225192731
-0.43344165099543885
-0.5159115133420049
-0.38152894530893133
-0.040402912311885496
-0.256821663282706
-0.40739323726448246
-1.0449068939871047
-1.8224662062508739
-2.1515258070361165
-1.9170494702901264
-1.8758630953288402
-2.0930619364239313
-2.9743630435133466
-4.462061831970221
-5.8767221934818705
-6.736796982025456
-6.4077337685854445
-5.986255013699653
-4.841122297058826
-2.5913039069637547
-0.6759183808225327
-0.20343592725302734
-0.07008650343978708
0.40227643602802143
0.2899548749604643
-0.21512069110637747
-0.11989197846032253
0.12094958851743061
0.5597359146894619
0.4877194222090938
0.2097260604194251
-0.2545155061426855
-0.15763983395363174
0.5382658324271381
0.9718638589992787
0.5215202458577237
0.3807757796403713
0.262284315665302
1.4997864269253511
0.8123842762844065
1.776660156020739
1.8922117402868264
0.6574834105400442
0.4707675425603405
-0.5499600546430069
-0.19768433644082276
0.31601913662438663
2.635724423113422
2.6105066258363703
1.9899930373195949
3.7711045053920746
4.409714164793394
5.609814267735066
4.662272111536761
3.4908295405122773
2.6682141023446913
2.120563726137717
1.6710915498336116
1.6845125911123868
0.6048551059284135
0.4662715583715447
0.3296840594956839
1.1653262975373724
0.6858052574975194
0.6860317985763754
0.38333754858805197
0.23285616181018867
0.06697558940376538
-0.2779206760304856
-0.4545025750402165
-0.8148435400454176
-1.9320675818253197
-1.9732745157964493
-1.552394154628202
-2.0307320389938877
-2.7247502856062185
-3.8541061004837864
-4.44452919593604
-5.392588589142731
-6.312308814216622
-6.892138810702921
-6.00655463050802
-4.380173203214508
-3.1902897533604717
-2.3653280920384168
-0.5510839728228304
1.1781713478637665
1.952198804422255
0.8932588864530918
0.5200156308559444
0.29940752291714595
0.18771797475015461
0.09032194973418399
0.17693695067317944
-0.5048265997420773
-0.2515905115565085
-0.17725928541613903
0.6994263378918371
0.6813429709981454
0.18585231943725752
-0.6873466974503394
-0.02405953871904868
1.137385584178897
0.6245001782202321
0.6161243137243549
0.3195545420946853
-0.03736298692593666
0.036749243304165874
1.2855181394980202
3.1281678290649335
3.5783362853865532
3.764853734715678
2.304793614595997
3.387062552964118
5.735307402637775
5.998260031678496
4.001893087256142
2.537123237371306
2.748071001970397
2.3039577465029093
2.0679913641013403
1.785144495073771
0.9773253982980861
1.065904786236603
-0.003107212899524824
0.34452488354093924
-0.785928095202282
0.10536128619131158
-1.0211011496395164
-0.01729885174644515
0.3250533313933242
0.20144607091731306
-0.050895960534367964
-0.40625171363076396
0.028144978096792884
-0.5040074866908271
0.008999415666264788
-0.5944641815471478
-0.7328023167463077
-0.8128917857856806
-0.21089769608103415
0.6287466520716836
0.08252523564278105
-0.4497126572813038
-1.0055865907702426
-0.43476496517649316
-0.14369006567903114
0.6220256852646886
-0.06690847334823122
0.30621044304256906
0.17510205138228205
-0.23897379868689475
-1.1289957087447278
-1.4340431140102787
-0.5043673974979843
0.5364475576540945
1.0185648913107272
0.16263540883318753
-0.2894557978775656
-0.6084166229273816
-0.5062312685656777
-0.2602576481867584
-0.9520732902530223
-1.5125635132522974
-2.090740690429819
-2.702884354229243
-3.875789274536115
-5.092328210407361
-5.875247571510182
-6.603222181856208
-6.552562025621328
-6.525680123333629
-4.322523173519175
-1.7737672926540404
0.4539948290907361
0.21233200752682777
0.23744207676747922
0.44189579417538927
0.6783219603637127
0.11450798636286909
0.03724777542041039
0.13730418156876634
0.30404656111742306
0.7792168673817178
0.7026739078082824
0.44200378378055266
-0.021077676139321187
0.460737351251745
0.6507496251958675
1.2746756370959755
1.0486790206648962
0.3014672293625153
0.1906407732721091
0.04331419897993227
0.12897911733612166
-0.5607252636865575
0.3359723019678492
0.4420459877378566
2.20249278204351
2.0118714815155583
3.843931049415573
6.575747909361422
8.611531053783699
6.2202944546815395
3.8864686250257416
3.6303846304931553
3.666681079187106
1.884225937569766
1.0512900815134962
0.18211722836841618
0.40851792738577075
-0.509380936285775
0.9312371823133213
0.8176112801020329
1.110576652571301
-0.06391216748226403
-1.4926467950824667
-3.1772673010774297
-3.503400997832359
-3.0339273224038563
-4.324423355410224
-6.704622776950199
-8.772532897902748
-8.566176213419256
-5.591050378795077
-2.88272254673552
-0.9350735683847534
-0.7391438846329994
1.0567413438775866
0.6107027000450697
0.36918044362016567
-0.9771923012572709
-0.0027951795348098362
0.12852144943827784
0.8598618225786866
0.4765077089429086
0.05399290534795294
-0.22289004962251546
0.4762559149916445
1.0287756853466814
0.9306520365359878
-0.4385193902048717
0.12548804810994887
2.789651601580667
6.354409041579778
8.334220273674
7.609085219896234
7.072554484244868
5.194237106165398
3.584128288184493
1.9495053198752397
1.1019500593749592
0.8997287917353526
0.6823846346077421
0.6058878346454566
-0.5863623286722008
-0.16739580057338063
0.7710220136190953
-0.34311069766899965
-1.0377373351256738
-0.7959160355991889
-0.07914496684509725
-0.009846963002944636
-0.32134008401194786
0.45751553247233634
0.12870110935866275
-1.4549075689105533
-3.2804371299112334
-3.573467467323171
-4.247220826794357
-6.413370598675432
-6.853631208618408
-6.9000469715328
-6.0973787726866435
-4.810126951443802
-2.5495060312427302
-1.3283667939650718
-0.919533934564143
-0.5734151784943526
-0.14627140724314164
-0.17598406567031405
-0.3540326881738197
-0.2612819089813999
0.15021291001615572
0.20728897456420994
0.2501340437057351
0.28760312828359086
0.5741103443778086
0.5277952265953998
0.4088871130884838
0.2334785678461969
0.4934357493266178
0.36245917564137703
0.8466942350497524
1.111443422365603
1.9197781727224175
2.6065073111507657
4.061745112561554
3.8562461631767975
4.506676532786945
4.336533786566637
4.863679502328199
3.3301498516865515
2.15652503308897
1.2815203540727955
1.527123894904422
1.7063805269182446
1.2434466809549511
0.9762894281256673
0.9607987720163943
1.8961493223529613
2.031421684340271
0.4860095851499079
-0.21749893707537035
-0.007381185924571352
0.9738360204539197
0.449426352058494
0.3031705205923455
-0.41273570169664836
-1.3779365483556878
-2.954752369462217
-3.6658469403676825
-4.859985007238316
-6.354076194796806
-7.979056547023456
-5.802878468683513
-5.445758162470158
-4.886179656626611
-4.915113275557698
-1.7886265747905468
-0.710204940688212
-0.14464807671461857
-0.20096753536608442
-0.06345536694020479
0.03552873360863553
0.16503031230182336
0.4653572417184753
0.3289130906780983
0.3003007599436873
-0.0441638883454654
-0.18223467056048334
-0.3933613970724988
0.42030339214889634
0.8499153961922971
0.2960711603906534
0.10277686228146789
0.9673122620895724
0.679966032206549
0.1976138249373051
0.7449637406559946
0.6610901989067157
1.023400005253917
1.7763742139185712
4.216459144707772
4.323986942280844
5.17421537127356
4.6766261600405885
5.377606442972253
3.4273602006844723
2.8458790772805904
2.6694657651632756
3.023880076009181
1.6291045777160125
0.9160270363065713
0.6609406360655365
0.7858788156822764
0.6688140920142251
0.2973836562858648
0.08445169505001884
0.15131688606917126
0.1746009507033907
-1.0816178072562292
-1.5862364411112053
-1.6434414353030864
-1.0026240795920043
-1.915648435809112
-2.1687780323772623
-2.2089218864175217
-1.5380004092514508
-1.5676769266723258
-1.3479266054095353
-1.2309688873133207
-1.7869377258800372
-4.422119313201623
-5.965403143659964
-4.552378117538994
-2.6524693655179674
-2.9932208191270506
-2.934698556618231
-2.7793995147278263
-2.4442095902225187
-1.787652297874338
-0.4862360839663291
-0.45168113421457545
-0.446241744457715
0.05056378735418748
1.1078689144108371
1.0742610177937146
0.6039254623321207
0.21696562700199923
0.7190615531856451
0.273713404992566
-0.057836382411947065
-0.0032137739891255875
0.686647652545178
0.3569772528859511
0.5137697659768654
0.40409016813323384
0.5423122571472403
0.25099566714410587
-0.17022719780026954
0.4569037660018803
0.3928370295563639
0.280012916421196
-0.6288904075147406
0.0809865966232855
2.432218481491702
5.214551762848773
4.953418108557022
4.282842018072259
5.551763784653614
6.818643877306548
4.632553674330501
2.6685530674535327
2.03577965973639
2.6342204521414128
2.007123446059241
1.2091109580073045
1.0695139004085172
1.0098540789156683
0.12964626960312603
-0.08066154932821382
0.9993684453421028
1.0545327414433787
-0.315635105714336
-0.0989716682288589
0.4419451041892926
0.6390176043143692
-0.6233217426164693
-0.8620835128134386
-0.39233267003165734
-0.16502866181572534
-1.3001769233158018
-2.6266506810553962
-3.9780461616471507
-4.221342816212852
-4.411331772269902
-4.231807701102988
-5.433661585432828
-6.4903911136613015
-6.116543914539139
-4.705433324935736
-4.167803162407746
-3.208123859415542
-1.5402877546147915
-0.3623689963596319
-0.26621469143907744
0.1236411283855734
0.6225907230012554
0.46422090197433225
0.34146956496508285
-0.10527354126116566
0.36247022425432324
0.9439738672378124
0.8141351322786818
0.03717278296719934
0.20091358854044147
0.3021351225678925
0.3374063183174023
0.07456445725216844
0.1641278642120646
0.5254190228950472
-0.06575535744187495
0.748275863510585
0.2823072359947301
0.08829316134973456
0.11220448765903474
2.4322974411910825
3.782476377050015
3.8640783976028303
4.931744376348987
6.17072379699923
5.312595491100886
4.105019385525839
2.4915943657295676
2.0685760154114705
1.1436828557519558
2.1978392863259804
1.8544382747046295
1.3436412413099927
0.28922450410704936
0.5825442588724925
0.26315030405123113
0.00928333541720582
-0.6281084939599426
-0.4502975456826553
-0.4267096027298865
-0.41572063595073533
-0.9332472110232024
