0.7788973890042687
0.7874101511728141
0.8041008354752196
0.8119084349761088
0.8148719349389608
0.8207498142921811
0.8464367889871388
0.8746364143915398
0.9077625990566713
0.929842313076797
0.9359433438608731
0.9269356858911652
0.9204234547486345
0.9280401027392473
0.9300158110153475
0.9292038814795521
0.9274905907580371
0.9350843216894295
0.938027915887059
0.9451006291631956
0.9441755886656664
0.9445660287424602
0.9342640138854942
0.9327262843755212
0.9347839175639131
0.9394025563417361
0.9420294431682202
0.9399395727433675
0.9438704518996583
0.9408910630456454
0.9414072629265293
0.9390390635257689
0.939377175933436
0.9373280638172737
0.939960123126488
0.9406410434298088
0.9351358846351984
0.9223201438200059
0.9187376082350098
0.9213402224038911
0.929793333994254
0.9347739200514346
0.9348893046964377
0.9306265494021072
0.9285832448236514
0.9282374147178588
0.9220719214116867
0.9047341634097231
0.8593613621030693
0.7210765894561437
0.5283283727258647
0.3876278151842113
0.2948880834574844
0.18979422677017038
0.09305490477162176
0.057768146939951054
0.05408923461688487
0.05802268232399481
0.06578862702772127
0.0696089133547267
0.11424584165399204
0.21860372591009325
0.3950164739226941
0.5802220797957582
0.748105748586422
0.8508568977221596
0.8967127169808939
0.8867825895600997
0.8764760686599093
0.8893976200552932
0.8987517003468453
0.7903487894518463
0.5298694168196604
0.26775453092814105
0.15672044235738586
0.1530042443418854
0.14771310637162802
0.13904945340566321
0.14982820929171825
0.17480904444599393
0.2786100147213121
0.47375514807113256
0.6584004906061098
0.738312041830409
0.8051777751024933
0.8801799444640079
0.9276811393869382
0.930435782771025
0.9122693870753459
0.8313269119176155
0.5958109628263687
0.32510287256727455
0.14467379750468431
0.10280545071504207
0.08886518250018213
0.09923556321608186
0.10032142363180807
0.12086699903322151
0.16363285524825794
0.3142334503835298
0.5083877274165095
0.7166900179889912
0.8496818147428938
0.9416955473547793
0.9825971715421443
0.9946701998297224
0.9696282990643245
0.8813346325700023
0.653296666940535
0.3526824498904729
0.14052998023201962
0.09062834904298456
0.09883499090722711
0.11211892841511865
0.11960385694023647
0.1252352119200938
0.12230971165920215
0.1655751031606077
0.33058151640020306
0.5495775702613728
0.7393145202614961
0.8520836146195769
0.94368761014595
0.9830899259139292
0.988745749258969
0.977146394884292
0.9580649776354814
0.8518247160406361
0.6010147638414025
0.29765301499004226
0.11724171592732291
0.07484021584273545
0.08979830764005506
0.10622692046488444
0.11918675053545452
0.11314159137381857
0.12523311850464636
0.22195525546934186
0.3958365724332617
0.6108198357927653
0.7926387977671598
0.9244079619504748
0.9662690120876358
0.9733859118437119
0.9697123164231252
0.9519218671849241
0.8432850895446584
0.5881126610752045
0.2876709583080167
0.10804295809077927
0.07569709059857435
0.10038314543433303
0.1074565468605515
0.11606705801006365
0.11021441563370074
0.11336911546833411
0.12727688145514024
0.21005193549542855
0.38052797903665353
0.6104575151825912
0.8220442120478211
0.9356768887134939
0.9630155279847352
0.9556081663670352
0.9547473326010502
0.9137324007344352
0.7580348752769708
0.4635639317057908
0.2070740448996165
0.10854003590118134
0.12346215005661182
0.1356009032507883
0.13741857418759318
0.13888817925136912
0.12896885399126512
0.11640430484953596
0.13211854404818893
0.25632288044337104
0.492708999542791
0.7350722653178077
0.8758107669966826
0.9195440194586437
0.9402389639447597
0.9574049424408141
0.9432882331492286
0.8541449731462218
0.5997103858128201
0.2925227528492263
0.1159176867199101
0.10599134567087991
0.1336922127870602
0.14106875269617317
0.13924684539475238
0.13010204543616027
0.122090169609263
0.12246698973820472
0.18481144037069408
0.38769850773340314
0.6497476059516185
0.8532502154705763
0.9402391281557065
0.9775962121238737
0.993584530191809
1.0014283156769865
0.9846392632094101
0.9143388435817437
0.6644071456526142
0.33517596679661704
0.11868415659750026
0.07778869953668631
0.10022479561079203
0.11711583046457166
0.11994812339799148
0.09532182238775827
0.10559678040370322
0.20536810292571123
0.3875227777702749
0.6090164589279792
0.788400419540727
0.9085219776372442
0.9473298050717106
0.8863765501371528
0.6598431722757403
0.34213378997952515
0.13095343857387734
0.08131664617861889
0.0969735241276085
0.08961498158084588
0.094898052839004
0.09413928620195776
0.10370706836947724
0.12139468735833153
0.21867308064443952
0.4171350742720763
0.6500640633989793
0.8162759638157473
0.905711500138447
0.9450783027989571
0.9485972068096881
0.9414871075404498
0.9237468080789614
0.8371921222917408
0.5643817913273347
0.2544568670120495
0.08223204145137074
0.09676153158253871
0.10891481290431296
0.09940740040145453
0.07974024646474791
0.09464385752807386
0.11218247279180665
0.1642286951389705
0.3072313364280804
0.5190941119272852
0.707082500728756
0.8275102287163856
0.9243363825866049
0.9792626363239173
0.9881902640499141
0.8955476221824772
0.6576600474026362
0.3429244178036486
0.1289522976247196
0.0694567313832967
0.08525306782450816
0.09733297354866806
0.09676608601574113
0.0890650039142769
0.08497014066769405
0.12455096280651128
0.2664605476322122
0.4942807806206022
0.7027190679432412
0.833790471083078
0.9141515539173029
0.9712112555985905
0.9951406467727988
0.9662922525840903
0.8195742090190978
0.53877469070423
0.2531101541012016
0.1076132378962001
0.09151298779615293
0.09780044016077752
0.09725320933359335
0.09567789846493477
0.10118846941132387
0.14905010796333354
0.2954472897243473
0.47429749697834894
0.6498148324598437
0.7871274375072828
0.9011823026648644
0.9609175431051655
0.990727207926992
0.9665302383046805
0.8135717539364697
0.5135465497274645
0.2243484476431828
0.10012158573927638
0.10559287291008787
0.13055346502973902
0.14034037606996658
0.13543492199028495
0.12056225296242522
0.11436534970771031
0.1845310874924407
0.36538313510794507
0.6080373086019226
0.7830355428004214
0.8618780724299854
0.8866356764893498
0.9093075144682932
0.9181649888443414
0.8454062137723177
0.6385764122350446
0.35647663606561114
0.15486963991974723
0.08651716520019118
0.09697777402380632
0.10405928252472998
0.09707234424816584
0.09153569236568233
0.1290518523095724
0.23271362428786266
0.4034999342503926
0.60991508058643
0.791083545327965
0.8940364343685271
0.9496551729519378
0.9292102950622835
0.8568333054768384
0.7208221029264494
0.5108320440842185
0.2679990235428296
0.12132548493881046
0.09843397291410648
0.10083060811781046
0.10449287400181126
0.11131256853003269
0.14727397701920836
0.24528115306982679
0.40232194991516296
0.5790910848431238
0.7189052203158932
0.8233149470813541
0.8559411995800024
0.8826911125388157
0.9215858271400906
0.9238097925404841
0.8568110864995017
0.6521846335688793
0.42014378042112
0.20059977089815512
0.1391934703701602
0.13472872714161116
0.16817003646629378
0.1597584384051563
0.17184511014144044
0.16143623456670467
0.193294599022185
0.2742068248374932
0.42530304531072777
0.5455461919267288
0.6405549094858793
0.7385347478070652
0.8296458188017916
0.8878270145342979
0.8604274760630823
0.7537831619400145
0.5648015938304753
0.32455792901148073
0.13342841199181946
0.060530895174525354
0.0814499535162176
0.09242375613344782
0.0922249820327915
0.06325367418769154
0.07716968785896547
0.09077172494585924
0.1947614053369606
0.3597740920963781
0.6071448267245304
0.7689394679148197
0.8587486600155877
0.8768148918122305
0.892863035380977
0.9009945165200535
0.9024146346581323
0.811795283856943
0.5965475529958715
0.2868677307222794
0.08590179475276769
0.03820846805196915
0.10272880537716908
0.13102148850630907
0.11118925929668656
0.07300126601018261
0.050232899773126775
0.13774883313388855
0.3208742285861403
0.5670212950291015
0.7327909747279109
0.8168413568232846
0.8289474501243933
0.8325942577973102
0.8373277101011152
0.770794540535281
0.5454159348704204
0.2599439555864962
0.08122636291371732
0.034313336263874686
0.04013513477777508
0.05630418051808962
0.06390999551924359
0.05337227396055637
0.1271853044984142
0.2856347611513418
0.4634285727938128
0.6049926865499153
0.731325719363346
0.8199347367577636
0.8603326592340875
0.8601200325843765
0.7863274476897311
0.6185829714027111
0.3667238143793551
0.1502499272206614
0.047555444953729334
0.04916202330876697
0.05849764043218912
0.05571272575087379
0.04829300184943938
0.10137299602198918
0.23727061238099567
0.37245624899293733
0.4528095451932063
0.5149493179610127
0.606894633427741
0.7154937238302548
0.7482953868101189
0.6532716476012502
0.44345511244433533
0.21583606644954967
0.06916820263406873
0.022206519134312746
0.041886684307937516
0.04525206189850513
0.04931664588429207
0.046430567485863265
0.07695979727939123
0.16379255284650068
0.3201501269004566
0.48935355579231754
0.6261304952746922
0.712612551887387
0.7709248207136639
0.7924923527860575
0.7900051193334017
0.6945584567950907
0.5033776741762637
0.2676475831223312
0.11485042433089643
0.051026047722730464
0.04852231621763782
0.04727685546138735
0.05172013657132947
0.07909574639584727
0.13411035723678655
0.2467762546588788
0.40304591369596865
0.556421577589135
0.6517119786930685
0.722240970099355
0.7548071418381488
0.735128387850182
0.6351254225111311
0.44784352352136525
0.21222228660443615
0.06721626152917004
0.02963078637806449
0.05018017619804567
0.05857401428905419
0.06589546656340706
0.09165982770747538
0.14177145422190768
0.2419787123138696
0.3735111361292397
0.5245563035548245
0.6367996653984084
0.6987464668363927
0.7409757212550192
0.7923640706098842
0.84062206226558
0.8257254158094067
0.7211770720926098
0.5119331888848346
0.260424598857896
0.09767519205419115
0.06866947275761458
0.08202159570805784
0.07716546274394996
0.07662205368082697
0.10330499047819945
0.17461235087628915
0.3103138544934285
0.47626544900938994
0.6124011403341562
0.7035399692730591
0.7602863186076889
0.7952804926791801
0.7924219213033572
0.7167835471265511
0.5340976867140124
0.2772169144452622
0.1079662017875254
0.042677131427624325
0.041261578591980555
0.027319650179252912
0.030689415462382706
0.03733884367686739
0.057529145566434965
0.1099214520685929
0.1950858465469452
0.31614239370170805
0.44412238538796955
0.5663640199121801
0.6633147728971399
0.7326094749418641
0.7324255967633382
0.676229366800926
0.5551393004110452
0.36255530860857454
0.16228395430448078
0.05029274507340717
0.030087780939902796
0.03047184053259521
0.02714682938396703
0.03232650008826849
0.04355158145538369
0.07758899457924917
0.13362996451478656
0.2694001734094903
0.4593137423550302
0.6437658042537467
0.7549037104813623
0.8118299573748712
0.8458769535236155
0.864739358466643
0.8550949069369916
0.7582663062074286
0.5510902705934897
0.2779080524586036
0.08918520123118988
0.02633036369644142
0.037689401608884676
0.05143990768356806
0.05324151325106734
0.050733360143349934
0.052724847238342594
0.1058839493562633
0.2399565166838466
0.4278777801329034
0.5757596229075783
0.6668084711599467
0.7190353204702866
0.7551347023150583
0.7073090721764574
0.5578897407031254
0.32726287151238503
0.12519363692022856
0.013554815910270905
-0.0015836997652269626
0.014245998194560742
0.013077181719132152
0.0007593583791378799
0.0025151481944482605
0.019346438433088142
0.08440605384915317
0.22181002559427282
0.38892257884968934
0.5412049182534991
0.6425098668080423
0.7248937447450263
0.7815474676448043
0.8112581575955305
0.7581275157936427
0.591334698940329
0.3336238780500801
0.11884111274361873
0.029594736819558674
0.040907136194159296
0.05643905122301024
0.06852346272186834
0.07956421358523877
0.1119584695919241
0.20257673783621846
0.34594712199379285
0.4729734556266887
0.5617634249965358
0.6344872392650858
0.7046810651593652
0.7450309346716864
0.7638929000115797
0.7083488267646523
0.5411825062225752
0.2876712794380634
0.10212981749053501
0.030111335196175575
0.024661780681425813
0.01724749564228642
0.02237731312348247
0.039819774986334114
0.07391796504252143
0.13401493414831245
0.24710482370049372
0.3908449975339503
0.5403656264379788
0.6428520076889311
0.7132007259930241
0.7278146843900442
0.6613234447946167
0.511733210161768
0.28693268741594913
0.11727068117264301
0.029088624963900273
0.02157154476120818
0.022002006867300604
0.035721504928234796
0.04324681311910026
0.05059318438475958
0.09301745711122737
0.15266531822614898
0.25116583236597306
0.3650910524060367
0.4785645101707482
0.5584291668305177
0.6218380458438646
0.6047381717564408
0.4864924305129553
0.27141975153127074
0.10948809195156994
0.040213892729280776
0.044653105296746105
0.030855750592478377
0.015172068522655947
0.009692845009255536
0.03383289582708633
0.1045870574176389
0.2316016248994779
0.39347934701910225
0.5427450965638779
0.668613719013708
0.7508260222993293
0.8113711479596266
0.843058950782583
0.8444646706796116
0.7899306541870508
0.6239183738631301
0.3621359587876528
0.12949873267947126
0.026198972864672574
0.013518608057768063
0.016029688429601847
0.035946593459205076
0.06356622704059386
0.10257914527710074
0.18987731057861412
0.32638034526307924
0.46503540717038094
0.5886176783471133
0.6934122742282528
0.7737310712061006
0.8204233508581376
0.8292147785372139
0.7433585854324545
0.5635597647327302
0.3232951336861612
0.14096593444662195
0.03870011169991122
0.035949981155257785
0.038786949093413764
0.05938084174716482
0.07992998363959944
0.12100755236466547
0.1907611093573867
0.3139435371697754
0.4645007587086254
0.5971085449031552
0.6787824019918562
0.7241782735824686
0.7399738844092443
0.7485768967804838
0.7016359783531629
0.5623627123317507
0.3336478525821221
0.13990966556766543
0.030182834907004776
0.02973721854570523
0.03214814563504413
0.044053750371008504
0.0330434028261228
0.03675569643923681
0.07900941066533759
0.18452393108484771
0.3173744746095835
0.4675025409700202
0.5933733238183392
0.6800650222297078
0.7310118141876303
0.7829117287932187
0.7616929722331727
0.6598638585351656
0.46315831323991513
0.23656994903665202
0.07608016932457554
0.0346008247677107
0.05132220621222541
0.053668149943960006
0.06622852934232239
0.07504424420608721
0.11887898133631492
0.20568838085837524
0.3381777429071368
0.46986468245683155
0.576503275255861
0.6589169818241662
0.7143995992742675
0.7751605973075373
0.8239688424582708
0.8351390389652613
0.777117780438443
0.6566665645684047
0.504693903312628
0.3375211137989705
0.19541780487521623
0.1216658787191576
0.1234635621406682
0.1555922900699443
0.1997919375945434
0.2666003099235911
0.37938290280467807
0.5111878015259796
0.6338106020248596
0.7015111830690335
0.7504346549795005
0.7444237790482771
0.6716291373839381
0.4915773430431595
0.2577488591762719
0.09749871515641169
0.047859620770623015
0.05485032887618926
0.047010590325514495
0.04913120090325038
0.06426671110132894
0.08605727301720525
0.1367965849210743
0.2517437078672537
0.4111793920435146
0.5342767114852107
0.6100747628850427
0.6816676832900219
0.7383025835703502
0.7572387847622986
0.7320348209201392
0.6117468407577329
0.3819104154343982
0.15075362993001915
0.03316789808196494
0.01831948821431044
0.027427551882823857
0.029783124381711
0.03178225994827727
0.030654326019842956
0.027063039212349878
0.06629258599854461
0.16259812275662267
0.33219810900953306
0.4980427077141112
0.6290211915472151
0.7002245867286516
0.7518670330187209
0.7910186592681043
0.775758287805042
0.6822140771418945
0.4927097413328636
0.2633843539799977
0.08956545211966938
0.028013744291943466
0.03305620520029738
0.03910253399294826
0.04738670589188953
0.06903981515346394
0.10823564298067997
0.2013271032672555
0.3448502010982949
0.48445755340067626
0.5847757107228415
0.6496375250464461
0.6922555520466602
0.6652074509422075
0.564060857661264
0.3678865330986756
0.16994859804566703
0.048210431130702926
0.03274782033042426
0.03701530837102443
0.030394877098401538
0.027978687078998116
0.02728394682762449
0.033223710676076004
0.05170797690878779
0.11317707986811981
0.21541249883486066
0.35431518656667615
0.4900022212855302
0.6084636246075718
0.6817256759094118
0.7208485331535748
0.702160370114709
0.615982296669114
0.40825073023299807
0.18332463211944883
0.05279140938467761
0.027960913857039926
0.038009994831749494
0.034416928352635524
0.03312329928792978
0.02155146401790868
0.028470717694455874
0.06369984483936086
0.15559120780772318
0.3010470754773647
0.44111844802032996
0.5620304181166047
0.6419229742681363
0.6927256790128145
0.6977066372799208
0.6645421328695242
0.5561899147039903
0.3314535496509258
0.12187508081746944
0.023151167774837004
0.03504625413188818
0.038007837188757235
0.038291159412935455
0.03283275751438404
0.03702599007881999
0.05535505386824518
0.1039595421070563
0.19856631983108436
0.3324439877807896
0.4565182029189676
0.5456290435148616
0.5975158383683763
0.6232837977995997
0.6048721116788989
0.5299669253652094
0.36717091706900773
0.16871178053299096
0.04264908142336448
0.029281454697816515
0.04774439027660597
0.04361915315079895
0.037635834324859146
0.03263712657931693
0.02737268796339065
0.04980584169454306
0.11315700495097544
0.21906177148778638
0.3606592557555395
0.5085482066810226
0.6245116298981762
0.709897383645791
0.7661734038143083
0.7814744147904316
0.7185888997133834
0.5721954631868195
0.3556805660064217
0.16136056771744667
0.04928570985223271
0.03130476583726066
0.045608467921741155
0.05633003278012043
0.04916973027809201
0.041462507739785506
0.06650979479958125
0.16207877709847868
0.3221364701313079
0.48102215998710574
0.6171387076750767
0.7087382180594053
0.7859631406280818
0.830524816803159
0.8570641262778053
0.8033357135556614
0.6513998083582297
0.43769827604008044
0.2218467119942987
0.0896090542098467
0.04859980433926346
0.06108015822284339
0.058567639393141115
0.05662877728973643
0.057437771542508655
0.08469201704607608
0.14637006830772645
0.28436735363533183
0.428323469802518
0.567664424977652
0.6524517590644224
0.7469461761738108
0.8157041101464813
0.8639619215083743
0.8736347852764297
0.8627731414797066
0.7864367898598417
0.6384226295354448
0.46209891753374227
0.2957273138301117
0.19133023010212985
0.1650044638381546
0.18260885421029288
0.17492159581723324
0.18143113686694418
0.21972032434373018
0.2887114802199127
0.38516962778212904
0.49613254727699363
0.6099572485038603
0.7074248703233117
0.7857626125175884
0.8176061629143103
0.798244722540578
0.7138858249023935
0.5867006383110476
0.4212595633822671
0.2773397042976449
0.17829371764285792
0.15679261350418833
0.15047501885585607
0.15910015307826603
0.16479705721894614
0.20183291933709052
0.22839263550339864
0.27166706877028035
0.3634361779563623
0.48157944016686377
0.6025213007608053
0.7034669909018513
0.7852839992706635
0.8046464813478488
0.8209212832457334
0.823785423114661
0.7754965900051476
0.6148495546425563
0.4062765552753813
0.2224521014769567
0.1368009978603105
0.10298858245695727
0.09571285989351988
0.084313087315028
0.09145455081170994
0.12355858894563343
0.17032481105185968
0.2591751743432387
0.3875999115289127
0.523967361382146
0.6200683818174177
0.6886934452703115
0.7362898246428973
0.7623671036225801
0.7506962521115313
0.6680818180262549
0.48783677997631303
0.26905535801170544
0.13142333549485985
0.0948238514817571
0.09409719400322815
0.08159505403785558
0.08197880599348956
0.10347305926495208
0.13518525910375484
0.186705775105235
0.2520349999121057
0.3528748847933926
0.45279533102693315
0.5458779867305489
0.5822482846927202
0.5779710863710923
0.48575060399682496
0.33863250053434374
0.17540992399813235
0.09287242207651128
0.07662619500385354
0.08097351684807777
0.07670147227765883
0.07032879407062798
0.06361954354369434
0.06239315915155739
0.09968985438886192
0.16813553204620818
0.23522689582958276
0.30208460995897235
0.38391131577362503
0.48540419264835977
0.5766512765042888
0.6272404889217427
0.6079226161065232
0.5271169386501284
0.3744859021783542
0.20256566218184255
0.08742197868775611
0.05393754932061351
0.04265826641278045
0.038577397444233864
0.04331590652262376
0.05509972306661354
0.042232953666383015
0.060217844782548054
0.11782656895163518
0.23781859650206189
0.3585429212255599
0.47790987185003314
0.555630626171001
0.6060341999057648
0.6145001644795142
0.5645624140786003
0.4268821928082009
0.24764391663016866
0.10762383808270982
0.04063402122937474
0.03734798394264034
0.04842147263873789
0.0539890521826715
0.05705492999193175
0.06974992128156274
0.09421986738541759
0.13771902704623015
0.21650743726574492
0.2953376683853485
0.3890421266092009
0.479678542072353
0.5478466718677053
0.5427034896470615
0.48875368570524846
0.37534512654461816
0.21887531002348593
0.10220836640609976
0.06190647683460856
0.06408372155770153
0.05497442730530597
0.06002637411410214
0.06017543916356315
0.059906475372065573
0.060382390593987534
0.0967275848579364
0.16595072504641428
0.26796024174479693
0.37524040129588754
0.486220038675025
0.5753910639817776
0.6434828131403565
0.6784348314641124
0.6705568641420566
0.6103885939767713
0.45588524512482886
0.23740107044806466
0.08374821118582225
0.05006439247740462
0.059541104510423104
0.05202381227899169
0.05269117713189685
0.06002160873769305
0.07141491278303239
0.12086320690246284
0.19811238831208924
0.31733515975717064
0.4431289919957837
0.5561505637554686
0.6290474236592698
0.6791489584363513
0.7107582729968261
0.6662684018822165
0.5381268345374064
0.3166981676416905
0.14021137487155963
0.051407510578087366
0.05281061951299509
0.06575059259716076
0.07671208927135409
0.08232868340641578
0.08431378552156685
0.14517621725425486
0.23909311733674224
0.3563110849483397
0.47459850840757944
0.5935228829226558
0.6718871693065007
0.6964330237346561
0.7034874894557674
0.7160471912852334
0.7007666633512994
0.6150640735178428
0.48277898311247697
0.3323053382388194
0.1907575707975928
0.10822886281529046
0.09958239457809423
0.10344176205960089
0.08798670718962616
0.07763805387517529
0.08704184873709994
0.11871044475759629
0.17836065588038
0.26501772342990226
0.35711750907100187
0.43105604499342015
0.4827157217350925
0.5170994888801588
0.5276549018455611
0.5045742411934601
0.473143759566285
0.3501700014724679
0.1701248144063266
0.03636036666904755
0.023117955603694864
0.04291145028290176
0.05367655378704109
0.06260072362672596
0.05763736914564417
0.047450355974463995
0.06264560590283555
0.11232073872317366
0.2018804167312718
0.316722564176448
0.43802284561474925
0.5466084641284542
0.6308330052534262
0.6918278834453472
0.7125084243990114
0.6712330738101633
0.5812120559077577
0.3928484706131039
0.21393575710342258
0.09024292582724544
0.07664132702503179
0.06793091046803496
0.07706685411450086
0.07912894896417946
0.07689771257846378
0.08556917972689246
0.10988208905064349
0.15311899089902864
0.23989077819615895
0.328305444388369
0.4146765302456128
0.4783724194927559
0.5485493777956885
0.5473309411562164
0.5144220714006675
0.39362148719687146
0.22913228776756128
0.09130433235780902
0.05532615464437747
0.06004621887828862
0.05384205909053846
0.053236276346277825
0.05252303824264689
0.04757953370914717
0.047273513877643204
0.06549552112851245
0.11672629717531623
0.1963291109855073
0.29415070803463905
0.38252428467715693
0.469960548133328
0.5439299743912163
0.5911352290328743
0.5778105080939566
0.5282136044616375
0.40026823499074216
0.2235516627269877
0.09062288631947199
0.05500823217545714
0.05886668462757018
0.04818679201822862
0.05193521292964273
0.05471486754066775
0.06037174191169087
0.0936824581168387
0.1660315529314837
0.2652448440459031
0.3715445464635396
0.47518145497123404
0.5549268553509787
0.6114175858950781
0.6196438397583361
0.5618982558682117
0.4179896795858874
0.22565897391553408
0.08386242996158119
0.034347238190536575
0.03892668632055421
0.03923260154214866
0.04450818843346048
0.048331184666403036
0.04723577265627775
0.05801631889931681
0.08686121652660143
0.14523250705431634
0.2394476226716759
0.3604548908138637
0.47015730167763703
0.5451829514559147
0.6041674038352095
0.610605466838464
0.5331532018207819
0.39420597541608576
0.23256519739300183
0.11666114556560589
0.06033643734500514
0.06171908082756968
0.05405568474143876
0.05194223752847253
0.04850540431915158
0.04990784274031272
0.0546053146268762
0.06338591279663441
0.09795058268442826
0.14781300401880923
0.22979405171411735
0.2996646848062365
0.3681477227728573
0.41392729168710596
0.4603422314008938
0.4808539030381717
0.48427979323795634
0.49159252680805177
0.48290713161930227
0.409083487189303
0.2562804921724122
0.12349766523316608
0.07451265656793682
0.08098619084272712
0.08918330080193818
0.08506201392387018
0.08171206293458723
0.07795066516197036
0.1064956537892144
0.1864955404211723
0.2957743059464707
0.4244945600599806
0.5504692282990656
0.6688994877812214
0.7423853478989026
0.7743592488641686
0.7454204471149579
0.6501783569597271
0.4660583899423886
0.25430468787882526
0.11289832614727799
0.07652457768059406
0.07405185331643038
0.06972202747465045
0.07191065974765194
0.09006353674652236
0.10273881789648444
0.11896390558919236
0.15755404716452392
0.21890561383037582
0.291911365673133
0.3788304756937954
0.4547714727672706
0.5204314416010551
0.5794430458048541
0.5943189065931134
0.5458939303041742
0.4701397951117007
0.3266849405938361
0.1569479718859057
0.054936600281683234
0.054942598607829685
0.05871052868300569
0.06346364938610663
0.0668255464150458
0.06189209739388605
0.056887475977144365
0.06604557658867202
0.0863133516368112
0.1371933662817814
0.2411097884344123
0.3586237251916056
0.46834249028653885
0.5526147124990529
0.6292146569721745
0.6626928787174906
0.6734787280101615
0.6507693275899137
0.5751438667069158
0.4040207877944513
0.20130005637816972
0.07791153525260266
0.04449401029467054
0.04864920803027694
0.04823912193247616
0.050153055361401896
0.04915435591418677
0.05971620249397637
0.07131847573918706
0.11136797808906643
0.1963414794894074
0.30130330335965344
0.3974825361489144
0.5017751491415533
0.6116490123679971
0.6894406708876117
0.7300920998002525
0.7295626826709333
0.6888722357825989
0.6032505435667688
0.43146972535096556
0.21417912888806018
0.07474134277967295
0.046033338225808754
0.05332030509173774
0.0520767854289753
0.052964148657028615
0.05385117554067416
0.04716848444418596
0.05274590172444194
0.08140877337519152
0.1461030362653957
0.2508412616035779
0.36408473034165717
0.46982609226471683
0.5401348629112248
0.6025387695595658
0.6238095102242555
0.6109537623150276
0.5713450243826318
0.47593943792540816
0.3616714761679717
0.27997162650520496
0.26695078402666195
0.24443618934515673
0.22565069622882303
0.1595345649782943
0.10030700760096906
0.05109605970085625
0.07677267347310657
0.10674629415845967
0.11652236630300468
0.11607851998053234
0.15559362497682758
0.23379240557937905
0.3009449931197915
0.300083940076602
0.20570154017540707
0.0975924252390348
0.05735598526727291
0.05774430990687203
0.0561492188813075
0.05631143744523233
0.0559076472408593
0.05381518302133099
0.07085520303184649
0.11738747978240653
0.15265256960418278
0.18639711060999803
0.21973317979298684
0.2547873800030423
0.25568565157824796
0.2751139069744966
0.31679460590148856
0.3614362031178583
0.37812029440573736
0.3907459748672387
0.3816700789318599
0.3335600904437242
0.21763964885868237
0.10853066454961029
0.05325417385934168
0.0565098971030797
0.054245556584090124
0.04722107341256139
0.04255782107565004
0.03916978508141967
0.03779962946051045
0.0492532970065926
0.08425114306054923
0.12848106048727936
0.16270116846610996
0.17306465614805316
0.14546005124276376
0.09077368885000843
0.054129264673073774
0.052107342671053374
0.06072569408287384
0.06321346127423202
0.06617474138520367
0.06773428513699936
0.06891924787476585
0.0816021917362552
0.12627464107197378
0.19140831785341453
0.2549425391342872
0.31314286919812934
0.3927216051982464
0.4915541899512546
0.5914850645343938
0.6794655957933855
0.7168368921488812
0.6705358384013529
0.5058566802299027
0.2908482665622073
0.13380064720263665
0.07999797167202669
0.06743661037397237
0.059224208733532596
0.06105582897218503
0.07034203597476126
0.07395230162908384
0.0885713253053327
0.12145159810527682
0.17294453486912448
0.2638059177710608
0.40101435589971735
0.527482518915741
0.625336882577632
0.7020360273067956
0.7585881955140441
0.7279579795253261
0.6270127179928402
0.465329513508935
0.30803490358457647
0.18668941288131558
0.12174383437948755
0.09196817145495262
0.08209721987588652
0.07625832139851249
0.07122466401885497
0.0755506007141668
0.08971693725021883
0.10827632116435491
0.13861357360735105
0.1911491407838898
0.279250064107434
0.3734050243753906
0.4636060398448283
0.5350243761892755
0.6029724312941258
0.6279708316964143
0.5579147211395343
0.3996505990413981
0.2260311196533212
0.11470230549497537
0.06778801294906214
0.06214537732769958
0.056842492531437576
0.0505741721269732
0.05721260891096558
0.07262163847580083
0.10125186906559605
0.16632340340783286
0.24986292213512803
0.3367686945002923
0.4340238017709144
0.5345302271572494
0.5994064191673671
0.5965139161837747
0.5519639530728229
0.43999013021740646
0.29639622784671127
0.16877493580106295
0.11007799155336445
0.08848368303033403
0.07777492362483199
0.07162087195508672
0.06381746243135214
0.06144081914974592
0.06399569692357071
0.07536693612068168
0.08807885334811408
0.1350256261231477
0.21036285147806
0.28784251081269996
0.3390392989684865
0.37272530746626703
0.365299030293443
0.31841576181981607
0.21239924952905392
0.11484745160399057
0.06093869196653273
0.06666499843088751
0.06901172301661995
0.06962408815875393
0.06901184020621531
0.06170540612167502
0.06435857223684728
0.09784775372393709
0.1689666074186018
0.24760489820250875
0.32886401845192076
0.3899682917099051
0.4108103939043547
0.36436856399223433
0.26457310042428356
0.15945436297901058
0.09640720108799761
0.07681640904968876
0.06837410838323116
0.06407299554969773
0.061643823905593476
0.0671046815808409
0.08478289678417548
0.13083134275124142
0.18991862905803059
0.2457403315023716
0.2950100984338267
0.33484862020564077
0.3703504695025623
0.3917079605241903
0.38534843467901614
0.2906961629718975
0.1570977568891497
0.07168259745096485
0.05179617750724229
0.04790390428259213
0.040808561549315794
0.04162510066633794
0.04786774294922398
0.053911782046829476
0.07548821726431837
0.1371528369545478
0.22987365331077006
0.3208455041033748
0.3894901866418186
0.40895287982524803
0.3730392613539918
0.293722376296931
0.19934421252859968
0.12104520911052577
0.08647952121184542
0.07974295344721435
0.06646780118233031
0.058600276415949074
0.058301604722558596
0.06136872688595478
0.06197781347494908
0.07064891099266835
0.10641704768811198
0.17378175382592115
0.2524118218187682
0.3204893718954607
0.3351139499964606
0.267626762974766
0.15580376712532948
0.08218631900414226
0.059410066489832616
0.050555913889185164
0.046506685506206596
0.05110992596173687
0.0541181186517923
0.05661547293134934
0.06549352929693202
0.09787817227575081
0.15576955409994908
0.2410222656444459
0.3315722997482917
0.43592552981721316
0.5305102342111538
0.5732446122493376
0.5099056041901492
0.39091010169655394
0.2474605004341855
0.1414277520295874
0.07839815950442616
0.06614285712796612
0.057996695868718064
0.053456445693684095
0.0504494325880515
0.053250771359983254
0.073139278280167
0.09988027525274
0.14322242431192123
0.19876651562998598
0.2552230300451783
0.2927322363331163
0.31446237963913215
0.3097243088999303
0.243195561809129
0.1562336402821674
0.09121684350951384
0.07065671509603416
0.060438781783861695
0.05663476952457962
0.05951605813148869
0.07309101891902295
0.08788137864556309
0.1075351071326418
0.1464313463364568
0.20646091066511457
0.2608883253587517
0.3164655949958499
0.3737943864280277
0.4358931872138934
0.4836704957014337
0.5188576374175611
0.5358187392381459
0.5476961154484901
0.5122492137346465
0.4426094309925336
0.3435776803302131
0.26111823241436866
0.18367201048624027
0.15005323098765838
0.1480341957693283
0.16808506426064024
0.19352562367324408
0.24590926612889352
0.32298527274234734
0.3879188986423166
0.4489838184436551
0.5086951742887006
0.516597096612565
0.44212533232069556
0.32791770700733114
0.20810456482164022
0.11661235009785077
0.07214046572644699
0.06979899851160391
0.06416272928190214
0.06229329935222637
0.05797638021739546
0.056392175265801536
0.05438525057833196
0.057098984162245875
0.07548593598150401
0.11943176374028339
0.18973928250854674
0.2540474413397569
0.30670351273597696
0.3507701746948152
0.3489991463056722
0.28739088883959607
0.17786034833831993
0.09951107701905276
0.05812217738919034
0.060395855106532496
0.05952183019011365
0.05919805436134948
0.058080268952232436
0.0590596992633364
0.06043244087280396
0.08098985170445623
0.12558200328239977
0.193712434734832
0.2717735612378446
0.3472362813997983
0.39688099299507407
0.42304011450417733
0.41686803148808677
0.34534501835669573
0.20581020783380605
0.09049056248186639
0.044915033692022543
0.04779495497623519
0.0450394362510032
0.046805731911584735
0.04560841793073733
0.04057881528970536
0.03508606791331399
0.03688450576948843
0.03778608482520556
0.03721274412568992
0.03644516633299433
0.04562109560779685
0.08116777840221015
0.1567082911652493
0.25533692986328893
0.3446933202250909
0.41356600052031
0.42183241049380055
0.3743583932296023
0.25612859117541265
0.13977362373549332
0.060395680174991265
0.04448265959918152
0.046097352185105994
0.053219779926035715
0.05787300201040836
0.05924410713778805
0.06960920472679596
0.09588386339844973
0.13202358553893345
0.18743171026499789
0.24459537900449382
0.2886547486490652
0.30514590247799717
0.310328472531201
0.30288235042046546
0.2497462005550974
0.1562102193603455
0.06602686095095607
0.028741765506252542
0.01689511387158006
0.017299706678836235
0.027907036529316184
0.04022383979123832
0.04268470160517314
0.03576783615400296
0.03209715286628867
0.03570839875913818
0.06265426529892655
0.10940013917292947
0.1665151194874092
0.20672566942209392
0.21036666931987194
0.15935331731733982
0.09330710947695997
0.051229981067038854
0.04212529601075278
0.04262868149428414
0.04105796909019237
0.041206588321235894
0.04014513683994418
0.04505270260431203
0.0452821879473834
0.05000142636619985
0.07580231082324698
0.12430397347119058
0.17145533091298268
0.20129738761282845
0.22186345072930122
0.25220408173220915
0.28277321950680245
0.307322610773908
0.3062967849307854
0.25597982466331703
0.1642003925471042
0.08658392091500454
0.06293751543208673
0.05398226317642827
0.04573774432206896
0.04519953031054274
0.054128306188696414
0.058207565805624084
0.07064597963661781
0.10008031768103748
0.12776097050830182
0.11578751730697644
0.08200892048002896
0.055882775310421975
0.0501134862927954
0.044767116337667175
0.04255560330951361
0.0455798333085647
0.05248991685945474
0.055631599365846836
0.05602128821279619
0.06327988301183769
0.09523641752000321
0.1491377963093926
0.19960366737253543
0.22464263307574645
0.1890656819396121
0.11937204957063824
0.05935055576742111
0.03978843967150079
0.036775180755821105
0.037204456682057
0.040592341536507835
0.043431429558022726
0.044126164146413786
0.044701351030504335
0.06277833080526243
0.1284319752558845
0.2158361949089012
0.28696790577850134
0.3300589002055103
0.36097072098166455
0.3544326572223235
0.2943229247585576
0.20188813159025143
0.11624970716374183
