1.7378346285640434
3.876842401445472
5.146246674894032
3.0119327458102916
-1.0911049971896285
-5.06237182953683
-5.605671690234516
-11.664253560364791
-12.098712351801236
-7.460052583529183
2.809791867827186
1.5671434308317285
0.08138879752374208
-0.8610481977012704
1.1331714039906646
-0.20120682323384548
-1.194039687840898
-0.8880077004614899
-0.592134596444513
1.0915163376398875
-0.4997972480189523
-0.5345695445150195
-1.0638569932615594
1.7683955079349325
1.7494315375810936
3.7393295163634774
5.180817182362195
12.880981174781073
14.410987984246942
10.087219045578045
1.0983283685873841
-0.8858629898611653
-1.1360343974430394
-0.6403647460213937
-0.3222140972363519
0.23795929947322417
0.6733109905062087
0.2395120242221808
-0.09097571679117987
0.6217528578086177
0.722220844687154
0.49592906006269266
0.5497352587043756
0.6734818699490731
0.5884166872998113
0.10102215040571885
-1.636445913157653
-5.089818641201611
-11.167948900904753
-16.80704895219845
-13.188423762411071
-4.904668569894024
0.16884870028002572
1.3235759678844152
0.6131037604838822
0.4255252570049929
-1.1796841452850093
0.08298397886768867
-1.1317684979020401
0.24707728067304624
-0.4236744278119134
0.10316272370503457
0.4740923493063523
1.454705052807496
0.29895051728607275
-0.17164592139479246
1.7353053487582533
5.511804845267312
9.05825071639157
12.185401639934897
11.257871235958717
5.764416345492307
0.3542743683136328
-0.4183999551838939
0.2181190497754345
0.07948276975596225
-0.1623466674053781
0.14682163381301735
0.5841633962335478
0.7234379035005141
0.20285014131930695
0.30916261169379067
0.9025540502281203
-0.5215049849682123
-2.166711689220618
-4.981079478254999
-9.105944988209266
-15.501438532546329
-11.528118296407303
-4.776899222967563
-0.1104656482106878
-1.6282457113982076
0.5866159953505722
-0.3191558320644991
-0.5328118533485383
-0.1283017970749813
0.09273005168676218
0.19008967047123804
-0.3917347020616902
0.31396947739629616
0.06727279763274192
2.116001708011236
0.4622719146916201
-0.014793114615149813
2.6769683165540425
7.448502564927627
9.080187124565612
9.857515361296883
7.996508818686511
6.109967730782449
3.3939798721761636
1.8003994480954153
-0.14360177132087198
-0.09411494194451772
-0.052993954929210406
-0.013753331527670602
-0.24234307222294446
-0.3004474290387697
-0.2388331990076029
0.582836738709298
0.5487177021356568
0.05045957815492015
-1.1066105223109923
-0.9467063448424418
-0.26803472761970465
-4.013430088684013
-13.338244842692738
-17.931179411845136
-11.236852041890081
-3.9368454782534643
-0.6784802840672715
-1.3629606835768155
0.007301578739687285
-0.2679241077028017
0.27639119561136627
0.34551013203928344
0.10726364013765396
-0.22980189330528328
-0.7722458119779904
0.9042321138056754
0.8333528543287559
0.7210271377825568
-0.293516572646055
-0.2990423580435058
1.7711158958170776
6.79914358519772
10.389434767249094
11.85752730969788
9.319284361779163
6.171144367509309
2.5678288890647454
1.5259986519683508
0.9989760679359496
0.9026432743532552
0.7268710335290799
-0.29223676074985433
0.025168311822263513
0.202242039261112
-0.15680244048285774
-1.0054072156631557
-1.3933029048132195
-1.0527169269275787
-1.5218200011312075
-1.8462882171955264
-2.43749994665658
-4.4981972867008695
-6.368274673085097
-11.562916327623464
-11.408915750778638
-8.448001997607083
-1.4418875528851418
-0.6976438993071913
-0.2105636992555068
-0.6157287655613982
0.04849358327517376
-0.2814643355857015
0.1057036054747814
0.48682791021542116
0.18743250146940535
0.3690392143912996
0.3124239793506601
2.5460379005407368
4.576009373791778
6.370910866822994
7.1147011185919045
9.079876602405776
7.656966000300335
2.850409187137183
0.7887952634542722
0.9105410156595216
0.906001450478783
0.0353876882519112
0.728395000411948
0.6028877780758889
0.41245055723283885
-0.17447586093876816
-0.08691344333526838
-0.3448311528044821
-0.5433873707569666
-0.4507078031746297
-0.48068065626128925
-3.0542988672536193
-7.540370016279905
-9.609912638614356
-8.694579949104469
-5.872653155118994
-3.4701661070153755
-1.9893560721786543
-1.2171309971495563
-0.4718811216436496
0.12003910920671325
-0.7235316067803805
-0.7080529445267432
-0.3070297821059732
0.17703051695007327
-0.09015987851836814
0.014588791498093227
0.27780467221178734
0.37911332331998165
0.020528105989867238
2.366469254172125
4.991701895397015
7.340911796422775
7.724877346611783
8.944404513553883
7.5011925380011295
5.119636827573236
2.862331411396884
2.2232320016766196
1.5492750296210256
1.2361571635543855
0.665829296953271
0.5219248355389424
-0.9479779725547843
-1.3579657650298564
-2.4961090174928735
-2.3826952978018396
-4.323164379858304
-6.14134336666033
-11.551596091860386
-11.054155075974911
-7.035678153740607
-1.2717212158283298
-1.4323507701747327
-0.9176982608895178
-1.233176764361892
-0.03459573961977194
-0.7770937407590239
-0.4220922272330683
-0.863059759996475
0.16064531616339311
0.0010631566045282393
0.6628762522039379
0.335182583444433
0.19714922755984335
1.4247288530136935
4.263147591029264
6.2712173063911925
6.7986996621300575
7.030744364299745
7.309884301150875
6.459087264811763
4.247430443781572
2.7257478566051394
2.0526083615336903
2.0510839126456397
0.6283495965520802
-0.07258847608333534
-0.5353787525622763
-0.25738226348312
-1.1410620774330589
-1.5617822540025739
-1.7957024570292666
-3.1828898256657845
-5.1545037392215525
-7.741056755246836
-10.510288884342126
-10.139590081978294
-5.826206929101508
-1.2305111136899587
-0.8894978842801924
-0.6609598219677366
-0.501162693755254
-0.44330414962734727
0.06595738563204483
0.7727526423738593
0.5806661584141725
0.10962710992109032
-0.07538357171627165
0.02170045047208282
-0.2301859320877758
-0.16756773784927917
-0.6389509572040127
-0.32200696405855217
0.08965858736938556
2.015489011158739
4.580577347178862
5.0115805205346655
5.470213207976094
7.843355103261019
9.887979169250833
7.590214313570887
4.944438134518585
2.7278920751263644
1.714817551889251
0.8065366145961457
0.5450642105537935
0.07011537825332395
0.030549476722106058
0.25701648903056684
-0.606360995396804
-3.2796281216482974
-4.631187324926223
-4.73653209927766
-5.977890155126592
-13.83295278272195
-13.469357572091598
-7.286959193200638
0.26896867958195075
0.06645207918627594
0.14748356821356234
0.1540894678640693
-0.1652365883691952
0.9646595194842269
2.519249772873523
1.2097933866906354
-1.1584269090255561
-1.855691787784679
1.2506243236682493
2.2181353873872696
-0.3749917063937757
-2.4171108187048205
-1.070554034693754
2.540468666712793
5.763284519060539
9.444360409426576
10.822311281086675
9.089430585144896
6.148299901570096
4.01673259795753
2.5130787626342532
1.7640531768246022
0.16120740795739166
-0.7096588446773459
-1.1267116784257643
-0.7150949702646495
-0.9301276569018302
-1.8803565066135763
-4.001893999027467
-6.691745852085293
-10.837122105910993
-12.979042433982148
-9.831532708280964
-3.2716263040213374
0.39075128976715684
0.5195366975506865
-0.5999438887640146
-0.43514869772101117
-0.05423828285198071
0.6164262031950574
-0.12351865905253365
-0.17701931137382867
0.5524845212377525
0.6031382898688944
-0.14098596278053357
-0.03804092154945745
0.908203419828784
0.3988771517534587
-0.5951365211339192
0.10067483266785063
2.538974268163606
5.618845835142654
8.032908269678066
8.299649994727126
7.956440812991227
6.206548876988371
4.595730123478512
2.9733572164192674
1.9775321162913788
1.3124237777326255
0.4524511118945645
0.1567142658988818
-0.30592589533604886
-0.16142119282829773
-0.593998864485794
-1.8533124885584185
-5.719413675413407
-10.557439842834482
-14.165538955595919
-11.474007381524917
-5.127664341249702
-0.18085069849515975
0.1879026859458517
0.3087196201224668
0.09053510394779062
-0.30560786468449175
-0.2250311846413682
1.3943956980902563
0.2515821806908181
-0.9532521645293449
-0.9779890089315895
0.49335647892560075
0.20880492958902672
-0.5782838698466657
-0.638310809549939
-0.14407465176709344
0.8031553078522322
2.1987471345468026
3.5490910380572376
5.5965317474661225
7.410303911157646
7.444786166976071
6.5437379254502135
6.233981391513563
5.707459704595668
3.374811652757744
2.0571785615250864
1.0421089321454196
0.4773129762162726
-0.08467337919700033
-0.006142667885318275
-0.015923593976277017
-0.250406838176914
-1.138136743376574
-4.3421267891781
-9.314409245513097
-11.855839048704889
-11.833163638275947
-7.749631973423611
-3.93490761743485
-0.5734150268670564
-0.33800223043141103
0.7656506586001213
0.6092138796658663
0.561418302740068
-0.47989308762440125
-1.2050926576122793
-1.0034199462090025
-0.10633634610227978
0.711676004860369
0.9374078295465554
-0.1445792249202427
-0.758886829638935
0.2256316958258647
3.1309270846102693
3.7986836247843545
6.731683602120416
7.869445944806532
9.511531089820707
7.166107431008432
5.176575627462837
2.7261187172898613
2.5871521234167876
1.819904793801008
1.0302181118241784
0.48078702644297205
0.0808275321829259
0.09347863964095848
-0.08601476310307085
-1.6776555904675876
-6.794535088568489
-12.591436375251584
-16.784516045413557
-12.118722495098648
-4.514015993491275
0.6979584273695999
1.9679688992228161
1.2468247892318778
0.3407420813852456
-1.0432835719774676
-0.22995721307218467
1.4813798084064218
2.0808870833102544
-0.07932222460833888
-2.0793663836921734
-1.15531878080068
-0.09639285493400603
-1.2192749108287015
-0.268484564597342
0.2390902963539599
0.302645165566085
1.1818610212651612
2.885845695804058
6.275253291927888
7.877393452365295
9.681212988616497
7.730401180886113
6.723057355734393
4.67302773836858
3.569589377605802
1.9576384005031169
1.0448063285732836
0.0992822813377393
-0.33446763640763044
-0.7092362650148389
-1.2002888151839046
-1.8733145644215976
-3.185635267587951
-5.301222480827812
-8.608648638012063
-14.176596521229724
-13.056168758863624
-7.330680681299621
-0.5430013054910237
0.027304532174882396
1.041110289847371
0.5615623705438423
0.1585456414900943
-0.12166695596580629
-0.39040407765995866
0.051914168556535835
0.11942161812601537
0.45149767151711856
-0.1040246421697356
0.020500941608355194
0.039277949810306564
0.37293111272806334
0.04500661608579618
0.442431919421938
3.642239772470366
7.2496985199197965
9.373889298773255
8.668085082884632
6.954766600475606
4.926807371136252
4.2186605309630405
3.562339070544112
2.0267045703076887
1.0265865940260288
0.5664598680298394
0.4717995757500813
-0.16205266200651358
-0.7351693584257991
-0.9457507717698093
-1.593533725168393
-3.030037246027041
-5.790120300878299
-8.414453156154545
-12.635876209228957
-11.781787748938832
-7.30711586136964
-1.2523968900866114
-0.19633508952707968
0.5253609522334568
0.6922279926478208
-0.11065561366892467
-0.2534152874631212
-0.18702966643041982
0.7910520861229068
-0.24006583161638895
0.11261974058157155
0.27567490525267707
-0.026678469095219166
0.7723920845045666
1.8162516325634264
4.065676211454115
5.562213755277713
8.093236832289518
8.190992286189552
7.546865049301568
6.1187797914509785
4.580591486026827
2.7550256252779053
1.3347969735518022
0.46620530631307566
0.34647586357268806
0.24786026343118428
0.020575820420144556
-0.11954035300893856
-0.22714593866600222
-1.3322158067443304
-2.6822816948764827
-4.396386565121259
-4.51522611324374
-4.154538685167198
-4.49184041489142
-11.452392493170791
-12.500375536378357
-7.914925625129309
-0.5561600826771469
0.021839988488791116
0.7646490632941761
1.4267717918173632
0.20110344576422245
-0.30950328796818405
0.058294305535636345
0.7839932309720364
-0.49898625949676817
-1.2363297989115134
0.19180339235319013
0.2553820341834823
-1.0045821339585626
-0.7293981334153524
3.0572127252591614
5.132305384079592
6.826080171397643
9.400323552960174
10.48247478121573
7.755506651311104
4.862427642754071
3.397281428885288
2.1373015323501336
1.213212311223484
0.6695664974940541
0.06436146562938483
-0.4035665423270073
-0.4746870945063856
-0.1870356621669629
-0.2016282558820607
-1.2150116090359515
-3.391794638163756
-8.64522390788104
-13.565033749492423
-13.35649683307134
-7.332179119531561
-2.8987578093374355
-1.8185019373195812
-1.2268774811563083
-0.4710188246135426
-0.546365732232304
-0.3026958967594651
0.000913570159093626
-0.14519466552347135
-0.5201738881833793
-0.25293795366149485
-0.13923522596017257
0.3124714969256014
0.39347007003067014
0.2538825863763136
1.2337937508511811
2.6323862841022976
3.5012069868641174
4.672821741971406
7.414869130484657
8.08307596980226
7.356892012843097
5.2145972019659945
4.441028320283315
3.3715912257776757
2.850162205268361
1.4233386231859821
0.6240932135803745
0.16381127180593189
-0.13481880977230348
-0.6383978908049353
-0.7210784811052228
-1.2871625329373764
-2.5017721965444206
-5.955276681988701
-9.838677721004572
-12.20278753635985
-10.349810734064901
-5.129143001176616
-1.4038793361440356
-0.04553135189325426
-0.313601333869595
-0.4517865918328977
-0.38366220193502665
-0.6100284019506425
-0.6784337922080174
-0.5644474107088587
0.5186476788963005
0.3493177985863423
-0.26759799155442426
0.23690638335538888
1.0166359042943451
1.263770317152304
1.9882006086188801
3.028852147878887
4.759906887845569
7.6277824867119985
8.443398007355876
6.9830707163513885
5.806337927847256
6.061207796509256
4.532324461440846
2.4535981946446928
1.1456325686270514
0.8332197902530444
0.538811247019519
0.45861681468105814
-0.26158209270997923
-0.15141673847439832
-0.6742563046740019
-1.5530834480627247
-6.288917454135254
-10.853882229153289
-15.677776887368447
-11.689850943205764
-6.496931280928006
-1.14140332271596
-1.415942317507099
-0.7875103908092144
0.6423295578432276
0.7964204859232447
1.3325168347965552
-0.5901558622804798
-0.07899014659934446
0.057433990082616446
1.2174250380269547
0.41294054333278835
0.21581868584139666
-0.010806001894799248
-0.6762653394170726
-0.36397832635244176
0.007551890294962989
2.9650290232893206
5.867321934634409
10.421402017468846
10.032249235154666
8.820418418065252
5.681188466376369
4.623476589280294
2.6391766947747843
1.8405258727669445
0.9368252102391184
0.37081141834849274
-0.3976631897964115
-0.9190432173780625
-1.622969276963985
-2.8182692427794414
-5.2384168527334465
-10.541050084833891
-12.72464608873393
-12.09862579132404
-5.952798466255087
-2.0961917046082985
-0.5366765874984755
-1.6720725674602008
-0.7782744064732154
-0.06227382914853315
0.15803582698580382
1.0886883861619694
0.6279908867873117
0.0770796638591891
0.371776894299033
0.64058431445117
-0.29976585743664946
-1.064132940053216
-0.7948823976347553
-0.9088254662676446
0.24236155716074032
1.6536887200525032
5.364058246075474
9.211246265283767
11.432549383431693
9.520157434220371
6.815857818798131
4.580677164382095
3.3587970719123956
2.265950388948872
1.7725781137554304
1.010629946910062
0.3494508196160954
-0.24553771799128718
-0.31826241865495514
-1.060948608748749
-3.476562083269053
-9.377336995507394
-13.120050921794402
-12.62246993683275
-6.857865298012933
-3.2978275878659495
-1.9059916195769762
-1.4327030522885107
-0.46865130433406593
-0.26713527391391273
-0.9877028921388854
-0.26265828357757787
0.046009092257735924
0.4804233794325291
0.13971645422550266
-0.06445431422115884
-0.5685484088280317
-0.3992734531157181
0.014618817328303777
-0.068692415184513
0.3354253292891575
0.41742161561657126
0.47343262111796836
0.4119745221426525
2.033070934788974
3.0605559558143955
5.4173461603377255
7.403899758034885
9.184860305007437
6.912611542212428
5.394133884881072
3.8554477026808556
3.471964313557057
2.1089463508266904
1.9555171104744145
1.8085207708849589
0.8644152418842858
0.113761027217819
0.3434988974769788
-0.3692707182757576
-2.2418861290251044
-3.2515360651525875
-2.554268995647687
-3.669216698003594
-7.458273175424557
-10.924024885546812
-11.51231618730251
-5.814559108175828
-1.2763487956715556
-0.4237977227900219
-2.5881544370045626
-1.613547057946464
-0.4813265356101409
-0.3096993276617647
-0.5083553983832727
-0.4569182916914806
0.6103943811593485
0.40221229543329723
0.317495135919286
-0.4602426857425524
1.812877895977576
1.5643292594669278
1.5809911281224902
1.410634020684963
1.492974218226187
1.6348400078411232
4.07545809289963
7.455633754960108
8.145469286629002
7.559270702160965
6.550997874528039
4.214895210017274
2.7791201975951556
1.6883852918785052
1.150467664963487
0.4187946416061031
0.5303954438314653
0.3251772644579803
0.28788051661732345
-0.14686890770026764
-1.5596877810345087
-3.7731823525744965
-5.299055289714626
-4.69371487787085
-7.613156777923472
-11.220962886019889
-11.207501834461649
-5.33030714037776
-0.870802337205635
0.10445570464194126
-0.34415814054838134
-0.4792116360306723
-0.17960625844802092
-0.15469458653474868
0.29121100845021863
0.30392853289479416
0.2023996540559352
-0.7890713887544425
-0.9270500357862457
0.14385882034569064
1.8571346302331735
1.5741199403386208
1.1940583078514468
0.4004941884784236
2.1603817262468534
5.614525163177328
9.220109908242685
9.780221691273491
7.990554986584343
5.790712174935258
3.6086957440860243
2.5186937024027247
1.1904113548681179
0.059417395050099846
0.02400149492889017
0.14166551602692007
0.8354128032224712
0.38150804900282725
-1.8149106789916332
-4.107684671479206
-3.9510096872679688
-3.625611029128381
-5.185397727871248
-11.004080782806215
-11.57665149386932
-7.948531760846059
-2.370266415155882
-1.6413121797610075
-0.8154486556563282
-0.9404232629517022
-0.3931112248766296
-0.48850799676466355
0.10897740089797237
-0.7471919279981282
-0.351638296025267
-0.6242102643044164
0.40564966377042705
0.35194743559232217
1.0870805418543235
0.3145979028675664
1.3345212061786036
2.553671653669816
3.7057734278070864
3.6777181157820698
7.3147855197688845
9.770420460298178
9.329891075074448
6.105777039845835
4.293307525125445
3.16945316239057
2.101028139566441
0.9919050508190828
0.4377983407820123
0.20154650064683235
0.4022475470729092
-0.10011392423490709
0.11478589027064874
-0.5533627220662609
-0.1798417291118417
-1.5610832097595462
-3.2258394173811324
-4.291817058811442
-3.822636681527289
-7.857093333963627
-13.802555116769572
-13.487121524330176
-5.800309631747761
-0.5894197007777975
0.25365196779936094
-0.31700603343131717
-0.45227194070012094
-0.7059364318604178
-0.15530165908525342
-0.3449257606041183
-0.2382724012042118
-0.3309569242823695
-0.1320050080705132
-0.5428253701100932
0.6194750029067628
2.06053413211193
2.6793177359916753
2.19753266523471
3.4059950869261275
5.616526494321116
7.472801256988217
7.271960708923853
6.749473831067143
5.361296955919856
4.815984228178001
3.651344752378514
2.7918157597812097
1.3715594114917502
0.9254374872417441
0.5634608567233266
-0.19665219518254293
-0.5826936969799389
-0.017495264695553844
0.4361841477795552
0.15256196898754992
-0.6547999218312092
-1.449316014139286
-2.5936587132329447
-5.3485055539286614
-8.1544811466427
-13.733221415808735
-13.274627670486717
-6.734741618442511
0.21340058164970083
-0.022124067321841613
-2.7160976276371978
-1.6829959328733592
-0.7179615694747464
0.4181147811611734
0.08765248913666436
-0.4821294630937947
-0.24883130399477785
0.08440391550487704
0.575774840169711
0.47889456561919624
0.48521091028214486
2.3758581617619052
2.737706672377209
3.328340364455138
3.2701816941712756
6.021236702092239
6.850890800796528
6.852456405743338
6.031920866952617
5.33504945481322
3.960475898572332
2.53294058835173
1.2226117146937472
0.7359509571536701
0.5554710912117253
0.28031633119104654
-0.18568555003580955
0.4642821363970337
0.6336994891864909
0.07709013670270431
-0.9967994038928152
-1.3830331152123185
-3.8907868983593152
-5.5971105874727405
-6.039498484400149
-9.498412109905347
-12.531679772335826
-8.81155097145535
-0.8098979415789159
0.018781837206622694
-1.167940083061891
-1.671163042490591
-0.6532924093521418
-0.35828725365104974
-0.3569556886955673
-0.3371141864479865
0.5272363495149263
0.8423133123426206
-0.008443746177701281
0.3506896882368014
0.4491592705680503
0.9460929797577242
2.9991286127466226
4.460102933663548
5.152399224381145
6.125042171688035
7.244117777384252
6.079937022646264
4.874084876279505
4.365843541848659
3.2103917577470513
2.561976546074755
1.6852195172736226
1.39644272472839
0.6946812579760349
0.18347971440331778
0.0009419871929748551
0.13241668932670955
-0.20462019936957007
-2.4721196194214956
-4.711066817624989
-6.6904392871059075
-8.278640700063402
-10.146923976435433
-8.349287846227519
-5.347983038807433
-1.902779680024107
-1.1913262484832996
-1.23764037254425
-1.5279161160796544
-0.42648822063978753
-0.722267101545986
-0.6863626394144933
-0.11342617098823483
1.1403368337106252
0.33487663297812403
-0.062059320027770315
-1.3787724298641721
-0.5529984644523472
1.526110458225044
3.451493995695762
5.556169983847002
8.969580848348558
9.551274845995193
7.627809811214792
5.222396334344712
4.066313354955286
2.5233646233210285
2.788990606341054
1.8898460963763641
0.7666189437901997
0.03669972558336663
0.2630660665822176
0.002453860743653785
-0.7070028480653259
-0.8023821258856446
-0.5147586326407398
-1.2087118644970671
-4.032348774607473
-4.833394052646648
-6.023483018333123
-7.897039898675938
-12.994190748135134
-9.762484477940461
-4.309897478781782
-0.5130724376450649
-1.4971755878508193
-0.16962660026482348
0.21368186375127382
0.2160912615695655
-0.2889480106516222
0.22018483758764704
-0.03392659555052403
0.5353693201190272
-0.7050874895450373
0.8991513836815193
1.4148345302365555
3.8260193973402923
4.155360973914631
6.361050141152473
6.672101023101282
6.994392689224045
5.853695285722251
4.94133787208033
3.531754026388992
1.846973174321623
1.035259615998071
1.0167503744930837
0.5978498391184524
-0.017278998265243133
-0.8867584383523013
-0.8734019951980099
-1.4944509772862886
-3.8783054871162363
-4.8255141626001095
-5.192283991391653
-5.554426946418326
-9.276658767600992
-9.45094836139718
-5.994981115984952
-0.8817029057851037
0.17705678367899505
-0.2234488528417342
0.22382858314820836
0.8386515053409586
0.2241155312584364
0.19775215359805798
0.008767456849041675
0.28889519896770843
0.3655612773076185
2.009442355035831
2.529559141493629
3.1557818279576946
4.033890301066212
6.068526373550287
6.408829038400888
5.206930875907566
3.0595189762082122
3.4505606859016167
3.367265950595493
3.163131421852239
2.1110289320385354
2.188828911393821
1.2907493982000995
1.4693038998161936
1.24021162357208
0.6922410854121834
-0.12022530171914142
-0.4665705864724593
-0.9225429130328613
-1.3445337202954342
-2.134625799388582
-3.9093409137265662
-5.9860703685013
-9.328054026245374
-12.858748918062114
-9.886900351437603
-3.8076147509661444
0.4250650758535707
-0.9711220513979418
-0.5830082284685979
-0.05765496278282095
0.666040314633009
-0.3631745593023709
-0.8230478015327907
0.7618351781216879
0.09794537709201177
-0.10826964243790149
0.6044978355197307
2.6098594748155843
2.555911883820882
2.799805731503547
1.9560655790461392
1.3159279216549806
4.491255821565637
6.938717524115334
7.259867256740865
5.977085211517097
5.007041418372976
2.9392748137179585
2.202974898984763
1.998125891944849
1.4628773848859478
0.8239263751204831
0.3759868463599228
0.21135208578753376
-0.4919755231240294
-1.1668503001513273
-1.656595044147807
-2.4194186202033565
-2.2069661283495843
-3.4772263872872644
-4.855756129804337
-8.324514612416607
-10.725503163418518
-8.892287421364532
-4.295140378824887
-1.6293345978883509
-1.3417959407057256
-0.45002841741829824
0.2727917361491005
-0.7816890249553494
-0.358433489349393
0.1220173674577471
1.1581842420640593
0.4491004759132534
0.7062152765978545
3.569535181597136
0.9560855939552619
-1.7823695026329558
-0.9167626121119858
1.7914903898260812
2.685792995503148
3.762155395791992
6.199810391969784
5.020399472560509
6.624902728987222
6.899856570690723
6.173046929273784
4.412442287747929
3.2127813150353917
2.370398163293116
1.222480759333085
0.7695237621894143
0.11390501894908293
0.08598310791540431
-0.588873896680935
-0.755114528621392
-2.0524080323776763
-2.9091677859597573
-4.286741736263008
-4.9434989721371565
-6.593452012511375
-8.778878127142546
-10.679789863968367
-8.1199685486357
-3.0397154573051184
-0.950626964972897
-1.0497528170456651
-1.3094401924577117
-0.3742673056526632
0.3384884158249336
0.8981815376781068
-0.03433477632362015
-0.06916294699866297
0.8493235150778612
0.23148158763421997
0.4754161206378207
1.972473676947303
1.7532824080932081
1.5049537749396686
3.0648637590098002
4.73080973864904
5.573452724461933
6.369115469638564
7.065989015013489
5.817829366885512
4.549028368718708
2.550954123914414
1.0352923200808062
0.23934110022217486
0.698997519211852
0.5770026594960126
-0.05242084753900165
-1.3332167476161063
-2.3031063807146546
-4.376843459088886
-4.976182418857594
-4.9256398058227555
-4.464871145303289
-6.634604453387403
-8.212718122412127
-6.01042634595983
-0.8138729321205898
1.2630899548448555
-1.482437996071347
-2.8986515275738354
-1.1473821528941641
0.5343243298095006
1.143640525822515
0.21214615537094206
0.09528181883211403
0.7900595176066435
1.5125178994911326
0.19819781589523872
-0.5856458603362114
2.679721806273522
4.87357604160711
4.768398324842001
4.492403058116463
6.241435718229244
6.076876499670356
3.5576837896152003
1.785863657654471
1.114824678486116
0.7244476264391099
0.44115642761142726
-0.01039723783812955
-0.17216386570892278
-1.274916046331295
-2.9173042304118004
-4.636784696249345
-3.869059433116463
-2.7679118081808314
-3.5169439943485328
-7.872870710384177
-8.490020104572068
-3.9948497616014884
0.7492685911759571
-0.09582739988699408
-0.8422740361592322
0.21903434793249574
0.4207320945933119
-0.5407378971412714
-1.1519199433049878
0.04379200371587524
0.6141678354169329
0.6448684293966758
0.012042907688373369
2.020551087303812
1.8740612700570405
0.12709650436195274
1.2676775915640237
4.732692829036927
6.2458035512578975
5.409200268107259
7.459367412471143
7.47970096191021
5.738236401726458
3.016145603135261
2.4720028685315536
1.503264803668386
-0.10409652747354652
-0.44365906293016033
0.12917407612938428
0.27966901766985497
-0.667079099753456
-2.6054922713533286
-4.811996307551756
-7.473330676904113
-7.95712961689841
-6.142738834352074
-5.1355789393231746
-3.7976604839694876
-4.216450390017137
-2.6196002077916947
-2.5040418511928104
-0.6738890025567328
0.11069582838370885
-0.8503798067628591
1.5811370200310086
1.8213018575356583
-0.007689699988249081
-2.4759231991168074
0.4248152713246994
1.2992120555480402
-1.3290812900412141
-0.7135775416905813
0.7107788493327107
1.5132523801210471
1.3261433064595392
3.0644902529823654
3.742851269096727
4.466912715994312
5.567561440333261
6.466183874270271
7.190923662107295
6.605158131344953
4.903771933610851
2.153980911447427
0.16669228576261355
0.09751985192719358
0.5437026924833586
0.8172867958249973
-0.2338870668528736
-0.5088217626788306
-1.7432352167337708
-2.3705183828602787
-3.7518266951184076
-4.974200953460819
-7.127495268533238
-8.155544173856494
-9.52527791011163
-7.5745760559105655
-3.1719367278064445
-0.7253828015741038
-1.0987666346754685
-0.053002546766160966
0.745965719297422
0.8112029470116361
-0.5117230415640958
0.7984987346948376
0.2750328638591682
0.3128089949438284
-0.5876738232497076
1.4848684813464996
0.48081382174983844
-0.7492036080848564
-0.3178309893410758
3.0984463461406366
4.711605771599118
5.107726011036966
5.655468651203613
5.31291521526979
4.796042794515639
5.284044703678903
5.379141579794514
4.001765976748069
1.6885652421881252
1.1290127445614926
0.6190242797138131
0.4940447576310963
0.19626573239261985
-1.0567398986627354
-2.6346087011202393
-3.7560430737745336
-4.552907679305261
-4.6168510061503625
-4.372361336434268
-4.8998991845279685
-9.810212491141753
-10.055961733551685
-5.775750964414719
1.3359411910912373
1.4021514966712303
1.1109812883889885
-1.0177047775265327
0.3450191046487246
0.772711530147825
1.1197688451240992
-0.30220141817585194
0.6392860145434034
-0.15538091869932485
-1.072070367885759
-1.0713355057015004
1.2630341975847983
0.7410618595656603
-0.3276350353076558
0.5157975409882861
2.681074454216664
4.282038576703067
4.638932536420263
6.619639414249292
6.791069673665572
6.910329098445706
6.343183982307344
5.504744261579472
2.0659162987598374
0.2073798925329826
-0.013150183654591833
0.37528558788324196
0.1579931258514412
-0.0009421410834219073
0.02218257797359195
-1.1731096856791434
-2.5391250479820737
-6.972014933969362
-9.942914991148811
-10.640008827552474
-7.214815598001585
-6.337727894954822
-3.848807347143787
-1.8161712127769507
0.34208429143936425
0.6873281826354378
1.1021122462427775
0.5910235974121362
-0.585152251369176
-0.08057324882296032
0.8405833189789972
1.6724275348979503
0.43359245566336463
0.20823183752617563
-0.7327665114834564
0.24502223606708395
-0.33247788521594657
1.5208060303121123
2.140600798663162
3.805687303505626
3.8594714196777153
5.2562745713713825
6.57456764578037
6.189184765786254
5.622299782577702
4.494532039661028
2.995090569795104
0.7202913347258584
0.4622385320697982
1.2490895587265016
2.262181706309809
0.35988856050901236
-1.8519254350829737
-1.913267767073079
-0.29729230228630293
-1.2082992273905544
-2.9317626792243323
-4.340680372381649
-7.125083481683705
-10.507170728768525
-12.632387671432378
-7.8653389246559895
-1.6523969940148462
3.868806393767939
1.1210955863713268
-0.5996638549867557
-0.9118326551830627
1.2753254478740486
0.19766705861806858
-0.1785615787710097
-0.058556472777677726
0.6106002630584765
-0.16421237169584701
0.13935905934352885
-1.0211362036308027
0.10869194588764015
1.2656021420985117
3.6713186375862157
3.192023736630161
2.331778915700831
4.7010817562545695
7.125032205387713
8.264831791953338
6.289332848476546
4.648141416788007
1.865748047460269
0.8058217734315335
1.0413456083172894
1.0893161839822725
0.41107174922424666
-0.2550856883562436
-1.3997972715965075
-1.6325989711456204
-2.3717980356766484
-4.869504019198738
-9.757409674715063
-11.62438265525522
-11.223520499399863
-5.272258991748508
-1.3744438636868048
-0.004645468264261585
-1.3299979836917604
-0.1409193285840976
0.528965932370161
0.051920733606448284
0.4278371808250646
-0.02186097774827491
0.8286327068377362
0.4160218651996087
-0.2241362021058743
-0.19463027145485906
0.10778872589591179
0.32730525651141984
0.06483916605095599
-0.013695189311595048
-0.6470908254834014
2.3630316783183622
4.30118403488534
4.364434815623656
3.9490766658864853
7.258572585565318
7.772004691639928
7.30515540389212
5.5340398306080765
4.499245900349655
2.5548425799091494
1.3723153812418423
0.7164949976306597
-0.3561450684819681
-1.395857748071964
-2.8603179810239125
-3.5895681489636506
-3.5592734137119946
-3.4604357731568567
-6.221864389902703
-10.557690683712849
-12.281068008347974
-5.917558554872026
0.9481615593487935
1.5608984654399454
-2.4723140320384522
-1.3666663649324189
1.3694656458788508
0.9281098690309478
-1.6855940218917012
-0.63446621692014
0.12021510928141177
1.8098468515070787
0.9660703988347374
0.8852161813272739
-0.1339980257622096
1.1245047671498298
1.263456554051749
2.186653821204159
3.311563280022139
5.1047291404324175
5.218935107485064
4.258046337568579
2.400640563251547
2.2853045337808835
2.1192156988083015
1.7835048850094253
1.647991801654583
1.867525592085909
1.5708196376382437
1.0702513063257588
0.4100916095141527
-0.6359744041206877
-2.2012115120145523
-2.5105735585959037
-3.6727110893692614
-6.165197537644094
-11.767298450048564
-11.085634644818438
-5.977577941286228
0.003924394077706951
1.5916832648061074
2.5012470362718444
0.91438436849413
-0.8213582609419524
-0.719464303746267
-0.04223876336942174
-0.139219236394524
0.06364990585941478
0.38240628772626695
0.5589634604050978
0.1716595548503944
0.5738601646545348
2.0799986236223837
4.365988246425947
4.9982874040498775
6.698395072832001
7.4933042979041815
7.044630837974379
5.303126120274648
4.097990280112207
2.0765650147248698
0.7727528607198599
0.35954259360351504
-0.2780956979444141
-0.9779331434463726
-0.95742167447466
-0.9497662885057585
-2.63104183514666
-5.888802620342565
-7.363283018134022
-8.47271739057831
-9.995572300451787
-7.640181563176766
-2.7131068140948553
-0.6999836954506978
-0.7599714602884471
-0.5151668668196213
0.44996889101562787
-0.3119076628234131
0.6230053925495141
0.3743177841987515
0.10964345878952021
-0.7834472680514605
-0.9872802364736307
0.7273089178296029
4.70969801905777
2.204791717949066
-1.0616494645533225
-1.996677311481759
3.7755405521855283
5.134371955639115
6.83335641248071
5.9924037978869285
6.006026594562645
5.509237024716578
5.179622967099276
3.219530849559172
2.6837552858971554
1.8631877668693226
0.8187908866445713
-0.49565954409595814
-0.9005190742679804
-2.3841974330812747
-4.863130441768307
-5.871968562061081
-5.107165595281315
-5.680173113802941
-10.334311543316703
-9.02482534461227
-4.248308507727438
-1.3845989076063083
-1.432527774627753
0.4088668939794934
0.6521540811117248
0.48757567695959164
-0.24242702929705195
1.243420678348728
-1.133710366746815
0.5402122191123062
-1.0106579459432197
1.749673987125252
0.812281762298165
2.5192767279673984
1.7452909863594865
2.0574008056549986
2.17674742482547
4.035389925345268
7.171083181188428
7.469539999345234
6.825408168243567
5.667179890533947
5.053397788238765
2.467255828092586
0.7190969009764578
0.2687907200108072
0.3103407663110923
0.29191337636966674
-0.06280942596795482
-1.5060329725478718
-3.3231399863558675
-5.512085079336549
-5.969371050545897
-6.348411951877385
-8.414384739811176
-8.879707543030987
-5.969387172775642
0.2667762851452478
-1.1299002936556146
-1.7598242038596172
-2.4805318821175795
0.6515051300607182
-0.46274093260850563
0.19258007392550164
0.32336770850215724
0.18768180943676308
-0.19030136118525387
-0.07095571074859906
1.6838827741779474
1.5042638444117291
1.6486574645607344
0.5248899028408176
1.9348345141858947
0.6013604291983635
1.8448400022536182
3.4980576743494596
7.600272830748268
7.138741029133402
6.737239748081309
4.939938264709997
3.9370788592135892
2.374051061760653
2.0720738341499034
1.6850337225846415
0.6744233068242267
0.05747231759155474
-0.04465340706281383
-0.00718629657092281
-1.0222016277765422
-2.042178425616486
-2.8075094106612704
-4.389878315428613
-6.83040716698059
-9.637660019523604
-12.321864741314407
-7.885060075652435
0.01835309464015632
1.169577574936976
-2.924949676459193
-2.7349512680490973
-0.2488258185829316
0.5077198320824589
-0.6285498893096441
0.6828453568237821
-0.05667668686474811
1.936788010304558
-0.5789008719029392
-0.66918658312623
0.7041595826474024
2.7434324129769263
1.4065722768539901
1.223768291320573
2.9457653963374097
5.02488537505033
5.531515300547324
5.941315531774861
4.19752761900735
4.081246447353174
2.6750716971601087
2.0565908475655705
1.3053099605266025
2.091947305803236
1.4184745068856655
0.6240166873998153
0.020495391631355553
-0.08739763141016843
-0.5463002423457763
-2.285704917292936
-3.6330554484603828
-4.648367067328073
-4.274967963266066
-5.379665085198078
-8.226359705774728
-8.05376285833753
-4.200093297941557
-0.7291420662428051
0.02660071697910117
0.2261071925636717
-0.9680824745092638
