0.7794871794871766
0.8099027409372204
0.8774928774928741
0.8099027409372204
0.8099027409372204
0.8424908424908389
0.8099027409372211
0.8424908424908379
0.7510339123242321
0.7794871794871764
0.8424908424908389
0.7794871794871764
0.8774928774928756
0.7510339123242321
0.8099027409372204
0.33123160992013323
0.8099027409372188
0.3242349048800649
0.9999999999999951
0.33123160992013356
0.0
0.8099027409372188
0.8424908424908354
1.0
0.6993006993006956
0.7794871794871764
0.9151873767258342
0.7794871794871764
0.8774928774928756
0.1850613154960977
0.8424908424908354
0.6993006993006956
0.025269416573764306
0.02974358974358965
