0.4785185185185121
0.11911911911911602
0.23611111111110664
0.7555555555555461
0.08072174738841129
0.325670498084286
0.5748792270531329
0.0299823633156944
0.2640382317801629
0.20987654320987278
0.18518518518518043
0.20987654320987278
0.2640382317801629
0.11911911911911642
0.16190476190475753
0.4358974358974294
0.32567049808428783
0.18518518518518176
0.5246913580246836
0.13991769547324803
0.2938271604938224
0.3597883597883542
0.32567049808428433
0.13991769547324803
0.32567049808428783
0.2938271604938224
0.3597883597883542
0.26403823178016134
0.2938271604938224
0.5246913580246836
0.3597883597883542
1.0
0.3597883597883505
0.26403823178016445
0.5246913580246887
0.16190476190475506
0.32567049808428433
0.3597883597883579
0.18518518518518176
0.20987654320987145
0.2361111111111099
0.2938271604938224
0.23611111111110417
0.2361111111111099
0.2640382317801583
0.26403823178016445
0.39643347050754063
0.23611111111110417
0.20987654320987145
0.0
0.2938271604938224
0.39643347050754063
0.2938271604938224
0.9094650205761179
0.3597883597883505
0.09941520467836003
0.2361111111111099
0.3964334705075324
