1.2223208657668296
-1.054359586841742
0.1499201225343433
1.1088141084204626
0.5650299519252129
-1.3175812779608433
-1.6784913562694233
-0.5308116586010224
0.1045354987297051
0.2226187643567567
3.6831142813221454
11.709940928352703
15.56199953615876
11.465478672059694
5.835084002729597
2.3385302052765926
0.698391284019242
0.0947843093384915
0.6013897043950412
-0.24025922567134878
-0.3713762369989004
-0.08003125644123978
1.00593722262629
-0.44862745592451525
-5.314940413289856
-12.798123579562676
-13.480019685333367
-9.942601193405505
-7.011192800391777
-4.764640648882216
-0.7158295019935398
0.27262285909631906
1.107073449324885
-0.10343509788846053
0.32239313109084883
0.047744822929461805
0.7121983803668014
0.10860680744960893
-0.0863888419777309
2.569419521786386
6.746541372313344
13.964725214778523
15.301284308461193
9.321235466836207
2.976057018164899
0.28209289463800324
0.3618307031543257
0.10576089379135534
-0.18800217567148292
-0.1125438518977303
-0.573693464089071
-0.19473591512503657
0.23288254146811432
0.3879323211372153
-0.5789341397750046
-1.543139778674973
-1.8368092576193538
-5.448560261431537
-13.727095211538389
-16.777653975136722
-11.05254078845729
-0.6250490629785249
3.0706179781679115
2.7466930941517567
-0.33188764734925497
-1.1137665259781189
0.6892142191617259
0.6530876170611514
-0.6925857510411123
-2.593044247000575
-2.2696856542830814
3.1097445775699137
10.505336540030363
14.083271295383476
10.965145100370902
7.872729298278927
4.382296298532376
1.195119673950382
0.1421782112805356
-0.09605848282765041
-0.4630704032819616
-0.6127823295079637
-0.2245278928205763
0.4207444955118948
1.1813037415738668
-0.4991541598566802
-4.465337029438402
-14.262365243801655
-14.290730238858117
-9.873478418879088
-2.50788920608295
-2.4406692635306197
-1.3914739945475751
-0.9948151080806291
0.42555407898924963
0.06688300232344592
-1.2671962296970014
-2.010895103240997
0.06717154413055255
-0.20152011064947423
1.8132214891622327
1.1594252129655138
4.273007748228933
3.591596775711701
10.739374799790985
12.694194410766062
11.59934840864391
2.9617793989152648
0.9868305146119042
0.720303497032522
0.7571498519134972
0.6088287553886372
0.49424370231345677
0.5110559010877642
0.398696846953405
0.6486402922842373
0.6320819887591393
-5.907836703769646
-12.589087399956016
-10.697974048327527
-5.111323858095149
-3.3404010753353446
-6.5220643055549585
-5.500975221808826
-4.3074819929462445
0.6188384548787631
0.05211256469783312
-1.1828883851006051
-0.9865213752794063
0.7801236890798868
-0.45775099294993427
4.67312961641291
12.561848226800674
15.468451928216625
10.914038939668526
6.487827886910914
2.339561734375383
-0.26732897797576577
-0.38459590263059257
0.18911658400338438
0.2891317918210789
-0.23860667086174822
-0.4248482229843657
-0.16765620507198267
0.111666892824935
0.1310928996911325
0.2664937425643586
-0.40943528021534814
-2.212987716236398
-5.223931873631729
-5.432157516352082
-3.272526414222796
-0.541762287820455
-1.0417755643123343
-1.4799479208589892
-8.372286423738524
-12.794143585497844
-7.947637853474406
1.4467050003952915
2.481098710200148
-0.1665238898489563
0.2752369809153786
0.3541799412842718
-1.4278022030436721
-2.030460590884354
-1.5205487813625922
-0.6408508708980839
-0.6606322269455307
2.1699664858938514
2.914001984340341
8.363703678222537
12.179920518125378
13.146130884194287
7.388127737329133
4.0916178855965155
1.7156858512177224
-0.59410041065157
-3.2411799165967885
-13.70156734240319
-14.515096333213345
-9.075344272815245
-1.4571734129338216
-1.6542559424933825
-2.1646841085854027
-2.509803969509685
-2.0880188140113494
1.1020902405702222
1.100628822762152
0.903457206530877
0.8181518199775489
0.8308901104801744
0.7433609410915009
-1.5458235105156264
1.7292922465194416
9.352317122376006
13.68971680059454
10.281790536339573
6.204388281723672
3.5887528893261207
0.8809411104159501
-0.012032945111790693
-0.05166818399279034
0.08927386092015853
0.3766660927852219
1.0182195766225686
-0.27964203931327136
-2.1049182680016396
-7.946427191582448
-15.842547736239128
-13.317239134881603
-7.881713688679404
-3.284045629276721
-3.7191697761068263
-0.4324786931806396
0.0029506344445591574
0.18088298941092978
0.2741794261789665
-0.2723162423732951
-0.19668307492679407
-0.6785688083055929
7.17698782412808
10.296467479763736
12.065264157232468
9.055643148532251
9.60256815887892
4.435691931220374
1.4786787425569083
0.41852876667230293
-0.45974291228504766
-0.40242340357220663
-0.1611214171357417
0.33163745710765086
0.24847814937683932
0.07493035465753221
-0.11014192702347238
0.16938365968337815
-0.226241959790093
-0.596127089340288
-2.067678207224833
-9.411486189534182
-12.875743515442368
-13.362007540121175
-7.512735356688064
-4.962519830813379
-0.9701549231272134
-1.1527833764768354
-0.1991861590145548
0.2133720949588113
0.8664756627164758
0.3121658597371904
0.8119713511548788
0.03808787673154748
0.3570411293073718
0.7157819930680518
-0.723197762059463
4.527516019836044
8.371454777649117
13.00205705192533
10.217484974513704
9.209794342196117
3.9717238816840394
1.2531308851493916
0.22143896738421842
-0.15743006613910426
0.3454640239396757
0.23521195712587234
0.551396746161372
0.2729006597435833
0.5022301845466832
0.7706767364882788
-0.9306256025891602
-13.857398123332729
-12.158883341721445
-12.401399510240637
-4.063801038463484
-7.391182648129908
-1.143810632427998
-4.286225824759466
-1.7807955958575867
-0.04789601687103757
1.6217971874425126
1.4670468090266333
-0.05986331135710753
-0.6529727416987958
0.7821331657829905
0.922919105898993
6.2285088836605444
11.513828577895435
14.750145941738895
10.626074862690414
6.736533852022404
2.1200578194553374
0.868117448994564
0.2427050858629762
-0.1741595094069976
-0.18369056766254732
0.3387632659755403
0.00816323653189069
-0.08449944404771678
0.12843018104289383
0.30535629759606775
-0.1308045460045242
-2.6569674363837597
-8.537745993482284
-15.099150216525901
-14.440904786017917
-3.779569334414017
4.6683127107984115
3.4706314208019675
-0.6482947164003517
-2.8408725687036154
-7.627316912146506
-6.330961307023066
0.37543020617561174
3.948482499644376
0.8233938760479926
0.18416145457250688
0.4706448352793763
-0.07076775340561639
-1.5394727501127625
-1.112780927552536
-1.9388646353998675
2.8349415435863046
8.040913413995879
13.495900084666234
10.311443070316223
7.089822671390074
3.1736664503128442
2.771962347881075
1.7274181058044409
1.2068387152945734
0.030827209002526446
0.4435302509297705
0.8118096355741173
-0.8042232325110039
-2.783411688516472
-6.282713351627772
-6.824877713533692
-3.618259899723357
1.3164709057484216
3.3188924885661772
3.1147954361737162
-0.6368340782280302
-6.516359263632455
-12.24090462961771
-10.136098659169226
-4.84912877861723
-0.9506236916775573
-1.6817068706896174
-0.9369278621200355
0.6899749228002429
0.8200143369127395
-0.2569135920313973
-1.5307914077363398
-1.7437489044311967
-0.2572867293409287
1.713956402742274
1.0873488602533359
1.8365049991548625
8.759522328369771
14.141560794976874
12.717903774542368
6.617408869531173
3.94073759227992
1.5639422548330317
0.4165934663503294
-0.005624776822710251
0.12861299777802415
-0.29145560087724726
-0.9045744529149268
-1.1853898354571288
-0.5261805425142693
0.4650512244550614
0.5208620981552811
-2.352146809379922
-7.224963122684654
-14.612924951448795
-11.633818868731295
-7.096737984982187
-1.2703660695715235
-2.4132819761644986
0.17584114159664274
0.022616914561671222
1.568783839221834
1.2495565154582866
-0.6638629215573589
0.10036774903429227
-0.6137709570267919
3.1977040495273172
8.613264175925494
13.305158932215189
9.809608062437816
5.95299057709313
3.408263621636823
1.181914519598963
1.1545170399167028
0.6114415777215898
0.4467086355383148
0.03976179686103545
0.5281566147486069
0.1287232793980535
-0.3148725131750296
-1.1644199886510995
-3.930449023783256
-10.136681271031135
-16.916944608632974
-11.92936778105175
-3.573823463266887
0.051772532902406763
-3.154745398226743
-1.5326496325634795
-1.8653845370403226
-0.7342854955524556
1.2303261501785459
0.9315802782510332
0.5078854246915866
1.4702237375998986
0.15837602856341337
-3.5689541640239373
-2.8482140228014794
0.9580086062241882
5.051497280240772
10.639372698230197
13.012408905721609
10.517544583996097
6.387570851264217
4.022539009300058
2.5612853373272726
1.0876938066814439
0.8630915897520572
0.41634729359507777
0.1339566765530358
-0.4055153236010681
-0.006573377738374765
-0.5087991957473532
-3.860331489233711
-15.380854245122686
-16.542163307964845
-11.230002686891945
-3.7726750032963863
-4.480899775649899
-1.0981873537126299
0.5623689307385991
0.7649484636525867
-0.3977811154944182
-0.35971233190953067
0.46762460114781634
6.559037221537973
9.012582886342756
11.255135286900195
8.702794152000266
8.12337384682433
4.380076302836282
1.8365495363843618
-1.8040775197983148
-5.373462681209812
-5.828386265650563
-3.3666598433972292
0.7033356905648239
4.121820472976573
5.286122321241339
4.831100327541519
3.385003937731067
2.396051840165578
1.1206518004812955
0.3373416792685958
0.21881375277869786
0.5643091593648151
0.9263767685642554
-0.37482455888840827
-2.7602808423600527
-4.37856386639383
-4.369913291198695
-2.419516430746395
-0.4637998519190817
-4.241035779295081
-11.783713965886692
-11.788218370807602
-6.144382958525569
-1.0748994266506524
-0.7964948287450866
0.6655252370340954
0.30849622007008826
0.007229370051080453
-0.21047315541033015
-0.026797852948080982
-2.025528953234336
-2.7917409614348396
-2.270873809419665
1.1864426358698423
4.967114783614846
7.887078067177755
9.422152377932871
10.552668370328462
10.235146846557555
5.829394304487861
2.29123518734499
1.2966906232514197
1.4619483601171988
0.9672693162357379
0.49677989861963195
0.3983910264073233
0.38722311418260863
0.004209150498406324
-0.48061599837467006
-4.172002147493435
-9.917305095451853
-13.772398821057209
-9.637409203614817
-7.10882727239734
-4.677222107061026
-0.7160395413197054
0.9553540248296374
-1.6870030235586018
-3.733253020036292
-0.5186329849740302
-1.2792152436785507
1.132402777925375
1.8432287550314357
8.660466068320728
11.49115773066532
12.562450994548154
7.918827150456388
5.49954221676217
2.5908869395893817
0.8951275239797994
1.0438889847749715
0.7193199977523876
0.31076294614155386
0.0646490298313952
-0.030912283587678037
-0.22566687886603976
-0.8228289561045622
-0.653683840447484
-0.6835381901417226
-3.177983598651652
-12.32235786160376
-12.253022104853788
-11.336186259800549
-7.480378582107193
-4.783901619267239
0.10012680796070497
-0.6958698560339572
-2.7812361029641908
-0.13552394190666575
0.5144218757875064
2.9494202522414414
4.16908882797083
10.350531977716045
13.140753320691386
12.563299843977063
6.786329548572316
4.00346038861575
1.4653112532913597
0.7022031806539308
0.24381635785828756
0.5114433819653088
0.3484110943173717
0.20930370119386224
-0.225543360944782
-0.0639392749188997
-0.10908216240191794
-0.5470779787223834
-2.0450297928361643
-5.050277930381753
-11.317358369850604
-8.000502380776545
-9.894383603731363
-6.848656832697516
-9.336855396542484
-1.221290170299747
-1.6116012887261946
2.6283445577575226
1.0790799073705346
-0.08300010663053863
0.0039806121197052445
1.863650887318122
1.9214659023399387
0.7100897863968688
0.6087222497209163
-0.2995985422096743
-1.3402350735199833
7.151584138423006
11.545736084271914
12.296526170076513
6.818359834671589
5.886477031333401
2.343095508336718
1.4571585884128175
1.104564280843195
0.6675763138297099
0.3540458250087776
0.023126432738504104
-2.379525413869005
-13.84618322483817
-9.330146721155113
-10.932578916924175
-8.187082720437964
-11.08978295151421
0.002803512480534113
-0.12971604865495348
-0.8533305636321488
-0.3980931479724949
2.1629514979708953
3.291762660753183
7.471482136087567
10.222596756919241
11.849658690364103
8.199550645857812
6.401549761972771
3.4869871501514167
1.6096647404013447
0.8265821724646771
0.41100017646105336
-0.15604785861818016
0.1334201966243809
0.4782943461243355
-0.06172497728482189
-0.3147791708382065
-1.1422342635310643
-1.6781062310950046
-3.9349518401524404
-8.165936773758236
-13.021930892156096
-11.644439160331503
-5.322026594284401
-0.5871450020723896
-2.6910508179416626
-3.2609917149483834
-0.5291220230188644
2.1061385280972544
0.9529051245727047
-0.002769629527866053
-0.24484751657462225
-0.5380142173608525
0.4295659077169245
0.6424095199870452
0.8081591890534461
-0.4171642015512692
-0.2581645925268957
7.451372029774556
13.268141948431591
11.234523503780421
5.562500815896716
4.625678573511195
3.260706660170498
1.4078308201865597
0.811330478848877
0.31648222453589914
-0.002012738906416078
0.36744838675935565
0.19623717814052943
0.5181503849257513
-0.13584517431124868
-3.8688188624326414
-10.76152481325498
-16.35845130045778
-11.018061984475649
-4.51687172992153
-1.3149343601634786
-2.3492484892431413
0.06789196684016005
-1.0977731732934453
-2.635537899937251
-1.976766690495852
0.8098743561736017
2.881706184817513
2.1644176630659504
0.46410019888543286
-0.08349581940938353
0.8441137150018632
0.4245703963677991
-0.9116425117154594
-0.06594045360803052
0.3054192098045984
6.909648110534355
11.584571699400156
13.227712884235423
7.836803371913976
5.070168763401876
2.236958159809282
1.4015805235048764
0.9019187710265044
-1.5186409841803838
-4.587056704499512
-10.518933961004798
-13.582041089457382
-10.048272110323836
-5.673957921138521
-1.4035358869127932
-3.450467603908252
-1.6097362267893547
-2.36018960147721
0.712836702616649
-0.5676693488814031
-0.05902594802080888
1.4531203487195934
1.6385407723091
3.151765919987773
-0.35318875060732347
5.601604368742702
8.170815150369126
12.301544532853356
7.754907868103108
7.539846079247228
3.0543932850629343
1.3925311898464678
0.8991869765044688
1.0563519733024873
0.6603822761789395
0.5229383837604815
-0.053476863691365846
-0.3703208898028231
-0.9477711910163816
-1.2904060413079077
-1.7456916187340774
-5.5089588772027325
-9.927360595434138
-14.431599485128114
-10.927069628305768
-3.834677913432573
0.4854151839713204
-0.8152190918857732
-0.8349405831288872
-0.007454474480019975
0.06439841787149769
-0.360653677454744
1.261713700562277
1.7390028833180478
-0.17418187159120793
1.2102705781457554
8.718817926614607
12.890202924068772
9.440120500920804
5.6526515425214
4.684959937828537
2.3214486602355864
1.4012906563124607
0.915799524339359
0.4569023743304052
-0.23549182177903033
0.009888341347920666
-0.5104473795506316
-2.177848705521406
-4.393305337678447
-9.808277141001366
-13.276479857748049
-13.416944993577626
-5.509185472652135
-1.800867898045129
0.6035299467077854
-0.6297323166619209
0.34874524622515213
0.10767121118833269
0.5863812859036496
-0.03356874737192841
-0.05908204478535445
0.5249365218518375
0.39148554176347933
2.5665378851696445
1.114314737230881
-0.1724896962693571
6.008603583963029
10.916086719718203
9.673620417107326
5.73265430786278
6.46489126517675
3.310602332898282
1.1647492558134305
0.5132599280015604
0.26475387418883395
0.4640085154379072
0.06387492279531645
-0.1338537326384892
0.11881894523640534
0.2116835779633869
-0.6450701944371018
-2.576445170579314
-11.818411637734147
-9.455787732788755
-6.595356907526794
-4.250807581438083
-9.659828326577703
-4.232757830751964
-0.3477642895646026
0.595161092037701
0.012667225981763322
0.3715121042144709
0.38919600098630386
1.2845910012825577
0.11774010566792917
-2.37410974245718
0.9485114455910415
9.9321733935412
12.052982372979255
8.056109638223704
6.193400490704849
6.144154227465422
3.1009587978964923
1.3749568341629486
0.8034897791569419
0.7339315117062862
0.3458254190391338
0.31859108684155507
0.05926566988333608
-0.2956680838211309
-1.253038105834834
-2.0590317850399904
-13.306234882186319
-9.243809516319159
-9.941054337753833
-5.522665391224658
-9.102626803410175
0.43015941103858146
0.003998137022723581
0.7294066650199497
0.42337207279723127
-0.06735267203292367
-0.3863334842395696
1.7108018680808657
0.45396213523966017
-0.41431930554888774
1.98254376051415
7.930589904200718
9.879058511853582
8.79456315413669
6.904471636619458
5.2504698394687175
3.429096468487662
1.8149874678624685
0.834011626486569
0.19157892154433911
0.18642786540241824
0.06548517024213114
0.14568625911304195
-0.2102284694785623
-1.0345714982151166
-1.707908274206546
-3.1026395456498825
-10.971988683694542
-11.198656324011466
-7.795784775534105
-4.877507726596202
-6.897478494615049
-3.5608402763336904
-1.3993954761081868
-0.39491911006613567
1.08427070156116
2.1430975787206465
2.5566169050060243
0.9127771986870415
6.859681558658426
9.2660840002799
10.226496480260767
6.181898273885485
6.976963563974147
3.724029508181833
1.4529134140892996
1.1791905765191162
0.6692563074911972
0.29447357239312477
-0.009831672969730709
0.03769409512433423
-0.07609730638423139
-0.8785329835170341
-2.653147600727829
-13.432925938924331
-9.454477047967776
-13.507666004095945
-1.458776430211744
-1.3433868418331298
-1.264173719209975
0.8732092943318722
2.197750114659387
0.41510400901958483
0.15695990981108296
0.1498522308133051
1.1603565105103175
2.0813851883426375
-1.369493723995075
-1.671618711608699
4.074370005085399
12.090344405908107
10.534327762275
7.317333639123838
4.838940173128319
4.272991791491443
2.3557812244706553
1.29647758450808
0.9552785378450644
0.4181863400056121
0.0572980153068691
0.05448308739038849
-0.39998399373462556
-2.1018086521338253
-4.341264622862351
-8.614527014689344
-12.6973546143698
-12.45808739759163
-8.068707771738707
-4.153413935310429
-1.2356580375061539
1.1481162043710569
1.7160640492951837
-0.037393999002251946
-0.46457501231884546
-0.4370243165766248
1.1718578693478956
2.767416065150072
-0.9179382874033836
-2.8865187646537245
2.6871443583194607
10.543645813087922
10.98805279487827
8.938027392190913
7.893709688176885
4.865864564680362
2.606438809039326
1.4520063493412871
1.2620796323967827
0.5335005617690559
0.23998676720403486
0.0029487626010625467
-0.21103605565723527
-0.680062775178713
-0.4180142728068075
-1.6865599534488722
-7.422587471923293
-14.283901364826962
-12.199337689448203
-7.042610601818993
-2.935307707228323
-3.6023279188686903
-0.5051211500727322
0.17773129964564466
1.9730084853956755
0.30690142826712086
-0.25898867188681607
0.4613485401028845
3.5153880653795135
4.799763827568732
5.980730424228032
7.002182434602824
7.45682667480454
5.8832638748855075
4.243278769659897
1.965018881370999
-1.7341446109810175
-9.193965722349239
-12.104457415938738
-8.660294592368784
-2.6117280831636234
-0.24132323175807735
-0.7797185573487624
-2.7033760853327804
-2.9449182189710856
-0.7470983684564675
0.4880951192104338
0.8130247056542206
0.5320216014069281
0.06500104985852997
-0.29993186259683097
-0.1075551059708994
0.09020465367804444
0.08441535187107255
1.6415249435366785
2.5334906519668503
5.522072381870043
8.991401530014608
10.121363036480687
7.310892827899942
4.5821402353974365
3.7437709277263704
1.8877469615626932
0.8918961452514115
-1.7017834587037886
-3.3370989283753802
-10.506999606249652
-11.533527737535497
-11.90515695587249
-5.5037824026853395
-4.534422448538643
-1.0819646093124233
-0.2908754904751525
1.4106700703762085
4.474009541634669
5.976587992210672
7.306747371364479
6.3903954145517705
7.578659062406959
6.121153530407508
2.6255539697029233
-2.4123415340639136
-10.798377003561287
-13.775006733900012
-8.384786757109126
1.5143318822520648
1.8464627311742128
-1.853999721848541
-3.5768885929855188
-1.9237554788565054
-0.2908344008774615
0.5377641209150219
0.21497632270462333
-0.22871703116070252
-0.2802490616259216
0.8348532063988142
0.9760917003071707
-0.10229532903584941
2.6979415632325896
7.567524464433199
11.640694718254663
10.116569033427718
7.612095435372812
3.7926880136525076
2.028890761529017
1.3245433260597326
1.1530641997902291
0.6735498073698256
0.14840406558965968
-1.8471062332482664
-5.322772499809843
-14.585980010961126
-16.41853587232803
-9.363440867298701
0.8915604049643528
-0.3192339707374992
-2.3324233740211886
-1.6546823246997546
1.5823591071703043
1.5110777211668278
0.9430440173555602
-1.431437555414268
-1.296583097157839
-0.4730821141661914
0.8729415482956284
-0.02858957889202092
-0.06536505197653508
-0.3053805067083439
1.1337537115651781
7.000078084504883
5.422998467167257
4.127963263825178
5.247409686221964
9.722348338815168
6.406512886884368
4.183365829793975
2.4598005947832635
1.0035441703911538
0.32024183242787263
0.3063844219381259
-1.0014123164591218
-2.5917966383158433
-11.87484956469019
-17.034561134155293
-8.566436780436327
-0.9731882751035315
-2.1837578211057664
-5.055765998940503
-0.12160531136340161
-0.11900156372075282
0.32291864054635194
1.3338502579914893
1.665317681211348
1.6649326339162565
5.898522714433635
9.583280563473396
9.129653527489294
6.4110117753754725
5.695035712773448
4.422533414273083
2.164457556475831
1.0809604336543226
0.7197823705403016
0.2676525392155412
-0.2438785432875475
-0.4184058337387857
-0.22336340345541597
-0.40144084877214714
-0.5965421788635933
-1.8521020544659392
-4.327060593256861
-10.671819894869504
-12.652129133361603
-12.10814166156034
-3.706508367481107
-1.6233559230306287
0.33684825824683934
-1.778348260473831
0.38301906657478857
0.020015142694188227
0.5684108373939846
0.05487222275281735
-0.08561211023561716
-0.20391030584955555
1.0982116293254354
0.40190794691049425
-1.1124334978942427
-1.3823795182149026
6.733201533227707
10.967939387981398
9.63956395157332
5.952542221552293
6.7739823045203975
4.945609477954322
1.880557277283338
0.4099569574237083
0.2074589638707909
0.6679383762562874
0.34045589428210726
-1.2419701788366484
-3.192626125047566
-9.314846861413212
-14.12434608715923
-12.602068855119327
-3.644808148737001
-0.4638184751342358
-1.0608055783559327
-1.7909630278910966
0.4019040894904442
0.6207349523827939
0.23494594044558617
-0.2722497492504394
0.0977515178559482
-0.04633727861256973
-0.32516232769247216
0.5884377422650379
-0.24054401982552556
7.077926660705338
8.620424649541407
9.642314968911355
5.103040191385472
7.043920815166807
3.996150400291055
2.3543375161899176
1.4139138695319386
1.0000804417462974
0.6603038258405578
0.23423636189657263
-0.008511980161632278
-0.24154069128381958
-1.8859573778973922
-6.177646087969911
-13.645711509728374
-15.304923618105715
-8.461667100745636
-1.9020606089734995
-0.6901639734757024
-1.0587048038607625
0.3325389138839208
0.3141441586141272
0.1628844892487889
1.14848346094074
-0.3020006529467478
0.04505945144030666
3.4496743003381938
5.317100200395589
6.264827310608336
7.192904529663933
7.392132730682464
4.664047329423392
4.085392390534988
3.8297971693211696
1.9872923804039753
1.7790024281983408
1.3336620741001017
0.3120035924037045
-0.49375154878138183
-0.16066624775063307
0.1688713752524314
0.03345416678313308
-0.8415748093881427
-2.819542406224617
-6.42501188366036
-11.096119978658656
-12.14410402202889
-9.835551939355893
-3.9938253774319965
-1.2886423788226964
0.8163232846883026
-0.09320294500606716
0.45723457181947913
-0.043777843595468595
0.3824859234210772
0.07384180515309233
-0.4088319566056969
-0.31540605789463344
0.2044554612368529
0.848990991957298
0.34294251940365067
-1.431790134159053
2.2743326295404036
8.684552691161631
9.560192879787346
6.488972888247095
4.916495505748488
5.77718120976368
3.340005994787089
2.7627664029852586
1.3787932749887972
0.6598140758197599
-0.6138215062646017
-1.788863789964619
-8.11896271612037
-12.674344212489348
-13.049415842149093
-6.052081158265978
-2.567906312200548
1.6708731236362624
-0.7717577500240447
-1.1717338521133347
-1.7668969376553856
0.8141141391694975
0.5612053769499337
0.15583413123625597
1.5945966059819057
0.6609962454239496
1.9034623645539628
3.7116602469687767
6.042321721750361
5.697370361973049
5.703582054995654
6.259396960062481
4.804959708845384
3.0938676947599912
1.4495442932839309
0.760714856141994
0.689133871186646
0.22330222266434835
0.2505332617163712
0.5278630216187541
0.72417959402458
0.2523225559787195
0.20228031510403793
-0.4051322047431513
-2.367777037018316
-8.63885579903961
-14.248670978522528
-13.012778431852377
-4.858243635441846
-0.5813649790119081
-0.0063785175964479485
-0.89703384686655
0.06419281762704283
-0.15488132694167314
0.4583427792739175
-0.08809296761697007
0.07788063152314288
-0.0011411637304715265
0.4175584425042954
-0.10776135306580172
0.6974222857002486
-0.32810310732876746
3.6451623425440633
7.9505959166853435
8.226783309605658
6.100238554525794
4.582331885596061
4.909234404448855
2.686338130148504
3.264785167051302
2.0431727033274303
1.4003123139994753
0.7727520447821608
0.3789458470298983
0.07641262880781809
-1.367530498325417
-5.785445608047779
-12.102084217698197
-15.630265818237332
-7.990404423837458
-2.0007795801285932
-0.21218864393430056
-2.593230963403881
0.2264531088415218
0.5167368268827571
0.4423001837622938
-0.06132365363990241
-0.13322511805833084
-0.17825489130846708
-0.30877875941080135
-0.2545539228561607
-0.13736588135057795
0.7439189941433961
0.02408564408117068
2.7789591269606126
7.0353592439504355
9.691563952586826
6.835234771606673
5.28118073238834
4.944011984383009
4.402820994710081
2.5765166462087743
1.110694230034853
0.3636697359120029
0.1581053721278881
-0.19758504517595218
-0.5570055948471292
-0.9779947256970268
-4.481899877164539
-13.604207165764242
-15.192170187935128
-8.0645132306731
-0.045323362720398185
-0.3333583943775909
-1.5012507305272802
-0.8249252432323397
-0.15442432881367846
0.3399736617092568
0.03663162264900474
0.11804375771530823
0.22958096222089627
0.07916955279059174
0.3890016837739212
0.4424423767795079
0.6822893741945195
4.587940875454348
5.647525459416514
8.887466958247145
6.872024234439908
5.453322113259861
1.6667102076140365
2.8902391594926127
2.441917036246636
1.1180638184876082
0.8692325450041932
0.4934138852714038
0.5331570231462904
-0.3020125708510973
-0.3318324737470524
-1.3244953707819414
-10.995663945572149
-14.551307329529973
-11.220881603193192
-1.4637399291621516
-1.6038893013446323
0.15270509156233494
-0.8657542027381966
-0.43412128860404714
-0.4739770468066387
0.5646412693216339
0.27202605232838206
-0.044869488129205326
-0.39966430061724506
-0.33600268718049686
0.0675495702614509
0.5563553029908508
0.005707463662560688
-1.2344043379949767
0.8535494063248741
5.953719767615109
8.210563266019836
6.04932858901205
5.310620325772829
5.38437870099874
5.355838172308641
3.7704280668283454
2.8833974621322596
1.581602124080791
0.792528797190027
-1.408526216762302
-7.759705828566394
-12.87212068433797
-12.201630793587544
-8.615809290768034
-2.1801761382389264
3.8152439606949353
1.374532875481334
-3.626904432219932
-3.080013687922468
1.4492769662432894
-0.11959795241573663
-0.41063539961509965
-0.019401566486267334
0.1892007146610266
-0.39823932261861145
2.170160839637055
2.0739049327359385
4.489574832830121
6.1312986053315806
9.23559924158955
6.5997722462185004
4.667792300959442
2.992299428824602
2.1004661727200276
1.5373007849659857
1.2339937265144065
0.9855490736710443
0.3813082374407911
0.32798401579075964
0.006738468377399722
-1.3564858665278117
-5.19302949537699
-12.700586779183183
-13.93829938881425
-8.806812072244353
0.7020544805449046
-0.19256127836624656
-1.972370824065241
-2.950764472638547
0.4626833529717408
1.021880681612274
0.3498337358996355
0.3695826199376666
0.13017478827365445
0.1393732794456097
-0.32036703762532914
-0.16328984549370745
0.08512328579552643
-0.287671091290643
-0.7007631419739734
0.6004649512588353
1.2097882423955877
7.366622659258149
8.484406970244772
9.875039751910414
4.493001736781607
5.128558105482302
3.367077038423248
3.4581763792810096
1.3930995225051988
0.01590568536775507
-0.8181306726677428
-2.3591980942098467
-4.767688613645438
-10.08273605553362
-13.46308346709571
-10.440274872919671
-1.6615358593135165
0.8309204625166977
-0.2831385239489448
-1.603391852960442
0.18467763284138122
0.10653422822651742
-0.036560713281465346
0.24959335978392377
-0.02793067582839196
0.3655924659318318
-1.1946698511521645
1.270311068372696
7.180366772767964
7.885701961717329
5.540372498197973
4.8039146833734465
7.6828041088203864
5.2330461352305635
3.561449412346787
2.307438822114116
1.741547891289358
-0.10106373082445905
-1.03538993467464
-9.656520763532463
-13.277626722221639
-11.908116070404049
-5.044072861086899
-3.6233315352213364
0.11546451463660114
-0.02991881445302856
-0.7467980146020394
-1.1535125646569018
0.6248362857469109
-0.7210527537393446
-0.07045955695635721
-0.016830525632767615
0.5932897935588998
-0.12014803724265065
-0.1465164980315964
-0.5497970849103047
-0.016384371737266028
-0.1195775246851967
1.843321395065328
1.51209225452139
5.905650417760974
8.573294855466905
10.464835498895637
7.329426925510053
5.549535946361191
3.567012636563359
1.8983518104013433
1.3323512853456811
0.2834058363247972
-1.8157285567981607
-4.138857099538355
-8.424690020989534
-9.720295895560682
-7.789647728546287
-1.9470870172096806
-0.21421369420106068
0.8452375860797016
-1.257268284210014
-4.048913828357379
-4.84836055925029
-2.400756377030494
-0.22166429161160833
-0.3091811652593927
-0.38689890979456354
-0.2474718647690318
0.5005959403335393
0.5746089534635963
0.05612892175038228
-0.22142074502261058
-0.3319681956484266
-0.2932625594975321
0.5536769906704034
1.0058733899167955
-2.410059626751158
2.997645913941427
5.306659909641825
7.728083103683063
5.676008271203592
9.955722869390078
7.518570339384353
4.209360343536165
0.972491794616598
-1.1631056102080835
-4.168671337035314
-6.497366224981114
-6.811821894279585
-2.4140146401805125
-0.15237742738838134
0.44155175790368273
0.19588354683780776
3.4249633979532237
3.5259464320796523
2.7243480763967005
1.5267883350522438
1.7293287969569622
-6.2819679200749885
-12.330880692135617
-12.207656619540073
-4.0670686317077465
-1.1324135003170466
-0.14764760485929418
-0.7181061839557216
-0.21979196789634142
-0.04911216903910444
0.30615732485641245
0.7299575692771558
0.2889571278127093
0.24055223193379696
-0.10106524154333915
-0.015783278330275607
0.030857781865364454
0.776591482326672
-0.3067303530180573
2.1171319651060116
5.100404448403282
9.055122291401235
8.990539290744346
8.658427389916815
5.656073312349676
3.348653944381033
1.7923836925872403
0.9903099404827062
0.3290048505577113
-0.0678690085316363
0.09608362072795687
0.21475635043445185
-0.7680232151258836
-5.128621904718822
-12.762665278101155
-13.27441983013683
-10.191011984872624
-3.6410857636055614
-1.8208685610959672
0.4321284741394539
-0.7231770399511697
-0.1435512553309402
0.025750024411266635
-0.40189625987179245
-0.3252459769241075
-0.2700685830697956
1.8850367336337144
1.073114737051765
5.057581557057694
7.904680409362934
11.12225126767368
7.739962846655848
5.790912598803624
2.966023844096932
1.7884914266309
1.2423904144275422
0.5757965425048112
0.4143072518821813
0.21625584344168067
0.4999059370749577
0.6323096580484493
0.010157496000680633
-1.1347867965986438
-2.8319506280438054
-7.168772510162643
-12.724577989868568
-14.37365113406897
-7.4881921632769215
-1.9196737999041145
0.26983727160503657
-1.113856769896547
-0.014679142612353537
0.02301096845706305
0.2646966307647431
0.3071671083720698
1.4860755256992786
-1.448219832062731
-3.9447911988356728
5.813689794673431
11.62660274231566
10.30052291965627
5.494811129207416
7.758989943303471
4.556891822281274
2.0399786679628944
1.7136713364132237
1.1058807825565105
0.8014562824556959
0.36084318216420386
-0.06828400258589705
-0.5400665902873222
-11.549634231929966
-14.791644099153922
-12.049435714689533
-3.2986827481743255
-3.067845713743011
-0.20689586861048034
-0.08251209468473267
-1.0051898496475624
-0.8546864077430558
-0.15639873918364297
0.018122042777053347
0.15101851633921717
-0.24808793353643577
-0.09008631037161909
0.35391773024140716
1.0214016630667957
-0.29816539695826483
-1.467324908015349
0.9262659933596539
7.312732019954043
7.53090507924846
5.60737472262081
5.939048345770267
8.682493874563935
5.85735892682801
2.6444464313495466
1.4073668865157596
0.17917768059009817
-2.49611758313451
-14.463231603708127
-15.314171597934532
-8.892554423768393
1.4537297777968121
-0.6703312716164143
-0.9470132481639154
-1.726567863522796
-1.2288351064872287
-0.01357244935688639
0.5642514009874959
1.460592702891149
0.36555792421955635
3.8810769241312744
6.623702448519019
8.354148464651171
5.423284058775333
1.6716955900194814
-4.613389379645277
-9.78865195847929
-7.667827901542783
-3.6678334301173874
0.41276235204981293
0.5226716930175122
-0.3580668445354161
-1.2693521285398124
-1.820641598142106
-0.8435813939957001
-0.6946336160490497
0.21619234517822003
-0.16441168250415122
0.19705482899649918
0.1310002676154145
0.346609051631799
0.8994810996749654
-2.458935228772579
-1.9713814941911372
6.414282437666938
10.894953754627144
6.151582254038549
3.828462803597381
7.632604593566023
6.737902351937684
3.102625044243624
1.9458310958535603
0.21485898793131425
-1.5993002113894959
-6.404755253304368
-9.971275332338024
-10.656815314830851
-6.380142995988614
-2.665441776810435
-0.7610741694993459
-0.23907749271644435
-0.09751591594596264
-0.8786561579821667
2.195255476053259
-0.7115168409412452
-2.1299892363485777
-2.851833028302113
0.5722451646002784
-1.0426920393467791
-0.9449226410115446
-0.02867981629179224
0.08730486084914554
0.030658637790985176
0.1158541024760034
0.3918671776994374
1.0640288572679217
1.1403959006851476
-0.3257544221158378
-2.0758344251460406
5.29077503821294
7.384593498147804
8.61758789607074
5.386372218872934
7.64315745884279
4.1704583446046275
3.1114220527647207
2.1696555577101675
1.7537561556605794
1.233055954366701
1.0346027866515843
0.30347639806059096
-1.2289099503524892
-2.1676922362709092
-12.62604124123847
-14.743203724615018
-11.045760920460175
-0.7470884461978042
-2.3779924326645427
-1.0309604050806584
-0.950207226693108
-0.2122284633998335
-0.5086073708354821
-0.2779598528045221
0.003160498692794291
-0.232379088920989
0.12654424544563722
0.9801509338592603
0.9080472784545363
-0.9916037319116326
0.4347253077228455
1.0136028142858526
2.9724740490445085
4.629244918525403
8.287802046098907
7.710008372505411
7.297353195851227
5.362603318959079
3.459048091366265
1.4201047911143103
1.070389918899103
0.7033601024673874
0.9170769716437033
0.2743276693977004
-7.144997032223417
-13.448498832962587
-7.967517383549332
-4.648735913153335
-5.6705500540142415
-6.000203244212527
0.07993362265624758
-0.8587850709282592
-0.9985689101808932
0.1773333181697657
0.5202729541595803
0.8647753079178707
1.5158563028789835
0.37989662841722277
2.89111869007796
7.199921383359739
9.345614871710382
6.818725353839588
5.271842865555976
4.031989375482512
2.8492324128144886
2.092342701781408
1.4143072331006032
0.7818367024696204
0.5057571800171988
0.28499441961448446
0.013418146846997504
-0.13937995970629738
-0.4534277577392123
-2.073505105794047
-6.165672148629304
-11.417368065568235
-12.464068314547545
-8.750815896551162
-2.8374426335965692
2.120725267609889
