3.713842312246215
0.2545245886306336
-0.4154130813859115
-0.12418300231447514
0.5102784726459665
-0.9616439441706073
-0.3836895452753032
-0.772316081492155
0.5761941306974939
-1.1154976049012595
-0.6139390782209643
-1.7033223468687635
-0.5599338630307572
-1.138100041138055
-0.17778732140826262
-0.4610388144835166
0.017116601200706242
-1.0979405120619103
-1.4227464546140436
-3.8654003528782575
-6.515975346384999
-6.943376152365208
-5.6740948807063445
-4.194517557731277
-2.8897409517430335
-0.9411117696796114
-0.8741345229900895
-1.0645705698700647
-0.3783754454753379
0.327963440255997
0.4162905152384745
0.015586271408046581
-0.16426711737138006
-0.3165892735523776
-0.05365256882134639
0.01561852898416266
-0.1104305055016299
-0.16907678877578664
0.11214831410988495
-0.0030212013341371466
0.15392331981624494
0.08471527499088613
0.09584581024208587
-0.03285038222583959
-0.03882674820428686
-0.28480552815694526
-0.018817163557801674
0.29310734808363653
0.11487462713477321
0.35019838127340136
1.8397819824638335
3.5399947995623133
7.291636960714021
7.745296656252409
7.23093704015682
3.783533822978093
3.3335028963246347
1.2694765840642024
2.4277288661449465
2.3064144203266252
3.3813773380225807
2.7597524968840035
1.5207009150844772
-0.42624037737736514
0.006803259741221559
0.2737819783951677
0.578054164726802
-0.4115740332354294
-0.008074826215063198
0.461391285016845
0.8854197288995889
0.1613346492406926
0.22348985581899097
0.5008487592616269
0.22874273317005975
-0.758603959624045
-4.09771540685406
-6.234108469126682
-9.03109640317807
-9.528142083568914
-8.533103091754084
-4.388591212683761
-2.900364312189791
-2.562639341542313
-2.507680892231882
-1.6083295603908414
0.0025993299545154246
0.8795547664991045
0.45352550165678124
-0.490492638168406
-0.6509486746736907
-0.6481210857081744
-0.2689149104395154
-0.07727060990762627
0.3082203441133008
0.21795897438356687
0.1730765763830528
-0.4111537044869872
0.4094408527597449
0.9106197630976636
3.5442812945764124
4.991055761678689
9.09379003906523
9.227938986234033
9.080373203048056
5.101707768404227
3.283909312102285
1.301479067590219
1.5496288650594874
1.2379142698222312
0.5580714646962279
0.2016632223313593
0.5145181537589177
1.144167133490099
1.0826096176659254
0.8850036863642128
-0.09653242884171703
-1.8779179136895507
-1.7886492324856682
-1.0378668902286974
-0.5580881633308163
-0.6165220525857587
-3.3063752336625223
-5.435322887786088
-8.867500941578419
-10.004894885176345
-8.910048629089575
-4.260263827057087
-1.1808645360305756
-1.5084108113584167
-1.7470456395213767
-1.5438979952114436
-0.5576777722472975
-0.4146870326215203
-0.6978003592323972
-0.6187810660441903
-0.37020790545208493
-0.16684203331340078
-0.06353814751542225
-0.21758085942898014
0.21582455614349177
0.5888003955177973
0.37391027436273044
0.04362316521369246
0.8969009007472948
1.8290710102837973
4.845533097971351
7.515895726634671
8.558303891724862
7.016581370438132
7.6918897413801455
6.635032440055837
3.2795684438241084
-0.061146754961389986
0.335446391082509
1.0155653062917493
0.8562796395521163
0.20996218213161408
0.3155521178022369
0.4717205241215041
0.19121850849268607
-0.12881306912751844
0.0233998532049374
-0.014343212144016843
-0.1769418084136116
-0.7981088692919698
-0.29723975936136493
0.022541289900299768
0.6632798712706413
-0.2269869742991645
0.04216140002348838
-0.08063280070721908
-0.7553580541735498
-1.6638097978711024
-3.432060324814333
-5.192127431253942
-6.865161383914466
-4.727256956135525
-2.597828775473359
-2.1441426608176672
-2.704330089588155
-3.3866301135644346
-2.542128140388872
-3.9328406614413365
-2.962106517234793
-2.314835393887946
-1.279958372803492
-1.3589457203557458
-0.6161858027636099
0.28068261729252464
0.3100719115241357
0.3565809016804152
0.14028245316143156
-0.1587257444580073
-0.0979446899574344
-0.00047770974441363635
0.03578869167324556
-0.012740180862351503
-0.07173580089197715
0.3425258882003719
0.039256607707556096
0.053329604076439906
0.9075892137366306
5.224781942298329
7.121645681218602
7.719039377060725
5.960157773335391
5.535765618903891
3.9910993450820818
5.251251605620358
2.9001719753049273
0.29008633131175404
-0.8277379012847337
2.6845220037863897
1.4204742508904806
0.7740104478764748
0.21387296327805524
0.9449413384986227
0.017577246109430407
-0.07508270804624177
-0.5167019100993017
-1.240513384461157
-2.6304495401604227
-2.585513694751687
0.09331372769497948
0.7006410469464976
2.0376207894334804
2.3031874962159007
-0.41242139388171817
-6.504829928900096
-7.541151234434165
-3.481731266795313
-2.044767054301551
-3.8192751248652828
-7.680493771169368
-7.898666865652423
-6.086788382496834
-2.8435736590774043
-0.6813825955811972
0.23964291358427955
-0.06915731809980977
-0.20412918196979618
-0.4258625812459786
-0.5253416680762537
-0.44875635262925145
-0.15623868257151063
0.15709705573970917
0.38792505827749263
0.282390404895614
0.1942120976530591
0.05740778405586309
-0.01807638378775712
-0.3039515020148364
0.45173855940933616
1.1609740967073228
5.4726929810246
7.917454876002269
7.577567267769836
7.647397287000389
8.110900377082046
5.896651606015935
1.9244872221045164
1.1572312594309018
1.0380802659096482
0.5265054810902355
0.5753442098982029
0.11589229928899811
0.8925541180829698
0.8845124933222324
-1.6866844282263675
-2.022452901121277
-1.6083007218754233
0.5465361305211399
-1.0204665707793894
-1.230039940600276
-2.0929759062340763
-0.421590973952403
0.23798503218629946
0.7691552690578557
-0.5371423854609177
-3.382634479676677
-2.307289738237356
0.227559036011625
1.4145942053948442
-4.3326998449332095
-5.398781316945873
-6.72281989760733
-6.345707177630784
-7.343574447482068
-3.941655826163672
-1.1010096299816043
-0.036924436747652466
-0.7157741053653808
-0.8151724763292111
-0.3266200407940343
-0.09807697226269903
-0.2733860860182567
-0.12435919839307547
-0.2155978606334546
-0.030570555359746395
0.08103466536546951
0.31994327454602095
0.19274299431369338
0.08941917631391326
0.15842577403942265
0.27381087553255773
1.0838470503057787
5.708151232105538
8.106397737527978
7.432797714618392
6.063247141083795
7.540621445788784
5.7283015946397375
2.4276695749727812
0.3371426885347918
0.5610994390955713
1.101717449869703
1.234762547867485
0.03706364507378059
0.2882601279431417
0.4335004452037279
0.07669561535400354
-0.509883914850306
-0.39976038755262044
0.29009508788262356
0.3841383668520218
0.49298910690987086
-0.323994530725279
-2.6244386144239744
-6.00421467313207
-6.561692755650185
-3.8869595889739
-2.535884588417958
-1.73957947747805
-1.404211968072611
-3.6636953882787804
-5.15078886780057
-2.8757824115885082
-2.0055895515665583
-3.3939175919889744
-4.158599347569739
-2.1171793582760596
-0.7254648736294695
0.48314501248498765
0.1407809239190596
-0.3640263900719064
-0.4705955820614055
-0.6003157223516652
-0.2603956551077764
0.04633069825047287
0.19489376532617345
0.009027992306850672
-0.030551304603884496
-0.10586524976352467
-0.08178822728604708
0.0030827902715388597
0.29401090065125113
0.20984917382906496
0.23871339337262434
3.7969912844369422
7.557691094204597
10.651511092924666
7.616887748802544
5.639723659589271
2.631518272572238
2.420313228747139
0.004906736573271359
0.8764017108387199
1.8608260346874528
2.2843652244007653
0.7908553089422871
0.8518070902454052
1.0464729217011952
0.685487928339459
0.12751586059173636
-0.0861989507568531
-0.7211788324336114
-1.2269623957826958
-0.9869675253311274
-1.612892625421686
-1.8670184006211947
-0.9004520893681854
-1.0866350734658263
-1.432138421597325
-1.8210327398792534
-1.9645871893652547
-4.5092442747834935
-4.278608205054184
-3.894535013223672
-3.512347096155443
-3.0632503253555208
-2.401042109073545
-0.7982135650220685
-3.245998398570378
-4.847464191255575
-4.918425700158309
-1.2093967775836292
-0.01436094673248211
0.24393548190164346
0.24092212246349223
-0.09239580466383351
-0.19185926023574842
-0.025601782985274026
0.038280841428037365
0.006417848603505494
-0.010437061919553218
0.017162369191426947
0.09248119698115403
-0.00505747551437898
-0.21567946594220755
-0.15374321489438636
-0.4035193269546778
0.09056668436858821
3.9082606710409182
9.032854200096894
11.864787208548682
9.823890832988761
6.330292954599863
3.033267036125708
2.9361149080341478
2.3399604830423777
1.3485877983832766
-0.17313270571146794
-0.13428806016215591
-0.18101768455969067
-1.9875904909397735
-2.4272861371690397
-2.8931417609077306
0.7828881056338305
0.5825946555160798
1.399161715321931
0.5284583728726219
1.928068168843591
-2.429639239569798
-6.100442866022377
-4.7228129189960075
-1.044806474109629
-2.324645605039501
-4.94529544717162
-4.723659435169213
-1.1437615169689006
-0.34253877131920196
-1.664778634096961
-3.4149316497777336
-3.1041243901190305
-1.966372956988626
-1.6891250897224468
-2.7403240004440668
-2.7973221517335443
-0.6652721077103114
0.9461648962904271
-0.07161750896496674
-0.059522242008636025
0.35211413458933627
0.4011110895350831
0.13853754816928332
0.25850889508774716
0.13779199788870372
0.02923504592880221
0.029968188481888754
0.1671367957348985
-0.03900960981872162
-0.09754421315106322
-0.06910378771161765
0.25988986125288643
0.09656175402223556
-0.35354692921760095
0.18569945759002626
1.8913589176798102
7.467719634593625
9.586307274160498
6.544144213581308
3.4354908212006894
4.219057037486397
4.346967002446727
1.7322629567755294
1.0942215027971542
-0.41761974371581506
-0.7642397067721627
-0.38355035675227095
0.046991577667461086
-0.7429466152431252
-0.8020917299636033
-0.3935127659445505
-0.8202404235242048
-1.360804364777652
-2.757566817643194
-0.30957534773206047
0.44279173908760033
0.38152979685864347
-0.949501025102108
0.06417855749603883
0.0737380818587926
0.20107088823217212
0.7909879612008869
1.131142142055192
0.6490736583226533
-0.1658499951374421
-1.6478092529150916
-4.117586145934137
-3.127178931208816
-2.0102051625516726
-1.212131015845348
-1.065192623504683
1.0801368152304207
1.1777883249523615
-0.29990858901715417
-0.6296713149700459
-1.1015092005552514
-1.0116989961423337
-2.594091203872276
-3.680171848330866
-2.902082425567427
-2.205383876444774
-3.037406790896795
-2.009850038041447
-0.2488955582106132
0.9597725174730233
-0.07338561751536933
-1.6257695553114402
-2.0115479985504425
-0.6283469272526606
-0.1704283566534591
-1.1726407573460111
-0.7293947246090796
-0.25681253547213123
-0.5306568877077702
-1.0141607831037487
-0.7408217886844458
-0.033803720237484666
0.3474025370520018
0.10064177873056217
-0.26454929939643107
-0.335392336149608
-0.14668996952536179
-0.048765919459613574
-0.14586296780169702
0.12864373449531033
0.08356145625363522
-0.28308598741019625
-0.6316398603293844
-0.6645102943748742
1.3726808611289407
4.22314678696088
8.328810531470983
10.84896592249195
9.208289573544084
6.126485705526538
3.8489233130547635
3.33235156742658
0.9583965414908037
0.5493015964001714
0.7695539718736771
0.8503763828763765
0.4876579922407475
0.5275469855861008
0.14223089620749282
-0.32453833484620215
0.15723479032837112
0.548226348166249
0.33899305519762873
-0.051741124993999944
-0.5645643603324767
-0.4518479174664744
-0.3447418792587738
0.2184473331956507
0.2614212783401919
0.4440957529732793
-0.05299734359450928
-0.1346464736944296
-0.017031344234764975
-0.29253945564282735
-0.31006446773632634
-0.1679365360701064
0.020304764779050067
0.04897839105686253
0.20879492998639632
-0.1831352504553256
-0.3361902852346021
-0.1859864942095907
0.554841802265399
0.46852257976361056
0.5099085201339562
0.023373495929020997
-0.06858886280649291
0.3112412168003243
0.41367927767885027
0.058543940444683445
-0.020052324455647228
0.16073999068151856
0.07275576860365587
-0.6182012254154582
-0.9233355806700431
-1.0868216348569242
-0.5245754086511455
-0.2919095252444991
-1.4543825723889907
-3.531480873174328
-5.431961603877283
-7.755548712109856
-7.869850218942644
-4.889261033804611
-2.0219589604919745
-1.6044362532867698
-2.719926138827077
-1.8372122475151853
-1.3435488076294015
-0.2681243216056109
-0.7948713854710442
-0.29593808406199923
-0.4676954233363318
-0.9754479572124618
-0.8744947466496154
-0.401427820878581
-0.8718009990655383
-1.529408916742738
-1.245017045674686
-0.7742708770005399
-0.7204751419257567
-0.37967987927429875
-0.24468092649645692
-0.2826890980704141
-0.35857864317662447
-0.47399986541102596
-0.30913653866412394
-0.13068996530431087
0.1129301959578655
0.19074841901907266
0.7554422812269006
1.2249358250224989
1.0546825097701058
2.2596850840459064
3.931048485443113
10.039887892106204
10.752424603205439
8.944424916753652
4.00300634537697
3.334736885103352
1.5667481723905505
0.9580266269934125
1.1359623364297158
1.1947988618495944
1.2740438839097024
0.8576544547401106
0.8021360315467841
0.3579133331433115
0.07152750998892639
-0.005767310143622574
0.5150332244359883
0.6927749714908693
0.7695448489594885
-5.83780393651737
-5.493741192355179
-4.35036418650868
-2.3736640491056433
-6.344481680560543
-4.752752407236818
-4.3590556952766795
-4.090755545011767
-2.998041498045883
-1.4799068158994657
-0.49848807392557704
0.1765214783786907
-0.968316336309802
-1.8498713740920742
-1.6303180176357701
-0.5536234225683103
-0.8788798630341177
-0.8388979030335613
-0.9001086972524726
-0.5487492844111873
-0.22858685191737665
0.2005050096718786
-0.33473491498990204
-0.9105936416127087
-0.7209591813600941
-0.6586590939415128
-0.47810369649923923
-0.18559868787499753
0.2779553460981685
0.15621282481763046
0.017352815067220553
0.24938010838729197
0.5485085861942278
1.510730853425512
4.103362431401265
8.292587303910143
12.03893555697487
10.360904851933496
5.720555206617076
2.169421771735883
1.6774167996065323
0.5237681594659055
-0.2733824250695238
-1.1852990515851856
-0.2913467250834355
0.24780974391885746
0.13472743455190772
-0.13557505752392443
1.1717753410149623
1.7480529769853588
0.8731864310457745
0.08252742972719973
0.05931459669515176
0.24398426052700206
-0.5743580167147025
0.33954389554866116
0.8908171383040654
0.4778909732413
-2.1959849180122233
-5.944086017090513
-7.191521088712089
-2.8762589226638093
-0.44386324808914035
-4.16976326110108
-8.575828381006884
-6.879492071037124
-4.952269776776911
-2.488400743409104
-1.4166917302247786
-0.8362269081718524
-0.6232091366798317
0.026317771243112378
0.17033667336473793
-0.6657008413045309
-0.5843687795681684
-0.43552557366109496
-0.22197224653444578
-0.3201867890063036
-0.31557645994150385
-0.015807661372386806
0.1349333372562256
0.15214249109080263
-0.0779163175700512
-0.02369967079272113
0.13241845161679014
-0.07859743759076418
-0.2376742194849976
0.5290560457739232
3.65572013762512
5.765628290019826
6.903943218984143
5.7508455119683495
4.064394313821174
4.866534781393796
6.613252399270153
5.027951483141535
1.093703814799093
0.8580904277704144
1.2111379690711033
0.9906703680741598
-1.5276517619089949
-3.33143604523903
-4.156898507017987
-2.614435457111158
-2.3912620119607
-2.82345884888866
-3.8535116564673824
-7.93411790971002
-5.431923023521063
-2.377082282323581
0.3396547957291467
-2.88995647705271
-1.3619775713413933
-1.9940499074891749
-1.6669442864410162
-1.1326834763095583
-0.06002469141175311
-0.04025339339354152
-0.33240612750099024
-0.15352584697861504
-0.06994048899719148
0.186122486122175
-0.06634223777112122
-0.20258966424107946
-0.13405967563957094
-0.05369502101060353
-0.2565673566343632
-0.2966878572103434
-0.1909482360804249
-0.1414446180617603
-0.006622850834802173
-0.48847273368516586
0.64039206518616
1.188054459707292
3.645128309069122
3.7300786373392416
3.5357029790055634
1.9443692464614557
3.9166453873662537
6.402812521171301
6.467287001418805
3.2630377618157325
2.1954938317306834
2.159342097722621
1.5689415887680311
0.17343994285600947
1.0231943494719122
1.4965036465392207
1.0778254657831818
0.7380838578556335
0.9405242088760767
0.9233981898114944
0.45419762286497317
0.08668447201663425
-0.0505329127822282
-4.465709069754441
-6.786315687070132
-5.797241597376237
-2.3445955946142027
-2.638865363193301
-2.395423202768062
-3.4993390134430085
-3.9021065502820993
-4.714102726465568
-3.2223116151184055
-1.8790446517101438
0.12100319292251827
-0.5444915765408577
-1.598706549370562
-1.153669517871179
-0.29623130629410094
0.013948129018484384
-0.577258963190226
-0.3014502488547787
-0.23044229856356255
-0.03601639129251304
0.05563902947818195
-0.028882185406015313
-0.17050004808192115
-0.14001867825757483
-0.21230888173768836
-0.25857514470718296
-0.11905219487867343
0.06717475312851683
-0.0053504292799538946
-0.24056213594176445
-0.010692201308841348
-0.21935670634523888
2.1537223759702675
5.278960939993233
8.013607775054984
8.797884862669306
7.02043061089128
3.8968862514290943
1.9733811366929677
0.9657611004077901
-0.7519011114496849
0.28867798965080854
1.9838513815039445
1.772273847514035
1.0076534056195503
0.6355866221391432
-2.2805234156200216
-4.113137416005562
-4.861571815650079
-3.392338248351294
-2.3647802242173555
-1.4412106692431634
-2.8786525677263053
-3.669776094247499
-3.436043862558779
-3.562033066573246
-3.1371555469914836
-1.9053919558403276
-0.5267227092479025
-0.7896088389948862
-1.1112787221539124
-0.40946976247193806
0.34784560415355026
0.07728746057974416
-0.4190172513308415
-0.2861262544122916
0.06405440191436826
-0.16363879827443104
-0.45343779407402635
-0.370226363413312
0.007630887581055613
0.2047266245145433
0.17539742302098563
-0.04639016697164452
-0.22457634901675433
-0.11062997168467376
-0.12856797924914176
-0.11831276962169492
-0.2458037456905629
-0.2497788452818398
-0.28131819891483045
-0.15848609999790056
0.05202773632564541
0.2209217173153819
0.2248427047537043
-0.5275442945163925
-0.06904090372594031
2.494390664924064
8.193118258471584
6.212901554469704
5.581188204974891
2.3753068061017606
8.82663158372783
6.859597769107602
5.759319706826073
-0.27802151944207715
0.5532259881397253
0.6706376714064777
0.19766295160897243
-0.2868528655818516
-1.9826336668704698
-2.635556481929695
-3.0137211498019605
-0.4921843551080873
-0.6115331190761656
-1.6362494917210209
-1.8185314460974384
-1.2224038113573739
-1.4130694301687614
-6.077975268115515
-8.622715834407986
-6.557830004927792
-2.7263093990933043
-2.287621848832062
-2.554978731232504
-1.0121472120171215
-0.5629432583673525
-0.5756986200288624
-0.8400997599253112
-0.14378965139763594
0.7929035411386381
0.7139177169311439
-0.2965628761906041
-0.3290599690961954
-0.33149812455777744
0.08971183873343722
0.2656121791064815
0.3545960522984083
-0.11536583726641282
-0.13513595289026897
-0.10950989129010281
-0.08968314608775367
-0.25485539168550514
0.07125834399399185
-0.06207316857444182
-0.1642529270163397
-0.1939704985388866
-0.13785271527955867
-0.25730363651196236
0.30142170832203075
1.9755639380715553
7.531612167899872
7.389887660824587
7.007462407543908
2.862123591910541
5.7246484062862315
5.934657094303926
6.10897543627508
1.9982011374125657
0.19380913832640392
1.6822924307798888
1.4990559470567275
0.03393594427616577
-1.6697967685435338
-1.9844390204966573
-2.919308883681477
-4.473613293494836
-2.755074193916637
-1.5267350732934595
-0.06528380913329117
-2.1362039529896606
-4.1144277557153695
-5.9738886474360715
-4.915428525475099
-2.532764279474316
-2.8381929239618113
-2.827144709464697
-3.2787856543620886
-1.4292404901672857
-1.651554203332679
-1.3436629993039284
-0.7047997109376875
0.3979039626872739
0.40091407947815383
-0.19760629931355758
-0.3316915100686916
-0.18532365618166236
0.07017895708332926
0.04295015547822517
-0.2880495757661355
-0.2677974063708296
-0.18552047036196062
-0.22015974521433612
-0.20993497959387292
-0.0564418479564298
0.16298928916226624
-0.1999624394668013
-0.3582725519991349
5.040036458770761
10.643791752390802
12.207166538999969
5.983045765236827
3.666776768406414
1.535320224430737
2.6028035711240145
1.948910533668333
0.10167825325228996
0.0979561478750426
0.18803014809750176
1.5865827736951834
-0.14351108306852528
0.0466299466342706
-1.4178608334952576
-1.3459819281157392
-1.4667457234863368
-0.9903444416937763
-1.2188257825405495
-0.9704025958758319
-1.3157921958205658
-1.1952648208829972
-3.997070607270857
-3.2285709261700415
-1.9815852921975596
-0.5970259897883263
-2.2528655722893767
-2.7235502253719295
-3.4406399663645244
-2.0863469854225536
-0.8914679720069214
-1.5469213093881242
-2.5245656722104166
-2.327770573625113
-1.9298847396587642
-1.94319070726836
-1.6627629975900076
-0.7502806916435
-0.018866957015433134
-0.31185940768849574
-0.545643711920145
-0.21771256576784015
0.2357922899166485
-0.04671930386059389
-0.06172691027523454
-0.2304633301896012
-0.06761438208272348
-0.16918809576071772
-0.008166140051578306
-0.3116852583212703
-0.05073810256911515
0.26615528778873776
1.5267333747612228
2.55432011383802
6.4346056081321965
8.07334691897681
8.087145532135757
5.364635270710757
4.850623560533261
2.73772840153373
2.6153568582187625
2.7971411305577645
2.4416813624945015
0.4668082999083344
-0.8862469163488467
-0.7008725812407989
-2.2615778785126257
-2.196247668034397
-1.1693120954462108
0.675257190700037
0.5718086437128803
-0.39207255944694325
-0.7171954571317681
-1.0147092153323114
0.14819691507488475
1.0011822926533456
1.7430357780050323
0.16539988309963582
-4.036908099918107
-7.253758491763611
-7.5069288058142725
-6.114813592938643
-5.329158518909382
-4.047045877322465
-2.7200027070270623
-1.3764158363568968
-0.1627199709513453
-0.37198497344602904
-1.3794093462942516
-1.1233318800637178
0.18599280015488664
0.2087751945308821
0.03677519053365255
0.15137003072092037
0.07316334322069296
0.01475274213805417
0.06919113954443946
0.09295089573988531
-0.08007152044831445
-0.3284220159174933
0.2919404120800486
1.0888848382100387
3.0600247268739618
5.68901143237653
8.170235476264699
8.231694380678297
6.301445681438046
3.8381380861214005
2.6503596443523976
2.091006181495211
1.131365814518177
0.23173563439742237
0.19313012146709763
0.4658038178080169
-0.4769939815487421
-1.205437515086709
-1.378326778392825
-0.5927933744795615
-0.8258825693504287
-1.6036845745263342
-2.3944244621191384
-2.6688029238048747
-4.461023495408655
-3.6616135275471247
-2.761278389392128
-1.5391244562002402
-2.7919990537189086
-2.546533786163994
-3.8653392361749583
-3.2141056428367114
-2.4209887471438556
-1.0482607364856895
-1.733472550572578
-1.1135059618053158
-0.9369249575499861
-0.2702996602370798
-0.3080075452517328
-0.18686903863406845
-0.11212262699134361
0.24531442034420764
0.21153758387818586
0.08704406080685484
-0.07653096448918363
0.031430657856400375
-0.1511560219105018
-0.19896646466112353
-0.08107491354692481
0.04124157820587655
0.05304883909625056
-0.19764304019402726
0.07179427493675636
0.1978023229875804
0.11550677607483044
-0.24361852018420724
-0.025827324293587552
1.5208141747146755
5.172570707206489
7.527717610591814
7.4691491207138085
6.584771090392225
4.914665619773657
2.4235174223660905
0.4040110998947085
0.05917029231823764
-0.12382821303159634
-0.09344957057181834
-0.010382974303656013
-0.5393803561359768
-0.06833319300909302
1.3897923786873503
0.9407505297706089
-0.13419053235396505
-1.3467042554160658
-1.3380658404562091
-0.5630033608249415
0.9401349579853303
1.1602606115709884
0.5010618814707942
-0.24291448048701736
0.3224849587831208
-1.053005115352672
-1.496996187003475
-2.648270458342722
-4.652917957140493
-6.667312575554917
-6.7692331361875375
-4.518368507346947
-3.1062645323724962
-1.7073451431515478
-1.4890224348865015
-1.8923666770045053
-1.1953524101703636
-0.41543671129755905
0.24471135029748214
-0.00930955640446843
-0.29898673242189955
-0.20485569403822068
0.015963718824628385
0.01744834121212501
0.05778997104601997
0.15648597602948094
-0.0599092381242456
-0.5480462024377589
-0.1434498785099107
1.209035182386596
3.8992535835374498
7.756295632056754
11.373366224460954
10.358675267599825
7.695210195377979
4.71968430672943
2.3531168501146187
0.9402851046188361
1.443433125179292
1.365063232573591
0.2396161753669038
-0.25874472042014934
-0.5669653889006299
-1.9246264021060429
-1.9426578730447757
-1.85614644930172
-0.6485488818066312
-0.7164519550568212
-0.31675028219975077
0.46580858951165577
-0.2925839763503413
-0.2518260588943676
-3.754975039819876
-2.9138344241531446
-1.526946027333649
-0.9282060646743345
-4.8354742409321885
-5.6404127469123
-3.909178603268223
-1.3979779839086073
-1.499079858171842
-2.6864577056515033
-4.741489718854922
-2.7545183203738635
-1.7679043399866652
-0.26876130032021356
-0.7977749867058701
-0.9447496472963401
-0.7990470767851126
0.048912197913525975
-0.17355558965008552
-0.2243372998063641
-0.056751482775949
-0.21995202123156005
-0.3537366994157001
-0.1340156792091014
0.017972161010037423
-0.09401623733311139
-0.22651446469359582
-0.12005266166919981
0.0932434059723378
-0.04393249673769195
-0.11790537132695528
1.1207274372683398
3.3707280322126985
8.036719788208726
10.340047004626298
7.985738767877088
4.613973267296057
4.600197909200214
4.138520611445473
1.378251205844166
0.44728774740699795
0.9950325038995599
0.9664708711440179
-0.37884012696377023
-0.290459697383517
0.09954792708960712
0.1501474829342372
-1.670242213142061
-0.12746748918666842
1.0805261686210186
1.2645897883581312
0.3437014192339767
0.1400301290183895
0.003620039113199286
0.18924480183476
1.468725188403436
0.7157069419817033
0.7682628538755113
0.7252222677415799
0.9352639115079774
-0.2743134215897085
0.2659130217650181
-0.5778155091337585
-0.22067700098514031
-0.668475196112681
0.5602837240452082
-0.15650833833006808
-1.5006517025946229
-0.7421425162011475
0.4878336691257268
1.212161406385872
-0.2367158215700623
0.14799748642427787
-0.3791648101373706
-0.7213956813521715
-2.363560818329559
-2.9854742352109884
-2.670396392542401
-3.3251658710038283
-3.4558622173963123
-2.636849241624483
-1.1423793876192194
-2.583057260817319
-3.6984055646625693
-3.8448480366884072
-3.4376877688184337
-3.1949243283628683
-4.398441339701673
-4.745135644201292
-3.910253208957911
-1.1310865461334565
-0.017467319885656078
-0.6473687411750363
-1.2544672839607038
-0.687566172997101
-0.30783451428718883
-0.48764694309976453
-0.3563723762540511
-0.198846514912265
0.031365514724187284
-0.08680336510579181
0.01408826647714691
0.016618246630202393
0.14507776471549555
-0.19366478086834996
0.5757775520409681
2.737548184648426
4.430115375246653
6.6302880385135285
8.050612582178426
7.477579154990694
6.507990153369542
4.422359884152167
4.087020262173028
1.8894680366662429
2.0312671698200857
0.16095924986189983
0.6444191767531271
0.05458084016054609
1.1486493083141678
1.0043691779059711
1.110208226356971
0.6497770237571957
-1.433883992623845
-3.5214093969122984
-0.717847166168891
3.0753762012331882
1.5958042660456766
-2.650069901506908
-2.8979927583026637
-4.2836931939183645
-5.733523812660098
-7.087625361243232
-6.628266511592478
-5.836130070725109
-4.555258650942313
-3.461310041690092
-3.1795528820761016
-2.069014615082354
-1.0789534921851223
-0.4753523837326791
-0.23848831412084792
-0.6859896428952166
-0.9389904610815981
-0.7138008769955567
-0.49126278074095814
-0.20614202837266155
-0.05180447144036929
0.19925999411180292
0.5904847633248669
0.705526946697999
1.3575744249267807
3.7562884242423094
6.710953203280756
8.94660398506741
9.682181611592442
7.6188462282364915
4.147640788511366
2.1027682088008333
1.843055900040305
0.8384574252714426
0.38025952883338926
0.4930851161392105
0.2616830573519062
-0.14708654533799495
-0.8173296198792134
-0.47971320660596123
-1.778822148348419
-1.1363608475138955
-2.126386659637954
-2.4019684578471554
-4.0020227625527625
-3.1682481974912347
-4.370880806198125
-4.124708020655378
-3.019361077136356
-3.086379583076275
-5.2769265103227045
-4.1909478351819764
-1.2625652753534868
0.08203534583164301
-0.12304723348511326
-1.022759422833026
-1.5320864149770124
-1.309059168410009
-0.06407753632463489
0.36270379361147026
0.1610838410295052
-0.20820799414910707
-0.5587387857016428
-0.5110529697140869
-0.5395534246000858
-0.3204368103796783
-0.2595636369112792
-0.6516239550565185
-0.4569240345833027
0.5019939325414793
3.848223666994695
5.9656020449380565
8.765114797566085
9.333983448423727
7.843176733836421
4.346302449389688
2.249955522547852
1.796007811244622
0.6817406952097237
0.5062015744388323
-0.08479731795159078
0.050858776629606035
-0.4470862619799353
-0.27996774778709166
-0.9973847922736713
-0.6575554222424237
-2.0248470535856518
-1.1046762423011285
-1.074640929050229
-0.8613036188349877
-4.302784078978323
-3.6309976701428592
-4.899438894023071
-2.1139520527452276
-2.6581659913527673
-2.182296999081012
-2.6960240019819617
-0.9835621566701385
-2.0622808059349316
-4.190320941701383
-2.6396161447665936
-1.0744329863560187
-0.5989740956120589
-0.7985462560524158
-0.0809288795321682
0.28614849551430116
0.0005534397496803937
-0.24671841645087914
-0.23527702646730325
-0.18192950793780485
-0.2046987116208229
-0.22153160477896294
-0.4764267717264405
-0.33369411458092024
-0.20005547904085236
-0.48391663626457115
-1.0950164566572285
-0.9450257393495181
2.5585293414436165
7.504109804579772
9.915999531849774
9.755855536479206
7.069278196520203
4.482857895888549
2.3989190369785134
1.7871177518427546
1.0810887359987646
0.8750986723865748
0.16591783575362246
-0.3207500969522874
-0.31214381223049426
0.059318558711399835
0.007526927090245539
0.025299260709665036
-0.07989347338467355
-0.2646194425102752
-0.14696643440542836
-0.16987865438743943
-0.07402135235151629
-0.5060016012842103
-0.6203651914880168
-0.6037182231304704
-0.690362448546126
-1.396876105632962
-1.6422581271427061
-1.7383840671204143
-2.909560319623977
-4.833562153174628
-5.290117308097024
-3.8011505973961777
-3.179504314894354
-3.813059720435417
-4.607332854819503
-3.8641425024001355
-2.2722058009184027
-0.45897143762597126
-0.585266122510244
-0.49382816395858015
-0.321749530394379
-0.2259026776717891
-0.5117568923906984
-0.5909383431213642
-0.38044907866631056
-0.13848290196810897
0.1398816652030362
0.36146125222941816
0.1219433823890098
-0.07931767564403287
-0.020393146790413423
0.12873638741069157
-0.31509895188165593
2.5342022603448227
6.652680098799902
10.635912294342784
9.076300964113473
6.327584552509912
2.8209056954314486
2.450469975150343
2.4251095722202476
2.25614187193879
1.3556896816161959
0.06889992593821229
-0.18959227553581892
0.10019425359405823
1.1210597108609168
0.7925571019271811
0.336166855809358
-0.4267266901091514
-0.07453088858863033
-0.6377577781757079
-0.6717207357564408
-0.5899299047002573
0.09033780668863098
-0.44494589503581405
-0.4992694183310515
-0.4858916184846813
-0.6949544475635734
-5.793687118206884
-6.862162424207997
-5.397939371076439
-2.234461962573459
-3.0259295459278723
-2.2156165322609027
-1.8781042461320892
-2.110038097947964
-1.5031451394038486
-1.665837691581872
-1.4015274247602423
-1.6775365081150049
-0.6787719318419447
-1.759906861002556
-1.467160552928434
-1.0048587448962958
-0.23360537821291322
-0.6502957010749701
-0.21905343375482747
0.043195864016654054
-0.31073145854425765
-0.38487689332273095
-0.22745938379745745
-0.23658855131742193
-0.19997410570503776
-0.16174757810764437
-0.4436656340054109
-0.5858099521124723
0.10541047258108273
4.694373394508313
8.937184825963735
11.375984165071431
7.975441892959471
4.994046954295053
1.957922528323415
0.7440736380084246
0.05499414485892668
0.5667167011367413
1.4966757856566077
0.5381679552288428
0.38312335853483154
0.1209563566366103
0.1088984588156334
-0.25644672386140754
-0.026997893440778166
0.18598425613293337
-0.24389529907339833
-0.342936492880492
-2.244622384888727
-3.2901618361395406
-4.90481987463197
-3.517518392819846
-3.5702603976792022
-2.122548252475109
-2.371563735411775
-2.3027540028134648
-2.9916718561140034
-4.186618126322947
-3.522225025918879
-3.5069028957526465
-1.1890126188247383
-0.9596035786448699
-0.3235325899118354
-0.9818303690230118
-0.32583129588233695
-0.1063822174282602
-0.23205839025383265
-0.20666646813474002
-0.1834298766717145
0.10177792585499469
0.04371796357900314
-0.03268204424097079
-0.18818448005590474
0.18720968735717453
0.11525915680834792
-0.3974324107481293
-0.23683638095097118
2.774803829286972
7.5516938860648075
11.585883018679299
10.57535413786274
5.684996395012915
2.0067630410451085
1.2479172160720406
1.8808789738343838
1.2841239276084129
1.0092138808262758
0.5658861209610977
0.37929314532410063
-0.005004970511275637
0.20119738074568383
0.4205924556543667
0.49749142036688004
0.22964775103533092
0.1288666390695743
-0.31723140337507144
-0.3681065789226025
-0.44686521411490976
-0.49957926176975764
-0.5530041306191905
-0.6225377038006855
-0.09307305236092218
0.3171849194930945
-0.23325608100737044
-6.088284971282813
-8.428026711105904
-6.224134306916296
-1.3113518668868112
-2.157900043435646
-3.5210514026287125
-4.598465910245719
-3.8948681141360084
-2.8405018239388253
-1.895967732757406
-1.1635888613961327
-0.5239567274164422
-0.8481155362800828
-1.1051047559150835
-0.5625213488101131
0.009216732955730191
-0.28737800440495365
-0.4205737810545489
-0.15949940269197235
0.04887251943453477
0.05569098483375609
-0.046470155803228226
-0.23441327203156934
-0.4346190546211297
-0.39330033052744434
0.21033306934990673
4.378855440952817
7.760513259854694
10.17031079987457
7.43740296403555
6.48124844207175
4.063935931594509
2.9028828901693458
1.1841585018395508
1.5036953186598823
1.9686136711640931
1.3102984863676326
0.8452813381442159
0.6209294142930808
0.2367802132733489
0.06181598329800049
-0.24885256077487145
0.02904612844420283
-0.3127102259059833
-0.46326952970405205
-0.932155578042286
-4.758355527471149
-5.899923561853447
-7.271356026468128
-4.006739267199256
-4.717549944520491
-3.110321829867303
-4.035095197267037
-3.8995386643532495
-4.048330958685097
-2.347051966513601
-0.7198898961220406
-0.9410446259270293
-1.3440615427962699
-0.8336823868609526
-0.2584737954456248
0.0786985429641997
-0.05949199326130102
-0.1611324982394722
-0.17835472779276135
-0.13095725286138415
-0.03659356573786063
-0.22601846633519446
-0.22752971108333855
-0.08824907801511352
0.060775679531595836
-0.024393760921893676
0.06080552017468362
-0.01878112766316438
-0.03142121421743202
0.11662121319873373
0.02871643477100557
-0.19181143071138587
-0.1635447044327795
-0.12461005319446508
0.17203876317037603
0.8757449658688689
2.835763636101319
8.212551343457267
8.642806744084888
5.552674799785477
0.17678705403039519
3.581106452788763
7.382421543204602
8.567894310991864
3.6619276582469102
0.3686610633621311
-0.7791051075630117
-0.1072514880536467
0.7199551139916515
1.1321644304371792
0.4602790471540192
-0.1727108672948093
-0.5859324011934963
-1.6434087763067498
-1.789920251080423
-4.762231659071209
-6.531514812416709
-6.046388729719398
-3.3871774207081153
-2.1388422592657914
-3.2264341168682544
-3.5554039258891703
-3.213193429989169
-2.0906640542876382
-2.2748964067053277
-2.0339860936269183
-1.3869909314161364
-1.828186981463505
-1.550442814657301
-0.8990223105021145
-0.06638348349184381
0.3512956192174782
0.30366830689063823
-0.06830413045417415
-0.16092890465189857
0.12676539638303758
0.08390228804455035
-0.06817870262658499
-0.20849184292251957
-0.13823780705958447
-0.37901712740843463
-0.21536853325598063
-0.5082462010559019
0.1623360730978305
2.7309427052097828
9.117373068219456
9.545351816841448
7.746879142865031
5.929997019282779
5.861693120876841
2.4814626658310615
0.31721168136228856
0.7154126331184633
0.17518012153738935
0.5534974222872971
-0.6009813748583723
-1.3308350375641804
-1.436193433764776
0.25926246062168895
-1.91481304913377
-4.030846081381695
-3.2026203882167548
