0.8388460597298503
0.8690176304264238
0.8823909291244004
0.8903150282052763
0.8984193348818544
0.895488165393507
0.885963600927146
0.8698969242990078
0.860247886702715
0.7971946499090042
0.6889695661622525
0.5562996144701159
0.4459434891858485
0.34616751230382997
0.2735112569118735
0.2332896016892651
0.2262179011462621
0.22630734180378329
0.23687539685785491
0.2450264545247982
0.2587365378482662
0.26755255519681853
0.27507221630080364
0.2832510905216373
0.2862544083086872
0.2878510679245901
0.2814414757648598
0.27835467666960445
0.27523074033760025
0.2716257917926203
0.27011941669733014
0.26722529661913863
0.27260381040385495
0.2908879997518951
0.3381561794743393
0.41434600269782745
0.510594941197184
0.6286804677125144
0.749608555073737
0.8299850448963859
0.8577000906820839
0.8732535923127535
0.8861687990824968
0.8847068938119316
0.8856990862041494
0.8953363240374801
0.9027410413545806
0.902694573686545
0.9019525382649565
0.9052172356297767
0.9114629199574649
0.919044346149445
0.9248722508138925
0.926663015494532
0.9255839716265571
0.9207191086997355
0.920444370666943
0.8900961412994469
0.7959301326457319
0.6592429526982642
0.5073178630291312
0.4177778307677279
0.36716299043438105
0.35330231070061763
0.33320818533259766
0.33783960015236025
0.35197836509126035
0.3680288151785043
0.37169460350824857
0.3684381611299829
0.36549605876062635
0.36866147145902917
0.3703531657821107
0.36881274796198565
0.366702385835431
0.3628278997272411
0.3613914390673557
0.3516681187728702
0.361691015224773
0.38152222876374614
0.40720008702158195
0.445636802868741
0.5291667445096324
0.6567071954065168
0.7819105878316485
0.8619530964719289
0.8844486347670435
0.8901249727482163
0.8948937416149798
0.8989596235189518
0.894794721298856
0.8908002093645188
0.8889114079624362
0.8889427996078915
0.8922056799671849
0.8948351099700871
0.8961359767266573
0.896963385322042
0.8908262801307641
0.882692984571163
0.8658002872435465
0.8219318877500486
0.72627868525422
0.5991580648971702
0.4603183825455118
0.33324811922210407
0.22737406683491726
0.16302012438568908
0.138204496439697
0.1376333552015151
0.13957223937369972
0.1356402920758237
0.12378660263865343
0.11466829982140093
0.1155599399648283
0.11874043572010735
0.11949029889459023
0.1203326393032319
0.12449421801427704
0.13135634680469951
0.14766355234961553
0.17517218008307656
0.223090115528175
0.3572025835251455
0.5659747490375122
0.7764959321763749
0.8898728547023191
0.9364184663070707
0.9467482635601543
0.953304740760063
0.9521627429752694
0.9534013534894942
0.9553990403859028
0.9553334518961396
0.9499910801100709
0.9461995470306603
0.9511037477833445
0.9531591169337822
0.9478865652386814
0.9442114805274087
0.9496500153809153
0.9502935215258004
0.9409782364979097
0.9274992091192606
0.9018888976175853
0.8566916899979662
0.7764872310540405
0.6771782305094245
0.6063821572716421
0.554897141759187
0.47929270961125703
0.3951126357695766
0.3547251392665475
0.3524861017999176
0.36485968082072595
0.37916866560815543
0.3777601347709029
0.3690145197609719
0.3701988837046821
0.36666075940419374
0.3622666573918794
0.35700044044585943
0.36025970180794953
0.3644418489941379
0.3812888791363195
0.389474190774631
0.3969812545480563
0.412066270983353
0.44608887225101623
0.507173755533483
0.607101201555046
0.7428849948204874
0.8647841347341142
0.9321687371437495
0.9454190700640902
0.9431601425228034
0.9426141530386216
0.9428014504925584
0.938895958790469
0.9344454070682844
0.9293615594725672
0.927050788030493
0.9267733619043077
0.928853011056898
0.9319108338470284
0.9299390424334419
0.9285410931828237
0.9303700043143683
0.9293995441686388
0.914141415530637
0.8505588979715383
0.7032615080560208
0.5108195730718781
0.3684889686215112
0.30518667737602645
0.27121268487931954
0.24030033377268736
0.21020365251509854
0.1826755553343462
0.15751503654468452
0.14513036139034835
0.13901118820492056
0.13662114767216021
0.13626110645841816
0.13725005905522733
0.13926450113809333
0.14293094674133677
0.1475618634176052
0.14904376897523516
0.16472865830997852
0.20221532743532072
0.3571696171519261
0.6165679815092431
0.8601228759893265
0.9563213163030395
0.9697402109009006
0.9667695209550332
0.9614880914869699
0.9557463933895921
0.9544992882724882
0.9541487173977703
0.9472197204147221
0.9384407912502633
0.934338485037765
0.9319987677594375
0.9371889234770651
0.9446577078795291
0.9542344864173139
0.956586888904886
0.9566081762937426
0.9395933707992041
0.8815673703794564
0.7790424104381214
0.6313121079515082
0.47230111287380905
0.3479450650167203
0.28488525289231276
0.25952227841685427
0.24384273924609967
0.23512957348378383
0.2293505166987373
0.21921962958949098
0.19807896994130983
0.17408386984931595
0.1617673552935982
0.15803650716848472
0.15073181616160447
0.14210161398778706
0.13495401247991262
0.13113447558593502
0.12662115988541217
0.12624866897997425
0.12737896616894273
0.12932808411029306
0.13938009910781274
0.19131678613757544
0.3279543087208072
0.5609169575053354
0.7952117909735912
0.9320873603945801
0.965239469941893
0.9708837354753573
0.9745346873776866
0.9736486658373308
0.9722099005832299
0.9842605952517828
0.9925293487898657
0.9963667117756443
0.9937718391314453
0.9919170201106278
0.9896503034292256
0.9881353683453714
0.9743895476802094
0.9555279034751927
0.9320574697464798
0.8816240544484357
0.7771561277290953
0.6592961998939588
0.5405250451286214
0.43961236059865894
0.34772892540021944
0.2792427098998433
0.23039680634379467
0.20691825272575304
0.19734991726145254
0.18839882136372538
0.17537101820002712
0.15909213333518532
0.141044605722585
0.12832732099965458
0.11592962938793286
0.10727294206619802
0.10139081494168294
0.10013465718209058
0.09960080055049043
0.10204065082862307
0.10585902296451874
0.11838333870933282
0.15020764047251112
0.24992112014991036
0.4488000943332505
0.686267946960687
0.8647386859439676
0.9386159847080102
0.9502251339397155
0.9366325625428905
0.9229313650259614
0.9298369580199806
0.9310971731456587
0.9290563044871656
0.893207305381846
0.8706552735506314
0.8489094286838836
0.8389150750561912
0.8314383086883481
0.8223271294381137
0.8010245232362256
0.7743041743987406
0.7335286147001155
0.6620168589608533
0.5805032081581206
0.5195404595227837
0.4591594849173741
0.4140063396767963
0.3819599190545747
0.34533947932687764
0.2865970265209102
0.2755088283647118
0.30423275835617436
0.31223217576338297
0.29278761614518023
0.29290270161775245
0.3213200572283526
0.33007972395263263
0.3278798522549733
0.3535605284638055
0.4422431353052038
0.5738795376129006
0.6960589492538324
0.7872211220196583
0.8355444205904153
0.8492727010883433
0.8476319642091684
0.852428937237495
0.8624250783879625
0.8726532130755286
0.8716647705263263
0.8709300446977828
0.8610875779232885
0.8571082297276122
0.851351713168375
0.8522694662831944
0.8495690397702873
0.8481891631016794
0.8405683126083159
0.8298674021978008
0.8063707730686507
0.7410119160570998
0.6127884478701459
0.4564938654856268
0.3208251453617068
0.22697268279173932
0.156141341675706
0.10149150286784411
0.057057489918904636
0.024722272107124015
0.0065075222947175455
0.00368114409121374
0.008215850558700402
0.01664886484932866
0.030216522411071155
0.03990724050508486
0.04704779175297906
0.05285060701368176
0.05847073513051023
0.061480737068525686
0.06118835344806816
0.059838015196154073
0.0753158019639892
0.08852073242291265
0.15255042708672484
0.3219865886475247
0.5833938123324369
0.7863799233119233
0.8711999287888954
0.8905333581841344
0.9072931529241428
0.9181238138857818
0.9218181413440175
0.9224194493340776
0.9241652328015255
0.9182386183923195
0.9166131393136091
0.9138847083007378
0.9107666792284665
0.9026129455778292
0.8970765512860563
0.9026809544453469
0.9166057734378824
0.9044040197183949
0.8493399569886446
0.7470496426079472
0.5979067690233973
0.40177281418217037
0.2189845644291042
0.11291346518090657
0.09022508908806032
0.06777767423403949
0.03942001042078923
0.015187107094564478
0.010852263247619221
0.0024435602712464255
0.0027829487279561835
0.0039001560149064724
0.005133153330000702
0.014677641425677422
0.026414139223873704
0.0294042853218571
0.026162489922210336
0.0222402387107751
0.023457316611713692
0.027256266891550432
0.040396878169224354
0.06279488140761508
0.09241024090704714
0.21717320026484505
0.44673224841623066
0.6848921414459586
0.8205975521104791
0.8964959532584204
0.9332246735678722
0.9329924674096586
0.9187103965358783
0.9237493814338208
0.9417084786895201
0.9488615693422737
0.9451263430701412
0.9395232299836507
0.939735015663756
0.9357592499568532
0.9271851083178725
0.9313017181203409
0.9311703965409284
0.8947293625222728
0.8051797089718424
0.6552997119856299
0.4762293706671581
0.2951577503724993
0.1857472900110875
0.13384315814930367
0.11929843929266062
0.0904659331711748
0.060920785476372384
0.045955569115398706
0.045520274829377996
0.04550971671755854
0.04188506302934935
0.03717461816636257
0.03362578649777022
0.03379811043865653
0.04156024938642465
0.04717384076048042
0.04765453569680957
0.04803546690681406
0.05267554144200069
0.05653452321726207
0.05266536468250481
0.05244338237888849
0.0559026419966276
0.061202811223575494
0.1401259696058054
0.31807266580441473
0.5684614633132854
0.7699653648362045
0.8944925041110247
0.9349190875855846
0.9351394884770217
0.927743606295265
0.9225745616304379
0.9302279019979828
0.9325972808891055
0.9348021877720118
0.929179443246016
0.9219526888153988
0.9084473705901092
0.8997832692671993
0.8928654060853412
0.8921706362003721
0.8944885479829507
0.9039933397628328
0.8961177069630657
0.8618044140779431
0.7820786439837288
0.6879830404643708
0.5662083493798615
0.4569706455334514
0.35388375139757133
0.27872951252139244
0.20886436271313238
0.16735632062643702
0.14175790974822106
0.12703242956504285
0.11628147249741094
0.11599958098946825
0.11195507536329607
0.11049213198234434
0.10033503172629454
0.08884372572222343
0.07581250302217554
0.0738158781578545
0.07559284532546637
0.07770154035744334
0.0832802137352692
0.1068256644314604
0.17772290849219338
0.3217727187424524
0.5545775838816167
0.7772948220154268
0.9061400750233118
0.9379550319504686
0.9446171828306194
0.9458916585214259
0.9387624141760329
0.9349166366979057
0.9307324380200274
0.9250958994656404
0.9181788674383043
0.9095648539507707
0.9014248596163293
0.891307251083838
0.8893059013805776
0.8930099040081517
0.9018538426931715
0.9136506743507452
0.9235982126955795
0.9190277870658397
0.9110998967193668
0.87700363253863
0.7854641391964262
0.6250987685306894
0.4486110927092297
0.28700908783214524
0.17845183363795264
0.13122383381613995
0.12255439040539994
0.11305461025668512
0.09536454022985094
0.08508702609983812
0.08269567080059921
0.07934567758750884
0.07179774670483219
0.06517582180826945
0.06580026038129125
0.06461714378892924
0.06432237354533897
0.06673952336425223
0.0744031308090484
0.07552704635319846
0.06626865607264276
0.07603979247256232
0.15256355598268675
0.3532058274823425
0.6092751696125636
0.8170475504580075
0.9120422923453525
0.9400565852111938
0.9346416279288325
0.9236812109943718
0.9197450433356678
0.9154093398934211
0.9122171964343365
0.9083101804605327
0.9076524320318007
0.9046987496866012
0.9039745727924132
0.9033465155174218
0.8941233668165063
0.8529572512481683
0.7898124554794697
0.6761115400877611
0.5235633239099264
0.3622748453229779
0.24896420466678162
0.17313506976684942
0.10687831593487049
0.07055267051358954
0.06115543763378061
0.06759228720762565
0.05571496465465071
0.03995381330301281
0.026387440442190546
0.01688594477828018
0.014794846660716008
0.015447647040441461
0.014573059859719293
0.012769667764065145
0.009739684422598004
0.006307159834757179
0.0072727334097090835
0.01654319818729752
0.022253018938585188
0.026354977386098797
0.04699235594995614
0.08940958438607066
0.26364438442676463
0.5313563017865173
0.7892313824536684
0.9023055985267613
0.9375108905742383
0.9326202095923974
0.9228632405009523
0.9136055309794391
0.9023116513863426
0.8960670720498474
0.8901719213809782
0.8819889931852148
0.8726159399750371
0.863727113811251
0.8620463129819982
0.8702903174266574
0.8816350112219586
0.8858155217419769
0.8907073660234683
0.8975634133872017
0.8789903238963994
0.8156768430680637
0.6783534071312018
0.4529558553523164
0.24037855143451065
0.1307833831505335
0.11193833824464755
0.10229080454567852
0.09670162222005904
0.08752115621462829
0.08008734955846906
0.07429695354951302
0.07298350402165954
0.06925450381130588
0.06946919937048174
0.06937292946271775
0.07175943510696334
0.07320352558167764
0.07666019925364964
0.0827101168307564
0.09141403297979094
0.12323358897820709
0.2043678994582015
0.4138434847006721
0.6417785779385686
0.7993871136816701
0.8216527033585266
0.8338559084229445
0.850092282675846
0.8562782840316668
0.8539998021925236
0.8763754253474293
0.9058012902743043
0.8855645569702816
0.8662442970946528
0.8640961966396952
0.881686311099786
0.8775118327204527
0.8768826568214384
0.8534363459396979
0.8552517567507081
0.8224873275887101
0.788794581421429
0.715813723204479
0.6166569572509839
0.49653097955205117
0.42084584362854344
0.38856279263654586
0.351868847527235
0.3085589420668971
0.2628629904932169
0.23686690907454194
0.2229512738674455
0.19792662214093382
0.1804889347572154
0.17995228533401136
0.1887131116441318
0.18628491546541764
0.1866095588598407
0.1845879656319588
0.17552203041884684
0.16758669507527402
0.1662942189686296
0.16120031886131297
0.15697506991807825
0.1656633574933735
0.1849625127962121
0.20169505461173762
0.2160825817157905
0.2762952054026563
0.38075556751190714
0.5185205348520529
0.6488949739931553
0.774048696811085
0.843183420675064
0.884419220754689
0.8940873324929423
0.89563765892573
0.8808507426898178
0.8838791144755291
0.8929709626103904
0.8987642673149215
0.8892474931166656
0.8762010558085047
0.8783471293180791
0.8789427405977401
0.8759218644388826
0.8745998200963725
0.8943089711681127
0.8804363698537995
0.83074751824081
0.7156363782654203
0.5437761340082904
0.3539370588711609
0.25439168820796826
0.2473443401638419
0.25449222608261535
0.22069907898349145
0.17582318056635815
0.1463136997592036
0.13153371507097109
0.11898678571226227
0.11191018178698746
0.10861296355076536
0.10792586353536152
0.10594174497711639
0.1039322671153755
0.10136816371085094
0.09987055939314939
0.10071976618761722
0.10756454427421482
0.12193617101033628
0.138898716618083
0.18220493844469696
0.21720732292672154
0.2899782452463212
0.4224255902060908
0.6082053867466022
0.7257578974021651
0.7669538760411291
0.7656459631078901
0.7700348489796298
0.781703329540808
0.7953412087171884
0.7975262123383846
0.7869402211107376
0.789969379818674
0.7999474208568095
0.8256696514337458
0.7728340933685642
0.719547443299619
0.6746773321937831
0.6678674408415468
0.5867811417249793
0.49315865228344524
0.39835918711661034
0.32071700131341196
0.25985347401923814
0.23862338970483268
0.24382930089095067
0.2450079943206089
0.238343380498582
0.22945702193481302
0.22344738964925698
0.2166833493834797
0.20984390115261503
0.20644985439497193
0.20404767984904737
0.19629628421524734
0.18262365030698308
0.16668191582754033
0.15054842954872685
0.13704740888520522
0.1308531590239081
0.12747007499157276
0.12283908872749458
0.11845379953742113
0.11779011310342277
0.124695925677709
0.13389776827946104
0.14483017203474288
0.18213163709541977
0.22191717432604968
0.33090054041951383
0.5271770372696292
0.7454080364316681
0.842713117722947
0.8660677777307251
0.8786664222439069
0.8968208160141249
0.8973788028785455
0.9005494025148665
0.90099554372634
0.902223139732756
0.901322447220408
0.9025962538889634
0.8936247656094871
0.8824813601040058
0.8523257871885126
0.793965757146872
0.670197012242099
0.5489115626033978
0.43723844276200413
0.3771449839826007
0.3300691380730804
0.2821026294290299
0.21482472387237894
0.15952310582450852
0.1369010772317582
0.12025354315549928
0.11235830143844457
0.10973193724918846
0.10974328713700592
0.10784010983620007
0.10915740549108048
0.1105842405559631
0.10800959543569529
0.10488215165312259
0.10648248205217756
0.1077755897657065
0.1097103336147494
0.11790775501491249
0.13383002560848767
0.15802757217823868
0.1618949433622175
0.24002255377990878
0.40797208925564377
0.633555826889709
0.7905332670996291
0.8767893980003069
0.9050543465356713
0.9191413625910163
0.9255202440923895
0.9205815268194582
0.9162595242596857
0.9210239178941958
0.9223817094308194
0.9177308028068203
0.9046424097548514
0.8826531421132107
0.8599829878221318
0.8205362830157522
0.7387612307762764
0.6167506928959546
0.4957621674418741
0.39217979056246854
0.31566478658270514
0.2651585796190635
0.22362266812342418
0.17303810332893987
0.13680609212692693
0.12690704229804262
0.12775378469191406
0.12354093282109868
0.11971691568482953
0.11969104348018969
0.12048936030113816
0.11962338362965838
0.11914410940803272
0.12198525361934552
0.12346952688668597
0.12527303337824724
0.13079749999552243
0.1429816798732474
0.15193939643322305
0.15784146336129604
0.18420048803306766
0.22713983656622344
0.3126132833286737
0.39779347484173594
0.5618396439458179
0.696103119827771
0.7956113553767848
0.8147318986371115
0.8465843943851181
0.8419374315896757
0.83012300836808
0.8213298960170324
0.8184733832389411
0.8393831120073065
0.853126484762945
0.8488296928801409
0.8375463517747306
0.8478751256375279
0.8454260626192913
0.8219005491090173
0.7838542328044033
0.7000053880922713
0.5744105609000034
0.44898581645674523
0.3559362878587372
0.2962203354258198
0.2651775860305881
0.2523273341577039
0.23597383687378826
0.2205277052634548
0.2198241288025039
0.2201666833809661
0.21665055152149254
0.20987751677334826
0.20256196583110814
0.1955243291573853
0.18806472355850687
0.17895018072525265
0.17238334152430684
0.1691553951498908
0.17168973001048182
0.17413067693153975
0.1843568642231459
0.19477120408686494
0.20392847250902238
0.21052457197174254
0.21448874279711033
0.21823056584739597
0.275927313761753
0.3734888904658226
0.5475233280410903
0.7052919593660976
0.8042269968007653
0.8024840894661406
0.7904691625282735
0.793289883717935
0.8209986023707092
0.836538988699356
0.8544380421180108
0.8508373488269296
0.8620048192016831
0.8494987267017478
0.8573119837721972
0.849094042480852
0.8506648282133982
0.838687069945666
0.8234423569232004
0.8141716597695943
0.7579841551614206
0.6592036151351199
0.5725940379541634
0.541700091707476
0.49454010277088073
0.40459494717110467
0.3098622593994851
0.24047354082754813
0.2082166104521203
0.19390535057130526
0.19260918639085284
0.19082726443925838
0.1819515917376287
0.17153500617750106
0.16648129132043077
0.16302324426407688
0.15486138794157833
0.1480326206881874
0.1453742201964928
0.14701561493996476
0.14801566461020998
0.15187496050484095
0.15434332316360017
0.15740190861745784
0.1644806464443702
0.1706027699895593
0.1870565818405823
0.21234085253580998
0.2604405240276006
0.3720989236695963
0.5345267301105701
0.7055361094901077
0.8095081702725077
0.8664149295282442
0.8842340687529064
0.8916956618327286
0.8816346576969634
0.8726428158320643
0.8747601971805796
0.881920601425367
0.8876321048951901
0.8843444873495938
0.8697653982298675
0.8507960733840227
0.8398306338474895
0.8115294755892926
0.7427380100782026
0.6260540933340081
0.4997279414538263
0.3959073487485687
0.3219241833864769
0.2824713510716013
0.2397923833144949
0.1833944604015753
0.1451005484175122
0.14772900183165966
0.15159750698358532
0.13527685565424355
0.12429131988653189
0.12062649957088005
0.12007975994682121
0.11756154937927944
0.11508252871523768
0.11298501390196862
0.11133655337520944
0.11015636218340599
0.10771693758139401
0.10642221973340205
0.1045673172261316
0.10676926737656213
0.11015041002555176
0.11824891706708666
0.12723983669485298
0.1413903605719103
0.16189053400922082
0.1953631694844914
0.2473395110325354
0.3798775539108331
0.5906471181714601
0.7885906114021111
0.8802264253247433
0.8905895790333093
0.8820200152941955
0.8805383236386902
0.8886963945425639
0.8897842606807714
0.8837686319561167
0.880956723231038
0.8844049846956525
0.8866467263128109
0.8761213654264468
0.8645026691581437
0.8434098508680473
0.7948671134343597
0.694529733938386
0.5634373167099399
0.43757758374122324
0.3334701558740724
0.2508629796197214
0.1803038447998608
0.13776715284698163
0.12472296519573534
0.1253015542190729
0.12154929412566778
0.11525458834639013
0.11504893871894338
0.11305486200505521
0.11079334419100471
0.1095940170167426
0.1120166421409182
0.11416641693332305
0.11471786933277384
0.11636640308601205
0.11672934137665722
0.11550545024982688
0.11351738419275471
0.11438005316934712
0.1140024889610298
0.11551551475246626
0.11820384547384367
0.1310692147874242
0.1590750500080802
0.18809083342529834
0.20905387868345854
0.27374715217235984
0.4317476254894535
0.6376991678911132
0.7992297800133912
0.8708085474063072
0.8843409805510174
0.8789551919503833
0.8763289205809589
0.8762514097658497
0.8781140846242019
0.8802298198827583
0.8783617077393816
0.8768969611384704
0.8775636416074926
0.8798378359003346
0.8672764151945032
0.8322397835915857
0.7633252829964872
0.6654939657942687
0.5428402350270247
0.4334569145534818
0.35256206941237184
0.2781190658633096
0.1960899548325627
0.13887349473272917
0.1285652473895327
0.13280860910244494
0.12779033053427857
0.12184896019755416
0.12021861733481007
0.11648278751006955
0.10984863027110395
0.10636887324371394
0.10450207290157949
0.10168766075871713
0.09820563981987208
0.09618039260798641
0.09443453525650083
0.09317979795223708
0.09278332600875638
0.09589842124985673
0.09890676337233292
0.10599241712021198
0.11534948539995059
0.1405625559103874
0.1745681274624313
0.24121395280565128
0.376562244592673
0.5844429960803806
0.7647954876762845
0.8564356557367931
0.8727007807763265
0.8710291156176952
0.8708308214855839
0.8790732266234063
0.8857088864922713
0.8874066989142328
0.8842606562868331
0.8798612099103853
0.8776059600744158
0.8786559973347801
0.8774522463970336
0.8805423465752199
0.8823133438962878
0.8782342988184249
0.8469542096954293
0.7983280858379223
0.7003763634655877
0.6103264856366897
0.5177397780733779
0.4442860528142856
0.3476567784194081
0.29101855475910954
0.2596151359701658
0.24405369713979455
0.2236006617745993
0.2062947400964587
0.1898421404425963
0.17784073598906003
0.17263977185236976
0.1663821557874778
0.15820306398169492
0.1523374422557907
0.14863349394559244
0.14421662188930304
0.14250690765709143
0.14353762677630558
0.14888179483698666
0.16199326786188573
0.18346293118558865
0.2120265252433597
0.24761149964082932
0.3023971507795761
0.39703196332135665
0.5683918724554248
0.7456972572496295
0.8579259697428933
0.883440354722547
0.8981465633952177
0.909428856001598
0.913347172393756
0.9079144469677765
0.9019221976138935
0.8976400681417352
0.9029047167229269
0.9091523770327024
0.9121225015888985
0.9046546378421498
0.8985927998021223
0.8922395038144355
0.8814604709078581
0.8782722268290254
0.8641712609427943
0.8382090632997439
0.7826298799801674
0.712738198917961
0.6049788000684783
0.46038700045386755
0.2822744457611748
0.1480491835186012
0.09452979035210016
0.11154066118142986
0.14016569811051038
0.16951964553731577
0.18717601113670715
0.19079853493954113
0.1922948955334584
0.18671834263424342
0.16331804699957686
0.13732742674322235
0.12208544151599338
0.11677128713432323
0.10844553969223199
0.10288802895529615
0.0967702857725754
0.09641573731916878
0.09917773396670113
0.10099325315061358
0.10265661536793638
0.11718469952818977
0.13793332732658717
0.16892562677803546
0.2168667150096045
0.35401281826835457
0.5323676308461203
0.6986149234987102
0.8011377656670191
0.8663111208794814
0.8906245025965596
0.8880292327424545
0.8824334313686673
0.8781209173950819
0.8845743246531871
0.8935188410685918
0.8949973060310974
0.8934842444109726
0.8886643613721283
0.8953986540820414
0.8938339130996136
0.8930335279317794
0.8844413160264295
0.8822828505074849
0.850577205920126
0.7706231764157174
0.6485004000310282
0.5541107437869577
0.46868579016110135
0.413824563845573
0.33538849152619976
0.2692136906603093
0.20354819475608188
0.17492437490786372
0.14272300178274733
0.12021133246260929
0.11500019911111012
0.1107558105449124
0.10164888789417881
0.09435120512996084
0.09289195807652716
0.09003746735407539
0.08748034879682193
0.08105400470511859
0.0801147681764653
0.08391475397236367
0.08862910063354909
0.08905323718355264
0.09049340865824651
0.09660646998710869
0.11777833865031907
0.1383171468422744
0.17107323346967784
0.23643376289254903
0.38330145140325345
0.5807199278519409
0.7465459994378647
0.8335879110536158
0.8578375682912674
0.8651084129256665
0.8621114994091936
0.8643397626869314
0.8638910463056639
0.863108000607288
0.8697241249522647
0.8817074738413
0.8839242406983489
0.8804815524035963
0.8710920803458954
0.8628648385322795
0.8504066092324831
0.8532111748266862
0.8561744861153469
0.8489868121417248
0.8309030767732023
0.7989693741548483
0.749502327368042
0.6473792590204136
0.5477501435898912
0.4395453578368392
0.362245567592979
0.29133573920219163
0.24640450351962076
0.196789835293562
0.17478809277524315
0.17899590251942218
0.1804160106467531
0.16523333440969212
0.15154612482244909
0.14734665555333537
0.14517393708788123
0.14288056306900676
0.14122213018199184
0.13382364528164442
0.1248829563890429
0.11746141991251957
0.11432872401854428
0.11435384894844504
0.1143106193927983
0.116882355887993
0.1186402947237374
0.12073541766451529
0.11904620608221686
0.12462076789386048
0.13618201218785903
0.16277493371767632
0.18337190360161193
0.3111697803244895
0.4783933851080855
0.6659679477319623
0.7683423634800831
0.847043418512716
0.8556937263385598
0.8463376247586973
0.8364997682362727
0.8286486895737517
0.8288472721549287
0.8262958911591309
0.8198135818784639
0.7825503910276903
0.7012799138770078
0.649652680235876
0.6094351073291258
0.5974508578833875
0.5603064823732729
0.5268214125855983
0.4430434117913953
0.35574652006295415
0.29079465866861137
0.25727817801257186
0.2408925561298377
0.22649480027796304
0.2151997090127582
0.2067045127730933
0.1988210189489148
0.1886623065248944
0.1690576648068483
0.15063355758430327
0.1416660130388702
0.14248989139660423
0.14420878983018806
0.14313738427359635
0.14220959637916336
0.14251748228613165
0.14121227248117452
0.13339732643235058
0.13280000186436264
0.14466193875740804
0.15948877343061468
0.17791517365752338
0.2226571843229044
0.3159572973503142
0.4222405164392033
0.553212025777539
0.6934740506325734
0.804207208971476
0.8381448065760337
0.8412852159864814
0.8427286473609822
0.8353257801843585
0.7799997579322923
0.7834519309979029
0.7429570360097828
0.6411406358860297
0.5026645877881777
0.4594232548981507
0.4204771875463369
0.3669201866339836
0.3245710076623381
0.292451741027993
0.2577638387301708
0.23191509119364395
0.20754280317268514
0.19794579825931669
0.18705331583145957
0.18349862073054496
0.17230936416742065
0.1644672818930401
0.1495370436265639
0.14645521884948795
0.1395339829916883
0.1355092198906243
0.13351074010060146
0.13680361354826712
0.13439727891018932
0.13422878733295104
0.13707553598843458
0.1385108801872808
0.139278753494813
0.14785760828062697
0.17898049448807776
0.21653157084781843
0.24013464241108015
0.29901583038321056
0.4417154004901531
0.6372600912199875
0.7774498647221219
0.8353044535613201
0.8338437965469261
0.8279853422368821
0.8229182918290328
0.8258361887215466
0.803966553392464
0.7469476974620405
0.6835704304237071
0.6501993610117376
0.6247187937407266
0.5540485589672421
0.4912268016381143
0.4208120879855926
0.35132277893730135
0.2744990399865008
0.24773433950372542
0.24295210848417423
0.24211373068864905
0.23339600960998513
0.2241370322515736
0.2230341048950193
0.22437572427278796
0.21962047353372685
0.21017129456305547
0.20525422495737478
0.2052215580944874
0.20763469529593742
0.20675146499215302
0.2039030024497392
0.20084259620180417
0.20185133154554108
0.2032864194500754
0.2043796582034348
0.20510089156848763
0.20915869344126845
0.21536443108489142
0.22509340330814395
0.2333178452004966
0.25827362779128965
0.330250693131424
0.4435792373492785
0.593010677907268
0.731028900505871
0.8165346373035828
0.8224395967758099
0.8116168126903651
0.8052494107090726
0.8029386945708163
0.8057154790640407
0.8109653254626534
0.8144155691320992
0.7977027548888391
0.7854752305640587
0.7954721758175404
0.8212032643014295
0.832457037533179
0.8198628350300889
0.8104313914367041
0.7852069069357084
0.7273100418864837
0.6134781470742452
0.4963003475256782
0.38722593332598343
0.31831961310552903
0.2724680796097162
0.2613781463577636
0.25096595459311216
0.24602416705307917
0.23950551723396848
0.23803991621897133
0.2312627246528483
0.22113471607753155
0.21266843888947248
0.20904376844926903
0.20645499983132692
0.20377321285576694
0.20335512991338536
0.2014527535954327
0.1997634607845893
0.1973038753631872
0.1967160943685286
0.19791982657810012
0.19842235141012163
0.19727140685063965
0.1955964672857584
0.1960623305366131
0.19634427053218745
0.2001794882027271
0.2091851406809829
0.22469666259348656
0.26781860173062116
0.34610805619584106
0.5070758324585563
0.6742488320512124
0.7665292167241878
0.785833763632826
0.8077368709092668
0.8558059138244303
0.8878015236634031
0.8940352750006895
0.866808370876713
0.8485037374926463
0.8490717259216403
0.8625301315197207
0.8590758153237817
0.8266428640441761
0.8486614750493434
0.8723489538429877
0.879002750511451
0.8330012103891152
0.7819902565684897
0.6785969694656473
0.5763684223501113
0.49510586202311613
0.39905388097375094
0.3155761854714002
0.2681665715742972
0.2566529053637684
0.24652443046947903
0.23740902660403612
0.2280399071974799
0.21949202831424752
0.2134997523901216
0.20982224794471988
0.20404418310084393
0.19855912039093845
0.19488011340141118
0.1885870795459321
0.18336623661624973
0.17894226246450692
0.1770840508382267
0.1755160129784063
0.1742558880847454
0.17490361681998312
0.17609254862797513
0.17781832393434038
0.1775202382026519
0.18556328477770176
0.20037324918887275
0.21666318491100706
0.2280784672409464
0.2668256008572328
0.34082933750713573
0.4670407110522178
0.5518530063207325
0.6197418949633616
0.6845447768430531
0.7514207584408048
0.8148226458165492
0.8340961170425677
0.8126722568978894
0.760539918818337
0.7913483016254987
0.7503875057752429
0.6521883121603909
0.5619885862479019
0.5426018780497878
0.48967448120131224
0.37962867107769527
0.21907171484403568
0.11472522703122454
0.09397529641563197
0.08593037099107148
0.06424066979815282
0.09532274787553621
0.1516266110816746
0.17103630060574876
0.1600550001530511
0.15144551616575602
0.1509965393036904
0.15567614910277894
0.15437540362979643
0.14816138523545253
0.1409571007409887
0.13541140544060723
0.1336421482884487
0.13342337282647132
0.139443268923435
0.14656101147247025
0.1567300873970306
0.16089671857863347
0.17906824923621142
0.20369509650934892
0.23231166803684186
0.2724246449897577
0.3913060977967464
0.5649519999235848
0.7331031938194379
0.8248407275882775
0.8640281136245622
0.8695814207600409
0.8739554077681999
0.8731598351589741
0.8684997473166522
0.8643229093594004
0.8640775819221946
0.8608089116102268
0.8532199388136146
0.8226457861195016
0.8038937428176529
0.7996224526468718
0.8201572256658782
0.8205445146048135
0.799159558891967
0.7392514280027845
0.6494045841680831
0.5340640162293842
0.4325098473203395
0.356309045628833
0.3035036713453799
0.23676245375560045
0.17068325586146757
0.13605525445037786
0.13071044323440462
0.12846576032790308
0.11907758025611567
0.11999867104716477
0.1208754333806184
0.12028473421420072
0.11601392168088635
0.10865192985012823
0.09903007570779042
0.10085875815645357
0.10020363809126084
0.09703673194426941
0.09137340487142548
0.09604247565859925
0.10492956396018638
0.11004541711230312
0.11461660065838773
0.11590592420238591
0.12308469775113379
0.13878235142694734
0.16501456855442564
0.198809942706213
0.3094933221326529
0.445164511957007
0.5980024209370005
0.7076931144404892
0.8094048339721144
0.8498045556475367
0.8616670298466902
0.8595366498583696
0.8656718696294647
0.846894539618372
0.7859954918841604
0.7017609241151805
0.608110815729459
0.5069425629601592
0.4373056536822857
0.38795014390105864
0.2755597095428875
0.14188058328032707
0.06437513789822852
0.059274271838936576
0.07457062286700374
0.09902635703816855
0.11477125020761014
0.1149438860542347
0.11436012959089886
0.11353771831549203
0.10896745303717935
0.1049489577235179
0.10125583377064414
0.10032664835945637
0.09910786077466541
0.09959017077927576
0.10030437420174493
0.10387514438699583
0.1048997451764664
0.1052804684711267
0.10454983905801978
0.10664027898335936
0.11275357398143038
0.12121345738408755
0.129705129873839
0.1435827727902457
0.16155423406255168
0.21070412560426893
0.3063612466908845
0.4443888642598525
0.6063230485096838
0.7567518637581973
0.8562477032518796
0.8783236409304765
0.8686846344941768
0.8577161047974005
0.8592291727418725
0.8548275015791984
0.8573197048612613
0.8699261887037653
0.8788262351665859
0.8751691468930756
0.8651826118325445
0.8533984205209569
0.8100433140579095
0.7191667619746194
0.5972250985559854
0.4725561594483022
0.3694920156677727
0.27985127022966666
0.24446713629360164
0.24441301337893748
0.2443296648724872
0.19601264656975992
0.1533810716991073
0.1358619960860354
0.13360696435111324
0.12007704759840587
0.11114649200605003
0.10744690502268388
0.10550133636134543
0.10549301541803421
0.10520513343267833
0.10627038229055054
0.10444307754862016
0.10911490149900302
0.11046365340754895
0.10723351330953035
0.10665932546560973
0.1085073038254203
0.1148943210492264
0.1363651734156219
0.16540641457357014
0.19426795901588245
0.23985501946668425
0.33134415029345565
0.46126585732718633
0.6171406413776137
0.7575727384954893
0.8503147462016731
0.8880432167793195
0.8884402368296621
0.880127143879878
0.8802364164253653
0.8848549533132307
0.8871201158809585
0.8874039411576462
0.8824726327624084
0.8778053080797406
0.8713894790472386
0.84797203659145
0.8103003505515226
0.7851381559000289
0.7632239625850442
0.7276775048414307
0.6855265023836148
0.6244985244307754
0.5095223573454742
0.3727241884507765
0.23652775066355253
0.1587061463336506
0.11473167810788937
0.12102899377028017
0.11474941740892965
0.11476124412714178
0.11070367781049248
0.11524745632808522
0.11100604227559893
0.10271907478138184
0.09142846083212976
0.08357803823167999
0.06441897173885922
0.05154625056736607
0.046872967571501285
0.0546745736364211
0.0485895199350168
