1.0
0.6201550387596899
0.6666666666666675
0.7154471544715442
0.2820512820512825
0.9369369369369386
0.3137254901960781
0.5333333333333335
0.5333333333333335
0.7154471544715467
0.5333333333333335
0.5757575757575737
0.6201550387596899
0.4166666666666696
0.3466666666666659
0.453900709219859
0.31372549019607965
0.9369369369369351
0.3466666666666659
0.4927536231884084
0.6201550387596849
0.4927536231884084
0.4166666666666656
0.3137254901960831
0.5757575757575737
0.14035087719298434
0.4539007092198549
0.4927536231884084
0.4927536231884084
0.4166666666666656
0.0
0.5757575757575737
0.3466666666666696
0.6201550387596946
0.2820512820512819
0.4166666666666656
0.7154471544715442
