0.41446566436408006
0.7889139542378355
0.4144656643640801
0.9058231488138034
0.38785046728972017
0.5102803738317759
0.8639667705088272
0.5291157440690163
1.0
0.4144656643640801
0.5919003115264809
0.8251001335113471
0.40087492543249215
0.8251001335113491
0.3198338525441342
0.6399120395821891
0.37535761968338666
0.4923638021426965
0.7889139542378333
0.6152202937249666
0.5489424495818999
0.37535761968338793
0.7889139542378371
0.6399120395821865
0.9058231488138034
0.8639667705088293
0.33010051137365615
0.45903064551184397
0.9058231488138127
0.09164908049442262
0.7889139542378333
0.0
0.9058231488138034
0.825100133511353
0.7235453723243855
0.11736579004564236
0.2015440877692003
0.4753004005340466
0.5489424495818999
0.6939252336448578
0.7889139542378333
