5.768998064795435
1.7846047186976195
0.9578621757381847
1.4477049732785077
-1.2010070896902885
0.34824995842406065
1.3168363440640787
0.8743118266881014
0.33593021295893705
0.20848511558055677
-0.18055897197461343
-0.5303852988601189
-4.893619848725149
-12.733043110676581
-14.442368897642032
-11.839629699864544
-6.099987495132306
-2.8152108744597335
1.2477576231819925
0.006913830318279192
-0.10385016790578269
0.026147287805303374
1.433928210324931
0.11806820077189364
-0.37799236108420103
0.13048670028601303
6.549970440352513
14.035843251068524
14.837096490132009
8.357967895155584
2.75657716431524
1.5464253727355066
0.3715404367201227
-0.06843120750574118
0.9414190471657469
0.42525287272206036
0.09785400440888638
-0.869058654684391
-2.80809098343857
-7.002743321890799
-12.077403210419892
-14.519878335294797
-11.245911442481846
-4.6628508357168394
-0.5409154976906747
0.31560121291681337
0.09412051358142841
0.028944125704053573
0.11342387417118481
0.11027420112546563
-0.3079625754756177
0.4179516548340894
6.037456761416489
12.670906247993697
14.512498296773998
10.959600111181691
6.411258061471446
3.570584343490974
0.6490412699797734
0.2978028131394483
-1.2656039808442396
-1.728285692488269
-0.0742096749478363
0.9168877008859876
-3.1592278237583726
-12.036149087894906
-15.494708901082376
-12.480371309205633
-6.111533338977384
-1.9417265036275302
-0.8481956304670425
0.02575391818770404
0.5274057081393393
1.0860477519450797
0.18004305863865125
0.459037653476669
-1.23910426360297
-0.8326433996593882
2.7110271397415073
11.134740630757992
14.637907696242868
10.77725041642492
3.1131784774717497
-1.2660941227916753
-1.9780438808148375
-1.4482760789058353
0.15728265419748422
2.4103701187024704
2.524597239945243
-2.7852785490080887
-11.934629205998284
-14.549864841202002
-8.567785234928124
-1.9433815269461339
0.42833489234041844
0.34096178143490097
-0.5881582171482151
-1.1154089366780429
-0.6348356137246077
1.650654626669246
0.3081890427984807
3.283908070559379
9.693306385219326
17.06757620134461
12.1420718655935
2.5092912436120796
-4.841205179769491
-4.171164673021347
-2.390032400870365
-0.3857529916637954
1.2132376352777594
0.7388741995314989
-6.0500649419340515
-11.503036291181669
-12.306467070776106
-5.323039929471512
-1.415172503467701
0.9256250153232625
-0.8649133727843903
-0.4501249401004783
-0.30935890246237746
0.5395968555543292
0.28770398813663806
0.7419497029866624
7.2401177092198425
14.563268694968382
13.030404052720009
6.142361091048347
3.950846019375821
2.5241766626130557
-0.514004456548908
-2.624113339636183
2.074881389277735
2.5312974205760774
2.1015490684635516
-2.618092816857274
-9.077277224367087
-15.690989237358574
-15.941798316257882
-8.249943371078132
-2.279913843639878
0.7346668195328542
-0.4087465114417346
0.8358327097518187
2.046493474635275
0.1036474939581315
-1.6165445518459176
-0.671757798040012
4.761037095755239
11.431893106703074
13.435280386041901
9.807525376883785
4.123708511621896
1.8045610531924992
-1.2132978150328186
-2.5074040227676475
-1.0362636901030358
1.413434585804792
-0.6156211708482862
-9.532528977623533
-12.142735514839332
-11.284357703337946
-5.1962684062563635
-3.895685749023848
0.003491848824224443
-0.2699406893633646
0.06543267012099378
0.47093305605005004
0.79945877113374
0.8211831652359763
0.7979709820287598
6.853054540298325
13.426081364087343
14.727691705866947
8.632041168681058
3.670982573512824
0.6529492314789366
-0.638794808532408
-0.23196265859773163
0.9426904367557876
0.4703737380504708
-4.643382398670441
-10.088944370131523
-12.289687681468083
-11.766497035408568
-8.04523909248344
-4.192824780431825
0.38481310278375563
0.46425543475269043
0.40731659819155686
-0.11054410207455673
0.014925896023562422
0.6705746529402672
-0.4273444641015904
-0.5327442980863907
4.4254188535337216
10.847799211273236
14.032399604028363
9.853876291180407
4.434617206654166
-0.5172538604409668
-1.3432154673718746
-0.7811804875478973
-0.0661376618329126
3.207433148750632
3.7782765580079576
2.4052582640907434
-4.276320580635462
-12.662171010224963
-16.172095018983796
-11.967788917679295
-3.9652351621213047
-1.5225976264673164
0.40604656698706976
-0.3550836451713976
-0.36851421604949286
-1.3192040653340875
0.7928306031416824
0.7696856651378611
1.7506504580061224
7.383785855427918
12.98837033024824
12.505961356361274
7.82116676534308
5.1492288683258955
1.91897773516047
-0.2799738305051057
-0.8631017422758758
-0.09047617078293411
0.6059785324114019
-2.973611935607689
-10.967289531109031
-16.243908725696585
-12.83132325201523
-5.714406827630714
-0.9187131058188831
-0.1319407044632665
0.09642902261329335
-0.1737082013457903
0.3949035423636055
0.15181522917657686
0.7244629919062082
0.09178278525044885
2.2795169765430225
9.049070966853671
11.41064289571752
8.538407071263718
5.558659962030032
5.560081004110953
2.6652749908862976
0.6251640173873185
0.24905557307534165
0.2566308122458514
-0.277750847408632
0.8059004944702381
-3.1458775711397946
-9.260396299595632
-13.798767170628063
-11.74456558125834
-6.942903981458821
-2.1387812059060494
0.3492884968894866
0.41286246671760196
0.5056718171701792
0.37217620855477523
-0.06295061176553202
-0.3966136154232555
1.836971945394861
6.77993333442614
12.067201924820713
11.833196466733693
7.995315681663197
1.8431814775152653
-0.6236101843966835
-0.8821418453723138
0.7849971827056718
1.040134204668172
-0.11372842250518862
-5.094248518137626
-11.15674479041396
-15.38602613522408
-10.236100741780596
-3.0901167311436497
1.7927547545852167
-0.09397251069745904
0.605809887968533
-0.14509185611065398
-0.591840727743184
-0.8141870679000415
5.087195938140027
10.35706577687459
11.59540571673261
8.651422571322227
5.570647605080061
2.435827025967989
-1.407988448632121
-3.005948525570507
-5.498022636508961
-8.827647526609304
-13.45831263918089
-10.009275817012606
-3.6701187211783126
0.27596369664646525
-0.6954359164463195
0.10192216035808832
0.9223358259699286
1.016340627622232
-0.39256769736991776
1.7648544516072708
8.967207430803205
15.19805621627027
11.761638382085772
7.382978854804338
4.5303442506285405
2.9374385214873624
0.44546985427891644
0.08500772542151344
-0.0791600798217898
-0.4131839196849577
1.7828576688598428
2.6912548856580996
0.27046768832481793
-2.1128862271102786
-7.5475917757827915
-11.13309127959808
-15.777814044186016
-13.049168907066417
-7.091826333308768
-1.048885965186863
0.719870852024299
-0.7086637926666509
1.4498937618053946
1.8058140640012472
-0.5728885723063601
-1.7689868985631414
4.265800003542312
11.947340935045418
11.990097614094163
8.830285646170248
6.155936733264573
4.734319177320362
0.7279309213094612
-0.7234136557388452
-0.247808348817383
0.5203744610469349
-4.801646959682022
-10.939766219147996
-15.914725075278934
-12.160776509007095
-5.126281948971356
1.1442810699023944
0.09209908179049042
-1.0406657842161466
-0.3084028325108523
0.8833943015328778
1.5772088375873212
4.338928276720872
10.926379546692825
14.32146667946765
10.139829628261774
1.6780969282502738
-2.8588083408938094
-2.931610985825807
-0.6242541903278731
1.7077468337747808
3.2122603232314155
0.19548970416498085
-7.518139854514541
-12.066993756228753
-12.145348580175495
-7.029808908718025
-3.0974959971749065
0.14716035905054559
0.05124119265255485
0.27962330603897745
0.513317832869704
-0.11608276843625656
0.2783609149133695
1.534950576574128
7.6965905902196665
10.526375796241325
12.261667756987663
7.932375123794421
4.990453338719938
0.9964932205547319
-0.1917314005587241
-1.6261534646548306
-1.5391864138319733
-0.35859323855967146
-2.429651539294084
-7.241472485094017
-13.707086268064417
-12.928244403145422
-6.845284950369336
0.007996769906946116
0.10676386618771498
-0.5562963760315265
-0.17498637997837288
-0.0228002726798083
1.1001355528596621
2.7256128265528887
10.263570354130907
11.108163934854844
9.364953342018353
2.2652025259764543
0.5471251087223303
-2.2892486226556654
-1.7819512501324073
-0.7368274579332206
1.1129900470239913
1.483041397289738
-4.968626168683323
-11.242701338229153
-11.750564141736806
-5.322949920411416
-1.1052153966875247
0.5215855777093317
0.31903816315001526
0.23392710796050445
0.3595641212479659
-0.5810563447548623
-0.5351036394252306
1.9735533872203048
6.681457551998725
11.371042638249445
11.102054354573392
7.673793581360145
2.7550989503625165
2.4715296560257682
1.7915519726462457
0.16772120792885983
-1.5343123939979264
-0.8121998151677252
0.6559782320923736
-0.4016023736108957
-6.160088376881077
-13.635275003096291
-13.90232007070816
-6.846970020133842
-1.230046186857101
-0.1265473174982511
-0.3419988261145398
-0.07685024273711372
0.3141514113858482
0.7346244673773998
-1.042216288524904
0.20583494107730488
5.847012984478844
9.668915607512933
7.518810067981922
0.9551487191054621
-5.833047745485836
-9.912741842287456
-7.663588835829497
-3.035524006109332
-0.028939105666835156
0.25093821710730924
-0.23683532636406782
-0.27261582201766676
0.08411561344582377
0.9922587138000565
3.7710560031262816
9.494694661567921
11.286961795842512
9.406084478149605
6.652331691373112
4.8269922852236204
-0.550844269388415
-4.11553125585359
-7.6759596193885935
-12.08877391851685
-13.838502422102197
-7.097676859704854
-1.3884504175016505
1.2527893524737967
0.9867227204398714
0.05400763586557575
-1.1404964859485975
-0.05196388717155267
0.9586510872943468
1.2183089280514305
-0.0581065746275679
4.239047275621871
10.215109611100655
14.145022172515432
9.689414267025114
4.833026907381565
0.9338103765562835
-0.10973817581240343
0.17769446418811402
0.5942264337205354
0.07355127258021976
0.6954853025557046
0.5962912558448733
0.2862938532082739
-1.9407710985396969
-5.462285421060765
-11.335362336718125
-15.430364145408051
-11.254793262816763
-3.658938204550749
1.0846261923450629
0.5524170454182362
0.4129549038216056
0.3801623759615166
0.3351162240041046
-0.48854056004042645
0.24814021597039293
-0.9224475373138338
-0.3768526740418891
1.782870817543379
7.954656393369853
10.540037399673393
9.669987799772285
5.492026894670391
3.2409180034129546
2.0311873743527187
1.4532106670579124
-1.3402391915333018
-4.135631754895955
-10.47651494454439
-13.917275595753448
-11.300925455582032
-2.1996986488458807
0.6832893353252756
0.12326415876533735
-0.5938872162368413
0.5459155306294281
-0.07782486857139546
0.00535006724376677
-0.28964647260735
0.9821154258941678
3.5505324627699415
8.66720405820368
7.969954950362467
6.498183225927727
3.8321609218207424
3.7061203975441432
1.2752526190971367
0.7927298314494552
0.6173763640470682
0.6640074302941937
-3.2242224185692705
-10.493998107981007
-13.487421193166389
-8.797868071457374
-2.535809314260378
-0.23036384134996166
0.8174957065991203
0.6862145945952293
-0.528987616539349
-0.6676816520363756
0.15849068143806072
1.2644057276997906
4.381389512030231
8.102987614651214
8.072135272800603
3.5216774236240016
-3.6759175769205434
-8.637498468018185
-8.0261088551738
-3.147399339652294
0.34719591383525505
0.9012211500628052
-0.12856710140325245
-0.37882504050369903
1.672061599557429
6.899412305690396
10.954553158083487
8.446574117259917
-1.6675791438751213
-8.325559652066177
-10.483439521229311
-6.670826156347585
-3.5787036476242204
-0.36206046699255345
-0.8239743233559825
0.11259744186627259
0.19821383577091722
0.3572215289394901
1.7488825673555077
5.4564098590552215
10.28952501310801
10.233429053229614
2.786643542697559
-5.945606463422678
-10.933768483394124
-7.696149410529428
-2.610019573913101
2.8656704767860917
-0.35503855319355415
-0.28571951467645423
-1.9279143556391758
-0.9147953249085867
-2.1891063911368147
0.6645606598970004
2.5709486085461055
6.651622734790122
9.835225436414575
10.29575146090101
5.880014744757695
2.0565271130756324
-0.8348981024310461
-0.9294642542980229
-2.5292565463149703
-7.6982223396359775
-12.626758158271537
-9.651181831246316
-3.0112945257337005
-0.12890160913511178
-0.4013879201247816
0.030357668179403097
0.04180646112464591
-0.08144930804422021
0.9771511814211734
4.823692348714059
8.340863000572329
9.54145858532446
8.154643808229556
5.2538670751809144
2.2480336307440565
1.6386663610947492
3.1017505941450287
0.07845641855645182
-5.893774257154041
-11.273701619011206
-12.680811929477436
-9.912606054257227
-4.455200740178273
-0.5280303680481558
-0.1484591910724636
-0.34882600800459845
0.2897728917040279
0.029154756121225277
2.880936293707461
9.384998830287051
13.810313730422287
11.82493859845545
5.046828201345209
0.9637686237303553
-1.4709485469642163
-1.0369381305163645
-2.581556902717723
-6.208833970724498
-12.872644623205515
-13.384045194327191
-6.734837466581459
-0.000667512226138516
0.5269406753423483
-0.08564503209113965
0.4126789508635906
0.28126650167333694
-0.12198965748455849
1.8545678509953025
7.5717021218796186
11.764146969473593
11.100116677087586
5.814534403156024
-1.4044298194299165
-6.167665611410729
-6.926336218931263
-5.796153892389178
-5.22735181510445
-3.964820572671034
-1.6574922891554553
-0.941937105464473
-0.06315446494263825
1.1602801967788068
3.041935840939072
3.854071931554849
3.5741160114010215
2.4454873561232797
-1.5519959151810208
-6.010834600712039
-6.417832002752773
-3.358957481113639
-0.8741220529045266
-0.9685039150343018
-0.5791317699233934
-0.06813703403044018
0.4883956162982396
0.025391051118668267
-0.2476382592931001
-0.050047694743078144
-0.1945356478397552
1.7981990845433637
7.761217873893991
12.150843859664837
9.313965964123144
-0.48260112787124987
-7.500207171188524
-11.031122858225435
-7.59286782379122
-2.96689495312692
0.00830481487441656
-1.0091212445075248
-0.7993100755758475
0.38368849867375066
0.16584804141013237
-0.2578274417036614
3.6429655463184174
7.687275620223955
10.841061710885132
7.644601253213824
5.0754927996252945
2.0771121114409
1.877474303424955
-0.6043493997522719
-1.4205915234478965
-2.4966511418582193
-7.493248153991587
-13.099690650294344
-10.6725767570924
-2.975395633635204
0.785115290529685
0.2600353882838286
-0.24593111340195814
-0.1822895390993882
-0.33952652828001295
-0.3694794139655971
-0.009068470753237594
3.1187714320753877
7.575344811177537
9.81833314560703
7.793606426506092
5.243817396736191
2.368727185314471
-0.06930002036242933
-2.9129115305381683
-2.8771860361108494
-1.9809547486675332
-6.389327040749492
-11.59233083862559
-8.360923438181077
-0.9981764886730276
-0.0038469668534328004
-0.5403493891476693
0.0631975457411514
-0.03528797937147337
-0.44513525136852283
2.0368213728070024
7.7549984199899455
12.544569009118785
11.45322655200705
6.770026286875679
4.453069874291448
2.8688821267440385
0.6889056382188744
-0.27353297998515574
0.17309537334780495
-2.0167970189007836
-8.538707012048121
-13.637477638226697
-14.105339043955889
-7.866093739903124
-2.8287041201121146
0.6275393309119205
-0.43189974806814485
-0.1964038921025949
-0.6195584237706666
0.8387079902994872
2.077810295290233
5.41119827413121
6.718401805440731
3.7893555679698614
-3.1629944276645747
-6.904171065214917
-4.941924281141175
-2.0426120475378093
0.12741480500534796
0.25463028839862745
0.9922648086066818
1.5779182755327108
2.622465926125063
6.513565389045213
9.135460093721727
8.287014658971112
-0.7468199182242221
-6.272259647888353
-8.469767113115125
-3.8791628475672226
0.7976220671718679
3.4722336422459485
1.7497259094327973
-3.43367579947215
-6.448200021172628
-4.314275651717455
0.014041994513257073
0.2056792972756422
0.12646187514026971
1.666031406228374
4.561566637650406
5.324032781685252
4.771359375338018
2.3162618693215236
-1.2803042197039467
-6.161923671175273
-5.8182849899488565
-3.355683439979033
-1.3948378045704535
-2.178223840640994
-1.085012100768693
-0.47662978504913023
0.09669114525981426
-0.2907413804432043
-0.1429359652811
4.980257677199696
10.108785118343658
11.823848635049302
8.015427050300714
3.636087741727263
0.36997270358007645
-1.9140342808152777
-6.52305729256331
-12.440199653409982
-12.250851071640604
-5.944564728252008
-0.5818943434768765
0.32270317893382156
-0.7073021438953978
-0.23497445535264247
-0.4181139925624553
-0.2008847396013803
1.3623129321562988
4.655129484844636
8.493811588818325
10.557754914360974
8.197326461594274
2.579592930543118
-2.2762937424949397
-3.7118657178965093
-2.524617934358574
-0.9671626558503906
1.0206283802521745
0.5508157648637949
-5.9563819139368075
-10.186312477256013
-6.997939031823588
-1.5522362845257853
-1.0021703034944238
-0.706139700861991
0.5293276631001296
0.7046619401138839
0.10463590329621957
1.348267428961821
7.202719296478503
8.638740096952901
8.17753912448095
5.120177982427623
3.95497150880184
-0.7641402166727252
-1.9039516666801757
-1.1225791244952992
0.9491014323856056
1.101200726281913
-4.114911331104055
-12.089424912538426
-11.273502103976707
-4.44421554945167
-0.07855586289129443
0.32495578003821324
-0.9782521398499051
-0.46682519471304856
-0.6186101093245276
0.7352073867335989
-0.40044408370039974
3.1540400634455255
4.900711788803715
6.524593310005138
2.678857855051836
-1.1647194214562058
-5.400163323036904
-3.782495612360327
-1.8173658772232844
0.01561856656195687
0.32104362362542144
1.5438580473706864
1.7327344417562727
2.833802262942606
3.8586717387026184
4.739230011881133
4.523938495283913
3.6146457868957094
1.6279116190012466
-2.9765230327309364
-8.93064679171524
-9.307804553897345
-5.70732372482293
-1.0930320793556387
-0.9411881256246672
-0.003980757882382582
-0.06199353219791279
0.34119455003805876
0.9581122810088957
3.873636221173916
7.380698922938739
9.42629711298547
7.678824495255433
2.145690150410491
-3.6922293654285125
-8.014422084138653
-8.888880393263493
-6.233437249475387
-1.8095546409806431
0.9339721320479467
0.46629702365461057
0.4587725399717829
1.078784111670284
2.0121887427700957
3.5811185567648574
4.414633885584911
5.996300175772003
5.88709474024711
3.5955032725245326
-2.4102516297098564
-9.072786818723877
-11.184728445864312
-7.624497918812153
-1.7885228864130518
0.4746234784980274
0.294884655801711
-0.03483966933082328
0.02536553331401374
0.6607042913817015
2.788229820558721
6.502080300554369
9.44607264644938
6.542556659602281
-1.2854133514259385
-8.787325374920924
-9.474701636047447
-4.845885045873452
-1.3227978436848276
-0.4370910303469804
-0.40196266242584566
0.3338711120604342
0.6783980042232126
2.618662681909075
5.758808162570812
8.562485944046768
7.637711834741435
0.950248805264096
-7.516559706138689
-10.450259465989435
-6.511295042300986
-1.601659186544465
0.22142355078648945
0.1203745606254918
0.20079372200109455
0.2646446995091748
0.7784061799363583
2.0092921856265913
4.115209229030422
6.933866359340082
8.096706317430314
7.7233396141770525
5.088606587969706
3.1250822713294024
1.6897742363941328
2.367470733789282
3.114398552968351
0.12283500010176894
-9.28942028267091
-13.697389549096464
-13.635887506852196
-5.6592534364128175
-2.4250305485978614
0.19464230427598841
-1.7943710935839168
-0.239106765710123
-0.35163067932414016
0.25927176300942323
1.3655590775228645
4.768445285564278
5.297246758739734
2.4335513584654898
-1.7795267287887941
-4.987581398633614
-4.46078869650837
-1.6854391906889281
2.102481293667769
2.524062789782469
2.2207120961058884
2.1842872829033704
3.549401331194508
3.3131736197384063
3.629015522762705
1.6562766658408687
-2.791107486704095
-9.210596307032263
-7.343763334151773
-2.482716763271252
0.279110515335526
-0.23598684226337674
0.36829303757288767
-0.03105995193038762
-0.12587652038757913
0.2327311621291248
1.882286528267864
3.829242151053429
5.0428993020598245
2.1227411587156437
-2.7616516157737294
-5.66378087156573
-3.0906891543282566
-0.6362206267416597
0.8865526264455232
0.4215426649296051
0.659541014415726
0.7681661953355263
3.231281398194775
3.540686143433292
4.506796120803627
3.533116693064879
1.2794620906160366
-5.907540947184525
-7.525721367687999
-4.597794324292007
-0.19022878452733122
0.056668138292384373
-0.9894786673035169
-0.9945269836431752
-0.49445456583769287
2.085597159110832
3.551690055141624
6.726933257680602
4.29290023972092
0.2795041887320696
-6.875848342462458
-5.15764631955499
-3.008187676908975
0.4049930798616244
0.26834339638095583
0.9158619444780984
0.1229831680008423
0.9237111206498076
3.162183422691272
4.000619390353932
3.4038923674019674
2.414644113892689
1.0999614761228464
-3.8280431868797815
-6.510947507321772
-5.321298282533409
-0.6799537355926362
0.461577190392042
-0.40395277220472475
-0.9668276980705605
-0.27107739199766684
0.07950239838593395
1.2441438214600513
4.569980106016061
8.769429644217682
6.319915745355785
-0.6140903729907871
-8.404459843427002
-8.04197563712022
-3.808906594377828
0.9838334217181218
1.4276832289055246
1.4969376198579567
1.9520313249502312
3.578110339172921
4.306474598025416
4.829453916423468
4.9194096290170615
4.432333788660615
2.5928803624011474
-0.008246679750619126
-4.610582038666244
-7.471921636110327
-10.07167493914572
-6.648672478823153
-2.621989317185655
0.4421369591840865
-0.22786260695397678
-0.05614564185155213
0.8542305704680339
-0.2594691537620381
0.7708754921654073
2.9991958327771355
7.048548707065561
6.907850145152399
3.0441904712838563
-1.7399890681354424
-5.489213975836827
-6.25163299111139
-4.610595531667921
0.6006804594273654
2.01446890676185
1.9060148525732163
-0.38681964515337874
0.6554935565091959
1.5406203420408369
3.018602216004003
2.8216374975324907
0.7307431533392743
-5.1171969250112115
-6.787462333570152
-3.9996203313869847
0.556059020410304
0.30343356395459337
0.259364853590397
-0.25964635985665085
0.11192058685292075
0.5439858587713321
3.20676930959518
5.351772512416764
6.677678517588254
6.51438102427212
2.691304157560114
-2.9028730731866856
-8.054267379036276
-7.336252273956401
-4.267319669016273
-0.1627861039101212
0.25484936699827354
-0.12328835917266252
0.11985369434380791
0.4480652782827987
1.1389477475800451
3.196747979827407
1.572592965994688
-3.5618184451601347
-4.868278314058613
-1.5537020687384917
0.8474248783119188
0.5275715024019911
-0.037047278623988815
0.18766949736776542
0.08376432098069352
0.39569920647038404
1.395375273707703
3.572135332632656
4.871705921531682
4.168473386379139
2.7846948779509013
-0.4253569076845599
-6.220245393478826
-7.201458219111522
-3.9528458919512452
1.1092904592191999
0.4010217894056601
0.8118945239725363
0.8979670289961076
3.345055886892945
3.9013557125587037
2.9255246701769253
-1.6660705303178651
-5.381023294475871
-4.694417219386786
-1.432304432043044
0.6811645395301725
1.1718136293694925
1.461473936862607
1.1346637555059151
-0.5348771946170321
-1.6770606642648005
-1.6075019867870408
-0.31616557751347085
0.558611861253477
0.1077536194285736
-0.2572245694275642
-0.5095316060205033
0.5494647130281687
2.259136220381953
2.7305973235876584
1.8733116159275356
-2.4635545345538015
-2.72723749701863
-2.0804702879603676
0.8174693721019787
-0.343056488350757
0.5471697465807599
-0.28743663915554724
1.1063058708546112
0.7895265035719067
2.9135661629758127
3.4800247786672402
4.276031892564029
1.6981962140571583
0.2802038711407077
-0.9425074063434306
-3.193862410482127
-5.722309669670191
-4.775213400759938
-1.8049765199389458
-0.2561151190846117
-0.05844051056682272
0.556990887642565
0.4558207690698154
0.5920541535938609
2.0529979266653524
4.24203092728758
4.396433567661205
2.205002544813426
-2.8740582263448475
-5.144822009322827
-3.591074572064785
0.23931827605504274
1.514072125367364
2.1973691718734356
2.4032015647072837
1.6460664212242562
-1.9704162919033086
-3.386994731777133
-1.3256169357182204
-0.5136826259099156
0.932031497258457
2.346935501202775
2.3601156113776223
-2.1930592850775334
-3.0389796448658304
-1.8017050288484087
0.11251938642889538
1.0439616352958456
1.355992043111861
0.47709899216566926
-0.26657226522927807
-1.2977817083769463
-0.9887867891643721
0.6713530687366047
1.1300993885197772
-0.0646306029668624
0.3874006548166596
2.2072795674922236
3.9676785306371287
3.901734593437209
4.353377795661243
2.729055735585931
-0.05405694529973125
-2.5609436069468963
-3.5823226843705362
-5.712577100875949
-5.154002748040138
-2.528276538097683
-0.04891354539344029
-0.685757226326703
1.6672659921974757
0.7966990037198838
1.3168494394749508
2.2984768901811887
3.8623325212300093
2.072529527396389
-5.063683755016551
-3.1448226574953417
-2.4921567088068945
0.14947151215801913
-3.0787315170024723
0.03988148828735509
-0.051801520164923176
-0.4333544250401727
1.7235888705077476
2.9406225473057033
5.655899572011819
5.926844884715768
6.179275160650206
3.2942703862775424
1.521527512103611
-1.4412341708614615
-2.3200967184629633
-0.6122687359597759
-4.5784481902255685
-8.569296291310948
-7.423357148690486
-0.22742206473206783
1.2182293094452614
1.0902789365548224
1.5056697872228497
2.678305861186825
1.5790031038174288
-3.274645348611652
-4.051851288109581
-1.81748338180351
0.2932700058277729
-0.2861097785072841
0.24123957253435618
1.100681153129027
1.8814441708336371
3.5510595690850826
4.408997169001033
4.143413798930986
1.4609559361946842
-4.44717191817854
-7.5457808167615585
-4.8468281525129076
-0.6128713099887224
0.6203736752070192
0.6241673900610447
0.5018000941836469
0.8649996507055868
2.092970414945413
3.5166833165298153
3.942199575199293
1.5477923178873432
-4.055424751637897
-6.434314488420492
-3.62566395076376
0.08962165942034946
0.5896325330300725
1.1831143818126588
1.222678574178664
1.8309764427345259
2.543539624096728
3.389774030584305
1.52622602528466
-2.759716345550024
-5.234538768118461
-3.394926331300492
-0.6509326901506252
0.45002991332543435
0.5252161983336332
0.5724329351450359
0.18501484560179104
1.0697867673810386
2.458091956337885
3.1964107569477447
2.128070445985251
-0.048256934507137604
-1.4585618519742063
-1.2939930872421654
-0.43368065891735774
0.39867391413070374
0.9305985212343427
0.3512979497948993
-1.3541896920022605
-2.81963311781953
-2.7633596204483997
-1.4671908282589292
0.016240962578759434
0.655228390563922
1.1263426165759884
0.6450816612601104
0.4092980754109687
-0.1038292685306056
-0.2602960539059519
-0.9390171589876132
-0.5285868607081063
0.1399560667266366
0.38011624954998324
0.9014163422895762
1.8831300270883793
2.1985270575577505
1.1015105960746208
-1.2305923054882557
-2.744687205001364
-1.6903810257744434
0.7283342035896218
0.8682429237133288
0.8424470675073027
1.861005726822177
0.5750525014848056
-1.6470806201699888
-2.5742321336410754
0.5256299299762829
0.04454938755033947
0.3590292104949354
-0.09633273955008036
0.8506408920393684
-0.2582862469255822
-0.2997750236900366
0.9707713434881543
3.3392949345616096
4.8509547183103265
4.4668265752319956
2.02570618352466
-0.3431280585067537
-1.70455131443935
-1.5041266216324456
-0.10190549240968921
-2.2723479603865697
-4.900387851986243
-4.960975042250116
-1.3822101207234696
-0.026600486762954192
0.3905359020019514
0.057149732884239274
-0.19859409271577178
-0.05599428228632782
0.49458915103319767
0.8054152820734679
2.4081677852184153
3.5331343204306562
3.7883996478009174
2.6905724987352344
1.6713072790363999
0.961703623512963
1.9154466363538658
2.497406947009694
0.09989344658838063
-6.583408449070598
-9.88005963433742
-4.407336000430159
0.36030028494150734
1.6060929304723275
-1.1360967039185466
-0.2164152566952233
-0.5915010959193204
2.4633379508296747
2.7873964657236696
2.0673653671598533
-1.7534604212709906
-4.214455504741214
-2.379734956023311
-0.283287005986769
0.6869559643086017
-0.03278899859122462
1.5124801889554493
1.6900943615442483
2.7506838520897605
3.504452048365539
3.905591418241022
2.662228206128286
3.037968850430028
3.4270551874055317
3.1684405251632057
-0.44391659940799716
-2.6552658795789985
-5.886380010131149
-9.050987449112863
-7.82718789124534
-2.5334856152232494
1.0562544981416784
0.4163680740118956
0.7623203461819955
1.8955178027567083
2.9769711761311397
3.9575802444410075
2.4245051308202292
-3.444826198740097
-5.827417569433904
-3.4864989667289246
-0.404541003981402
0.09456278851857923
0.7902370575945988
0.4724848726809682
0.2643484254869575
2.577144531513232
4.234909140634677
4.6798730061196725
2.834867546727431
2.7230755923686627
1.2779621294760017
0.5833301502763132
-1.8537600790283792
-0.4359482658791062
-4.087908223427121
-6.177168200598237
-5.9395670170419885
-1.1122586268866081
-0.46745545026046437
0.5195875548247785
0.724941495336716
1.1755462608560348
1.8152539575901288
2.229721478006467
0.09860335868402131
-1.2438576883537396
-2.470574937738313
-1.7545825078752775
-0.3443178569476992
1.2904145270467078
0.8279483698888578
-0.6276963658686581
-0.28435089135903374
1.2935353333135136
3.7453542381618616
4.929924946363726
4.070932321351208
2.6083059456982567
0.6840396572212378
0.17807580198536246
0.5242783841025787
2.6607817402309
2.2676109282643595
-1.3988456214612595
-7.601843719457258
-9.136342092259978
-5.754320515699748
-0.5458792248047377
1.0016502492395674
0.9996025056496268
0.904771010286093
1.257617060051027
2.7108014962092524
4.072026289042605
2.7046874659704128
-1.999662666324104
-4.874109159285574
-3.5602822767513174
-0.25099307573443486
1.6696303771984509
2.6016775072246903
2.9075271771682574
2.466882223970073
-0.8632868827153308
-3.7590554600666555
-3.77684626551987
-0.5981458504390176
0.24920879274652225
0.5651689286305266
0.6914787666799342
1.643193566178946
0.5139389538268744
-1.35284429950787
-2.2342053297483413
-0.8677000798362093
0.5689745856587948
0.6841232406383954
0.5785113931394726
1.2956177898932968
1.3160544800336058
0.513733709839326
-0.19917999684573107
0.8446916414711289
1.8214882737082982
2.768947795394872
-2.090111967826534
-5.7839546852731605
-2.5229592984585034
2.303502992966187
0.35343713791723363
-2.6882193491376674
-0.7114856716082871
0.697226905697694
0.4116832537141955
0.3756000976221652
-0.24466115818684359
-0.34557840294683306
-0.22408094848847784
0.9534437486409175
2.151725567632617
2.1201283682502763
-0.8108998604830547
-2.9960214126099296
-1.8769818500600173
-0.4523324924222598
-0.30737064082448307
-0.1467732662891428
0.25945359237736393
0.02406663388916761
0.426337315272826
0.43337526596958664
1.2182300572875169
2.8232371316727605
2.0355248505212344
-2.214662061056228
-4.148857243101091
-0.03786123650850563
0.6162378219099468
0.001764328292515705
-1.559172855037393
0.9553020623924762
0.07230283839535231
0.4328044934001675
0.1301113069650896
3.383383969257307
4.782496642389077
5.048404755481515
2.932317408011671
2.2447987816175217
-5.1505298790747265
-7.959594892091316
-6.346996554828659
-0.1159321522449274
0.11810134194081118
0.2485140918956338
-0.47259637704795626
0.05784882735141784
1.8083845557269107
1.2407120438403452
2.4218833268292896
5.821778243910396
4.518255623412603
-4.150622214146605
-7.649843473336115
-3.9132700651677137
-0.3117516226450933
1.0668448178103846
1.4703544501529247
1.7094501487370513
2.1791943674051795
2.58650060289878
-0.11000183112229779
-3.258459580668909
-3.14074442246341
-0.8894183935726777
1.2700241852377763
1.7202886340120378
2.4484608701418473
0.8684305002272033
-2.596742350586982
-3.665432266150978
-0.8634621016679156
0.04451203002298341
0.21634564575007934
0.15741477319686592
0.8818852559565212
0.9373277928377782
4.297019236712977
4.6399333727028615
3.0171676012541577
1.3879168727637021
1.6483612871319668
1.5234432781488993
1.6519938325163723
2.4485323737691846
2.1895335177446595
1.590218646190375
-2.0333598191418463
-4.926847899734108
-9.801428766321571
-8.067029243159368
-4.1605184723569675
0.6767769894383677
0.22274245343238147
0.8258024783108436
0.3897641907298106
0.01099041129842833
1.3497139512439111
5.632196141226409
9.101719667839518
10.29733730937787
6.299441242691982
1.7195689921178168
-0.7393300021455306
0.26998599780762667
0.42074056679901556
3.3713609744708153
2.199953224569001
-3.436334222919397
-10.628417865551514
-12.396948764366785
-9.396367246875755
-3.0221850726487607
0.9474862032923501
0.20762215224256989
-1.470743221729336
-0.78472999277358
-0.6200743987246523
-0.49057250007072156
1.567130152226929
1.675703032990052
3.570953138827159
5.1212585910787105
7.75990958407441
5.6683482854124945
4.234217105048283
2.13783934745386
0.8156501571234085
-0.620972526241826
-1.2204274483576576
-3.0051074275772804
-4.401467235523737
-9.03214776520932
-8.975038239474024
-6.121396710164013
-0.8126941705940512
-0.09871426955362872
0.637174295009873
0.6179427839459978
0.7796474693451596
1.9256320415890857
4.204221069510957
6.382859992495523
7.049761829800491
5.990406957397082
4.121247946882153
1.9850387830601441
1.110753830461297
1.3096310036986225
1.6971103394498064
-0.14419775198721105
-2.56783934376887
-3.8408911799945753
-7.966006783232947
-9.964202809969107
-8.21979865730205
-2.875073578225425
-0.5677615647928256
0.1570860169742956
0.19900235121752508
0.4580032451834234
1.3550013445609446
3.2619310620552
4.9125382289942285
5.6172324533232985
4.715736367398063
3.78759670793475
0.28327204935931827
-2.85537112987034
-5.2339507949938175
-5.236452747249801
-3.590769219426592
-1.8230260783104872
-1.774640427325305
-2.578221831044665
-1.6164301129953913
-0.6063157613789375
0.6109216658312805
1.2852792480462698
3.8803935088268227
5.630058954174247
6.952226254959431
6.644703753743343
6.2223497636332405
3.0910167918377223
1.142399861749647
0.7729632688495709
0.16812063102574615
-4.490407380730572
-9.219160355478843
-12.947505430547404
-8.906328309322976
-2.9430603710032335
0.7214010577354001
-0.6054044150338201
-0.37418594743481426
0.007150724298134312
0.3861501743928918
0.14145034726302858
3.159688067737702
4.043201007136183
6.486526941343835
4.428531250486736
2.007785260912293
-2.423459530842289
-4.710350370261121
-4.99274843090729
-2.7109708201844764
0.22715729556717926
0.22704615604902237
-0.6335914082237847
-0.5578023835464959
-0.08547517228286575
2.2127448306088633
4.0421022952249634
4.786453627289829
3.5470199037971613
3.825489710927049
2.7803168251583505
0.47656400448351777
-3.9267601404069166
-9.222896387610122
-8.925193154831149
-4.139585310965608
-0.3397002511490456
-0.357288232956994
-0.3251511703469447
0.5838711116450331
0.4326850621099481
1.5651513298825557
2.5456934925406642
5.056620220477923
6.317212262075306
3.5512688647840895
0.6580012981257818
-5.712057558000285
-6.892768722871457
-5.3209440535803205
0.3734584570538453
0.13438614321695033
0.568935934049669
0.844884298374271
1.1588754613828152
1.939947200683953
3.5610097381671695
4.033838710325991
4.326054886877296
4.744560025666531
2.229378899827309
-3.98617333121724
-6.3680085642117605
-6.263788655620532
-3.696625201642598
-2.872604502792085
-0.18748850129779127
0.2879011439447529
0.9909559315204669
1.1654839552558478
1.9390220641109415
3.6596798090597695
4.027558210345799
3.3565125956663078
-0.4021768387215914
-6.477353443865026
-8.091831239877658
-3.365829421880065
0.4158339186458949
0.9334623991108059
-0.16304616699570768
1.133317290179422
0.336937147524196
1.2788872366010589
0.07990478232256969
-0.195821017222807
-1.5810493131477767
-1.0985578085578402
0.6362670419611958
