0.0819775655772239
0.10309984237723321
0.10771635923366861
0.10297502204374792
0.09806794727583373
0.10898798817353204
0.12060988993659014
0.12848399757789553
0.1166207986645507
0.11520808392240223
0.1212373338889099
0.13143706662862897
0.14923693747373862
0.16433256747476266
0.20642458679011882
0.28253336783152
0.3925089131386035
0.49737702658496197
0.5997664876177201
0.6945448947526662
0.7629629839037104
0.8039504177522242
0.8315160579918074
0.8534986558980375
0.8818301263634375
0.910218745559719
0.9456679647658864
0.9747795187319923
0.9873340726330102
0.9818402107567248
0.9779095124410457
0.9779117901395936
0.9745119424669187
0.9691357163390714
0.970182957175891
0.9744664229187139
0.9809497244710355
0.9875667070289889
0.985933947754512
0.9796964445229324
0.9715838011462532
0.969821604563332
0.9484238400737771
0.9162320930845783
0.8759475128162367
0.8389793232630481
0.7569697762507115
0.6499135064913943
0.5199462581549776
0.3868797335712517
0.2494509300216881
0.16255233765323168
0.12421989014642666
0.09012656230339794
0.05371214068659609
0.022921969418430048
0.017293955430295747
0.007802561527163427
0.0036504952361750033
-0.0012380661186674187
0.00872601630767482
0.015700985603880176
0.018756651470697425
0.020665148485935696
0.026220077509664985
0.0317322466103898
0.053823447972855466
0.06854599916207037
0.09990031695080492
0.16265192492575387
0.2631882061269484
0.36189523153510017
0.45341741251810636
0.5433712973105873
0.6433348449697291
0.7444566854056056
0.8188193052933567
0.8605674757223891
0.8924356484187919
0.9158910160583806
0.9299711267585512
0.9378113025024358
0.9419859151338277
0.9468039054157431
0.9492282732492997
0.9633300634629695
0.9757812381036329
0.9811496195043683
0.9838829719831705
0.9801648905269051
0.9776456615813347
0.9801053690035934
0.9880661821111851
0.982941387840534
0.9808285312003866
0.9761248808364842
0.9612251085741437
0.9404618804792617
0.92984949571727
0.917673583001448
0.9052849218803485
0.9029771356105067
0.8921770341005785
0.8615786728631625
0.7909862003519736
0.7133936201371345
0.5994004617213033
0.46752211718990533
0.3273731051645347
0.23491323779146778
0.1772112410798237
0.13346588488007777
0.12353228668766186
0.1261932341770276
0.13461270507513937
0.12540579349086614
0.12649102605071003
0.11847224884320709
0.1113271736098468
0.1083021429135103
0.10632435270294874
0.1034402259519576
0.0986526460736783
0.10204824628255889
0.09341067617534793
0.10893459811788497
0.18009610300333426
0.2947860147892635
0.37670763224005005
0.45045739350680386
0.5283342036379223
0.6292452823879999
0.7172408868712661
0.7970053556143509
0.8500721633616964
0.8916105897063167
0.9146884691297924
0.9333484519282468
0.9510438448903988
0.9559081355873948
0.9488001267206846
0.9592905433586476
0.9759392418809232
0.9661324495975089
0.9546795825864609
0.9467073733631236
0.9419139397907906
0.9308649024983072
0.9224761092052206
0.9254744807340217
0.9273903866967649
0.9379064741976948
0.9353971521507554
0.942999447445801
0.9359238248266095
0.9202147807402452
0.8778259063512566
0.8013699449615024
0.7013683983638102
0.5922640727758344
0.4925629690508164
0.4092924655715781
0.3286787073693862
0.2640837822230033
0.2206765301025082
0.21442993508842
0.2167724144377694
0.23114531047938083
0.22544193622676817
0.2081758872505636
0.1978760905627535
0.20298009973474707
0.19810706483135634
0.18977054858061343
0.18966716295691935
0.195344670668522
0.20223202074963914
0.20254726552944163
0.19994540789276782
0.1870281238178173
0.1806678046626599
0.18137912363742068
0.1850886287129931
0.18635983347025703
0.19629443663679527
0.25427795593199387
0.32929444982400435
0.38694617503257045
0.4437958954808688
0.5366912963961126
0.63019086631322
0.6908955470338247
0.7480496748692549
0.8026850008457906
0.8525615333083332
0.8905123296859179
0.9220263141787428
0.9497340538599943
0.9686285795135317
0.9805875984185456
0.9753867615561793
0.983927788089171
0.9939923543225073
1.0003799201562154
0.9852170095607519
0.969461036179531
0.9661388263818244
0.9738259159056943
0.9802559848817404
0.9786992145495652
0.9667028209268894
0.945308839235208
0.92333759783804
0.9092069285240101
0.9027351806600609
0.8892257318655685
0.8655129285955879
0.8211243936262699
0.7495615389862584
0.6473747288073523
0.5343142494461716
0.43752709600783696
0.36464718398934576
0.31182595409363667
0.2713105050105834
0.2534340197228575
0.22916285898560695
0.21028913651042988
0.20139539498406167
0.1992648561185075
0.181231315761406
0.17527983186720683
0.16629905042265428
0.15746297110673885
0.1631826963580835
0.18464955728212948
0.18814095669160757
0.18086374858581883
0.18840877993340907
0.21882688988619498
0.2668549027749735
0.3355584704384449
0.4363188401220791
0.5418211905282198
0.6333986288765274
0.6976387457776627
0.7543110536703552
0.7885999208728859
0.8140043852054435
0.8326905282432687
0.8509535651321727
0.8571697021404008
0.8684235952734174
0.8822606741856175
0.9019588913848487
0.9101389563468172
0.924684007212739
0.9221778930600828
0.9248930504335804
0.9340109217096297
0.9476661709222396
0.9412725456137214
0.9357774650821313
0.9247470307457988
0.9176828279486224
0.8976939447049423
0.8793746667376227
0.847559252532762
0.7990838564539452
0.7183611985614993
0.6175487603043144
0.5078304368400194
0.39064137788806785
0.30539061817015606
0.2523521746897012
0.21994648424847224
0.1885260351494102
0.1755966316914512
0.15934921085384007
0.14999664776519273
0.15213255292799882
0.1588074135498405
0.1618081909068645
0.16241503403286026
0.16453954411110117
0.16034809951054416
0.15888645028902665
0.16022480888673873
0.16161583071763325
0.16418791861544352
0.16272238413366452
0.17060024762610743
0.21739743286013866
0.3151499702808377
0.41092832137685475
0.5035445676532591
0.5838028538424911
0.6560590770006496
0.698839843461882
0.7457082677813724
0.7933185422126374
0.8339000956380246
0.8658978100176862
0.8862057958086813
0.9071008007500552
0.9126917374112932
0.9194062096894305
0.9211496412619372
0.9341575401079444
0.9299297864299543
0.9246778842644388
0.9134725277957088
0.9128699567288102
0.9144409231194771
0.9253484521109688
0.9334445770900206
0.9307289159863688
0.9164146176025285
0.8848017235064691
0.8444895317667162
0.7915475589111285
0.7305853408252087
0.6694846698712487
0.6299810686416546
0.5717868495832377
0.4888893660029218
0.39766339286326385
0.33612381168612315
0.2933689466133052
0.2743049771384999
0.258398468725359
0.24730985226684601
0.22823978840242667
0.22291584669208955
0.22175364782066814
0.2229877742091069
0.21486261503224857
0.20252694188192838
0.20372144561405814
0.21069862914617538
0.2203166529932255
0.23175232392233308
0.2547238406726977
0.27806740024901266
0.3149537138084303
0.37088974996410234
0.42317901425975074
0.4619297915273728
0.5075266280778037
0.5707235543837067
0.6412373133912148
0.7180903813909549
0.7822144452993154
0.8150718507346195
0.826060349333982
0.8435680560292576
0.8654086692218821
0.876466289218551
0.8871178310479761
0.8994478298858647
0.9057549182543427
0.8996923734508613
0.894368920803788
0.8944343573517017
0.8977814317737287
0.8956713534179973
0.8985111003095693
0.9039031237735875
0.8916385484993888
0.8761684748213914
0.8739232781091775
0.8672203966702026
0.8493641869659035
0.8338500896069482
0.8261930587008759
0.8010519443175
0.7540019562846969
0.6861372099298134
0.6139351368232459
0.5280540729948705
0.45070653754861245
0.38369949176054224
0.33713794071469755
0.2637590088563293
0.20095541488767527
0.16611890692043146
0.17333796978783667
0.16765394938277955
0.1623696508606184
0.1722073301398684
0.19956994395546518
0.2116368761437309
0.21253767147295632
0.2041516096646022
0.19484037237770607
0.1991243714177463
0.20897029225937244
0.2165522909884277
0.2330567789275134
0.2899048867197136
0.36458783677447654
0.42169363391092574
0.47160459589251624
0.5323938590830513
0.6106403831485283
0.6872985747564193
0.744966093605425
0.7837293532666052
0.8114546623319976
0.8323279940659499
0.8342246810255692
0.8321853442482672
0.8316670803489401
0.8481184761964362
0.8667924646678469
0.8893218567912263
0.8972028170904226
0.9070648911264072
0.9104158671715457
0.9083196798980285
0.9017347267106086
0.9106965245396551
0.9156079675474651
0.9140160967828176
0.8999595772514911
0.8936085649726084
0.8833207057860202
0.8731810783960937
0.8602271799326192
0.8257878181891488
0.7745345138992654
0.6959979900705031
0.6117687163867727
0.5127009991185558
0.4249783133307363
0.3572736114266409
0.296859760993053
0.22610739040070424
0.16751851151683708
0.15140893777010017
0.14927004597738253
0.1434932759530667
0.12968584763695318
0.12415210813246284
0.1200442218513381
0.12001963864050219
0.1205347636798821
0.11775970127550774
0.11698670009394922
0.12973005052900055
0.14545548288886218
0.15834160843315254
0.201920640840902
0.28357744310307037
0.364971122645285
0.4055189018169392
0.4596450247942447
0.5332609437266684
0.6115044638178297
0.6576657727941031
0.7033349542086846
0.74227202730297
0.7649259218473086
0.77652978924043
0.7912620482145115
0.800005637682243
0.8069373616682152
0.8116946721220906
0.8230041873633088
0.8294670939873853
0.8469097100095512
0.8656252711880936
0.8786337572523915
0.8783983926833902
0.8642462095445789
0.8535061654425323
0.8389541855471261
0.8284887533681458
0.80833804524895
0.7859371574334559
0.7545082693215949
0.7312644678163682
0.6944218615799536
0.6397032770887994
0.5735922802496751
0.503693127223554
0.4314305089451036
0.37009532880685286
0.32313586391316096
0.2710931258416566
0.21232115603945353
0.15952018559514797
0.13873604300376086
0.13796410320730937
0.1340685927261558
0.12336355474956079
0.12088728563066709
0.12313519019826384
0.12106109361465336
0.13639786381629093
0.1733559803735401
0.22440128561115208
0.2733807535064567
0.30564249604379234
0.34771594063889977
0.42378464472341304
0.525778920797228
0.6111401446870266
0.6665101489292433
0.7096432144571749
0.7441000763344718
0.7723033187168123
0.8021985067551024
0.8316588598859855
0.8668674082408354
0.8972028212860435
0.9144700720426435
0.9158640561271679
0.9249799172988444
0.9400746720774091
0.9442197423311527
0.9469539057021948
0.9536634281814516
0.9545631476336615
0.9538274262406737
0.9560067432987097
0.9606930373969339
0.9570521911661379
0.9515745464573132
0.9436698252604079
0.9308109511797287
0.9204541395300827
0.911577774450418
0.9013181793697561
0.8848924056855636
0.8619411803922391
0.8298884641432872
0.7903070976902774
0.7482264150822469
0.6914609165731362
0.5932871200659345
0.47440976124199036
0.35766031378336827
0.27671657290037377
0.23323367933913572
0.22658868628036646
0.22685802191387044
0.2242941686231487
0.22973105743665126
0.22664564909409027
0.22165351935077746
0.21976211917251864
0.22249583524503846
0.2238928198441711
0.2345342301149914
0.2657592109202901
0.2993588017407388
0.3487698643264148
0.40794308327913914
0.49161112672721197
0.5671490908521534
0.6278266462355155
0.683816034909529
0.7448179898242318
0.7974492830076906
0.8357401259250611
0.8745982613325812
0.9108509440136614
0.9314922242358822
0.9421525291161986
0.9501021483076069
0.9558220311757574
0.9530480971294729
0.9521401448365714
0.952295268362313
0.9525725120369255
0.9545287219192438
0.958079633809574
0.9609328710614047
0.9592903725823184
0.9493952169132057
0.9414217202740605
0.9373821436222798
0.9371994777117797
0.9284373845285367
0.9327950319891667
0.9455017647141291
0.9551806809718223
0.9328899049480226
0.8914434564038946
0.854911811030864
0.8349205858387124
0.8084060398712991
0.7603375084911612
0.6791492795692708
0.576393379838474
0.48661982485869404
0.4181076271205498
0.36400631379380477
0.3123839600481236
0.27340523881915074
0.24687415649829916
0.24022628323580278
0.24220211970467997
0.24274064973393294
0.2487568344750179
0.25349186959736314
0.2520386179867013
0.2551077830803622
0.2725394930566779
0.28553618047972856
0.2868808208394286
0.30083668175767697
0.3427241771661579
0.38019815644214483
0.40016584415033374
0.43431109914225957
0.5045170099478464
0.5854337720786288
0.649799827897341
0.6925581162747809
0.7301151218579127
0.7630726038577419
0.7817223901362547
0.8031517504182035
0.8320599352396941
0.8559847702944063
0.863089443586176
0.8830668317329018
0.9061361264545267
0.9258015724851489
0.9276386172694471
0.9253455138974485
0.9170953182146585
0.9196373891607873
0.9216020583079044
0.9184732719406227
0.9067568507935968
0.8964027736256686
0.881181432488531
0.8623123395303484
0.8489234798390936
0.8336695452337657
0.8066694186347236
0.7431327192367683
0.650282412068935
0.5398387662358316
0.4461232006247066
0.38117681026609496
0.33934126394557607
0.31284663874392166
0.29243994877118473
0.26784929806672
0.24214255577880406
0.23351387839897275
0.23663938340444227
0.23131328300506893
0.23391504334264232
0.23166235907300167
0.23635627260188458
0.24698642796867012
0.2552607661559799
0.2541077570531656
0.26194848585411384
0.2891624126916428
0.3059101685143186
0.3356720852146988
0.3653543730345152
0.4002045387661598
0.43334726288876757
0.4912792820038778
0.558597739440921
0.6162381819681135
0.6586400329312216
0.6989422916303204
0.7329303312342823
0.7659932869614847
0.7936774220953484
0.821283664318338
0.8375259955510652
0.8548791727587483
0.8653485769136731
0.8738688032897305
0.8592880584093403
0.8462495908851657
0.8300805464057395
0.8297287515168904
0.8217718789508334
0.8299183349959836
0.8387079548277167
0.8583030672373926
0.8628223918497542
0.8628033929628312
0.8583482558080566
0.8649740150721276
0.8622620809019726
0.858524825957684
0.8552076312034758
0.8690430379957161
0.8709915238471936
0.8508655171886632
0.792712814802349
0.7371816314217652
0.6756634288352581
0.5889394020162477
0.4812449691364954
0.3742337683533032
0.2996076347861556
0.2535508144429737
0.24391655541444887
0.23521619090864415
0.2265339575810665
0.21641086666641274
0.21024059409660079
0.2089434788099303
0.21078075066018337
0.21665176452939647
0.22611069495517366
0.23752480825670283
0.23916967732756023
0.24233349370044208
0.24594805852015697
0.2594751395401824
0.27564974515899854
0.31157242897046067
0.3478770309788933
0.3967000923614347
0.46420105238873877
0.5520688633912091
0.6273628474765771
0.6850340171035333
0.7353997676276871
0.7725745892268313
0.7955551670579663
0.8088432434399196
0.8242842512647135
0.8465005748517106
0.8735828133339166
0.8855931440010125
0.881991380330393
0.8721686344350126
0.8711916989218218
0.8693747305893208
0.8755340216208012
0.8808053966914771
0.8943250565249126
0.9023559724881378
0.9055344435050265
0.9084712444762518
0.9118542563254046
0.9040188725399904
0.8848054890465586
0.866410671296569
0.8390894685750769
0.7893893420467677
0.7204209641355085
0.6272827525288392
0.5156220337067445
0.4094368450815616
0.33733415028070685
0.2964980700682649
0.2796484961417064
0.27402896920379227
0.2672981545781842
0.25763387068442256
0.25624183932236644
0.24964832920768887
0.2511131599398496
0.2455887841477435
0.24207542421454223
0.23393303996656956
0.24273087908262433
0.24245859336946407
0.23721162817070407
0.22699466251418976
0.23433206787330654
0.24389670086117077
0.26597682273814166
0.2978345129728
0.3405042979035932
0.3797467367525704
0.4338388714161089
0.5024277654390232
0.5757118040466117
0.6326343983887897
0.6838397926897918
0.7260578770798956
0.7623357944416458
0.7854793303895735
0.8073224469357851
0.8372194631989064
0.8659972658006091
0.8800060283472594
0.8837114354181375
0.8837355338185614
0.8875516993243613
0.8904113990421203
0.8958397478975594
0.8969795883918804
0.898193559069331
0.9017623979681572
0.9061904060015955
0.9102286246861266
0.9037994370103807
0.8932469660041209
0.878445843300674
0.85237090126512
0.8161996456067079
0.7868967934391837
0.7544201670878276
0.7115130802341517
0.6620215619978385
0.6058233778725726
0.5213325912288305
0.4458105282759
0.3952752086484479
0.3548180525990837
0.30829008960686866
0.26011032933111855
0.23772431264249705
0.2315688889126368
0.2382142298381656
0.2343567418363335
0.23554226812012158
0.24536188226622113
0.25430334285349115
0.25792043666340847
0.26359189970662755
0.2708008436787043
0.27799154181230346
0.28647348976078074
0.29366020718082997
0.2971277873233933
0.30667712999490004
0.33178057410907036
0.3788165860795218
0.4536041047273637
0.5390973445858372
0.6071627025198023
0.6509198841673703
0.6861278110708483
0.7184329789684972
0.7568753462938049
0.7861308060908283
0.8214246107624428
0.8566917574893926
0.88942059498833
0.8998056068914233
0.8922932310994353
0.8772676853109719
0.8683241402418411
0.8795538159551899
0.8940934141419369
0.9036869027557692
0.9058561049194509
0.915955232906497
0.9154687315726936
0.911088518289256
0.9032727828076237
0.9002339739254538
0.8922580268826144
0.8840977490866011
0.8871627983415848
0.8691938275821909
0.8375927941294405
0.784542479326354
0.7507451117177281
0.7080526983233426
0.665054872585621
0.590303726202601
0.46841612306237945
0.373026316672717
0.3342074613003895
0.3353939924249707
0.31434073018749475
0.31165354986144056
0.30711994001599585
0.30405296790214814
0.29401505023303265
0.2857417466866632
0.27065580052492144
0.2716064953629871
0.2701031829023105
0.2689400695669005
0.27142987088088694
0.28447660036672584
0.29185259483168363
0.31120259138309625
0.3430114059252953
0.3884342312302923
0.43065544502364755
0.4842705568623421
0.5391432523429694
0.5963069936029137
0.6469657928069473
0.6867765957390533
0.7207204269202633
0.743148362631355
0.767595445562504
0.7912894060102286
0.8145982712881219
0.8320743975495273
0.8470264246889956
0.8684018379999116
0.8816928727089894
0.8907033326720155
0.8876942391746533
0.884507999871866
0.8775966384539589
0.8767706879373839
0.872804775613564
0.8764269165700271
0.8750127823579908
0.8741156362517097
0.8462976086817791
0.8192168484458109
0.7757073664280668
0.7339228010575325
0.6783621942256931
0.629936437584166
0.5760011179511391
0.5043068932155346
0.42584630654174166
0.3689674357470063
0.34065493787990053
0.3196955809107257
0.30372482291238445
0.29706979898917385
0.28944652203907667
0.2877127090022128
0.2851719177380642
0.28825349081483564
0.29222733730635264
0.30139831180400123
0.3018191437888464
0.30880153474363453
0.31748085151160976
0.3354872514133199
0.3590346836224742
0.40178098123016015
0.46033806305811337
0.5249267643456736
0.5793030343005029
0.6196485824665853
0.6609055791938939
0.7021232571581906
0.7389967368352184
0.769409384124815
0.7923632544605945
0.8095535201128341
0.8327946575743832
0.8583206775435026
0.8729932594126675
0.8686992914414606
0.8673473135072016
0.8715656409106227
0.8850311198240173
0.894132933328255
0.901670931939945
0.9043640775338819
0.9077960796553077
0.9076945506861722
0.9033447970380124
0.8943533544479327
0.8854530346055435
0.8858642224212995
0.8927417828881661
0.8933578925616634
0.8869232162034809
0.8824677530545366
0.8830728661014677
0.8776125403636423
0.8648966934577209
0.8388338483055562
0.8101377140674227
0.7844275137225312
0.7490056503705211
0.6907344969200926
0.6376523126104847
0.5863288300879903
0.5256553376159865
0.4412148673359346
0.36574651710268363
0.3107125781828851
0.28067396262153255
0.2657607897833551
0.2562237917506223
0.24622284978577091
0.24451899022629114
0.24460391202963444
0.24342346202672455
0.24593494887855136
0.2595771895388971
0.27295898221142445
0.29801632067368217
0.3335038824456592
0.37958338299636096
0.42913208273631975
0.46777678104940845
0.5030441565580254
0.5517664158395158
0.602383420602073
0.6468333677589205
0.7000864029908302
0.7579478359366618
0.7953276636366333
0.8164578358503223
0.8340718916814595
0.8469974649047631
0.8567972202476379
0.8653721900188086
0.8712154433057459
0.8707371060598602
0.8734190880479926
0.8820501183955858
0.8898415862546307
0.8887815730140884
0.8849008605883663
0.8744146293902718
0.8766420670644967
0.8742563918006212
0.8726404373073874
0.865585579262255
0.8640505314612572
0.8523139400711707
0.8372783271611997
0.8238534341317922
0.8106132444136699
0.7976171025263679
0.7584586604349031
0.6573607469184494
0.5178538887147068
0.3910296437576962
0.3342373951462586
0.2994976206928984
0.2681107567755383
0.22091695784264506
0.20330792284474725
0.19070413447967013
0.1812121504477422
0.16322539439352352
0.15873132046959032
0.1578940887406058
0.16781530722581428
0.17056291242716026
0.18102661419402555
0.2014352200836982
0.23961332107504085
0.28280729113317915
0.32703584107351547
0.3771017800730965
0.43758293891298283
0.5033579942049019
0.5560439418362202
0.5912588618994812
0.6258920251916968
0.6638425916593302
0.6970682404455462
0.7334307029456958
0.7703620156361988
0.7982845782156494
0.8150782071850299
0.8351030428089066
0.850017818974248
0.8505436550802109
0.8500925312486832
0.8545198184216456
0.8641409685439445
0.8751105451943917
0.8890538038462845
0.8995386988686345
0.8991157792067664
0.8945568893838757
0.8919223865657507
0.889487717322628
0.8720070154073734
0.8433347084194069
0.8130893450401794
0.7842219014864225
0.7354091265523482
0.680287393173799
0.6038847000684572
0.4937885480000787
0.38898901847323064
0.3281860723903114
0.29925233096742687
0.26605147753457303
0.23310712322571847
0.20377284723315822
0.1833645129399116
0.17020419549242374
0.16324718747425396
0.16176051665721997
0.16515967433055262
0.16515211744442748
0.16975309462852878
0.1756654673862406
0.18705314499148928
0.20204661281509734
0.23172704104887404
0.2694433392374596
0.3250201455295429
0.3865626432220814
0.46182951058526334
0.5354877233660664
0.6013862196990949
0.6457850468504112
0.6768195288192758
0.699239396670811
0.7255821391261061
0.7553591064998892
0.7794451957253696
0.7922805136382813
0.8074363934442494
0.8218157492405558
0.833586686153492
0.8424106659431959
0.8558150846411006
0.8624062167572173
0.8642310062371446
0.8629006484923699
0.8636301246039028
0.863957062978379
0.8603727822436762
0.8544433739070039
0.8600684234853246
0.870398682009278
0.8741231295791266
0.868141472744153
0.8618259287765013
0.8459240283164859
0.8153127170096572
0.7964756394613689
0.7501927436620799
0.6659648125101691
0.5682567420185067
0.4792013524114322
0.3946032039820714
0.3157937952238521
0.2830933209917782
0.25800077734208227
0.23499607809620587
0.2099166376926171
0.20293092864371018
0.1994951681919766
0.19533095283245072
0.1916970381960112
0.19704856820680505
0.19496605972124603
0.19503694339703845
0.1915281689290624
0.1911474370100521
0.19104122650334185
0.19719182703373883
0.20710548686067698
0.22351253441822433
0.24087243625180924
0.2663755558181858
0.3038798313747323
0.3476470996587335
0.39362401800141006
0.4416537581586998
0.49972410548984236
0.5485183761651076
0.5850943456465747
0.6163248571192868
0.6531907406596407
0.7055901624951453
0.7511221663574077
0.7840059656331954
0.7999589156568697
0.8132332113445785
0.8204995761067538
0.8240293148934501
0.8348175449294837
0.8468260974228534
0.8526538962213781
0.8606333455221445
0.8586990511609558
0.8522127544885076
0.8377589315416625
0.8191371570972341
0.7972270342778504
0.7778164174019588
0.7602942189390498
0.7234620211943597
0.6704369971257833
0.6232945116878816
0.568302800480153
0.47639091944940043
0.36490058239579765
0.28759488856898874
0.23937684634610185
0.19731253932971637
0.1766838406632153
0.16400610016950853
0.15942948355262251
0.14829927008515517
0.14518860855203863
0.13717759921851724
0.1401829106893173
0.14707324565261365
0.15776080692488031
0.16026126856852269
0.16212757792574717
0.16752670818829365
0.17936362042904894
0.19410386944336872
0.2235653132241782
0.26540425621889513
0.30485708127461913
0.3507538378132166
0.4157796196638016
0.49724963632098107
0.5758380956693078
0.64416231185957
0.6877589556535724
0.7132685180927415
0.7333460717542972
0.7570969885037464
0.7820785727027024
0.8087231361393382
0.8237378630955753
0.8315328633090606
0.8366543362904275
0.8469836920010925
0.8531254477410559
0.8570096647890667
0.8530935879800616
0.8404298967107338
0.8369609069009237
0.8383580801591382
0.8427971384413835
0.8429676818612397
0.8611729952138149
0.8685872627554556
0.8453271922381154
0.7999105541488745
0.736870266027185
0.6744600055239711
0.6064287560020225
0.5327848619851383
0.45444610949315656
0.3768804568081964
0.31492153499857756
0.25548212831527595
0.22556198735636085
0.2047236512776825
0.2042889737316907
0.20312541071326323
0.2079808645870819
0.20518225287921327
0.20340929226937324
0.1951583074301641
0.18823658724707615
0.1812724473949481
0.18006918085278434
0.17925985959827243
0.1889864160809123
0.21116974045852605
0.2391022375058359
0.26308307550710774
0.2986087090965708
0.3487690166768488
0.3982058654523209
0.44561520373889185
0.5032460396142404
0.5633864200533686
0.5934254764864273
0.6211691675710898
0.6587358028329273
0.7012912494208974
0.7316948705526218
0.7661424522893934
0.7897503162510013
0.8076940596097227
0.8231162577533161
0.8308753297510956
0.8299632679210064
0.8250621914084219
0.8259844933287004
0.818773279452915
0.8059423527996686
0.7926016526956495
0.7782239261995711
0.7613254084032124
0.7282629803010828
0.6933792596465527
0.6615728846435671
0.6493532931815874
0.6330601848544255
0.5671655994867381
0.47549423075763364
0.3702366036317304
0.3035085869142698
0.25128204058344744
0.23459438599720772
0.22125931799528833
0.21878089152918198
0.20316601705904888
0.1915537074350158
0.185866481106924
0.1867102235251385
0.1841152689280856
0.1820661423560931
0.18181485162932737
0.18931191584450774
0.20317769902758986
0.21386224340191967
0.22037958488050702
0.23711393138957945
0.27839986890626056
0.3231218642594672
0.37680779163751515
0.43503963300326154
0.4993810217253027
0.5503069559069125
0.6118962064279745
0.6535567443700239
0.6930625602192794
0.7339546004908436
0.7867935626192752
0.8089330076004966
0.8190420471221533
0.8284955923582605
0.8375370408690256
0.8442933707868534
0.8429295196398031
0.8417069967258611
0.8346747312763807
0.8339343014802951
0.8482371057028311
0.868965756983853
0.8766607631742744
0.8668370628755615
0.8533041917808573
0.8375897982417347
0.8245399424880941
0.8170709130497193
0.8087584333644626
0.7919886242402466
0.7615271291400064
0.7028485109852958
0.6294079829195455
0.542685375125288
0.4565006100155676
0.3825001822074985
0.33003154830082077
0.29219636362867457
0.2579748788409004
0.23098611381720674
0.2076168368940932
0.20197033772405087
0.20222639169705398
0.19841735158990428
0.2047597114839297
0.21110206032310821
0.21450731603448872
0.20582245730260193
0.20820649808774783
0.20653452738724387
0.21751425834184243
0.23463810183145895
0.26396073341466486
0.33317953373568
0.41346075766486307
0.48024502238936123
0.5208987552008773
0.5748166327164039
0.6230391943331424
0.6718090252935792
0.719646590185855
0.7568703907830595
0.7821272687027441
0.8056470767239462
0.8304628851715429
0.8538980436856769
0.8676785136500644
0.8716488332034505
0.8668833744220684
0.8659837094029238
0.8655459035563702
0.8578324662715836
0.8563378937912282
0.8592162002993999
0.8653710000012822
0.862433579400978
0.8581083282379061
0.8463171273796595
0.8456379885744563
0.8481600285137748
0.841347103801567
0.8138654997058745
0.7705090917500722
0.7201518813694631
0.6666046074328661
0.612169529625153
0.5426763969141019
0.4601104715187372
0.37549153200263397
0.2955814408707914
0.2422348063792778
0.21973157193188253
0.2140414878646792
0.20720496278601133
0.2053485985008292
0.2032285416658982
0.20352233723776472
0.20403673126007105
0.20829451347461675
0.20636490103448074
0.20520728626757329
0.20745004399837924
0.21284148626853155
0.22540276542846188
0.252538156997602
0.2943333839085832
0.3539669069729434
0.4198083071118876
0.47919920846802166
0.5213131463389198
0.5602211435815055
0.603122316774488
0.6386093904102706
0.6717809270536612
0.7011285945077765
0.7456573163610748
0.7763510150359187
0.802092950950504
0.8242836629045253
0.8510808567789188
0.8600962775126575
0.8612616287836414
0.8560141103596433
0.8526828841828815
0.8583222175462771
0.8669876718613926
0.8691934052441519
0.8687840639146913
0.8669293710005733
0.8623266911591684
0.8579333687740742
0.8508831344117933
0.8214467433421744
0.7606565096318246
0.6795575169988833
0.6084421709550633
0.5310019123332834
0.44313994511877425
0.35063713289548115
0.27293209365415727
0.2208119919381427
0.19985685538730405
0.1968122373779136
0.19476270311379998
0.19529616756144258
0.19483262556024805
0.19384812775520868
0.19336577648950595
0.20002794136568014
0.20661908029184656
0.21399666479427398
0.227697651647083
0.25281228036612835
0.27607811004903315
0.30334466010678257
0.34097541369326967
0.38252611850901735
0.41940397949279157
0.4583920101357608
0.49927122174956906
0.5332131655658242
0.5755809370421603
0.611229484546167
0.6540205674730265
0.6947180103079227
0.7457559066923902
0.7919950609855269
0.8190417316460362
0.8256112621258431
0.823007755346917
0.8350887864767825
0.845973361408646
0.8521600522247833
0.8482342571928599
0.8505390287966937
0.8468730520333425
0.8430350635914907
0.8399037614298035
0.8476217431721388
0.8489691671440034
0.845114565475729
0.8423179172729108
0.8427160628933971
0.8470634989717838
0.8432683668103658
0.8140108434343253
0.7561238958328325
0.6975965457271747
0.6482826183062277
0.5991486773440879
0.4681535525808733
0.3647913435412227
0.2968811130020636
0.288026793881748
0.24885707618563127
0.24250520417170363
0.23753488971026118
0.23097329227749147
0.22653285272332613
0.22267607136158882
0.22156369841833448
0.21738655691738107
0.21760767036799983
0.2107438469962053
0.2214217622826315
0.23019303404657757
0.25913162287814856
0.3025531289357312
0.35841179565044334
0.3985057421751434
0.44471402019172734
0.4983747659195293
0.5448067834174721
0.5883057469218574
0.6347002867281074
0.677432230125204
0.7163128255261155
0.7423918300867488
0.7593059416289369
0.7767983031100953
0.8032633584194849
0.8349369597368816
0.8528775313347926
0.8569735845878179
0.8560044452230223
0.8634115974147301
0.8753316233239355
0.8800885471369697
0.8827260630962322
0.8788740729631703
0.8768829561283766
0.8725421860078556
0.8754824926075637
0.8815833750895181
0.8730024436452114
0.8617071842699261
0.8496572178074163
0.8397848993757414
0.8263558116847043
0.7937566161240658
0.7358105479612047
0.6469091595207723
0.5538378113687769
0.44691427885795343
0.37456758164841536
0.33727148623975006
0.32378698161654484
0.3032844451658643
0.2927546838946292
0.2905367195595074
0.2936734816709328
0.2913367417708225
0.2846859617624619
0.2855431407038299
0.2967626379847419
0.30399166011660284
0.3012264558357316
0.304935076509068
0.30385200876531154
0.30524592176974696
0.314289324714246
0.33997530011306
0.35486248428757383
0.367300742805337
0.3929117104135095
0.44066842196234757
0.4930544553606898
0.5495585959811642
0.5991388066466041
0.6433519150909179
0.6775881636236698
0.7145386692704327
0.749607124110977
0.7743378532026243
0.7873707147006829
0.8003782141896928
0.8263695433788324
0.8484033329305578
0.861676395019563
0.8649576705774046
0.8660196714100284
0.8618411336206359
0.8590253809181416
0.8543095384798294
0.8562049067290776
0.8554858030045897
0.8491187023982936
0.8204072782276037
0.7803974274893908
0.7397460219673716
0.6940515174325527
0.5832867608573128
0.45249333546523884
0.35261497644068773
0.3175048267505899
0.2873427042993565
0.27077886503332116
0.2575150868387579
0.2490105464306759
0.24305833850584574
0.24480915553300683
0.2495132617381292
0.2469308233637249
0.2434474330394683
0.24423608379667794
0.248087326222325
0.25349045944636794
0.25775104806898347
0.26360277949786026
0.27485711517358
0.3040509621913777
0.3420364244293027
0.3790318719028458
0.41756937927377513
0.4655802263722269
0.5239263567992335
0.5778528929068377
0.6224974198637788
0.6599517322233676
0.6995003103729347
0.7415026496594892
0.7626863890593883
0.7810505693289446
0.8020649297804643
0.8306809563620066
0.8454819016604818
0.8554129579820975
0.8589635884541404
0.8522944503538105
0.8452382755172264
0.8426624601372805
0.8448536309332316
0.8428020427555764
0.8428016417524731
0.8391679288430582
0.827748893235983
0.8113629554690486
0.7902214115846978
0.7618659383832365
0.709140985069511
0.6290969788807136
0.5214329319556537
0.4217002411284981
0.33834357701581186
0.28601648279619524
0.2536913022696786
0.24403071055945158
0.2398436804894108
0.23975844345668226
0.24028724376231383
0.2448250649050898
0.24709070113813283
0.245826764014399
0.2429833237418637
0.23818898128797508
0.23619358604647434
0.2442620771144155
0.2611086529111179
0.27780026168669203
0.3006954842468681
0.326848590346398
0.3586236061110311
0.40367379509303536
0.4636683975967847
0.5223485964073196
0.5743318493114965
0.6255599342178892
0.6759907106511778
0.717175465810152
0.7551337256847439
0.7832854587689425
0.8066467719341094
0.8249639804723624
0.8394781377544847
0.851164475071259
0.8637051123888614
0.87366131761592
0.8661362956559577
0.8501053844426055
0.8352221129765046
0.8262847344675543
0.8226198794233542
0.82469426417236
0.8209351079511911
0.8025450267721319
0.762349038697284
0.7160465414792188
0.6673204946996347
0.6102093723756078
0.5288643218966907
0.43435018375024237
0.33944435408296686
0.27414821122906674
0.24834499296697313
0.24922483087553265
0.24860780703728086
0.2471582445619462
0.24667425608458798
0.24795635564480123
0.25163178421337284
0.25953989997766463
0.256367795578622
0.25336926785915304
0.25248653931860504
0.2559602283972849
0.25805427724043656
0.266215253763877
0.2854450184064229
0.30744979821783935
0.3347823647481175
0.3595521881429312
0.3877296372826923
0.42752256497589125
0.4720834815741589
0.5307403335457324
0.5891616042144661
0.6472531564660443
0.6947385570623882
0.7403996390991323
0.7721858272879072
0.7958262690518297
0.8222468601131323
0.8452584861883298
0.8542304785472427
0.8496430993421297
0.8484646331011616
0.8573240930739208
0.8683840391193699
0.8714784492424484
0.8683124948140479
0.8642616853186227
0.8545984346592874
0.8484382382469237
0.8465880059974882
0.8496919423227464
0.842230713686497
0.8240989354564932
0.7739407804883366
0.6877451585515796
0.5902950927013102
0.5013233108472234
0.4129238323141015
0.3309304164221024
0.2695147290974041
0.2349142470556013
0.21657905695877244
0.21320571876095698
0.2110119935257126
0.20993900685991246
0.20806745824165915
0.20346794888633576
0.20286719985815807
0.2049340790830291
0.20487542949970836
0.20165862963711229
0.2057804351863958
0.20174593692113982
0.19428942320227677
0.19452797401616115
0.2133979747593492
0.23487081450453212
0.2674964511628376
0.29942672759726563
0.33448908578909975
0.377532318306058
0.4304291231935078
0.4848147524254354
0.5346258644599529
0.5890852737691193
0.632268361775668
0.6699260786483795
0.7033097241147033
0.7443896408723232
0.7810528063444877
0.8058707950243713
0.8197647649121228
0.8231321418133227
0.8262642054051258
0.8306638032326072
0.8378037709096346
0.8346850777843264
0.8320118078902782
0.8356169587208351
0.8387211185048533
0.832349882689926
0.831848861142716
0.8372041080240623
0.8242321251870706
