1.2673366080005588
0.2769910113861238
-0.28448023139524137
-0.2944244860748511
0.6552024538618988
0.6973141057834857
0.47244645847832345
-0.7117919348006895
-0.08476288452890864
0.3617549979904603
0.6119839643831442
1.0679922507065789
0.9057378000614427
2.5255211589213706
4.566526862484071
6.59853271842501
6.292086806781511
6.14336766196549
5.6867044280967685
4.105085349062652
2.459246030910819
1.6539384143749918
1.3189558743738086
1.6998882279239984
1.7033171517768935
2.126953152370044
1.746693237966353
0.7532732340610739
-0.3296317125771243
-0.23584189894074375
0.00013666191287287034
-0.20399086036049302
-0.322573567670842
0.06283445020917733
0.25700794456937326
0.38899809313929584
0.39701895347720273
-0.09796555646860917
-0.3742501938947795
-0.4867586026007515
-0.10573179497527196
-1.2838658693732976
-1.931504819351922
-2.4170748161004876
-2.2180913731913234
-4.920572820740183
-6.423376185559052
-7.7980349001849785
-7.983991475023584
-8.245728212973791
-5.213915542107404
-2.2999468504082943
-2.0455996705817308
-2.184865297008104
-1.847410276089969
-0.33768083928805703
-0.5694836341879412
-0.24912397745930465
-0.2933136812905464
0.5978449455805285
0.41849815777232285
0.18333995200903558
0.11450982091429666
0.3332957414237541
0.33073014604349005
1.3254720817479446
0.8833530713528972
1.881259067324055
3.76509647849695
6.032176872071692
5.9224215244891285
5.491330858980318
5.3972330875488765
5.997812859548532
6.067310426152528
4.461757193265079
2.504890225741956
1.9120903617841714
1.4073220583753128
0.844806642010237
0.4704105446330792
0.25047675788351187
0.28907941691492295
0.14546207001339626
0.8461074128201881
0.7470704784398112
0.32210288404411885
0.16400114872813512
-0.22308488737592472
-0.1511537367342249
0.14758244533551954
0.4776487864555085
-0.3074876562390705
-0.1267713984088413
-0.2822190218341457
-0.8939863357404342
-1.245793685692922
-0.6367430857194938
-0.7305547629493273
-0.7433196672659719
-0.1384671761905048
-0.64800609059569
-1.835901674244966
-4.235548350671345
-4.655554812890305
-6.839589504949892
-7.9127006718839095
-8.408940721522267
-5.547592042383962
-3.4621198026986573
-2.624721371984765
-0.5960158915449564
0.1596568493619428
0.5051682538867076
-0.5524146950563955
0.06511395359063334
-0.48112663245017145
-0.4287045140016189
-0.18150184178019066
-0.1186674126336941
-0.17304760505946848
-0.287254792696752
0.20373601253283624
-0.5182542064326594
0.931435316552226
4.269690293126972
6.881394707155778
4.915297047047212
4.424985676005244
4.672608607866997
6.054664725004681
5.279736268995988
4.785868124585108
3.184008464840742
2.492305580677223
1.3846727654085482
1.119598967907237
1.0617235777291272
0.29185744181976164
-0.426480532002617
0.6294249982777833
0.998921911336538
-0.5884075370048601
-0.6871720206628809
-0.478332553400227
-0.28760601433997934
-0.6629422375490069
-0.5033275975851987
0.17990229172806746
0.11495435776458991
0.6309652500557972
-0.1505593228163625
0.45613771770273975
-0.42453735715149027
-0.9425426451818619
-2.5433324633393273
-4.587357683385267
-6.000092795861555
-6.54625953527857
-5.982066223500938
-4.996230208754317
-4.836825492131532
-3.8756955087829863
-2.6044351272297166
-0.3747957008452931
0.14054876096096397
0.8623737624966661
-0.34220245515676107
-1.0359629385722777
-0.6179878012686091
0.30624055031961583
-0.29238209420344435
-0.5001909750445767
-0.0062031374216448215
0.34065046269615196
0.4132410048670291
0.018914686788149625
-0.15611145820042915
-0.7750370444970339
-0.3816191493094464
0.04267913848564746
0.22257030453433954
0.07627228543583692
0.5960761899922966
3.4790111577119283
4.500989633520645
3.459103512513978
3.4109832268979123
5.573724054914647
5.6099741950263144
3.642280843236298
3.429247670125822
3.2781195585921568
2.9925919477525627
2.2770477826550897
1.8908390695695032
1.662464380875052
1.1336715392122438
0.717541134300839
-0.31205021174197767
0.5124615919795046
0.6038739740001796
0.38325395002248325
-0.9097746357278124
-0.9453584028732268
-0.19933258786240265
0.46122537143220066
0.38580413856276335
-0.09340621993051001
-0.7197836173605502
-1.2836389015008878
-1.3182744838300493
-0.8478401588418002
-0.38830487183695445
-0.8105669276695433
-1.422768196198841
-2.6633120981590923
-4.293771278400702
-6.131208610734393
-6.783628761670685
-5.8072292063000965
-4.3727947211094875
-3.1692737937425566
-2.4309269449832045
-1.0725891172635575
-1.4562696442350382
-1.1324233485105983
-0.5336244915820945
-0.12783233193325072
-1.082012421426094
-0.35708903365195127
-0.5388468866731552
-0.5301647589549277
0.3431835150806801
1.2880116554427292
0.20948396456868654
-0.4366324863473263
0.45270188085541613
1.8250865971671608
2.8816807733267207
4.122214059808299
6.045622181018075
6.330141024368461
5.49464630089848
3.8544070140681312
3.4003384735613813
2.0573320321518467
1.5242678599534618
1.1211685822695179
1.0957822133342416
0.37296822049368705
0.6752335879809992
0.8302247347320088
1.1818930319538798
0.4908038977181079
0.8727030519553134
-0.150366849159374
0.16290944240985597
0.547072276562963
0.8193149527565942
-0.38361751851107107
-0.3297048318954066
-0.6618260601799554
-0.42385216783058216
-1.1993329946208096
-1.0991566780391855
-1.908924852291647
-2.9085237647290176
-4.843359473546773
-6.048746295431115
-6.583099407857723
-7.031343537117117
-5.115045583074726
-3.182306608827301
-1.944341426473746
-1.8852269459436295
-0.7757642074775417
-0.9748452502566713
-0.5611537853188429
0.12815430976836617
0.4004916373105014
0.18004664142144086
0.03641058755974604
0.12747060469445504
-0.25148667603342145
-0.08769895329105079
0.08030151586272545
0.08346130985367102
0.15432527386861683
-0.08793206890674009
0.47267180954655075
2.8078311140418837
5.865152245241963
5.7467010657610444
5.556974776584278
4.815497171353939
4.335373389489525
2.566845987673954
2.812105459169437
2.856616465875909
2.434893205523238
1.9198628627797023
1.218479147459712
1.2537002964824362
0.33545619967428114
0.40286833668822236
0.10460589435040062
0.780473930760433
-0.25366522067940744
-0.31511412993093235
-0.6723213881238024
-0.03615426401391244
0.09425798344001401
0.6544517394895056
0.4857674987431077
-0.1629396662191113
-0.8588579030304174
-1.8967736457635698
-2.418731504385187
-3.1765183713352707
-3.6577330851550083
-3.6660402572376123
-2.3702160737756524
-3.491653143505028
-4.973849014818969
-5.473558388379497
-3.692374870628455
-2.565291904369086
-1.1438381684883232
-0.9543905047884572
-0.6653169875107807
-1.1442038318651644
-0.3194365026202284
-0.06973193228528488
0.07404758330632559
-0.48750955061147533
-0.7401403890192142
0.0716702239277858
0.4186310119270357
0.5770814308230097
0.6861402557464571
1.3782910050218826
1.4006135745789021
2.2131788135650656
3.356162169340335
3.137355857738915
2.325046636057331
2.7358101930258636
3.791815578354194
4.2308255404505015
4.611184079984178
3.847443834501641
1.971444326118255
0.65930991596175
1.050462401716538
1.3104367915574768
0.663457199800135
0.6390925097655131
0.7397999302733154
0.37842530210868386
-0.36375268820888834
-0.3194071588243952
0.003926192874821335
0.20082446532161918
-0.12660470134388468
0.1703848134943091
0.32352140784109534
-0.7358745164519225
-0.9282044206798512
-0.1347118027328347
-0.4021728863384958
-1.071372582257945
-0.9308458415373255
-0.4594218543643385
-1.5084668630025564
-2.8229992819681984
-4.071884781293024
-4.332124386394069
-5.1528638297025395
-4.6408521267755
-4.020422747284012
-2.7936930627506915
-4.40273591150211
-3.7682156381192558
-2.0901904780346356
0.43314377204431365
-0.34104122430342787
-0.3170579113296712
0.5902607567550021
1.6417568289358133
0.7240159312959452
0.05404771975352626
-0.5031637085012498
-0.5586742372137691
0.2570399424024148
0.5907552504975389
0.45491992374331763
0.9902692763451445
3.4108864675320243
4.480977003285792
3.426347828186964
2.994657718895441
3.6473557914321137
4.69479144392864
4.599491496473476
3.4600511309403528
2.3257955796708214
1.6635185439235494
1.2523999040371447
0.11380121757715896
-0.12236020663811743
-0.031095833959624675
0.9870837508497701
1.1204393082846438
1.3517635274027722
0.47285761795177794
0.5917244421590783
0.20105856270830796
-0.12577123641102794
-0.39509719124519643
0.5377078697427914
0.29468658046860047
-0.09551224587885077
-0.8433911718795913
-0.38106073673296237
-0.6172715511952646
-0.60837764339559
-0.7772339078084728
-2.0663617046082314
-3.075198257393015
-4.712191429725755
-5.053756421023845
-5.9440630360930315
-5.263361147269189
-4.062282114245741
-3.6248310260152854
-4.245142235540941
-3.515332733032042
-0.9665744248042181
-0.12833350756305917
-0.34660620145893156
-0.8284456989668151
-0.3320243702694212
-0.24647317686748527
-0.0014749926501547769
0.030907502362794548
-0.1665037442624623
-0.04638007089351098
0.7646010261030824
0.9435259415917008
0.7731675326574244
2.614741944464977
4.89940813573012
4.883620772532893
2.432866750299264
3.247567378638166
4.41695513594544
4.694611205469696
2.769678538576411
2.740150884874902
2.3362243856571325
1.3592336726603165
0.6962320435872906
0.8839355384448919
0.5246153680638895
0.4159034391583331
0.2854386272325248
0.678570914473098
0.38777439744458825
1.046556961329958
1.122933670712491
0.7805091638578726
-0.014121874140078422
-0.8491309883286798
-0.6444026461227949
-0.8731187937243776
-0.6279259307388219
-1.2090424871517478
-1.344053268929579
-1.885733286711771
-1.3946280903135295
-2.2105563741850056
-3.283115069469088
-3.9666598103476804
-4.193949181567061
-4.335757096707269
-3.680110808294861
-2.8175678936216744
-3.122564284290105
-3.526318188132386
-3.1680582266581765
-1.2470485554832975
-0.04631638778708694
-0.23373062886920318
-0.6423022785957365
-0.14857614713361483
0.13487427405581304
-0.12444579501662242
0.9202062120983063
2.2174869934348402
3.0627183142568923
2.9387680737181303
1.9357045522402496
2.5244066757063197
4.564122245071056
6.119656564428593
5.1216734333882075
3.322200254532838
2.587983931675768
2.067411712637932
1.6921945429403464
1.7937112822975052
1.7676211878529
2.1125129012911126
1.8201247827123916
1.0360350453960632
0.08363904507145997
0.5469516703006216
0.905685286713837
0.2487042152246274
0.16404980226252103
0.40257134875542566
0.053983167132591416
-0.04414328357926103
0.13075902348216617
0.2811776458934372
-0.21845077384777054
-0.32865868252946717
-0.4742832718143467
-0.7715324448407139
-0.6214086989787935
-0.5325819047798565
-0.6155757048397476
-0.9855464210515017
-1.377073517599548
-1.923162974937018
-2.374881987180723
-2.5248409564817074
-3.4059299105464675
-5.890427790432437
-7.132641529436296
-7.004966847517724
-4.856624452979428
-2.6089736136744315
-0.3986995835261355
0.016160138010239775
-0.15383119744329776
0.32621332881017284
-0.18512450055365026
-0.29952778459878576
-0.11348401069552307
0.16402296435119856
0.08381907594795318
0.6384846162491863
1.8734988483180286
2.015975449226823
2.9646637551407293
3.550393137163282
5.020082606884655
4.532277847496259
3.640653323001937
3.359363320440642
3.6601172948823715
3.1578775910073724
2.297450575042361
2.3314881244510928
2.175160960864934
1.2384768133331854
0.6396182928189545
0.4769771514845216
0.3431929720890132
-0.16643604277707671
-0.054477137574088855
0.00930741154449963
0.01663462047674675
0.11737259293910231
0.2130547134198007
0.17119423510985363
-0.09854990874517087
-0.5937093401467957
-0.47840979834869185
-0.24237459910685422
-0.010959954630004886
-0.5257255909945506
0.26145884763781146
0.762403963497704
0.5807349754616272
-1.3374465614279152
-2.486786912647824
-2.1918987223817243
-1.1994735115291626
-1.59087275804472
-2.8841118828084373
-4.87129373531318
-6.165353983848158
-5.3864132987865325
-4.11073186428889
-3.246078799604539
-3.0973412247407177
-2.338723273738503
-1.5918649392510156
-0.3988723957498057
0.11855018813262584
0.032311801755180065
0.36097108446507914
0.28410210734073077
-0.08719509663970625
0.1841499056196643
1.0459025985788908
0.7798012453830837
0.08067842158199932
0.8373516550949488
2.51324972450873
2.248438756559105
1.1980612624914027
2.048715299515448
4.212354648335451
4.8550057278467005
3.861963349122954
2.565497302646266
2.2534203349880357
1.977448919989652
1.1189871767108297
1.2857616169168677
1.7344910892895347
1.4354901032826612
0.42628039750620444
1.1986432888034875
1.3841576832974245
1.1799267618374025
0.1102226870578827
-0.13758620231992486
-0.49501174096737244
0.1525242567677363
0.11788014882702172
-0.18772718203691596
-0.7029852688215171
-0.6212446300757299
-0.9132804682282093
-1.1321455774910216
-0.8033315814752484
-0.9152360763197241
-1.6200075959424425
-3.8122019638771323
-5.571018430070313
-6.626618749985874
-5.622933936667819
-3.896783421516506
-2.510132779231276
-1.5896775120991855
-1.224401398364285
-1.475439042267812
-1.5424045372750428
-0.5177206427898526
0.18753030032818152
-0.31956602396238454
0.15610562025441255
-0.13516105617843216
0.28163481173296023
0.6378093220071692
0.4964602912385632
-0.06918054616886497
0.47044372805687285
1.6328356102518289
1.0048653493605009
1.7857150020229133
1.7809372691888927
2.091009943898796
1.9885634473563674
3.475921146906813
4.039107446222387
3.4584265516317516
2.54411105778636
2.418135521945805
2.0392823762378303
1.9837773436320463
1.6610481080319162
1.656374533379292
0.9745398739636889
1.0411906324609304
0.6281642492955244
0.5112135825634202
-0.8748446928234608
-0.7823080514504366
-0.9701426687656297
-0.021107693330942926
-0.47741235396344944
0.4887873627089868
0.5273771899039597
1.1757067445806226
0.27115947674168234
-0.0011399332153817037
-0.26730822928645814
0.39754555584427903
-0.16271605020928692
-0.22423529665733297
-0.19903168525248324
0.8301244075344699
0.11690915108864082
-1.2075603995118909
-3.4891621431786786
-3.3318710028352188
-3.691092155190242
-5.203441609140364
-6.461665972785507
-6.420672046991213
-4.47756801402911
-2.7634092205907748
-0.5780555417115242
-0.5220218703482572
-0.5209339996546882
-0.607385454879196
-0.37021635418873816
-0.07782691720022496
0.1102363110151901
0.3522608321527684
0.567535825546664
0.6848467980917159
0.09869214425143888
0.1898289823729218
0.21687388918288283
0.8116248612015732
0.9704763371289188
2.1553610286878504
2.1782761205058483
2.929383682952653
4.050057601638041
5.272068660148519
4.517639045121857
3.4602701776175673
3.021945031449079
2.230489295948779
1.3788346698680278
0.7972845829171641
0.9264604694876837
1.3329794152197596
1.6249343089324544
0.7206198400257177
-0.21610582023718136
-0.5893647537227982
-0.058616130791450116
-0.10901809995005464
0.3695574618888441
0.3162825042405369
0.8111795900061763
0.48185495779349097
0.19070826101333457
0.17620805827350827
0.2029807109491576
-0.47012302712488246
-1.1528030096058455
-1.1036890649994409
-1.6392721632894431
-2.982007591698724
-4.138102674675347
-5.588292696400472
-6.6996431293253496
-6.371111317511339
-4.326161688051069
-2.450164812746656
-1.01097443559346
-0.3371716162748664
-0.4038488775364656
-0.5798570336256681
-0.08352188172337213
-0.39561060688063454
0.08788984392964994
-0.33146254752635124
-0.2108015959920876
-0.48854305487833605
0.5278703469633167
-0.016337142789615032
-0.3148179119256179
-0.613017939390828
0.440244321547032
0.5738779792718249
1.3248073126183288
1.9114614140794055
2.560187095847465
2.3545463309387666
3.2455280798121464
4.115333641375095
4.39704231645509
3.415355660530871
3.072323658059975
2.53308506340637
2.1766750417049057
1.3886121568757426
1.3105869927726324
1.7938209757873766
1.7266681561020765
0.840525752799065
0.22232442425267346
0.0014459040254365787
0.22896993034800608
0.1715819830655322
0.32570093132636335
0.0683904296592585
0.07283824064703706
0.21413033392956127
0.2656804820063159
0.24229312107185613
-0.38575126054477965
-0.6331482603755552
-0.8880673622068652
-1.5644965221331586
-2.1702753395048537
-1.7581711300513616
-1.9485975810812737
-2.5744252112206967
-2.9694910941786476
-3.3718910475161454
-5.069447198624274
-4.531323777176085
-3.032119177646976
-2.4274293629619885
-2.791677779532765
-2.8907856165451706
-1.3431610013172233
-0.3693254237916359
0.3987204555317077
-0.2314492801099381
0.07113157702728058
0.5891768487659439
0.5364876352362319
0.21702562859502814
0.3402877825931643
0.43253663832458167
0.4314418880159755
0.5089168769086119
0.43120304520297814
0.20805480855378886
0.5729605602904378
1.506206646850144
2.8221607182272463
4.48725111887029
5.129594391508705
4.083921476037701
2.6254308988539514
2.1124756142087975
1.938310073858839
2.306542039518593
1.7553275878213153
2.1176282802969886
2.1160288036168864
1.9637302499363558
0.623100714185565
-0.4507425475193084
-0.9015327473077579
-0.5366127041478758
0.6737805428008923
0.8723758912048692
0.5756093168299128
0.13015212982089316
0.6059476792228036
-0.029190080028205993
-0.26281279700627264
-0.4689441288979135
-0.18232853293020415
-0.47855682257034243
-0.48961666776082274
0.1839029552990154
-1.0781382455636992
-1.896062007164926
-3.1830188881853725
-2.027842056517456
-2.561544803663273
-2.5798695442631674
-4.48506878298098
-7.313256188413707
-5.723388383379461
-2.329131322339785
0.07119186747486995
-1.2631957342486284
-0.16123081956324367
-0.272016590726698
-0.18401832683085345
-0.6022750601469637
-0.49639821278214286
-0.9051567697045563
0.05704169028393596
-0.09019874764060033
-0.06978680012459812
0.14938807883918026
0.7828037691503787
0.44255966789744544
1.160999793084823
1.9085288725318466
2.7253695182999764
2.533272827601189
3.216906710321856
3.2923617288374767
3.4298244755968517
3.039527952241865
2.3886481759264915
2.0366298708725004
1.3456761426655781
1.4668249758688703
1.4216376268634017
1.3985319166736794
1.0485675756842705
0.8971216283681492
1.2825247986548944
0.7974620825447185
0.5406275977815376
-0.18054560984174378
-0.19117435816722697
-0.4146816850744531
-0.04955703099449569
-0.2379547394292094
0.21732845738778014
-0.08484805272218215
-0.05382876637686394
-1.6690816541957578
-1.6248456141581826
-2.6105689210645147
-2.507073922232202
-3.3336364099101976
-2.9055453984917943
-3.2361191779814527
-4.301653484136514
-4.70763520042734
-3.4127322476843154
-1.6987498720262615
-1.2575614181505617
-0.9582454799004271
-0.3993014353926588
-0.457396617005808
-0.10402878221182725
-0.15244747584892337
0.1848943846062764
0.23843078949103336
0.5502584698588878
0.025249919090711052
0.41894345728726773
0.5207590060785435
1.0803839941025557
1.4128459325493374
2.564777856461029
3.5134249096773926
3.875322077253424
3.2625761972899405
2.4207328899648224
2.475419803638396
2.47306067785794
2.2124087806215584
1.8247588373758987
1.3772322201467049
1.0314159391344333
1.3944682476928767
1.5315611981472514
0.8803549121498484
-0.25763807827242546
-0.08111867605553642
0.25309964420528014
0.8079287348036333
0.5461088102542977
0.4522799167013722
0.16158873563622697
0.205920127285516
-0.006091738148131034
-0.26098521888960374
-0.5394865554048107
-0.5340191905432721
0.02467126894536127
0.4126536280120198
0.03696658040984279
-0.38608058149089036
-0.26732778893667286
0.03630678281586903
-0.3276195442695426
-0.7629508143551662
-1.5637707091299724
-1.7217680542881044
-1.5426120206932534
-2.1253118011207226
-3.496269207025912
-3.1849310585766535
-3.0794089513491834
-3.640409548320436
-5.066428216803399
-4.528101013995317
-3.302036335187395
-1.8023169336812563
-0.8947903702906976
-0.5722198819639993
-0.6000565178909906
-0.10223157356879202
0.005095308200598071
-0.07082700017458257
0.15068921110961722
0.8185344396207899
0.8029075603516879
1.503440307735228
2.1292537063187433
2.7647700330422627
2.9729219843976966
2.3186818987849596
2.1160425305171353
2.923335556889592
3.0370202857536017
2.666996829410438
3.1951821139147647
3.4716859767500914
2.2427896619979397
1.2678103328214096
1.0568433498682908
0.7755343933982647
0.5879853205723964
0.5144981862702694
0.3505951972162546
-0.028700234753140062
0.1609189192879194
0.517861820855619
0.46748807154272315
-0.06360079443254037
-0.2328427455432949
-0.6291738718857023
0.1336462604534981
-0.1431405158325048
-0.09695726959403457
-0.42329148270796774
-0.09210286805987201
-0.7041954834050821
-0.9021367745983124
-0.8054935817644906
-0.7944113830873863
-0.7797685132379997
-2.3495065254880214
-6.065874810987567
-8.370411492225028
-7.609454697419447
-3.4075349166864504
-2.0843864672017296
-1.8832118350413127
-2.8316279359737555
-1.056542099873929
-0.7562273019046697
-0.5695190419155874
-1.079205363253182
-0.269644435436007
-0.05023390373907485
0.5952731091124166
0.16485631208076829
0.6278221060119528
1.2245163533804295
2.2906860594802003
2.5916382034884453
2.65371299642033
3.003956339974394
3.6288695303933847
3.9465033175153685
3.161156857879277
2.112895203795329
2.077989797533058
2.277033988058133
1.9935389271730686
2.1817477500086366
2.215878761430305
1.6753537547671302
1.0076177381628888
1.2014901374324136
0.8948865699205364
0.0315501663577762
-0.027067429891656433
0.2656372303777572
0.5772690073379678
0.658174599026868
0.8365955191134391
0.6290937013410327
-0.02537517971208303
-0.2735333893734615
-0.15807016908747168
-0.14608015458737297
-1.048842114915338
-1.7203384192780824
-1.81472180275337
-1.7320466132255137
-2.928766496044619
-3.307304002712435
-4.584161586320772
-6.605769124103084
-6.287971771611241
-3.648176764974585
-1.7360244853731697
-1.9920512059713436
-1.976661258531386
-1.7600565595533397
-1.2245000575948668
-0.7896190468493163
-0.41742048109021085
-0.08920024902202554
0.2039494603999708
-0.00045341316750826887
0.2760586310460346
0.3547423654627287
0.6832606563149607
0.8996080694165344
1.7808256940263236
2.262977891315263
3.3346083775251865
3.69254986155252
4.51601204179021
4.419492766848436
3.9539097799819327
2.6639296290791274
1.862068918131585
1.3451920710921925
1.5805645473177965
1.7866180424267069
1.4451653535289055
0.770119074774746
0.9093527883581383
0.8627613477782453
0.706256214776211
0.5294387873822671
0.8042651218743249
0.3954679269669418
0.10948736879564169
-0.07982146468648264
0.0437685666919732
0.019616302468573862
-0.21505684408218317
-0.35576450020035977
0.33750297469919366
0.6198155114372336
0.22346685419093398
-0.3588994100984393
-0.37893263805904037
-0.9541140276009773
-1.8366786784098266
-1.1302246528973645
-2.776973747956907
-5.053675869114931
-5.862484229500078
-5.3433233764247765
-5.075888905760855
-4.728564525493426
-1.9620284539245452
-1.5055526189815205
-1.380281954752662
-1.5047664242154124
-0.4191425429344386
-0.2061456271039824
-0.24985292157156702
-0.2180348781863841
0.3210918006476498
-0.1249505091335217
0.004253020547545192
-0.2105264680785743
-0.02284391514061975
-0.006372630402614157
0.3690360318238399
0.5948195896163228
0.9844228534526871
1.0415941100151536
1.5301871739826798
2.2502565333929185
2.626036097039664
2.758615100560749
2.881784409437547
3.484220839868753
2.9276562405154545
2.1945581688881526
1.8738306883628297
2.2119530124213607
3.143965310129785
2.7319202317359004
1.9730279565473718
0.957177001420312
0.7964577412625715
0.43598188573054564
0.21178432720178814
0.6472938021619133
0.7205131496022253
0.34966792791150103
0.47876695804601355
-0.11605766167130678
-0.38917780034691146
-0.8672293768107591
-1.1173064666657653
-1.3146073691628202
-1.1646370125535572
-1.0513319077746017
-2.2099318646810637
-3.1815014441147613
-2.828549126274261
-3.299502672463904
-5.514712861844294
-6.689420223216548
-4.6383416296087985
-2.893082533373378
-2.5238584209827337
-1.237721919990135
-0.760664429622449
-0.2745969970131768
-0.6678128080479362
-0.18663969198700286
-0.48066056001131074
0.1803186882479747
0.4134200977978049
0.6412536763360364
0.15002769861855078
0.11197856143345146
0.3239478157528076
0.7102147344453573
0.884414940859237
1.7676866268482923
2.510336579683159
2.367169503343575
2.7538053923160053
3.90154691103449
4.888200999431045
4.71530756089987
4.09945297141509
2.6157986276402934
1.530573746350235
1.2046532196934119
1.425055004966728
1.4988950519374464
1.5986738061982384
0.9008836173742752
0.4677000128090471
0.30728837888203103
0.6197613426399325
0.36850534439782795
0.23305302288061067
-0.2349646085403179
-0.7598214761597154
-0.20813938858856929
0.08383039549287018
0.2663434969347352
0.010232605191374282
1.0923188011543374
0.44485605249847104
-1.3956042310404941
-2.724998285354609
-3.7824172873007784
-3.744615630193044
-4.0818749713171485
-4.418633641013304
-4.70032514951817
-4.653939161097876
-3.7175353085773404
-3.5663644009975393
-1.795208457535008
-1.2503001647207723
-0.026080652759509586
-0.06981378110563671
0.2913272324291365
-0.16791670247212742
-0.10637763659040783
-0.49505909035247075
-0.4153032109853008
-0.41784839112770633
-0.07219599252983011
-0.048559275270707206
0.5835933889584254
1.3309994626569006
1.6759498228383292
1.4388502800763927
2.1315380153679033
3.0096184548168514
2.9662109265278627
2.8445602971944193
3.4578501525211105
3.6084228263478955
1.8023433859832407
1.664621465079842
2.2539981157103823
2.5533267952783487
1.8242172679031823
2.06685490420641
1.4164718376965586
1.0766246015231156
0.9253318886156541
0.46554431986679506
-0.054723709805354126
-0.2940645907550261
0.0553381152167152
-0.43267283254714756
-0.7698555991948257
-0.8004420062410215
-0.8626635897647519
-1.0139110677815832
-1.9837456861278864
-2.0930232392714823
-1.9083825001792418
-0.733175487718824
-0.9775864996295618
-3.953675122061471
-5.500282123746578
-6.315457627554554
-4.00368100304701
-3.1335927798495193
-1.00125927517444
-0.8001040801152087
-0.14870558796635797
-0.9368924682080393
-0.696738577442025
-0.341233579685527
0.050624545092862044
-0.15569727582318224
-0.1229475943195566
-0.015077443605942405
0.44982385291084787
0.8319469909849748
0.6410726624598249
0.39104048871517966
1.0040607905444032
2.4771562510010074
2.683319721192551
3.2211556426823735
3.4939104819449818
3.8604833233226885
3.055556050896761
3.695355031263143
2.499632276523105
2.3703489509554645
2.4535224162934703
3.170337727706079
1.3283666988733556
0.6065423712994401
0.5672127141663431
0.5424869106459338
0.4053797950696922
-0.08183106882302192
-0.07335137483650742
-0.4219359269688501
-0.04442578776513692
0.8581682533522049
1.2437190768611237
0.46170037142531056
-0.5894220179228096
-0.8119722656821279
-0.9428636123474047
-0.7829913452184801
-0.4481417663025133
-0.4987487811153255
-1.006188547453017
-1.8276897060145165
-3.520717089282839
-4.406431683944329
-5.203356467655743
-5.171085906583521
-4.440025668484398
-3.148118034400171
-2.270111080328901
-2.0532890872665654
-1.619325901421368
-1.4021566153868927
-0.33878995020255803
0.015363238380186923
-0.22854240642894577
0.3805415936415474
0.3805409303507318
0.20431534268284196
-0.521091523913126
0.14304244710876193
-0.10031824203024302
0.658783857275951
1.0274306093768302
1.7593578949924549
4.1531280192611435
4.816873435750232
4.007055883470118
2.4392239686911
3.2350726509317846
2.893353697003854
2.926189857626378
2.870253893536708
2.2334280358323992
1.5154126751808368
1.4111884812722078
1.4889485068558852
1.4061095108481214
0.8268281978631227
0.23821917320318042
-0.2859275268829438
-0.05397990114866902
-0.02626835079321859
-0.4628062370872207
-0.08967434882133206
0.17269839049027977
0.36928798211295677
-0.17624523601826317
-0.2595150697843299
-0.7074720514946846
-0.040748328312194645
0.1513223963591212
-0.40877548273249403
-1.648896245741289
-2.6013844773482866
-3.0214326228367203
-3.212836436195316
-3.2661046684629693
-4.169587962663307
-4.953955523722162
-5.077136370965399
-4.794605467910825
-3.2007980694909985
-1.350194066843793
-0.34140504403214694
-0.4101915047200949
-0.11138185711093396
-0.12720341009586691
0.017627734311987962
0.030863641338381244
0.2554669328727567
-0.1157767464081424
-0.06945688601445127
0.13456546384836499
0.3234865362091572
0.7536767495957019
1.6281234941485005
2.507713614659014
3.5780113838618157
3.9504840083360335
3.5634540813682465
2.5268362722540307
2.334479834555278
2.5740703915785463
2.129224418147079
1.9902921986035471
1.760860047246644
2.6717233111980474
1.8416219204907416
1.544516154875205
1.3314427172410654
1.6078316324637014
0.5409252440243547
0.06992107625904029
-0.31485110543984135
-0.19987357060571556
0.33836000180375614
0.5199272589069566
0.13234400296553803
-0.02456047976763604
-0.111281574847086
-0.27616079048425346
-0.26359934310566435
-0.423014061736879
-1.766183464177236
-3.647414022620415
-4.865939557976754
-4.266920762629447
-4.646415517307054
-5.271718032869726
-5.550168733397901
-4.6623023544796975
-3.1272061029610527
-1.2573081930501218
-0.18267708056343795
-0.12297205584682369
0.03200786685855105
-0.027812520071673258
-0.05906986830236552
-0.02894107594216542
0.3997298925703887
0.39546833557000755
0.4426550701456707
0.8220592111685877
1.5068777231424855
1.3959497809743675
1.635993003465058
2.2578452151893544
2.4930422889444714
2.2126716590265785
2.3392818385782874
2.452752696828112
2.036516628975425
2.542066288580309
2.1389128502405237
2.5674649756111694
2.44184657009391
3.0622737830682265
2.7743492575883555
1.6228002396303083
0.3941718287884368
-0.15621040673557962
0.7248618677919761
0.6530744959117052
0.37120144896826024
-0.23554770191541513
0.13828629623000635
-0.21995860580108634
-0.2302793065111206
-0.18787812970124398
0.46307890454004497
0.08084543831188078
-0.23127610009647342
-0.1677988921691027
0.02388873722917033
0.26084616470321825
-0.2277079296850944
-1.7554514025625287
-3.473216856089026
-3.511641006339667
-2.958835645256987
-2.9480364577279237
-7.859707485793324
-6.201732542379388
-4.074613832349779
-0.5312591472188524
-2.350183061767138
-0.38111232083568036
-0.2982188676865635
-0.3936958459661211
-0.26642637324993573
-0.23140688170425178
-0.06674237659526396
-0.2506284900571656
0.013266807037126327
-0.41182940230769527
0.6406749171854718
0.5262763058367941
1.7363153298943583
2.6052903634551074
3.3515200028822036
2.4056367914821397
2.7724966809951943
3.2196447436682996
2.7859210498761353
2.609937810263267
2.783672388375156
2.5639166038259433
2.3328357240543247
1.5647402736380858
1.014846692531346
1.04954168886934
1.5879033185634654
1.900416079043911
1.0764342958747188
0.24576319518148027
-0.058148361887738725
0.44442913150248925
0.71520155455237
0.2854154287820052
0.15825095755576124
-0.23111940798372846
-0.1194670100876284
-0.2604462072312212
0.17641839598249723
0.3660529489172845
-0.5148558866583225
-0.6777155625171568
-0.7229979877506276
-0.5923391059005282
-0.8057452614621015
-1.9559517336384216
-3.476764089771862
-5.334083306426246
-5.584280889118856
-6.41541195064977
-4.340801832572531
-2.237765724520045
-0.8090702773921866
-1.2301521870409038
-0.6317856762741395
-0.13307786010728936
0.18820572668553706
-0.14020439400662574
-0.39904680050165947
0.05143073648207181
0.6731698368547573
0.4337413279116811
-0.1659122568522836
0.22251724040014817
-0.06498406462539
0.08363478026613001
0.5426041766699716
1.5411585239285996
0.8932310504708815
0.7462955110658311
1.5366580564901096
2.8654026929304486
3.1431620039007133
3.390248437228655
2.9748126399259314
2.6527865066589795
2.054174911965229
2.2170303388059027
2.104107290432324
1.4838437454989228
0.7819716898835605
0.7804499693406397
1.5594797513481322
1.3220273731035999
0.7963837253403536
0.19687653347046727
0.06372004995743559
-0.2507122673635696
-0.16894516214966365
-0.2829505462986905
0.11372209495489763
-0.04314622346927722
-0.3820260363777867
-1.7226854502411209
-2.4005910442929133
-2.4390843313212893
-2.741670272089292
-6.645885394513353
-7.847605523524883
-5.992701541473408
-2.1066089814055413
-1.8097273470741067
-0.9938303559621763
-0.7958266916738407
-0.5102724244848397
-0.3571324754898306
0.10504902162967164
0.28224637230735866
-0.1549463024642341
-0.20900341945540768
0.0473190454325805
0.23107454553883613
0.32418799344252663
0.255635317356946
0.35110388573262763
0.6752601405430801
1.7516308210679616
2.2791277342756286
2.2197268484127126
2.3122504422553973
2.88065082590727
3.5007678256205947
3.2355921664564375
2.678671617416047
2.247258741575452
2.3729146889741632
2.5201403571934136
1.2710243639937502
1.1018508161734357
1.260861627091255
1.716961594892268
0.8880567179085624
0.5958633792969775
0.21303782832258966
-0.40014828601973657
-0.4233704901950671
-0.15454892279676216
0.13147024775707364
-0.1230952906592971
-2.4060186196718495e-05
-0.21802277456490235
-0.6851421364245537
-0.9831562660159117
-1.2684926330611168
-1.7013283920877789
-3.163497198823036
-4.802640371328115
-6.459842815503963
-5.983961449629675
-5.001399846760392
-3.1396256531771756
-1.9395108315911074
-0.5796355026136554
-0.251221804202408
-0.0051142219637120975
0.0317280183378961
0.2722692685665728
0.13593817398256142
-0.0758362274240336
-0.17060641635212784
-0.2876605472332727
-0.11972371449005162
0.48410946407649735
1.0107945478022016
1.0014965265342912
1.373713353610642
1.5691863659718845
1.9065009458780942
2.7030113389198323
3.5996761502251644
3.520811928632293
3.1189951742507933
3.0736850943830842
3.0258465859974835
2.4710853095385947
2.2774955924751574
1.6891039850520122
1.4016787899100922
1.099032512295244
0.8708494369271984
0.7011802390065024
0.752438239056184
0.5973723136235527
-0.45150131759766726
-0.961854672801187
-0.8929962879661054
-0.5362427105370465
-0.21989130265197226
0.12446308494035427
-0.2255493732701503
-1.103404870743377
-2.4117592844910125
-2.778149833084072
-2.923562806775208
-3.4266673394410803
-4.8807030287353
-5.670848288787225
-5.6943497800368545
-3.9177685712333945
-1.5481930957257048
0.05279027451357465
-0.03702143029510984
-0.08697374852006529
-0.029039308641495273
0.07692597361279911
0.22052571411426242
0.47448694585753437
-0.1903262639425693
-0.17991166316814766
-0.052963712432871395
0.2084213447208024
0.1256429305891076
0.48965859140645446
1.153785878552573
1.3202867886850629
1.6399539918167827
1.4861894036889067
1.6906469483853992
2.3875756615920745
2.6736549958962117
3.5194111182938563
3.5052762401242217
3.485493135094893
2.8491240357807945
2.7396649222042195
1.907171291326601
1.4184265058354335
1.5852354636782442
1.3806975645116322
0.5383195415348037
-0.27524275230679474
-0.0707079744580881
0.5315675983654669
0.6635967627269856
0.1856646073847229
-0.1899572657040008
-0.24304856972552852
-0.5797950395601489
-0.36961178474184664
-0.11101393496611142
0.18623617951550156
-0.44767371817498447
-1.0879066938002955
-3.0094892980889236
-5.171737316205714
-5.847003951016496
-5.338306911245513
-5.3039687119864825
-4.919604953520226
-3.6849412394821086
-2.0760289225078434
-1.1001114058097936
-0.20240029186893924
-0.13162351411467071
-0.06437919994799805
-0.112292917095205
-0.2759705613194187
-0.03604494169066368
0.12401275349224254
-0.003518974999245006
-0.19300799175577518
0.24730833295702487
-0.24206989591532105
-0.44739082313180845
0.01431304883306365
1.132200044591107
1.2883703847110477
1.95753819949844
1.9158165860657905
2.103741491509718
2.582593951017641
3.1738082932471685
3.2631377539158435
2.9886667220705787
3.2675645585501747
2.5909852803930686
2.2594630123628163
2.0030187279791134
2.464795005457334
2.199789928329997
1.4890793207927837
0.8336381932651368
0.20204261407200702
0.18792381550819484
0.26397586964884573
0.4283980606216686
-0.18712158751850347
-0.16039619364290458
0.21630904983338034
0.18624958704110464
-0.38227414889565775
-0.030061292832607767
0.32131481288073166
-0.778318970219549
