0.9742337800899056
0.947790624557038
0.9427368180184245
0.9421350714848147
0.942668852971272
0.949983794004185
0.9536328840374049
0.9496226243711869
0.9447745320406938
0.9436015128223415
0.9421771036710936
0.9394465879897629
0.9428485466920208
0.9448543498983812
0.9472010843343843
0.9419831302634811
0.9435163950930598
0.942067380399084
0.9387166769302334
0.931259801235693
0.9307403693719151
0.9320068919536308
0.9352102072738208
0.936938741114409
0.9319398709927
0.9225911028086615
0.9177201945953979
0.9162728857800102
0.9150306733738764
0.9123314394596043
0.9087705599834623
0.9041889554834838
0.9050530667867783
0.9097011925888072
0.9092113473916961
0.9071564314151417
0.9063628547658293
0.9067042121245565
0.9081132408273624
0.9065650453898892
0.9072474505435468
0.9025758457960005
0.9033899061917919
0.9021141024430199
0.9073764636865858
0.9044052920117823
0.9022139229645607
0.8997102818323937
0.9018437691606548
0.901512252553401
0.9024785414504826
0.9031478882801941
0.9053226462319837
0.9064095581362397
0.9052945468642919
0.9008481507832802
0.9006445841579205
0.8967023754448589
0.8869684600498415
0.8736527252837087
0.8653845815673915
0.853928850695767
0.8281378721874456
0.7691527057387529
0.6827043383105511
0.5900867157915746
0.5128175094476599
0.4467717958178927
0.39288427067338755
0.33770338815976875
0.2782125302822332
0.21230421854717824
0.16751940718614966
0.13380092888869047
0.10723019232509698
0.08527472423005047
0.08330018567396466
0.08340691608550327
0.07962708304862895
0.08067526567505837
0.08750497745640927
0.09208729094700527
0.09449778719950305
0.09662957649204568
0.09909332206604048
0.11201675292126044
0.14536670691927972
0.19914333481305693
0.264020863777697
0.3420886953276935
0.42647716295671895
0.5274615792160289
0.6469792498524383
0.7591943187522368
0.83812816648011
0.8865182891033623
0.9235420654351616
0.944249002049868
0.9575857256992153
0.9619341910007955
0.9640778430011108
0.971869011089527
0.9748200762315775
0.9837218722284513
0.989613655657608
0.9928124475901524
0.9782385572280401
0.9712709325010027
0.9714807434833185
0.9751375291280093
0.9654521195167083
0.9553807573402162
0.9449038715757263
0.9260046753930733
0.8523015722650822
0.7111107603672839
0.5300297840402904
0.36092053885438563
0.23206691964535048
0.16244232602383224
0.1300010558121788
0.1145862922158093
0.10154962772153611
0.08646010167151168
0.07230347950116765
0.07546892520689094
0.09181501963285724
0.09764424501678817
0.09468355399639332
0.09794264970076151
0.10669731889114337
0.12979962193438677
0.17807161854868245
0.26134803968612064
0.36727725905388053
0.4746820530920956
0.5666722814600988
0.6555635788791624
0.7416468160333323
0.8160827165289796
0.8637433997818056
0.8948374840352316
0.9172934408227204
0.9254024743002709
0.9280828607944427
0.9292704328755714
0.9414445380674978
0.9522122374836915
0.9554927952824568
0.9473791861899079
0.9368171912266179
0.9153407910486427
0.8930994616241723
0.853461315494066
0.7532560542102379
0.6007075554134209
0.4396541467166085
0.32145152874623323
0.22936659248380437
0.1819244813494978
0.14850991767414576
0.1308494912373884
0.11230755601535213
0.1046769601005911
0.10051696010840672
0.10348297440980614
0.1052957601667278
0.1082093804751689
0.11119368702711863
0.11603173774878066
0.1209525139602843
0.13229479888247608
0.1651971464897724
0.22938529566352567
0.31636974495513015
0.4137003714335744
0.5005968050372722
0.6161802733101146
0.7351788902242875
0.8352169097363484
0.8750065035565906
0.8903240265194917
0.8991305493786069
0.9119968201537415
0.9263190334237783
0.9327086475733072
0.9359925219485619
0.9358015564593887
0.9329646410077295
0.9300474975563818
0.9190249777948312
0.8793419498540423
0.7750847117939992
0.6361767553038014
0.48906697015517164
0.3775523233799407
0.28753229984743334
0.2346655902622904
0.19818523407500563
0.17856832215933632
0.1639246553102065
0.15934922293894282
0.1602932666178912
0.15966320874352052
0.15413593268584735
0.15553178988941257
0.16240903960195688
0.16889993353716554
0.18348145981172606
0.21614897708609487
0.2650538157917688
0.3257730287921229
0.38734768973668676
0.4468899581877287
0.525069755443735
0.6343541774944468
0.7566041076344875
0.8383243791794828
0.8868244291410663
0.9126207680540063
0.9337018445751402
0.946799140835159
0.9529811859194206
0.9595323033483
0.9593879497585965
0.9690836968797784
0.9656589165890299
0.9655843366344264
0.9613214327053728
0.9494105917411686
0.9274688001315171
0.8889348363600617
0.786834159832243
0.6065104658435123
0.4115351772841279
0.2625127861529492
0.17567587789813993
0.1332348962618533
0.13514397464774175
0.138856619266591
0.13863339397146127
0.12807161215486532
0.13464481699271136
0.13734736297925504
0.1415415704925434
0.13832702982231027
0.14284669667655647
0.17182489973873744
0.24060538604624598
0.33352001553402605
0.43393689751876297
0.5234997143931287
0.6373241327186681
0.7420046354492582
0.8279732259962771
0.8726860629969544
0.9148160697131742
0.935873420310956
0.9475752505967509
0.9461078906449091
0.9500779811869356
0.9554573542984437
0.9620188039578434
0.9593603401324158
0.955373393200251
0.94203317496301
0.903940769185914
0.8156134900997798
0.6639456447499779
0.5037248981411548
0.38181352920129585
0.31080792656567013
0.25848055915815177
0.221548944468087
0.19732765283727252
0.18758827346542625
0.18094373048345647
0.17517737847258033
0.16532837026262742
0.1689143686082058
0.17067496910320082
0.1722931576922467
0.16827371731157323
0.18063096089825595
0.20194109874955793
0.23426392498777898
0.2814781743197141
0.35039919217044013
0.4376495414475824
0.5419683087452727
0.6632855698046887
0.7796800784858338
0.8545415471625788
0.8944802002727309
0.9162724448588504
0.9342255197795792
0.9354805827498498
0.9394139428526307
0.9472709355913771
0.9605234288316791
0.9677447737682409
0.9686675476343664
0.9658035127211415
0.9630580340601478
0.9592034768848288
0.9564864708506684
0.947528140161102
0.9350892786065037
0.9082075770995159
0.8697703083043298
0.8142523472054918
0.7417348988582608
0.6603752302254641
0.577984555832068
0.5087404639901719
0.4506708155414479
0.3995251378941703
0.35507196335072483
0.3179262747457924
0.3024631797234322
0.29274949471204664
0.2890437813208927
0.2896343707589464
0.29747911427112655
0.3053464125738161
0.3113378086295788
0.3205194535072258
0.339431490192028
0.3771577972346599
0.44296061756059657
0.5132343421216088
0.5876354095902395
0.6623150637580648
0.7453066158395545
0.8139255999368371
0.8659203988355364
0.9041786615216739
0.9260721386349273
0.9381122076614188
0.9400229304316547
0.9463531719943368
0.9472646883064637
0.9532357220625796
0.9580600998064395
0.9687687259698928
0.9673537479479091
0.9677484713866109
0.9624678078457221
0.9657817993335445
0.9706386487289763
0.9842844410879554
0.9555610911262011
0.9114561632117053
0.8257481458793028
0.6940493246271755
0.5200750742909507
0.38525249849802423
0.30523833875210976
0.2609925587829329
0.23327451539848795
0.21700652930692446
0.20942838923348
0.20517765580332054
0.20339905024095098
0.20204472195926615
0.2036864904890579
0.20399677183479714
0.20736994284529991
0.21313723632834367
0.23631742167057182
0.26913984462587515
0.3239463531706236
0.3826417413622129
0.44667907318571165
0.5135562402742246
0.6111286909192423
0.7016213179427306
0.7714364033078402
0.8121724357354053
0.8567948072666153
0.8844133735072129
0.9108768668814641
0.9157550963553693
0.9278169485228038
0.9278828128896531
0.9366236174623962
0.9332280336607728
0.9325319513738874
0.9330379857781069
0.9434299893161293
0.9414266594308388
0.9201432416106483
0.8718090334943316
0.7866811292302821
0.6708331410878039
0.5349835644476901
0.40857854856466674
0.3116344221070966
0.26589677564237696
0.25461155399916224
0.25290763152523676
0.25070863952935635
0.23981048034869978
0.23814297398610004
0.23864974228496805
0.24611692986762237
0.25492162312472455
0.2662059092331858
0.2760615043637656
0.296281824422295
0.33691110957593473
0.4027772308081746
0.47657470299691784
0.5585509408786855
0.6410984734852885
0.720925390543433
0.7859451651840559
0.8308617572768977
0.8686248529984915
0.8892631224058412
0.9067704911935355
0.9180920051958922
0.9299752465554781
0.9282449007740561
0.9230290211750165
0.9218238485013261
0.9212313277089631
0.9152902545002704
0.90538764775089
0.8874515966773314
0.837946814326336
0.7195441786335163
0.536979003665649
0.3782425938500757
0.28230444284516854
0.23772163383815104
0.20773885319706575
0.19470561832830074
0.17097608329632824
0.15007546271991223
0.14039483592645752
0.15217004735419767
0.15861714784752043
0.16417004173925606
0.16094845453618234
0.17366042820825572
0.20994073878644992
0.27357519629650073
0.35489980444080504
0.4251463945741231
0.49954277366081085
0.5982188192196043
0.7024640583319042
0.7742591184779042
0.8124447090793947
0.8409814380393745
0.8593606969941603
0.875099309350208
0.8850654451603487
0.8875181223600577
0.8910348788291139
0.8971244438637103
0.9049823238625847
0.9085786413382085
0.9079239594124437
0.8866733698370239
0.8434652907349535
0.7900933068134474
0.6940342550138083
0.5524010580766294
0.3981475829718781
0.3020814080898144
0.24667360765103338
0.2155553369376739
0.18575943674493
0.1578434551939611
0.13493690353139143
0.12028340451899144
0.11469986152778512
0.11211306624824097
0.11722549477470062
0.1298998440429276
0.14765116976908962
0.16657859637564607
0.1934882920900288
0.23641927156448692
0.2920568366443378
0.3542863368371495
0.4238562492263261
0.5101240197655578
0.6005698620820723
0.6878106028653534
0.7541534327721027
0.8036234094082775
0.8311412921659922
0.851379169877102
0.8642453067076892
0.8692772332851685
0.8712290338059115
0.8719424513009256
0.8730302343231193
0.8727432049832353
0.8664537773266253
0.8495929130389427
0.8137998653882849
0.7683485796663527
0.6975004965247165
0.5927352773716705
0.46143093260498935
0.35433036134441276
0.29282272835457535
0.26348881148751624
0.2422936535937829
0.22828846219270346
0.21485268709036853
0.1938183676694447
0.17351813070773742
0.17295274772413383
0.18169697893488385
0.192105831048233
0.20188238419739019
0.2229784687035878
0.2541777467672627
0.2925880812170225
0.34284949329716563
0.38927185989650015
0.4488679017690298
0.5380549042998668
0.6458209694543195
0.7270268761079767
0.7809169615073555
0.82869013565624
0.8635087320882303
0.8784333778314939
0.8969098712953132
0.909482585164887
0.9109030426865745
0.9055631085733271
0.9075720381191887
0.9104132262857424
0.9038681090342613
0.8923983654523349
0.8608685867145633
0.8182274808176069
0.7475868884721613
0.6477178834211037
0.5223989968613911
0.4128673749267123
0.33263099081352665
0.28306006915871196
0.25105093467783934
0.23163285102481548
0.2239331362817071
0.22329391499794046
0.22368307576248464
0.2181891306273792
0.21007104976306107
0.21154757988184814
0.22811523164306258
0.2583490412738196
0.28946298413186605
0.3141998077519434
0.3567064979103524
0.4132071912025295
0.47455416224101404
0.5366088004632156
0.6134748178007708
0.6894025572212088
0.7472586524082363
0.7956771840158599
0.8258274111318349
0.8454086359424293
0.855018472708296
0.8589676145257592
0.8540315129271605
0.8526050631716323
0.8563467992074181
0.8615115451905933
0.8584732083729538
0.8487824125492738
0.8295630565374813
0.774713001149284
0.6814915454948136
0.5675870253035783
0.48215991452488866
0.4109915868524664
0.3587117577062947
0.30791220928417234
0.270719816436243
0.23673897149589807
0.21517912607656103
0.20519811397651638
0.20517398108171567
0.20911800496701885
0.20542636684436452
0.20122012583302673
0.1984532737109085
0.2036335821925712
0.21604031196132392
0.23170697939622784
0.26230600359377043
0.30260831654975173
0.3604234621832061
0.4199187614986287
0.4991268967860273
0.5863103949682549
0.6611984459864638
0.7136334062806942
0.754912131210793
0.7895468889016586
0.8069205115400908
0.8161942968527847
0.8271160510890704
0.8384106277870778
0.8485925381279653
0.8586557380282825
0.8581746912656882
0.8449767467643788
0.8194220194597094
0.7926199929628456
0.7527309327882451
0.6840836224268225
0.5758273328158994
0.4468265385811041
0.32990350314471806
0.247333929496094
0.2051136695756754
0.18894557302231366
0.18348913616781481
0.17084952279829824
0.1614591466239997
0.1596010012574609
0.16878017895498224
0.17103020428478075
0.1746103828630071
0.18609311999612144
0.20630929502699752
0.2305880105147765
0.26172677765786706
0.31103109984076216
0.3728661031881995
0.43225231389706986
0.4920919721261349
0.5690510407067539
0.6572978147391151
0.7301137464477153
0.7830736697410665
0.8159471492544517
0.8365435740970151
0.8518253209407332
0.8680969411002918
0.8808314412420432
0.8854118611432036
0.8794818337179766
0.8631979667365279
0.8466665685731902
0.8202433902120952
0.7857082081270208
0.7406461957135668
0.6883760450174066
0.6154162325147763
0.5414979792781961
0.47699710791316197
0.4346929009923298
0.3960310044146442
0.3598643139982795
0.3247691845155614
0.30360845765621003
0.2845446188901265
0.2710376691455091
0.2614947378729472
0.2595906215153944
0.25617996186642855
0.2566685406779509
0.2578044857359175
0.2618515421998491
0.2774711406545589
0.3025986867028432
0.3378402422990569
0.37408374903475766
0.4050978267851212
0.4223693295887708
0.4509835855517643
0.5050361509168427
0.5640193759124259
0.6118068494419602
0.6522601342313776
0.699994076620333
0.7440360430616447
0.7793192629173766
0.8032374207386173
0.8215185592662173
0.8360076287586559
0.8465287948247999
0.8701848603757383
0.8831284760282715
0.8963988920239201
0.890920660494138
0.8964316966807911
0.8790631088852526
0.8535472228921519
0.8099191654006959
0.7600520255732888
0.6443063549290355
0.4929704100120433
0.3577198082112633
0.2780832734832487
0.21922241022630792
0.19000692756800894
0.17308531181562048
0.16153795314228797
0.1525829057631953
0.1576359617165731
0.1651146578095875
0.1751766604435758
0.17537874652835045
0.1802116918933202
0.20284999659475034
0.23231789222585592
0.23685996467772644
0.2597487435798117
0.31945788617253473
0.40305898756856917
0.49544126111723064
0.6020944110881475
0.6956831542455498
0.7562137445854332
0.8030942844954545
0.8274498086372681
0.8426055299445049
0.8423611984660284
0.8456002159920692
0.8432636741372543
0.8572531991096375
0.8653573063802068
0.8758183382655073
0.8683649032663125
0.8627850934975356
0.8488304405635253
0.8388092582485653
0.821477512399214
0.798698898500592
0.7533467239896459
0.6406618610694932
0.4909242517731216
0.3602971814471775
0.306595078182858
0.27393185948889087
0.24820931372059252
0.22242552218944542
0.202949819433451
0.17733214393009003
0.1532853000816266
0.14509603019088782
0.14520078268524833
0.15617538005262427
0.17676410930741795
0.20308325653425416
0.23224468430778822
0.2610401607943882
0.2908521325088427
0.3353539844562543
0.39561562572853426
0.463322346818664
0.5329285851404081
0.6088947751856574
0.6815867645079089
0.7384521285550043
0.7787966266160826
0.803068531990222
0.8232219312713612
0.8385403659706409
0.8502281742269145
0.8561806529789142
0.8582117193254126
0.847945539471467
0.8297323410569135
0.8122288627252912
0.8002836676032581
0.7911851557291152
0.7781162449146919
0.7084423113879454
0.592140102863796
0.49166616389302187
0.4318415436666397
0.3634776468231973
0.28185719124503583
0.21120499636974702
0.1616283507630792
0.15414647599595976
0.15484867851892778
0.15237439299549393
0.14315730854476444
0.1432460883646593
0.12873970539521118
0.11381635818800241
0.11432382387312298
0.13140608026353304
0.1627466917091389
0.19387962825935967
0.2229385879724417
0.25571813675056376
0.304846839782404
0.3687517707689778
0.44134808609223763
0.5316197141823231
0.6040330174884381
0.6312986445441947
0.6180431438443046
0.6232469334529704
0.6455169328888158
0.6819448539005037
0.7142369916893554
0.752423421716164
0.7770061616871622
0.799844217554029
0.8129520929364034
0.8290597768153541
0.8330895863706105
0.8338510925276983
0.8207171412223244
0.8011716048476625
0.768390968469433
0.7029099943023602
0.6052281325993915
0.49717592423017776
0.38532809922606037
0.2719807904714955
0.18395862649568137
0.13627457487324757
0.1017979595135168
0.06000886173458744
0.03341546940714438
0.03083849855976597
0.042459638432151996
0.04297939867131626
0.05049300587804967
0.07067513462634074
0.09023099496817094
0.0751030663014477
0.06555576699869921
0.09433464225202033
0.1567385914860444
0.23862287069546714
0.33409681322259016
0.421241070500052
0.520883207862527
0.6361483368530856
0.7271075869837993
0.7685543081931062
0.8019864160523855
0.8371443133323172
0.8671975786817303
0.886970726973652
0.8935406485814441
0.8929176760496054
0.8913166841314779
0.8852931632988023
0.8839644791733108
0.881014999828673
0.8733188132098528
0.840785865763498
0.8029586512274451
0.7218083837419922
0.5785710028613349
0.3922927689397151
0.25569729407137276
0.17974046694071885
0.15567752562117268
0.15033842811420747
0.16099238674838384
0.15606789391232162
0.1417190576387214
0.12241849734536084
0.1212777287404122
0.12495367313578064
0.12512313246003035
0.12402813056283937
0.13202733344834938
0.13250727141959756
0.13777238685140203
0.15545370765564193
0.16753741924376453
0.16127059053999404
0.16409141509821656
0.19900130405334804
0.25878323297924577
0.32911804352957275
0.3968532209249778
0.4895740818310297
0.5881679414600275
0.6752540272640195
0.7259769300894277
0.7636628284006428
0.7808686761044402
0.7979934480613193
0.8131056639493666
0.8258206975368053
0.8298054274905348
0.8338355010855714
0.8351857053043945
0.8333434026564811
0.824857937546529
0.8085454405822599
0.7758202567324556
0.7402352812190327
0.6962084502597853
0.6328422257479092
0.5235420865792523
0.3964409516944756
0.2815150146299046
0.20644981600265505
0.16071930600080975
0.11298434144845793
0.06307067075514355
0.018738790474394505
0.005040783234731399
0.0064774080301689295
0.019503344055589823
0.035162555482293266
0.05175445988046299
0.07275272822907754
0.09123151154273636
0.11724596604534912
0.15108276286049663
0.19503139286610474
0.23307686381300036
0.262989330574284
0.2892644866078785
0.3281561249532768
0.37905040276736474
0.45012680207450495
0.5247484190571136
0.5787289012031644
0.606867792252314
0.6341794844442725
0.6833587951964346
0.7328796330394232
0.764681028564798
0.7715893005297302
0.7694885964726074
0.7685889710996157
0.7705271083171287
0.7723439230209963
0.7712746131245126
0.7642082142162724
0.7365879846877821
0.6807096676441315
0.5889595790238438
0.47653111189592795
0.35580340401374927
0.26138473818360053
0.20547937195914978
0.17630131140624583
0.14636714465715792
0.1021491198365822
0.07284869581227216
0.06183574446422943
0.06698549622273314
0.07183375131817771
0.08712339802097276
0.11055062422384812
0.14005467269270078
0.16969703406724312
0.19918739568621677
0.22819566765114913
0.26752060307996883
0.31606006598136227
0.35776719810819574
0.38732538360217555
0.43178157060984146
0.4898237119352961
0.5432295221186318
0.5806516484325699
0.6107131822180829
0.6302438006016664
0.6480252323339672
0.6643659488343007
0.6799432819685607
0.688362254145289
0.6918922630601183
0.6849458070195065
0.6743514003140075
0.6665163118687399
0.6477317478211596
0.5864559920515994
0.5224880622702062
0.471021391636285
0.433179619210191
0.36748571820698933
0.30688030506014335
0.24019376443214893
0.1927868035155215
0.16089396115240995
0.1382545657836698
0.11244680393366169
0.08790239541580423
0.07668148083293654
0.07791248173442766
0.09173755165059833
0.09729549234607607
0.10250965774752738
0.10713219763916834
0.12295319052787096
0.13942637848066458
0.18177958769543728
0.2391491249478901
0.29901937997971206
0.34780736930050277
0.40064699969255624
0.4803361608691715
0.538116132043106
0.5773651397211892
0.6146798116362995
0.6745045175306856
0.7222303072362424
0.7438408150461939
0.7555681779369927
0.7552814990854859
0.7553199528100575
0.7492032690416243
0.7549978944500628
0.7606597501709134
0.7419753964911316
0.6689074738466456
0.5739154194650032
0.4904583512435911
0.43312840996967666
0.3697881931829557
0.30370544727756277
0.24582965582572855
0.20857901853571303
0.18130189034500938
0.155262467532241
0.14042952927487232
0.12024452715490896
0.10771987546026929
0.09983426057411435
0.09812649115732724
0.10071038357002048
0.10708897330413547
0.12784938587242312
0.14875805305813322
0.1763761720351545
0.19756185598450793
0.22802058662338262
0.2654602019781155
0.3048989778127102
0.3355010476358543
0.3774759582056967
0.43678553440833673
0.49825415994543476
0.5399611841647265
0.5704186371135492
0.6038459140196277
0.6437638097547383
0.6797815875403619
0.7030475350392975
0.7063142421876071
0.6966021643589433
0.6747229845378074
0.6526226330243756
0.6371605143308309
0.6217699869786496
0.5610280720540983
0.4763622713986213
0.40165438333134923
0.35030453744060736
0.2939879835208431
0.2451912944107484
0.21867743323374605
0.18958769007222392
0.16028951935916325
0.12600163859197788
0.10750462373026566
0.10119639526694396
0.10815996189742459
0.1285524533985542
0.14049317402232198
0.14296297557364487
0.15272023395165202
0.17872358225922544
0.2155273656207755
0.2543589037218004
0.2959316251926776
0.3292614792204751
0.3651889840552973
0.41139910242808386
0.46084162283537433
0.5102024926248265
0.5634879768207364
0.6193040040970405
0.6649305361134423
0.6980522282620372
0.7283363028168376
0.749463535260118
0.7575286832777995
0.7621632170423767
0.7690727712380598
0.7681787304497476
0.7536882966569907
0.7273449276557875
0.6980211537026159
0.6490324073646816
0.5605916193781513
0.4478377532070297
0.33898429390684864
0.2687500020848328
0.21345674562441583
0.18616485467645486
0.16929476493943463
0.17609364212245923
0.1742894868135575
0.157417861988989
0.13360245024441053
0.1253280089143815
0.1464360976494216
0.17478483386487917
0.1953412763518087
0.2033037188208407
0.2212276949810769
0.2556944709600144
0.30389715164819486
0.3568893502549927
0.43749179284825224
0.5401845298818375
0.6365369061659474
0.6979149397504059
0.7390663562970275
0.7718333693910566
0.7952186771865022
0.8125072065038019
0.8225285943740513
0.8340300618718176
0.8418096871972662
0.8488173180876946
0.8534840596730346
0.8587040326447869
0.8576002236146415
0.845472837210569
0.824738320088282
0.7822986414994159
0.7128587743922931
0.6195076346857242
0.5295765364031717
0.4503123623884006
0.3756850427406533
0.2981907163329709
0.24603501048581744
0.21265167807667135
0.1967226323315803
0.17975818177253144
0.16675276329753766
0.14994978792390234
0.14293609683624825
0.14758824931981623
0.15702907214750617
0.1701189406308452
0.18201456363877605
0.19950584513328498
0.22321186068921645
0.2527753184728874
0.29811880000697194
0.3502410040624417
0.3901960824959287
0.4141908517581404
0.4502511141825422
0.5198445203610057
0.5957709830840902
0.6600559955840489
0.6920484588001403
0.7119550778493975
0.7236369138478971
0.7401247564488341
0.7475821602140326
0.7481435408060454
0.7481784560013349
0.7510348269910339
0.7443837453534156
0.7321873840535962
0.7160758612429172
0.696955668329079
0.6249492676219943
0.5208854273562016
0.4231917686156316
0.371158095456167
0.33514567280831775
0.30999358081251155
0.2875224881143075
0.26449987619965465
0.24634063174978524
0.2327308148042396
0.21804906734353155
0.21041481314506486
0.21712765606155252
0.22284406569635878
0.22348695741540525
0.22508667955066025
0.23478551322104718
0.2396575804600416
0.2516151105362334
0.27187058224280947
0.2997426331679073
0.3273900454325704
0.36496437610760835
0.40864691725507757
0.44517520455699583
0.4746021323945406
0.5143377624350703
0.5704498324707259
0.6404182091269359
0.6957183157143754
0.7343765242972626
0.7522134537030646
0.7727933730006048
0.7845333007637081
0.794910311686916
0.7973867946534939
0.8048822467403942
0.8076083357770549
0.7932020277083209
0.7338594525805335
0.6514060664371135
0.5655295079089275
0.4993302688336753
0.4297105626046174
0.36372893514969257
0.30688623657936137
0.26475545823804175
0.23573040315994362
0.21497353081061693
0.20575600135978553
0.20023045635620804
0.20502166050159001
0.21226100361375289
0.21774069637873217
0.2245724513230183
0.2286171102362123
0.23626571572514285
0.24629925683502046
0.26790672472386823
0.302466775285792
0.33993529473884176
0.3749653147209159
0.40688326378107276
0.43297367630826905
0.4575962696595506
0.49408616907316766
0.5487567064885975
0.6011222001591443
0.63597919670342
0.6431223521983522
0.646236975254919
0.6634730175452999
0.6917337066062004
0.704126182846122
0.7044985665719865
0.6848341854651512
0.6577479478113815
0.6291331253712868
0.5948476215520009
0.5320439986224621
0.44375633892566557
0.3582147220077514
0.29490627387161694
0.2514184166698436
0.22215622105862895
0.20032424229774592
0.18800433709373354
0.1770441349265785
0.16637696721574163
0.15981309978064512
0.15798232741217277
0.16366147774476367
0.16909850465547882
0.18701554382346647
0.2163144950851239
0.2537571037205286
0.28051618739216533
0.3063435469633168
0.3372303869274241
0.38486633459095954
0.425082990781375
0.44729298028284314
0.4730540719947324
0.5321306419665295
0.5959454024773772
0.6394685976249148
0.669692095230916
0.6945067850222338
0.7162326976667861
0.7380349679096458
0.7544665608116441
0.7404837550489961
0.6953563939568841
0.6484317568091009
0.6056994600027763
0.5685714621556504
0.5223411667397116
0.4715670831321136
0.4068077492780324
0.3440425697382893
0.30491011073213325
0.28036764866231184
0.26759343289834203
0.24831985791142694
0.22800635131817726
0.20417865326786325
0.19227459066203417
0.19894023896697444
0.218001301718872
0.23662728926022858
0.2516951494493321
0.2699108165120404
0.29381782110241617
0.319266640606339
0.33880209571085257
0.35310344291975704
0.367515120789534
0.3892657685825446
0.413725141630002
0.44960102239904387
0.479753433867089
0.5032666032119095
0.5148721275504721
0.5357443740174435
0.561977316235575
0.5861121930281175
0.6009095958404423
0.6108903598402784
0.6155448237996188
0.6013379463713253
0.5649260111003123
0.526006356163025
0.47767770823457234
0.4295550351376047
0.3785741094789119
0.34309330096591767
0.31050901324555213
0.2846883979010781
0.26844080210819654
0.2579622209699992
0.2533881272063553
0.24752472339659276
0.25019213328744716
0.25486373978103366
0.2741188256373192
0.2884819031386749
0.299270530057288
0.3124253760188176
0.33233728548856617
0.3567828216491433
0.37375541075399366
0.3938947143977264
0.41493994370774134
0.4497839334190683
0.4872477899500729
0.5251729126232973
0.5637085849224616
0.6014693719781641
0.631972823272944
0.6478080362040131
0.6535821152866954
0.6567252099425442
0.6599086021114507
0.6557177580210174
0.6525844421248471
0.640393680020295
0.5936410953860289
0.5217720431089305
0.46148442669050127
0.4212684946278277
0.3683065757437015
0.33273316978938383
0.30210006582238524
0.278368562590225
0.23890146981881014
0.21100566651196453
0.18918264321678066
0.18216682500986897
0.1810243434231743
0.17618951975858435
0.18353853577529727
0.19317145644297398
0.21463647917954892
0.22730718168994204
0.2570661645229994
0.2895733318003994
0.33354993968618596
0.3663724834349336
0.422362754659215
0.4932735856649237
0.5600192414988743
0.5991725341201025
0.6310436598788249
0.6684408937991394
0.7032349913992614
0.7305939117382868
0.746171674703161
0.7567902844941746
0.7572095006817176
0.7463319420162546
0.7270819546933999
0.7156679132709269
0.7081779128920077
0.6496769902659073
0.5485788062761869
0.4636146507301643
0.41748213124347694
0.36841946589688823
0.3156119478154577
0.2856070935848127
0.2510839152723304
0.20394679654644185
0.16388410773807016
0.15348148521327099
0.1545545897732036
0.1605087540417365
0.16629289400593555
0.1742441940017713
0.18485841646535034
0.20392137025943263
0.21712112873052997
0.24683836137379528
0.28911483696575163
0.337245451931239
0.37066145674652595
0.4056696990124845
0.4762036168993664
0.5557187340806125
0.6082070540880348
0.6179777085338181
0.63368055384654
0.66689145927253
0.7085575829809091
0.7426701093731584
0.7632547293082053
0.7690553346775529
0.7578739275548949
0.7334617660435392
0.7087071789674158
0.6841404082313134
0.6402348051005183
0.5713144387189564
0.48775238580907593
0.41070078873444754
0.34529947596586763
0.2980223313180402
0.2654306104273344
0.2442164294334417
0.21018674472738996
0.18236575678963485
0.1625827697324476
0.167278705680452
0.1709540860012354
0.1864275189701724
0.20612144798784932
0.23236581885221427
0.269153525293775
0.31845557240279304
0.38086167216959277
0.4465322209888479
0.527473391628033
0.5927403283760447
0.6238922487251017
0.6307542712409496
0.6522351299188325
0.684799081477142
0.7172951772548718
0.7358244443656908
0.73628654304204
0.7089551390987463
0.6756916653583676
0.6456596594885708
0.6218981189052051
0.5827553195914981
0.5258783586368441
0.46000076033801385
0.3963933954608317
0.33393941819730216
0.27737842217266906
0.23515836629061163
0.2060414388751317
0.18599817738728397
0.174050459845895
0.15942635884569026
0.15308981308575587
0.15683759003044265
0.17229385259256183
0.18598776359410446
0.20681793904373436
0.227211544331266
0.2616418831798501
0.3135993296324058
0.3725657059590489
0.41616551921005573
0.4470487440946967
0.4852740798452351
0.5399728118386501
0.6008598902610917
0.6429439111389941
0.669362250049192
0.6877047245832483
0.6983046435273911
0.6960824179901413
0.6800904734427005
0.6614339728901002
0.6276454523293098
0.5652499593852609
0.49179802392595173
0.43925447975290527
0.38882528378355774
0.33619630511596665
0.29092477667045574
0.26551882613515315
0.2262707076329919
0.1940977888758515
0.17621828173610232
0.1709506616819345
0.16452997326443639
0.15746985113790635
0.15415244823131757
0.15889455417857662
0.1619092418545629
0.1671579183827539
0.177800906811811
0.2036122699672407
0.2291916689769495
0.2614533781727118
0.30788663448658204
0.36545101288517357
0.4382656849802664
0.5020134760393185
0.5359920459386246
0.5408001694608234
0.5576109333300168
0.5833718325303979
0.615372648676378
0.6455064019657353
0.6729957199811817
0.6896951435236475
0.702989671640974
0.7104973088936573
0.7114189169957045
0.7137905420282967
0.7181376421816311
0.7097235362552838
0.6865398062773442
0.6654077425710612
0.6417664609406086
0.5902251999998406
0.5143605295279741
0.43591300487725987
0.3707365318303013
0.3206402160934392
0.2943165026021256
0.2789060618682981
0.2580811127486169
0.23043105274586173
0.19263882113432884
0.16579122194863435
0.1499778398741276
0.15166661835125578
0.15496647569919642
0.16653710433815944
0.18679272055762042
0.21165330367721458
0.24302172576808925
0.278070854770605
0.31136813909677163
0.33772241495623967
0.35964585572136326
0.39199273712146404
0.4262716521604047
0.46447922446647893
0.496078649747787
0.5280500729713014
0.5625154325635611
0.6050455592210606
0.6506564761641588
0.678439901892386
0.6829262624042639
0.6785558050829932
0.6669594229228334
0.6498322322401452
0.6389624508710128
0.6373096680777359
0.5989551106797767
0.5245590342359971
0.45491379883828553
0.3874957888978779
0.3196928857446093
0.26374843034461737
0.24741170232306353
0.23440142959946653
0.2190766091216557
0.20660162304108676
0.20177987935763755
0.2036357469544665
0.2037156083867373
0.2077903479293179
0.21882482629236663
0.23983463252714027
0.2581822563144175
0.2878384743436414
0.3300059946791059
0.37466865407691463
0.39976420336661783
0.4195878979358431
0.4318789755060607
0.44817152054223647
0.4757063127684889
0.507331291119812
0.5359489398913024
0.5673455740854735
0.6087982640603904
0.6499009305392568
0.6760613609431834
0.69406655798281
0.6985440039197559
0.703972840815354
0.6987835472873072
0.6848752140819385
0.6601730266822807
0.6311127609640264
0.5669157572206031
0.4909429745540188
0.4394719652269833
0.4059365438908363
0.35861240979697145
0.3071423109446899
0.27257780556666295
0.2521620112845027
0.23773115421626398
0.226300955036756
0.21641905424169644
0.20622718226503522
0.20594999287753898
0.20425969553885637
0.2118317668136208
0.21591015172704167
0.23952605866071053
0.25902510257535877
0.2861214285535826
0.304571411674522
0.32496833147298254
0.3528786826712892
0.3855996447732517
0.4171779676825491
0.4417251627322096
0.46350318942472346
0.48959863402291537
0.5274385538142555
0.5742447828014349
0.6134871401421473
0.6382651902529919
0.6421115501881091
0.6374688689535855
0.6239418113058922
0.6096470368993092
0.6072678912238272
0.6008194952798274
0.561880051266422
0.49244345759863006
0.43591959044788353
0.4069434375231775
0.38901899495968595
0.35564678905428243
0.31992323356543684
0.2981143182440339
0.28675469907440015
0.2646761474794801
0.24271022472062878
0.22637876729038772
0.21789294306106272
0.21262420053627928
0.2122973021669663
0.22217439040694656
0.23324256762360518
0.2561834345617019
0.2810491725004076
0.3113653962135545
0.3359971111284769
0.3569674539071266
0.37467614113640085
0.3905595757164326
0.4133023676710828
0.4448061577699255
0.4996443706585571
0.5563293740313748
0.5958462496736838
0.6071949304043427
0.6149885364404588
0.6233139665179009
0.6334488259331872
0.6274775844103091
0.5715395407610793
0.4916919666187209
0.4262470758683522
0.39189412797535533
0.3473253673929043
0.2989035744446622
0.25845991681930036
0.23044917116403346
0.20027776703147718
0.19606258606316218
0.18460085816283534
0.18348438235206502
0.1674778925246557
0.17908661176887658
0.17540494923840608
0.18302777149679658
0.18900505264214063
0.20418890999532452
0.2296784583249942
0.25632672292038666
0.28442440992761453
0.3048423094455669
0.33625182437441337
0.38374940836806365
0.4364559878496034
0.4861083498787277
0.5230138515160198
0.5467330137428391
0.5567437131505133
0.5710532751205499
0.591307701364383
0.6107707579635415
0.5903265912217732
0.5458437866090932
0.4930665561081841
0.46710843243566
0.4399875281951024
0.4184053549020951
0.380071715628423
0.33077957459218066
0.2803067834400621
0.23577413426696506
0.20327949914700405
0.186349159622687
0.1836257166093663
0.1694868352342292
0.16096707518763764
0.1470609507730673
0.14237388043727972
0.13671410831722308
0.14987456994669557
0.16171523276892852
0.17512885456894858
0.20245242067680233
0.2370110657167139
0.2646628930646384
0.2798609510109774
0.3039496299667143
0.33396320982009364
0.35442162591212456
0.3685779467612137
0.378825726361171
0.39251022822428366
0.40385782650683943
0.42095098503266526
0.444453640625226
0.4719696444530336
0.5048580012135485
0.5313433637396137
0.5397364166715591
0.515588651116761
0.4713798185968709
0.4267858426748691
0.38779351349181246
0.35086627390668645
0.3116685919480782
0.27964690849010754
0.25450354837138345
0.2388380034630045
0.21710822539406222
0.19532711518380655
0.1702804084269698
0.15592219274242308
0.14127869737064236
0.13567401440621654
0.1313822441070207
0.1350505388108325
0.1407689245484069
0.16412573617485035
0.1903430470863871
0.22580390534045236
0.2626524646466276
0.30196055740360306
0.3234116179892822
0.3413826554763021
0.36168374430724903
0.3967504599297398
0.4233385776656504
0.4491417703728332
0.46208297473765
0.47885348477921097
0.4922350995550681
0.5132290759111365
0.5246932086311955
