-1.5865893319720548
-0.30322839231681215
-0.0361047920165869
0.032026889187439796
0.4388964619747779
0.21894540199319362
-0.24061557997307587
-0.29088553982958626
-0.07038115310114003
-0.08546454907487179
-0.16383094087984526
0.20411752213547413
0.12034819238162744
0.14080406616018507
-0.31307724425419187
0.09199588977472307
-0.08694088163855086
-0.20104220813103485
-0.4474125416724274
-0.031165911826673838
0.07599135490294674
0.19219891921139426
0.10371203043529456
-0.29993220730253795
-0.560926091042311
-0.2922544927958182
-0.08683852892326095
-0.0745327443680255
-0.1619540348563309
-0.21365276856851456
-0.2748962699987155
0.05184667819767325
0.27888754812173444
-0.02939071182666888
-0.12329495859326345
-0.047614598958740505
0.020481441523632144
0.08454172216835394
-0.09289172624839226
0.0409443092194549
-0.28029628485278224
0.04884362374748748
-0.0765482249263208
0.31574167461394864
-0.17827030048820525
-0.13148214283329732
-0.1502184679300229
0.12800923969566824
-0.019890996435230006
0.05797733382489699
0.04016080978269208
0.13048547710737426
0.06521471425536142
-0.06690067631686804
-0.26678376486070216
-0.012213997521581853
-0.23653252278369602
-0.5840349237010422
-0.7989440859679651
-0.4960886229790358
-0.6873438522974662
-1.5474587104992865
-3.5391099869215727
-5.186902045692128
-5.557057351138538
-4.636152380634896
-3.9627428177860455
-3.233251508670322
-3.310852950817096
-3.569451472652146
-3.9544987041033117
-2.687088681661724
-2.023108697847532
-1.594244193815615
-1.317328085702795
-0.1184723133651477
0.006403824692316507
-0.22678998221245997
0.06289095758576524
0.4097827068810502
0.27493880943576093
0.1446297751498676
0.1279073575525579
0.14782473443968652
0.7754058513132006
2.0009972398811637
3.226597673626644
3.8926517378783667
4.684069892999805
5.063308057741546
6.059064975558536
7.171060238184589
6.732904133987933
4.736030863672412
2.9034073573951074
2.221426579907967
1.2424161968823855
0.8002034189608438
0.26090791809480784
0.1286191200189184
0.46747008530497236
0.17706390852303475
0.5341077598124225
0.3535070057493996
0.19192751595266858
-0.8744334217267306
-0.4180574836222443
0.012588658938945719
0.2194071386814519
-0.581124576678057
-0.6042817305895264
-0.6286131458693967
-1.1339517709591846
-4.422186187679423
-8.471448713867925
-10.864858579619648
-10.146554711154325
-7.731217152542033
-4.177475617291109
-1.9464762126992132
-0.9248858157821738
-0.7821998696563937
-0.9053715630014452
-0.8493973302206445
0.18992674234339796
0.9807656655579812
0.3497535230358574
-0.17764146122369187
0.19554574226209223
0.5252801514229132
1.386138182594572
2.896319796857751
4.996585268246309
6.355753162065616
6.444287642292927
5.5194137020802145
5.333477845143832
5.164994229250073
4.466154029738854
2.8596409951695714
1.8656450552055648
1.3473574072493326
0.48654200865303426
0.1608231896503082
0.07125432486772468
0.7304463115155677
0.6460619649716249
0.19683346792591497
-0.48681654555293447
-0.6337196977974036
-1.2885840106785131
-1.3344797654682308
-2.378288767806323
-6.012315677029709
-9.152909927809052
-9.663204521808778
-7.0921570782225425
-5.525096175745752
-2.8465266680584045
-2.004873820521129
-1.0596255862054171
-1.1125161133221804
-0.45783575488566286
-0.24959999953106415
0.17796085808396597
0.10876714541530008
0.17481721850646648
0.17905839311697955
0.290283043299723
0.2952465726902192
0.6805370953315097
1.9741408564377865
3.8512889504252095
5.219066957496287
5.8398375887066765
5.213786016221748
6.935008096370567
7.1399170148504
6.002281170723677
2.3873756292145383
0.9190513777740704
0.5283913715469143
0.771976246508057
0.8593327962022109
0.383376848971734
0.19703246251528153
-0.0114579293503914
-0.17021492709955294
-0.17502860708085882
-0.6613511856930422
-2.380981676447274
-6.255434283602613
-8.3344773894119
-8.826587108917813
-6.690878806513879
-5.401201411950462
-3.172002575108588
-2.1888213712370352
-1.1770147149401624
-0.8786200109477924
-0.2745259422758216
0.05664262073690272
-0.037803472462240716
-0.33163656346039133
0.08375143221391353
0.41263498275264865
0.3894536361125209
0.8748915764736346
1.9600510364621357
2.9342903223404453
3.643152780021259
3.694479656673846
3.5725361070624335
4.690787835360396
6.557065323042729
7.334995808402469
4.903216292699734
2.9100029976950217
1.547780334776404
1.2648645912680379
0.7858377756011145
0.37092270505569536
0.3930670457327637
-0.008661215382206353
0.5817448272709113
-0.2054868174449072
-0.004474797276208269
-0.2557742357432099
-0.7146504578522576
-1.3165074965790937
-2.3120378262873356
-6.126040591669139
-10.819421639323881
-11.698517313563105
-8.941343467870755
-5.210214495288437
-2.5464588981772063
0.11454470315330685
0.22275867713095668
-0.013393517707784899
-0.6337069089957592
0.3943922902707639
0.16215275919262143
0.2516524507973026
-0.19287244021398878
0.27118001125477337
1.7386921837307714
4.126829178450528
5.574877769266823
6.0250129190842365
5.373769012461963
6.829465099532386
6.280830163835431
5.158115432821152
2.682770220040647
2.527800402973197
1.2634410358669124
0.7021098171476938
-0.08804159711050673
0.23820543252159515
0.3227623866904839
0.39368697956396564
-0.15950782952566078
-0.2392168159298844
-0.8004130942344674
-2.2855443466257643
-5.2996367451680735
-9.100070720988148
-9.613244796529415
-7.314682136391565
-4.260336158137559
-3.1396420444511133
-2.2158968814038933
-1.4532774978488745
-0.5843627623107782
-0.39867257891818864
-0.34598112065255093
-0.5909404925971766
0.21515990073470348
0.10563602969970147
0.09709131534275363
-0.24116642284040954
0.7414346152009659
1.2786082710781232
1.9393695742932702
2.832854959916118
4.135261071043576
5.235020956628554
6.25912603786144
7.279035663564985
6.98367052086873
4.491688120604478
2.3963191866091345
1.3075346751671748
1.0771844952437342
0.07530377821623384
0.23600160616685434
0.47141956432478593
0.7951495944181214
0.433280696193709
0.055366431967529744
-0.17184209479349127
-0.16472871965962424
-0.2312734305191419
-0.16302036204962236
-0.537499841373987
-0.7463316932758597
-1.6129020904192717
-2.306236127711178
-3.331077665930292
-4.351046900833873
-4.881580117967823
-4.943440463603783
-4.154645510513778
-3.484178906923454
-3.068740658836665
-2.6671904726067392
-2.2287413162959546
-0.9277857013416158
-0.582821100683134
-0.2223428034692373
0.035435366283218986
0.47068461073081214
0.4720378981613754
0.3594837633457639
0.550898692658822
1.1347222010881348
2.2635784225579227
3.9481692195562132
4.216423473660748
4.4640640481178595
4.480779250069533
4.979493124889398
4.117139045836971
3.1196879339219685
2.2954957611682594
1.3136086267951388
0.7224041415894903
0.11464336621415812
0.3798144937609229
0.054690978727616385
0.35826202536695234
0.2894626646315956
0.642517569807204
-0.08489868131902586
0.023683406322110384
-0.31683981245333226
0.19883948926934528
0.2914109637259121
0.8187475415387497
-1.723400997705264
-2.6462956748696183
-5.14248103994417
-7.9019292751276655
-10.438455020173526
-8.089354547575615
-4.800849584754885
-2.6547467981506196
-1.6630826030667043
-0.9760791654938129
-0.45468840440666897
-0.2550440058095691
-0.10671633374217375
-0.0812596969010901
0.09850611178750558
0.01861688074435437
0.20239026063015633
0.34603760898262625
1.3908111205336942
1.9693453773182066
3.288390512684918
3.5217232914953716
3.842239909409938
4.012630025310794
5.8543470387010785
5.429557621409321
4.188905121906592
2.444161945653913
2.677342291872607
1.6571139744358658
1.5878096024550736
0.29269376843430106
0.7237111300460722
0.003951862010957999
0.5244482743645859
-0.20373502809740557
-0.04176493721312028
0.030362064253168893
0.6235202122813455
-0.12019979311743077
-1.2770050692114343
-2.9000524869790136
-5.107674255842987
-6.950879288548717
-8.150974598406854
-7.5843009529814305
-5.816647587453921
-2.7442587878831866
-0.6771132985928854
-0.10223534843552909
-0.1319395197528255
-0.6538895508393961
-0.10005038175598482
0.030406097932080375
0.44803125495926127
0.5282815954261324
0.6770571665076788
0.591335707834788
1.2132192035117693
2.4377571092183925
3.951967273934408
4.427848331324373
4.918574272906078
4.952851956396196
4.789615023488686
3.901186478437389
2.694995525570519
2.265785743295633
1.2382961644409862
1.050442127261663
0.6792908401414046
0.7129944815751602
-0.10382074688532399
-0.3129527759423756
-0.07231036042142173
-0.035551247541783085
-0.3564643925215472
-0.5941564049628244
-1.0761630644135172
-2.970286941059736
-7.104158141569209
-10.953910498072077
-9.524184588934432
-5.75628906029445
-2.6749685404210592
-1.7989668384651234
-0.7819940921259033
-1.4237721019183553
-1.2540372345849649
-0.5808376076072851
0.7065126856644119
0.38682602959934603
0.33317363350413914
-0.19329523218442404
0.7627184203244057
2.1768186346916596
3.8180674506030625
4.879476488658276
4.2147954079991
4.4637827452012795
5.920562733527627
6.254714346738015
4.307703608760016
2.291135436089439
1.7122037375987957
1.1027555372871496
0.9443167413628136
0.5979681486084453
0.14716063198253967
0.21100538814337563
0.36537390207578196
0.47147279993246805
0.2157790485374308
-0.039280915545887446
-1.275035374525193
-2.5924847461242377
-3.202319035290378
-5.763543107978363
-8.497991816230764
-9.255208506285113
-5.763970492923843
-3.324468026326694
-1.8670962428015758
-1.7877540115646398
-1.674958893058141
-1.3743930997541847
-0.8792099407440022
-0.3350125794723805
-0.15520771677264983
0.3067457115875641
0.7604609560936614
1.065079543569669
1.135645596393451
1.6145817428628835
2.5758587684676337
3.3382539047908866
3.7337700115689145
4.174194743350387
5.176066232354195
5.426750538990603
5.234444446997166
3.9805697944047553
2.968198598170657
1.651072965462801
1.2142726626665308
0.7719682098352715
0.30191559464874335
0.11710803124459046
0.042805049700842625
0.06526698133162571
-0.017221760393039385
-0.3773656593966216
-1.0116518572609074
-2.147582859039592
-2.7270771433157925
-4.2508849884984174
-6.285913149182443
-7.878260686001319
-6.426034275634276
-3.6904579793900614
-1.7600350120236465
-1.2717094736239365
-0.8403114840648146
-0.8061465061400557
-1.2620591652555009
-1.2180142177023772
-0.03392297901621737
0.5246538726449751
0.6245311268009851
0.5865931889494016
1.2657650703719296
1.871956683820399
2.304620066985721
3.015684724808437
2.7853419959599326
3.5757625123519823
5.351220151849954
6.465963909267533
4.872354399219185
3.233405123962911
2.866390448932927
2.0891157859195406
0.89547874459577
1.108589607829221
0.7543628321743914
0.0852274513012556
-0.3203960467948282
0.12053577275170443
0.1704712899932108
-0.39270703508884663
-0.6881846149156248
-1.891786724266197
-2.558466353817533
-4.238435540726527
-5.992140303063794
-7.51913319358238
-6.571897316081102
-4.814183046790901
-2.9742552992890507
-1.9205480688522614
-1.1650850191814979
-0.4619828845864796
-0.038353277026000845
0.023349645872649486
-0.32963670810630924
-0.4870848518591164
0.08859180712721962
0.994059105672923
1.81402857784533
1.8668365714828945
1.4842094172045668
2.550401409504686
3.3900415975304576
3.6808182623092804
3.7232782933319064
4.611961040253578
4.5556643652260504
3.4713657112218472
2.9051118964572686
1.8090136269584123
1.1748734886357328
0.5765902059519725
0.23694850904780532
-0.2961660959159071
-0.08558698533169638
0.22450416214713437
0.3098847589905283
-0.18230020905835678
-0.5814477494208357
-1.1531613607074913
-3.291003323292026
-5.5932873392679445
-6.8342712114745074
-5.125626646721123
-4.270099660345124
-3.1367897487704797
-3.0479729053271902
-2.231543570875888
-2.038850696420594
-1.2935907251602954
-0.5988607260026493
-0.0014479736880430296
0.2366414331181792
-0.2214982873592723
-0.25237446068025493
-0.16601112732710255
0.31081850889974516
0.7444037861252063
0.9400000460941881
1.8359414518524644
2.4181387773590157
3.4689087380070887
3.569717958925561
4.7524881172436775
5.231009890933953
4.493283061092313
3.146097617653999
2.4767234958058095
2.078085461452051
1.0424173583058818
0.5564271187616626
0.6553052541771105
0.677674601880481
0.610914620453223
0.603791994019004
-0.02886280575566
-0.7918766700785246
-1.5332836382802546
-1.6081215898117485
-2.3933436104761645
-4.11883862168515
-6.4953773766557585
-7.7400476540873315
-7.015382126183561
-4.954174418917197
-2.533215595225261
-0.970085793201656
-0.3273862112699491
-0.7583768021709569
-0.5634225704578836
-0.11148872199233463
0.5507506618512523
0.1350015197879183
0.21481071469357002
0.6889642279868999
1.2129705018525045
1.4567229292668222
1.86832602858534
2.958259330973874
3.710100200846057
3.5631726425324235
3.590379493743725
4.617544114837403
5.294806441941405
4.368955902515797
3.1775953976012525
1.972408770803011
1.2357854905538748
0.9169048106230392
0.9762972095735734
0.7640700085050443
0.2748251940696412
-0.35580164551360044
-0.9770320188869763
-0.9918838898002131
-1.5853907016657889
-2.0721109251043637
-2.7037207448073923
-3.1362090417694595
-4.377588750157599
-4.435095194195063
-3.8700522819018555
-2.538252415250073
-2.3197137946610202
-2.1700014249820065
-2.1057077689629806
-1.2696436115611553
-1.143830325964955
-0.8104169846770909
-0.5725758763536851
-0.11424698145317308
-0.20463957893794163
0.02931472869134366
0.0681567034779928
0.24282338783588112
0.9371759072826435
1.507652762896981
2.1144933357729436
2.174610404141937
1.860844665021917
1.036290168218927
1.7168553577797074
3.2431539219045433
3.5389934997351915
2.867248411771914
2.4271970873651854
2.864036543337178
2.6425179864788553
2.116993191343809
1.4350894692743663
1.0968683116560654
0.8693441695462701
0.6312699639686795
1.4193639330562307
0.776616939152037
0.7962249597388763
-0.32869389178694514
0.3306621711991733
-1.0421152677323702
-1.5309531595859676
-2.617683449487511
-2.9920283896442768
-6.944740238655588
-9.080156695019085
-8.115036108046395
-4.77819208368115
-3.53165179541627
-1.7529289594980388
-1.015296945143257
-0.6928415203999899
-0.5373028427455333
0.30318335720268486
0.4487217655808422
0.6037201580393319
0.01212516508647838
0.28997672189820173
1.3582982820857405
1.7680737378664353
0.27252434711221774
1.3733267341250477
3.5825485555635854
5.0160660837618165
5.542936412920003
6.399188998254696
5.615324589444456
3.631835420392823
2.8128323946014366
1.4613314485087454
0.9093432784342566
-0.014659888708587303
0.194341051562461
-0.14019251128888768
0.8393714983430367
0.48624643623413477
0.627661913117996
-0.4472060999517079
-0.3347885861265987
-0.8372791760406672
-0.601270938897568
-1.0399047509611417
-1.3667168339172528
-2.7211304706569197
-6.761091775208824
-8.984256557782805
-7.8376242195562575
-3.2221261958593503
-1.9597931216379318
-1.543352746097989
-1.547027491868749
-1.1685421653596069
-1.5370605302017455
-1.4428106309077335
-0.49135619344435516
0.006285149661630317
0.6584758420425937
1.2353237552875598
1.579148833610262
1.7496856664119567
1.7277285891960963
1.7887183028671803
2.6701111168448497
3.6156984763366173
4.062403265408016
4.176374299304436
4.557971402714731
4.361519359335339
3.411921842825555
2.4206698836648366
1.4563143224482897
1.2092039568684232
0.9191060819567318
0.7012684953764613
0.3571487251199623
0.1218639807899116
-0.6159707912367067
-1.0927919048732715
-1.0502086998972893
-0.7167117073220249
-0.5459107124485468
-0.7841346488653588
-4.180436011605025
-6.978132511448617
-6.0284363382467925
-3.5894772135827524
-4.101833810606777
-4.897227334689443
-4.23913169251757
-2.974598736399922
-0.4489124860271909
0.04213215137807881
-0.1484571314060391
-0.5530250670437422
0.005326789193691753
-0.8703829781668437
-0.8954008324324815
0.03044794110723593
1.0249353834245523
1.8804366867364595
1.8679761930131527
1.743537582785021
1.9667729266872256
2.9477221819105823
3.834295859194237
4.355778919395838
5.41629768540486
4.344798198367144
1.635937623345317
-0.7953300419934525
0.3122273765199357
1.3361999661506576
2.1856752607013985
1.9375282673310026
2.2911858016086497
1.4749643982598148
1.3702833520120874
0.7864725229424216
0.966461032737102
0.24178857331536815
0.0456903694252712
-0.788037078322393
-1.1727321824797832
-1.9668381826936707
-3.9288584500245896
-5.860911702177835
-6.4831325021524995
-6.710869500247425
-6.800838525273555
-5.281329838549147
-2.861043097345886
-2.0685969215839632
-2.507345866735637
-1.5956035396466746
-0.1546182508426968
0.6972683923432013
0.0311856143498544
0.45081643240403
1.2109277248974044
1.1733516205098786
-0.9076757200033495
-0.5728379581648808
1.7267325151993655
3.7442369540412583
4.913056752565644
5.728436551627096
5.228655436648007
5.9785282417482
6.915907739433911
5.457555007842551
2.4868032725585567
2.0059264715566583
2.109473836796021
1.8031959209646966
1.1863888975153678
0.3941952964675081
-0.03737835191032249
-0.096059515087653
-0.3614112499605213
-0.07972104752949304
-0.1769687606782556
-0.4617711971292389
-1.9519768467811922
-2.2696328721633012
-4.869016049126935
-8.594242852839926
-11.176694035296633
-8.195728492101006
-4.557409627839008
-1.4437764791728525
-0.3203458504178965
0.6392375180505504
-0.29546957016375014
-0.8609301764159709
-1.158033617601699
-0.06844611629691459
0.22055666372211852
0.010167559454981927
-0.06570011383146208
0.4799521731305767
0.028796278274892367
0.31590692590825237
1.0608792482544542
0.7250226952873201
-0.3760097222262507
0.169249473493343
2.094593337307784
3.5869157355540677
4.220088633019409
4.064110643724535
5.563251654362835
5.915631577740204
5.225165148239261
3.043374169524662
2.2611538986727973
1.032350862227903
1.0274863174126958
0.9067329532828854
0.7629020152462871
0.23908379722378054
0.2418044157021839
0.08101225312938484
-0.11053815887481074
-0.5091279065970991
-0.9787498178562061
-1.9635110309881587
-2.135098530805494
-2.641609857554714
-3.8019734707127837
-6.558008350119087
-7.626068093087036
-6.895556223873917
-4.503911917635228
-2.7438306001105817
-2.8640978731412723
-2.9948202415987133
-2.6599128168448107
-0.821880434379833
0.08619748772624752
0.781556161525298
0.9395526856021599
0.99551426389024
1.2598961009168101
1.1087269988195922
1.5608672701566881
2.030207808908966
2.636917800336356
2.2827282568138667
1.7947480056769278
1.576509362015762
2.33349830072378
3.053656668845125
4.264583958428656
4.4772970189562935
3.2388289287632377
1.6883334629488904
1.6387015315176034
2.9507586451295786
2.971250270579482
1.908083731522397
0.41449631789595287
-0.12604224342736264
-0.05397752237950555
0.11628823305077506
0.10900888223206405
-0.06415859378901781
-0.423983934494393
-1.6572137717095123
-3.3526990226188653
-5.505005317217579
-6.745708027674613
-7.243662472931133
-5.665119949808643
-3.3543219734672354
-1.75068363317415
-1.796050004945377
-2.653081489234411
-1.7580254414587027
-0.6607770808825307
0.3089851055102403
0.2908953057266594
0.917378802167755
1.4056335721723021
1.77024290813126
1.7785416824726419
1.769421697138519
1.7404963178956694
2.3594961257293168
2.912367774083772
2.5024279276101504
1.7734911296385116
2.667371220460106
3.482528479527477
3.2043486110003263
2.2453275788359317
1.8036920271308836
1.1718371030150765
1.066885903937884
0.9804429900200609
0.9346399880556543
0.5051383306037248
0.21180053488972803
-0.4167873624367339
-0.6356644023299723
-0.47010530671608214
-1.1270738428546438
-3.6765453461738233
-3.8380757868838105
-3.0880002380354465
-2.2705063455652845
-3.9416340601923237
-3.636324788810965
-4.00119243767904
-2.844417654997808
-1.9135705417868014
-1.3583637221244866
-1.5484657110002442
-1.472664511071531
-0.6732548749721001
0.07386005408947187
0.8295041949701101
0.33347644172868346
0.31284992408709633
0.2773523934984736
0.9492595733220086
0.9883912771676735
2.5411925528865065
3.4421722351466304
3.5922153019095227
2.9272793592476085
3.1703778235233884
4.781349670596169
3.4667982704362683
2.3549404606851225
2.2388803149067447
3.5894823536626084
2.8635473823335675
1.2966304685971668
0.7036417734479672
-0.01720073109040496
0.002307223474293927
-0.36700102610601393
0.34767752450625916
0.3397113432510517
-1.1210612207869668
-4.384075358669411
-5.699523262897651
-5.007424093285013
-3.439796476435062
-3.800413007203474
-3.964964754322956
-3.4725474871102504
-2.235038237401058
-1.6366276914423126
-1.562365368765859
-0.8899762954421709
-1.21110012719787
-0.7514791016782632
-0.4731368931693233
-0.10246616500723199
0.1550335447616027
0.38271538404683986
1.2456247540973295
1.2545200311426776
1.6570871386213701
1.2711410369610077
1.8275238383325854
2.2463769212840994
2.366326550075817
1.83612418938836
2.5184946341906853
3.558574572158605
3.6881175322253053
2.502421453157646
1.8274471769294682
2.005636614364824
2.395073744106263
2.1610666671375354
1.3959568499362167
0.19600242889858513
-0.5827246697197364
-1.3127507892682257
-1.3260210908059842
-0.9277271216127375
-0.923431641130732
-3.6445148954732836
-5.07994803932891
-4.482473284035624
-3.0809907534446874
-3.3789932351860474
-2.9278013466058477
-1.5908316706198928
-1.745384589691427
-1.7578902427837406
-2.0572728460312386
-1.1098208917025598
-0.3784937077993235
0.4178139978288616
1.223549490067846
0.7164432374259545
0.14818809307938227
0.585435502680462
1.5602008984541613
2.20822700169313
2.329892286061627
2.494363288252774
1.999791241667536
2.155650290089455
2.7726071023673504
2.966551224437597
2.961652187366669
3.197129051754772
3.3489616365784354
2.737591920984268
1.9873015289153797
1.8170444732881286
1.2676339465968967
0.48390888106081703
0.278072025874643
0.41457325174101417
-0.053642447298737066
-0.8694260275652805
-1.5806021400722792
-1.759426437190399
-2.939324780276223
-5.30644727919099
-6.76523197026768
-6.531207558011233
-4.21405750932119
-3.3175953876244995
-1.6375134568777514
-1.0122053842212713
0.40793263098141247
-0.1082493185341105
-1.0122974894741674
-1.428924704674789
-0.4964664798016639
1.266485324102477
1.7009241729275515
1.233386549215842
0.477746548141845
1.0754385696142328
2.0680065587363687
2.8921608412909916
3.1795319164073725
4.836146555595848
6.161564222015467
5.781142577045689
3.682682015067718
2.4690849927974416
1.9660207856418561
1.4031184677265145
1.0373117590380434
0.6012832722149994
0.6900880498660148
0.46677751952684454
0.42045785342572367
0.28000449512042097
0.3131983783051529
-0.06622854180871349
-0.7276431842443923
-1.244071027337292
-2.5463807153315683
-4.166392026427605
-5.601068382394448
-5.395865896953458
-4.7558504408855224
-4.477639178865094
-4.649659584461208
-3.1293423508293854
-2.0029999445484523
-0.9557427447055171
-1.0178670335429891
-0.7803251084996715
-1.0081785224179614
-0.4208214652592696
0.2791291490140949
0.5664493696613073
0.785392109000387
0.7137373804758912
1.0494768896705955
1.4223609333556655
1.7738074670203594
2.7206088920452256
3.1273322433283623
2.3973047060088453
1.4396861557327854
2.163615745464231
4.175604370708046
4.555587763384355
3.8571007499977457
1.9195477929655926
1.1943971429552434
0.7009101599100153
0.9892705560562794
0.44744422591193145
0.033682835520764405
0.0020949117173719805
0.1713822593819456
-0.3990648982571204
-0.7317816779890485
-0.9666913686407924
-1.147211574830361
-4.320384042425324
-6.243830415946588
-5.861619524434531
-3.1220203895680543
-2.160745358870618
-1.5091255197484579
-1.3482655618923212
-1.381356714879248
-1.0895546669919942
-0.8165890167327847
-0.8809048476425331
-0.4580552519080277
0.40277057498919666
0.3429845780883956
0.03857350314279026
0.09598332811530542
0.5819300202231249
0.2923240343396815
0.7174518045715502
1.2153283023943726
1.6723230555059638
1.6588447358798808
2.2544598405024057
2.6209524688477437
2.1916972381152204
1.7656156702527852
2.3841378024319217
3.3667242021388066
4.198102599372841
3.3180063952465555
2.319492514973368
1.0702157643479497
1.2347951578524832
0.7043956657862372
0.6226206553923744
0.14858897799468762
0.4497271252140423
0.16356534219965232
-0.8643784841239047
-3.5605545076674465
-4.9472031686054825
-5.152593511691452
-3.971954344514512
-4.177182373743714
-3.9588976472957134
-3.410561914220066
-2.527846700478782
-1.741503304685987
-1.245412340959672
-0.5530517670497976
-0.33153270021466835
0.287472248722935
0.434360586729797
0.32878156589870555
0.409905296657192
0.24267953479165374
0.45891632933585835
0.6020124665925627
1.2964480733309396
2.0736030337155453
2.2481111671831124
2.101801198924118
1.9150769436095216
1.5654247516318667
1.4773556010766609
2.189393964817149
3.280232244925979
3.1419296202329847
2.0914197926562124
0.4285893296959608
0.1868773833940147
1.0341625374229124
1.6956413436537656
0.743548574395343
0.022343023551868617
-1.1798628664101867
-1.625174259225929
-1.7168893464057744
-2.057130229157275
-3.768217375771738
-5.297259581808093
-5.132497015075142
-3.798506888168283
-2.6092714321059924
-1.755731736672979
-1.309918725653056
-0.7391943122407849
-0.6576121300291997
-0.6400300626502484
-0.3938320461058133
-0.1098463421083469
0.3407490199554003
0.32622161464292776
1.07502235007932
1.7579370756991712
2.246556518124411
1.6055450202982937
1.5496415742691754
1.8532103978461478
2.85815685981229
2.412999371425066
1.3325993700881635
1.545665502713112
3.5445941983080282
3.8288856306510777
2.611391708852408
1.8134098563597874
1.4888813874791553
1.3035547586732097
1.3081362145713802
0.985895574119951
-0.838968345758927
-2.707641665526875
-2.81547822886655
-2.563937808379623
-2.2276798708276835
-2.77381772495648
-3.046445016455407
-3.885560031245091
-3.7659107723848027
-2.3479475403694954
-1.4725477241890546
-0.7664529458382321
-1.1564144992149714
-1.2188103955947902
-1.4296618830189218
-0.7142437563497851
0.3999388982964386
1.143663765113675
1.1175592524814584
0.9040716113462614
1.092940023762562
1.4344202754223212
1.5269291702354584
1.1721273062708792
0.8580808325343169
0.8647006721864839
1.3050388675807076
1.4675623828475295
2.152552846142175
1.8091446880828117
1.4107901606893105
0.6963314603137923
1.2523347880180875
1.5739765330879825
1.4480926075526293
0.8878441687395439
0.5988458399900695
0.27926783756044216
-0.8524126456976595
-2.1847161162609074
-2.335179296236868
-2.899718875707327
-2.8873603858182237
-3.0588555395210886
-2.128848510779775
-1.955057263222043
-1.5492369206685312
-0.9748557475727401
-0.6287148682918755
-0.27444562581865123
-0.35180422858577143
0.16004459345123898
0.2802963896152059
1.1553051513771986
0.8617846500813898
0.6473176151166847
0.7892907576918211
1.1947145681849827
1.4667321696343998
1.018355346291078
1.2083582186240325
1.2627137586009691
2.090639382679291
2.2478313918604034
2.2755073603935965
2.3121403379499843
2.2656472233417966
1.8302070776869004
0.9501127758641965
0.3464447449609606
0.18858567935090048
0.19100353013440127
-0.25145064542601553
-0.18799895377018708
-0.7314457262731716
-2.8051550780561203
-4.3121431366261485
-3.6172569851051914
-2.4129559237605496
-3.1777151330477533
-2.134404357259182
-1.837986238019628
-1.4238901939296944
-2.3680255662850276
-1.6737481984108311
-1.3093813977108277
-0.4209490924147253
-0.06854889520168385
-0.2900894198753519
0.44094096100280045
0.5779752400606354
1.2879013641945696
0.7602421506234686
1.7855389699835433
1.9504300366441105
2.6385964731473432
1.9693526249245517
3.3594162734570756
4.254649860342762
4.004739350037263
2.3491975572733272
1.912267545523454
2.2438340352189954
2.087645856006992
1.641535220341619
0.934665777892507
0.6371165874608515
0.02515297125257161
-0.6526535199278121
-1.1549992393713517
-0.6848424853484149
-0.4494000227350833
-3.5100553575662237
-6.065891039383567
-5.097849332761649
-2.7679511692008076
-2.9437599207954896
-3.1684510848860117
-1.8002912538384204
-2.071390698749053
-2.8282271235534755
-2.403761328502438
-0.624157351487853
0.06438627359596083
0.35724985611199445
0.34704839785196256
0.47707799975007
0.6368533478147788
1.1437772276450027
0.791985508265885
1.78303395859564
2.5365885355175255
2.8878368979294065
2.0049602889169034
2.100494535957633
4.232035073213154
4.770907030875033
3.1492992004448466
0.5862392667470306
0.942170718763369
1.9926543255595153
2.499967422502354
2.0467515835350722
1.2350771961028841
0.34803632216088043
-0.6708844273593767
-1.4647296906814267
-1.4852752245674905
-1.4740062441659112
-2.634336187847853
-4.1352219828939525
-5.013723174593112
-4.62309582447698
-3.924078766115018
-2.8366286788698085
-1.955503253442458
-1.2728508596333623
-2.041781082363221
-1.6692592762654017
-1.1869792234313028
0.28175615688022054
0.2205228192470169
0.9284059781362725
1.1816357410604301
1.574662251861987
2.2072623864937695
2.95812282654125
3.744365986007398
3.9402329291555334
4.8564702383513785
3.916016204880928
1.869115220943128
0.4117213509508967
1.2888515206730444
1.9538370934986804
1.9497657466634848
1.1117560266492055
0.02772592058095149
-1.6398842365973656
-1.9958084244228382
-1.8019203521879048
-1.4256924350020272
-2.3485679588220534
-3.412617657279434
-3.952655897930038
-3.8164418926311465
-3.7472386358111858
-3.393659761478179
-2.5332033529235902
-1.7470156449288943
-1.2025956892706764
-0.7168630524833782
-0.877446060012335
-0.3801927455960041
0.22486661668121968
0.9273757537272037
0.8216346600926046
1.2498105269775983
1.2236163172519683
2.0658203309151633
3.117446787153518
3.5379825795980357
2.6159887950605576
1.8529934930785628
2.293520145032433
3.281923919604388
3.6532247053467017
2.5250412526742885
1.5851003346116297
1.100548472043437
0.6359951366486045
-0.13333353223499692
-0.9595166728462977
-1.1193900331560795
-2.027311233647539
-3.743729576643146
-4.407116127557861
-3.152612650382967
-3.025751758161024
-3.1577387200556446
-2.71629170673023
-1.524357032118242
-2.354887110129809
-1.9303751254281223
-1.0727704283850115
-0.31605720325008657
-0.3852413050499095
-0.4236073275917361
-0.19904417439533773
0.2845263568355589
0.18088126055918724
0.3149205916914107
0.6385793057434616
1.54868178932587
1.5347639405826163
1.9357025517454352
2.785995378832373
3.4538627039156875
4.368880325704888
3.82486746354334
2.0387141939584845
0.2884874113319466
1.0086458321514424
1.5456539520229575
1.9200489687589122
1.8080251973615409
1.6493590809265266
1.0019654125480042
0.7976716870396392
0.45045823516101874
0.05529648612282469
0.1422975019555431
0.2608260092000784
-0.504846355580758
-1.3910237986764553
-1.2679238223770561
-1.4184768978272329
-3.0924756564455995
-4.55188022831225
-4.706851479043119
-3.910588382817736
-3.005778944211258
-1.579422809478904
-0.924626444029704
-1.2494969471809425
-1.6590036001650503
-2.267533896692102
-1.6108559511417608
-0.9488029244702566
0.10132670862769609
0.19799144087644951
0.6942377183378207
1.2153369731674688
1.4916349871757344
1.8821053254525875
2.1029477401510643
1.9978370595696857
1.581256551568172
1.3154064459074903
1.9408128840061571
2.0567349023361174
2.292454338364585
1.8959655168785905
1.9182853934105626
2.0679215755357006
2.5518075994501186
2.736655016586045
1.667005543693373
0.2691816307126891
-0.2622274392762585
-0.695782929609627
-1.0276314409611313
-0.6521868821479819
-0.09916696759661678
-2.301273443877685
-4.463764586626075
-4.178714123862934
-4.045080596424689
-4.06817418919548
-3.356667323999707
-0.9802036812932859
-0.7806163634158647
-0.9194892286685064
-0.7484991648341786
-0.28930462100696863
0.11135205580974383
0.004791685936246598
0.24448437255484903
0.6620687017829623
1.2605883740864898
1.1008574272364613
1.779373081753536
2.530051220128014
2.6797595638681044
1.5057329573822775
1.1894216741535844
0.7374646542130967
0.9775527021703938
1.65208753357524
1.8974987010794944
1.717058926289523
1.8837980516499684
2.487161398495156
2.4661599887321244
1.5696258242356835
1.0803118223774308
0.268646756216768
0.32573021373590716
-0.3113576116827634
-0.8344999923221671
-1.4821312439795518
-1.7436159430953615
-3.8518202246047957
-4.558366959995314
-3.0882605596223067
-2.012125280168935
-2.8394480456314457
-3.088205931137068
-2.073870322681736
-1.2249476569296833
-0.865851424094189
-0.6858119507705169
-0.5929140477036081
-0.6115123185995773
-0.016631363249775377
-0.10141784032096278
0.45432427648589097
0.24470309480521485
1.4169544160202119
1.169942634878961
1.625779558693521
1.1069989872561927
1.2238151879077015
1.6746210718984942
1.9632577261178625
1.8946993745575482
1.4728317029797116
1.3066816015509075
1.5657266758912698
2.270395187480539
2.80837373923092
2.3545414404428815
1.4866830066504406
0.23078159610704344
-0.2785608740714321
-0.8116234588616407
-0.8576864643948459
-0.14274874052892994
-0.3869037566400111
-2.336366640804452
-4.166195620066867
-3.3914320290449846
-1.7385691754824595
-1.0754665538093262
-2.002332354324325
-2.1434133293308575
-1.308534919284251
-0.6815771501779178
-1.3247130956952788
-1.3179553655311538
-0.9798874458145193
-0.5091494537594208
-0.3161245514870239
-0.019613902158780453
0.5926252943988495
0.6640906329994134
1.376452016285881
1.4919442763224282
1.81897342278853
1.4779028948954271
1.258220566719052
1.0625212337565164
0.9530060748017575
1.364567517279088
1.8902274059306687
3.290292773318084
3.401100202368532
2.371012538538674
0.6809208438395707
0.4676163621669937
0.49952580464644974
0.6080915649172093
-0.3582744913727058
-3.3562826189532653
-4.790854448541775
-3.9266934450223445
-2.061176873579929
-2.674125634946643
-2.905307576894692
-2.4266194575218485
-1.6806447393161095
-1.810284247953094
-0.25291085809891417
-0.6877036740196498
-0.06698854864622286
-0.9603893896444091
0.6965231546532926
-0.22089975182824273
0.4573693355033588
0.35863686872066297
0.9110314411910854
1.5293728997802678
1.5988958757232978
1.685861220433768
1.2250739710772116
1.8845708957308953
2.8498550396185713
3.1623947688925633
2.9791417217476286
2.2143300982376495
1.423149733608939
0.6006419644604852
0.8585737182022468
1.2152655746297967
1.1677833959495751
-1.2266500045061677
-2.6689682767609555
-3.1666338300540477
-1.557487420351534
-1.6272542544335504
-1.294930397580513
-2.300018356419964
-2.9575284621747095
-3.0283674691272857
-2.6719589503859744
-1.9496781071973557
-1.0158203714590808
-0.16340658079925116
-0.8483328825080939
-0.5111856027955222
-0.8343674648742679
-0.2812242201472708
-0.33958632720334525
0.789627697768394
0.7104397693340174
0.8048173080012496
1.6394139664709686
2.073518702394812
1.659109640875565
0.9118834767803915
1.4453207373439885
1.8008147912028618
1.2275049655219248
0.8493792509452152
0.6148667759974741
0.8210701117868058
0.680855896953385
1.0255895115493892
1.4101593355537259
1.6509602296685473
1.9733014056310083
1.5891217515636604
0.5035831759167573
-1.4488659332879708
-2.652529951193557
-2.675638555319691
-2.33953975098353
-2.2156343751076863
-2.3518609175161265
-1.9213010074783503
-1.508601607123531
-0.9399326945027909
-1.3037866841363326
-1.3068666126154143
-1.502802405410291
-0.8614929410728512
-0.8786097223067061
-0.3362809778655681
-0.25750621795176476
0.2200976822287207
0.34310314425440935
1.401408697586687
1.5730386546922948
2.1276514952435828
2.210913558370641
2.3584855654186607
1.2870636351408213
1.078262249221025
1.218065329856886
2.1040029373495646
1.5952870641547285
1.5481915624307252
0.7764722618890505
1.0062306024937169
0.8028968865514742
1.2596385813639084
0.6878479632035774
