0.851907050083096
0.8627108573966841
0.867190948619356
0.8572750141690726
0.8542504247747521
0.8591989244544896
0.8647101402066645
0.8575911139038013
0.8498909628069391
0.8501318577070844
0.8543191391505766
0.8561332819693004
0.8497923961022869
0.8489195951785051
0.8533186954619916
0.8549345470911514
0.8567635353635589
0.8521853206861679
0.842336998324824
0.8408001139394515
0.8475926383148558
0.851218953238457
0.8429610203254618
0.8422422542525627
0.8424954642863187
0.8453916385537359
0.8464508442551915
0.8504596848668443
0.8521359347027739
0.8502688660402233
0.8500393779512845
0.8472515764525216
0.8447406930471631
0.8413554329835281
0.8442201841391788
0.837685420475414
0.8363740842673626
0.8386107880141181
0.8412414049270637
0.8393363933384212
0.835041314784992
0.8374987874183188
0.835075398533929
0.8410545582875187
0.8385176573907929
0.8383291282955591
0.8342278602556645
0.8322833892393583
0.8297586792398194
0.833225262831261
0.8368892033855789
0.8379869874310479
0.8336738984746436
0.8334026949141617
0.8356761084975468
0.8444422342464344
0.8490968244050883
0.8459564969188778
0.8388086616853685
0.8365451089097282
0.8396878279966601
0.8387772778577838
0.8387778529742387
0.8407662434495051
0.8412547096604053
0.8377198425202842
0.8340175426922621
0.8350411200949772
0.8353107170007668
0.834751182402023
0.8338240024500474
0.8322498343310065
0.8302601929914675
0.8284925268687693
0.8291524803023146
0.8285803263003535
0.8300171498408544
0.8287141464353394
0.8311940761636218
0.826935436336732
0.8210142023652284
0.8125933608976982
0.8133727224757796
0.8010818086340618
0.7706502404540159
0.69739183722551
0.5607052072118075
0.4046911678284615
0.27207862096239405
0.18274770061086631
0.12825803285098644
0.10945222574411395
0.10030246405767365
0.08802648445863494
0.0850073236496532
0.08290779871547807
0.08232095853780834
0.07899853545588773
0.08108333625179708
0.0838237527612525
0.08751813253657797
0.08168557938977286
0.07199314232434353
0.06729053574282545
0.07949537171288533
0.10944559986412795
0.1463028481381699
0.23220902307001087
0.3650926642468514
0.5336989484577891
0.6744234614407802
0.7765984566683084
0.7989380308056017
0.8000995495819909
0.786488652677394
0.793538102061991
0.8048597459540969
0.829440710259497
0.8419114235500902
0.8346087295363758
0.8268800093161224
0.8213242883488683
0.8258295340420723
0.8298331091587794
0.833966503125827
0.8372222504127544
0.8105972574367197
0.8508794154670637
0.9039727431673804
0.8702010371253255
0.6412075590875614
0.3945207189418818
0.24283820694275643
0.1877905563251063
0.14770037610644532
0.11631871576798071
0.10433048860881802
0.09983441437687925
0.08945710869253837
0.08029006947573486
0.07579952949424017
0.07760605623863258
0.07575805476292936
0.0710364458838467
0.06798129186862066
0.072419810700754
0.08593474205692639
0.10918202124656512
0.16159162196438442
0.25419663823267913
0.4031268532114729
0.5754630863025751
0.7297138108355432
0.8193426385720445
0.8198684555652689
0.840650372555461
0.8555683035929973
0.8740267743892607
0.8393592583378899
0.8352990495786352
0.8229025787718032
0.8204105242325705
0.8194218307109065
0.8194231431889719
0.8232992496441843
0.8200128968089677
0.8290129892473421
0.8454707216857839
0.8931557952185212
0.9139808642216313
0.8516347609669211
0.638919667990796
0.39912997482030693
0.23731545689613637
0.17466102081737472
0.13685122857396229
0.10584768602024447
0.08570401495342035
0.07498434310966791
0.06956691107997333
0.06579163986005551
0.06716615912095475
0.07933954109831402
0.10408294254001382
0.16066593636665905
0.23188283369761847
0.32527306688196617
0.428789389526223
0.5541390307810474
0.6628966631887733
0.7601527281506278
0.7780471290223157
0.7689149084603273
0.7760148856009584
0.8317306370780225
0.8731488115758189
0.8694155928779228
0.8979932186031562
0.9523763829282746
1.0049184719426576
0.9700189268973088
0.959515841553678
0.9156557125527567
0.8512388480877287
0.7634609549888034
0.6543906612501138
0.4703241935145267
0.2822314692243007
0.16732697444811892
0.10520931211527246
0.06138936934066025
0.03816689495081465
0.023286470483844156
0.016771939313162777
0.010892014209135683
0.00887416280996632
0.0036651202844722084
0.0009050943719816195
0.013890644160751158
0.028946379710806325
0.045353795638900754
0.08859910017483469
0.15707947163871458
0.25360183038312406
0.39667847800311823
0.5577699811712646
0.691072103991408
0.7290090204505622
0.7296256956657889
0.7342816589643522
0.7660295224965258
0.7791084541330191
0.813294349425885
0.8448099034774706
0.8554166763910345
0.8545191393808442
0.8595386638134731
0.8638477586165867
0.8693940404245409
0.869383055698498
0.8603974666072458
0.8346101680480518
0.8596137630633018
0.8829656658441616
0.841458805446363
0.6490282774152454
0.43283138213381217
0.2637889233238804
0.17411794929210359
0.13081754677689234
0.11100036708712287
0.09139480130711158
0.07864812401396344
0.073216176220741
0.07787059443814232
0.07816666607658182
0.0791383384658208
0.0756644167037214
0.08661255430871388
0.10557928711372533
0.14363974127758064
0.1979535652679405
0.2909774912715448
0.4160018525470105
0.5562335685609437
0.68763764138122
0.7846948119127264
0.8503691029577436
0.8396483132092678
0.8111079855698523
0.7871573842083373
0.8055851602768851
0.804328543280603
0.8696412568079142
0.9391304588979785
0.9915874071042514
0.9794888976448664
0.9809902591119568
0.9801110566914131
0.9925273845484258
0.9838100742689823
0.9498261625714268
0.8985156112830182
0.7543160499405583
0.5408428481670422
0.350064815783251
0.2435267821047825
0.16797706145971825
0.1279136218816979
0.10009257457081483
0.0861500268361548
0.07364966449736038
0.08610090422838201
0.08166627128325632
0.07138085939531232
0.06219890874931185
0.06835840852897138
0.0730345295489937
0.08418640122155041
0.117837992165229
0.16401549702062612
0.20178879901864916
0.25626074667301957
0.3345051277276043
0.45232195378972906
0.5684083996776276
0.6797055935814148
0.7644652744569393
0.8274776443677496
0.8602177534778139
0.8574209713069812
0.8831257148758545
0.8715920216908687
0.8550938018793974
0.8422783856143006
0.8529046664689478
0.8361969097968402
0.8579791001259336
0.9088571104878915
0.908829319488134
0.8057737218801376
0.6156827474899375
0.40175417711207373
0.2503518345342646
0.1718129279248965
0.11872106494224009
0.0821137308449718
0.0559271199169825
0.037046821945438985
0.02704614344668825
0.023851089712516885
0.021816665817469577
0.014325370224569041
0.010002958203754048
0.012733512078535944
0.02067105034186465
0.029161453932991563
0.041257773535203546
0.06595921707037622
0.11237885656558383
0.16790906051084153
0.24606045978349972
0.34039120755945795
0.44924770091367844
0.5489715358629874
0.6592484316426386
0.7522849834201482
0.8177773789953386
0.8509566987575485
0.8750008138366665
0.9011743469326842
0.9242914977272206
0.9258675514535577
0.8892283660127176
0.8587785305395157
0.8412530891303601
0.8407219674852544
0.8394980213467806
0.8172070052387794
0.8145353982474428
0.7844108054565272
0.6496980896343173
0.4083304380067593
0.22219136932428096
0.1294568453774186
0.08656706665212302
0.07003213105280325
0.07652208703979149
0.07908190535549009
0.08162082084002822
0.08140766712826762
0.08043081140709507
0.06950070546842557
0.06640059175670478
0.06661981016257577
0.0759399250257839
0.08273527829617738
0.1076841326219633
0.13641499755787334
0.182223881246955
0.23674078873807514
0.31513246481965856
0.406630161813546
0.5107760648096467
0.6058196125486707
0.6826528216052159
0.7421235417363559
0.7793368215787547
0.806599752671983
0.8302297103977161
0.8572656887790429
0.833952517051419
0.813393412539386
0.80232389782443
0.8098742001420541
0.7922535596302995
0.803409725044304
0.8067159242492516
0.7851222042023983
0.7877554372403377
0.7729315668720738
0.6353288923408276
0.40827875604833497
0.23650758571248381
0.15027929498649498
0.10158402131319735
0.08203115022274372
0.07660211131968317
0.0827410390822545
0.09249676317858356
0.10298945651675992
0.11367087211204713
0.12890660636964457
0.14199788561656157
0.1525151323718245
0.16034414457848103
0.16981057471607153
0.20226143296593335
0.2570007437234243
0.333359842969831
0.41472242466745135
0.49707222954226565
0.5757829027727592
0.6544034507897174
0.7195307932704054
0.7541676923746355
0.7857438387026091
0.8166871855554494
0.8072643231105316
0.8321223356989947
0.8578312457846239
0.8715752000247856
0.8342166162019602
0.8813422107521509
0.8777321736155217
0.8538013792093908
0.7433061857431527
0.5668524040291374
0.3343903272330629
0.19060617784873218
0.12812721960014037
0.0817810485096959
0.0453327653226438
0.014916134303574708
0.010079817505954759
0.014886077530038632
0.027087520566004167
0.03581710314474014
0.04933394024825263
0.058990428122754665
0.07012039606332454
0.09574321780393383
0.16219817796786618
0.26419001561752686
0.41278730512720296
0.570877830235435
0.7249287775811287
0.782319102111048
0.7833693064362568
0.7728865363770452
0.8125050649293855
0.8452616269307254
0.848007733819854
0.8843665651780676
0.8964311865068817
0.9129237325779774
0.9200532405429618
0.9650397915768479
0.9701582599789513
0.931019534435537
0.9067185067894175
0.8857026590185116
0.7873084155108617
0.5780698996788829
0.37640896199339957
0.24110993096508795
0.15110730401716654
0.09906542279702232
0.07462963802859982
0.05729482477188792
0.04930769539258779
0.049298465558385664
0.06207189887199488
0.08285084867526826
0.10202106157096624
0.13750095543470994
0.20521735987595668
0.3081621590757643
0.43399771667875886
0.5734443755066894
0.7058180735235036
0.7642917308261783
0.7581137187125705
0.747174731762294
0.7844850170624931
0.8176783424912768
0.8333875222824045
0.8827542899180238
0.9058540429975694
0.9406173267383255
0.9314794545004137
0.9626567447915002
0.9799442201476142
0.9767402090587298
0.8886524722409227
0.8359603800739766
0.8230630945582872
0.7085676295031538
0.4696362978916264
0.25946040477914617
0.1516312459088408
0.09708574293163177
0.06570423796356364
0.05411050336578543
0.05766541611202873
0.056061483906642486
0.05603531926173782
0.052967258083048974
0.05331652225559775
0.06311525892104189
0.08654193795495191
0.11189899443996558
0.15054487300664754
0.20102442406880336
0.2857838430628988
0.4020372153902885
0.5354396687922289
0.6527451790839618
0.7298688970725232
0.7943140866035262
0.8152520613893379
0.8156420096164432
0.7955295888089318
0.8061229435147137
0.823206519372729
0.8370300425092606
0.8403816475714203
0.8333119666973552
0.8446413567449021
0.8779521714207223
0.893467025194709
0.8767165723304186
0.846653468467811
0.7509214691730415
0.5151906369950959
0.28303004774180357
0.17117345649281068
0.1398526656036716
0.09461816040234136
0.06663882863467983
0.06204195400479089
0.07073269466118103
0.08578338261919308
0.10664131295731372
0.12515360983901896
0.13990028683047057
0.16310768684169885
0.1950790859846743
0.24470877990324283
0.3030227263408422
0.38908449299361914
0.49684393617905775
0.6124586039554997
0.7213012454960842
0.8026606430641223
0.8533635605496335
0.8663475787506398
0.8274350634232776
0.8347792128669969
0.8887951570031372
0.9554007506359019
0.9545610536846654
0.9588033319163713
0.9661283433609668
0.9714549078192851
0.9671006201274809
0.9208322111386309
0.8905514604845524
0.8165945821218115
0.6376763661792446
0.3859983641517663
0.21790193773125086
0.15666964110724457
0.1232928513630995
0.10151399505068734
0.08541498294500577
0.08367682279952085
0.07940583465812709
0.0794084539555336
0.0897270862185922
0.10624641577581355
0.11546062023704835
0.12222533108188366
0.13497725288903212
0.15882803288014946
0.20393235435708612
0.28221745522904523
0.3796532276796839
0.5012072388595935
0.6095067097010118
0.7101443903057809
0.794057190329466
0.8127678316463653
0.7813989431203797
0.7825452288458029
0.8149866670188026
0.8514823816903992
0.844770558932549
0.8962957322929069
0.8992944068031505
0.9290319699735368
0.9351555630912237
0.9162505521183617
0.8863113100557247
0.8563384948298872
0.7562383340048218
0.49830970118691037
0.27927389019742366
0.1765015291355624
0.13433908503971198
0.09449330776257872
0.07451634405912183
0.07492929746179824
0.07894777732538087
0.08932277673704396
0.10233046143678796
0.12547729482369852
0.16881441488636786
0.2185245387063811
0.28035960180027764
0.37053475110061385
0.48938933817653896
0.5976941630351126
0.6842727380806816
0.7535913211872418
0.8183665968557285
0.8148852072414925
0.7875190429201724
0.7772214412896539
0.816470823729649
0.8267515358424367
0.8309589807012189
0.837032550837043
0.851876188297879
0.8764485138261614
0.8662950119309663
0.8416554477487697
0.8578704977985223
0.8822903336567649
0.778245808329816
0.5302495606789888
0.3090170353267138
0.20115434007100383
0.16767549932992165
0.13829361659868677
0.11346028763302118
0.10157622584759407
0.09786004832879142
0.10049180650202762
0.11325812947819798
0.14693995990567169
0.1930936976727792
0.22574519356791056
0.27233846307353793
0.36741692983274754
0.4641072844610461
0.5333039633532344
0.5891385891830876
0.6511559133057456
0.7042629669711942
0.7497195588058345
0.779958389516565
0.7995545075596912
0.7870775148001466
0.8047377605744295
0.8387553858234428
0.8770683580801153
0.8828447923098462
0.8853129850564693
0.8861597506801854
0.8547289785437004
0.7590994460460366
0.5368043522174553
0.31043867968841976
0.18164952072159654
0.1531632176510464
0.1303292482278316
0.1036569535544476
0.09334991092636274
0.0983739113214517
0.10460203377234176
0.10058570857875176
0.0986921462038152
0.10500053010143864
0.11990897708968551
0.16379593688138452
0.20415742171765408
0.26580670691411146
0.3416959326729738
0.4440998297341406
0.5339115845609763
0.6270689401907015
0.7072796966358039
0.7570330544807415
0.7953175035335023
0.8339003725900189
0.8730540726433875
0.8978847186342256
0.9191636507863628
0.9358381493011192
0.9412067519500719
0.9428053210369369
0.9187663653209952
0.8475139011049327
0.652111542979368
0.3990006682880065
0.21166938631600185
0.13206358674063862
0.09791671322206406
0.0707142016712128
0.06755566729344778
0.057674832101873574
0.059148513586399214
0.07272880823623498
0.09835069245456465
0.11826868766644183
0.1400283020725044
0.19647612279689625
0.2836820676619207
0.383572319227129
0.49424552230805174
0.588938822189687
0.653765278945829
0.7002514830301105
0.7595078286631686
0.7987241148693904
0.8285235003523875
0.8380145484298318
0.8337214575103669
0.8191682990159718
0.8256488114303738
0.8415865361317555
0.8707081417132141
0.9042694296404781
0.8989891996073067
0.8192727626732201
0.6184356406359655
0.38333048760939625
0.2110049346065057
0.14698064848364095
0.118376586878256
0.09735588969842456
0.08201963547987509
0.07932093864407777
0.08579879613238207
0.09769215251888144
0.09683644732222288
0.12147513042474245
0.1907177996576107
0.27332179262056666
0.35014690088540307
0.43880181150235054
0.5530166760995365
0.6490347252502835
0.7198320733748969
0.776841485334334
0.8257739671052757
0.8478732904077072
0.8401647106070684
0.8114628149688577
0.8575570730259513
0.8787233771014297
0.9053038408367536
0.8687990408981581
0.8790514712451379
0.8651350775379681
0.8842868862899719
0.8289712231241104
0.662260136511875
0.42128685588212844
0.23172886525614578
0.1310793764353786
0.09387859782170234
0.07661882629757347
0.07247834786372975
0.0689075750541997
0.0776424641334886
0.0985810783377778
0.1328562900009309
0.19122716579205362
0.27711808331356197
0.38478713256801345
0.49267347947955803
0.5950749930981369
0.6805888773674187
0.7530370436875184
0.8134045180895688
0.8500355178179019
0.8680625597718463
0.8469698305139528
0.8050098980662117
0.8275203837559766
0.8506700849555955
0.8871175270173325
0.8910506098726608
0.9293596940537394
0.9383257463569583
0.9353439315453117
0.9137355867576388
0.8701418584731002
0.7393241912790607
0.5231909734684408
0.32601089530270266
0.2283102923084136
0.1709339172516372
0.13690529191090278
0.11573969298058236
0.11196124715910577
0.1456345893422773
0.19620977574573423
0.25400832038349397
0.3015034385869168
0.35623972713033975
0.4026223730490465
0.46461481091839996
0.547470676216714
0.6453890483141181
0.7200751008456034
0.77042317506445
0.7992154367528369
0.8266826534704844
0.84853259770839
0.865308972361031
0.8705966217651602
0.8834631529908148
0.8993136800461045
0.916439849243071
0.9305742765675242
0.9213731493414581
0.8787069289565771
0.7172992038675834
0.4814851683704374
0.28490049209962437
0.20488625113970219
0.1700350370572104
0.1500099689965063
0.14707655122438934
0.14902928149579134
0.16458773716150196
0.1806586779319834
0.20485592009128067
0.2635086919017418
0.3751836861363897
0.4773240756426455
0.5401691363805012
0.5906381482714205
0.6506183975660818
0.7078914044910422
0.753911772376263
0.7916672052974484
0.8132610776935187
0.8319436827225846
0.8560158752765757
0.8772788616086145
0.8836696686125032
0.8964524709845269
0.9058314692312319
0.9077995732848156
0.8713208653961253
0.7605514798855342
0.5552765771268673
0.3319953180464197
0.18618687752729732
0.12693971040743088
0.10963755345192969
0.10591601867439787
0.10978956076646967
0.11118411559012928
0.11486342357599215
0.12369187395486947
0.13894200811517285
0.1492054796197227
0.17314933696626594
0.23361334817028503
0.3272799460195053
0.41465926132367104
0.463159886611597
0.5006812654163156
0.5528815067500714
0.6205513425324761
0.6812794196152405
0.7259985137471641
0.7563500741363508
0.7702196321131372
0.7985299086840552
0.8207698088042635
0.8473393407943972
0.8671440923248239
0.8905383021672271
0.8968378151528963
0.902725147059106
0.8962758269579554
0.8497095010374754
0.6897707576837429
0.46384441842548807
0.2708239384664408
0.17370032835376412
0.13383589028057755
0.1166426373667588
0.11343533752266907
0.11456004024722453
0.13074380041969613
0.14507521700911938
0.1550584109377816
0.1729086495849809
0.2247587538485448
0.3247316036941412
0.4371692934365995
0.5446748177548844
0.6165764372785549
0.6815772979623502
0.7309796432625825
0.7810196819571247
0.8090702138517836
0.8291126856208033
0.85188058233543
0.8834178715271098
0.9126333096583651
0.9259285596048751
0.9369929676502453
0.9296712210764835
0.8760371047583306
0.733998148077184
0.5131949460829375
0.29845345943384755
0.17278537092165497
0.13252495161814834
0.10230526558108674
0.07646528825814196
0.06226877454122511
0.07562012209799683
0.09348077290428855
0.11088284054192629
0.115414076994762
0.12452969613143443
0.14649462726125795
0.17575593686938426
0.2034494085849734
0.26539903302357093
0.3473759770676339
0.4532421217932813
0.548941804616288
0.6306882221646151
0.6823619287505516
0.7379626460261957
0.7845199575665127
0.8133767639965421
0.8346365559173773
0.8608332032938866
0.8786547510586812
0.8876743829113972
0.8845953430440728
0.8787939844453568
0.8452026077105518
0.732435168550629
0.5151163396700174
0.28956198736300365
0.16014777684510867
0.11215169763946135
0.08483511197558231
0.07031050483499829
0.07648758755093699
0.08359760975574956
0.08150198394889359
0.0857099195521154
0.10774470806682829
0.14745195045021392
0.20458036947682262
0.27983732112191256
0.3703958776470352
0.46696217185437816
0.5597903016081718
0.6259005713842641
0.6719621300750093
0.7133039541187629
0.7480641048327914
0.7654085180905535
0.777779463510924
0.7885043327045896
0.7978684338085027
0.8061606610652334
0.8134137424169223
0.8280853640663515
0.8357368902762774
0.8387999113989311
0.8073854035077739
0.692742092634821
0.4641531911673973
0.255255854955691
0.131878135751946
0.09927816508425835
0.07431142997206655
0.06669988331198881
0.05652373525511111
0.05959913101565571
0.06615566027537689
0.08116891504550747
0.10172446860161752
0.12802741833670553
0.1768524658027419
0.24432735295448932
0.3125367838734989
0.39577657399241867
0.4832158032791324
0.5499998097658005
0.5968920850382327
0.6454525049557815
0.688870996446227
0.7215450609125319
0.7544202678926082
0.7809720630733029
0.8035046660475504
0.8152372605183633
0.8269088380655163
0.8452644743725222
0.8633894042213943
0.8605552127996439
0.8104837881414005
0.6687142663972898
0.4341901549685263
0.2313067263900757
0.12590665461858583
0.08492400535702185
0.04509952364091774
0.031972565696647255
0.032849288318751065
0.033598793864864585
0.03192741002128956
0.038843135187367574
0.04701050559619244
0.06713597575194516
0.10276936036491797
0.14404011460166297
0.18491348398506624
0.23742661332821607
0.3104179960355266
0.37461814091560863
0.4483823406346531
0.5303468534801986
0.6088802031359287
0.664012934161073
0.7169813897298083
0.7693813309334163
0.8086001891857697
0.8336991670461452
0.8537248421710355
0.8682924130901565
0.8756009615128337
0.8469615674659156
0.7636125686095468
0.5524931794131003
0.31190838602424137
0.15581812168578374
0.1108360141206218
0.07893463419585242
0.048503827736023394
0.036600714339675364
0.03207398294422277
0.03831198604190424
0.04763028370506229
0.06286630134161458
0.09457674407965025
0.11472192330192856
0.13176812632122548
0.16113258584444629
0.22917649035745652
0.28857862583709737
0.3616504925526537
0.45409728218101925
0.5595633604562421
0.6307405268009558
0.6847034899873821
0.7331565824507176
0.7797716345667951
0.8098305230971543
0.8350563124338003
0.8625830401520288
0.8819583375634704
0.8886852369647433
0.8975856442041046
0.9014425424315782
0.8243172885293385
0.6936002910865158
0.46813203989322144
0.2730512299902559
0.14390125502291587
0.11211529826431366
0.06715551536624847
0.04338433662689426
0.04883977238933064
0.05719806638199173
0.06754854635884697
0.09316237569517571
0.11055471542716333
0.12407424435646605
0.1622397186464583
0.24739183866420855
0.33648371709877645
0.4255023512611288
0.5207986100451097
0.6041317705292073
0.6503186760630191
0.6821171427416803
0.7208609286056804
0.7665013715434315
0.8034148991846833
0.8298926599375
0.8487846842375142
0.8669222639905559
0.8797711509261468
0.8829645183120127
0.8434150903807426
0.7460472457670004
0.5373550512502107
0.32372120776198143
0.17595770386138393
0.135073108591944
0.12257991316571601
0.11858387151527304
0.11517373004428613
0.10894441898075169
0.10986768535942196
0.11136217680696578
0.12308367939268122
0.13625153647200644
0.1399112830793804
0.15086237420936868
0.21129115322897998
0.2998643240593799
0.3849088473834813
0.4613278688033975
0.538067556186974
0.6005302222426276
0.6371202789493062
0.6732285088277521
0.714308537723511
0.7647932060791574
0.7958918240656603
0.8107197059530807
0.8254946421303183
0.8400480700266827
0.8449949489676679
0.8297271860340555
0.7940655912100945
0.6678265505813545
0.45617929978797744
0.25460403238080564
0.1585600313475638
0.12902800378828777
0.09950534032972631
0.07525217956641023
0.06707716467509492
0.07183190414054971
0.0731321211491057
0.07539171959409953
0.09332186654828592
0.11405244094920412
0.13502033009908
0.17176877041431113
0.23416301686472252
0.3050102699593125
0.3745068335245553
0.44984909620822056
0.5181404499429804
0.5795524351742244
0.6333586495424717
0.6791308018744502
0.714911870133206
0.7442538387819952
0.7751781239666415
0.8069898011549083
0.8378821759569239
0.8521068685347236
0.8617040620293052
0.8765803466351981
0.8803764159703152
0.8386131572164048
0.7072907747941348
0.4710352417902647
0.25954328474431654
0.15084288692923026
0.13131191694891697
0.10136535809949784
0.09915472674116216
0.10457081102262024
0.11480109055693093
0.1117549823477823
0.14109403181599053
0.18850077686179545
0.2537948649817498
0.31028557199152984
0.4030022083043357
0.48997571200635515
0.5749172141492718
0.6261730028323774
0.6718162743763049
0.7095261742337775
0.7560162598264032
0.7962527769276606
0.820079802568777
0.839067760014189
0.8231584217767658
0.8358724961464865
0.8707312631913515
0.893067335751545
0.8504579216252357
0.7766441331421428
0.6076342427340851
0.3772033047672686
0.21302750280490515
0.14954155715481066
0.11597735074329649
0.08578264028025298
0.08073931705951458
0.0787764003272587
0.08008494922986782
0.08553757040601673
0.09395220600653975
0.10360757240596358
0.12613478390431443
0.16044563941333845
0.2054472478545686
0.26355103022734183
0.342739141233117
0.44314214950243497
0.5401558235238564
0.616349826190229
0.6600328757358216
0.7057818475254447
0.7503331253517466
0.7958000393365114
0.8242195892018502
0.8456203629016166
0.8665153618245806
0.8949598433085675
0.9200363360529784
0.9197806056955957
0.8672969676891434
0.7508691744883893
0.5380377117075354
0.31631071218996454
0.17169675292141445
0.1277838454936454
0.09783715722846272
0.07373785865865944
0.06505852402345727
0.07183507392369848
0.08020635466552921
0.10186095466933207
0.14328611974683703
0.18761609891463707
0.23722059693398292
0.3166207101914278
0.427221944794353
0.5334354814386212
0.6170910858066534
0.6757568417691986
0.7197456189118783
0.7582808868551638
0.7932194711671066
0.8053727094009047
0.8340441074743081
0.8432286690589648
0.8613607855141935
0.8626325373494975
0.8915820581497309
0.8808378608951666
0.8762127412864145
0.8442287440244853
0.7841559830183986
0.5828143686570225
0.3418776380588437
0.16647320437007143
0.12345620691755682
0.08628542588281454
0.05883783142409138
0.04753435275796275
0.05614633313623299
0.05977648351759942
0.07539682854525281
0.11046147986523285
0.15185300063896875
0.1874801530712808
0.26311957701337596
0.35218137314351394
0.45199760978571735
0.5166646041500079
0.5831949940458965
0.6236916086342377
0.6634739949528989
0.6954686097650782
0.7321152512912348
0.7745274817540873
0.8142299725928196
0.8320914746059986
0.8458220779634925
0.8650432132332382
0.8932919479219933
0.9154692756835194
0.9164606945402922
0.8887295527968009
0.799471412648052
0.6161636684697942
0.38526572611737797
0.21904058077055466
0.14358008643004244
0.09874732481513027
0.0673251432375079
0.06167599414755694
0.0749331943297791
0.08399499182908568
0.09639708464018232
0.1093332721819708
0.14105202880456344
0.17451867710688154
0.25228355995834484
0.31778314224380155
0.3853032087181753
0.4393172983742235
0.5133025441856808
0.5788988338049224
0.6364784260645531
0.6769294008426638
0.696185340629552
0.7294370881456539
0.7700515496860201
0.8031378571151091
0.8215144791045528
0.8449773284014658
0.8763394432837335
0.9030786773313967
0.9099086859925859
0.8782141907595378
0.7827377170473389
0.5763735445133917
0.3528877127942266
0.2020751933323638
0.15029551080711834
0.11161933401796473
0.07784381385587102
0.055729355500434674
0.056555296863522675
0.06530295462365805
0.0683731055790276
0.06995622068272928
0.08055911967103016
0.10691110469998823
0.14139688157661232
0.18763942066504052
0.2391228668312915
0.31402166100333406
0.4012319713519772
0.495168923203156
0.5502838039701157
0.5930983491079475
0.6266549265532755
0.6761716437539333
0.7105552601520163
0.7495341465255937
0.7831659367151784
0.8117144005509302
0.8319377227863507
0.8470497018733298
0.8528610126456083
0.7964909065064055
0.6637931433836504
0.45636736421190616
0.27260631079112496
0.17476676666452545
0.1361436252717681
0.10832222973350218
0.08694261187914284
0.09395217638640642
0.10286099159383091
0.11826402241939249
0.14106863403824546
0.17046983951312025
0.23881513964288004
0.31941957669187077
0.4076860366191779
0.4756456061102857
0.5566330001309993
0.6233652984778224
0.6782216160757979
0.707571246519269
0.7336862932440902
0.7623417050839972
0.7981746194603453
0.8262975220173202
0.8504341528786028
0.8683614525241363
0.891205786640723
0.9006425884459566
0.8813943950274017
0.8038366537238723
0.6214750103878244
0.40114021623858526
0.22880440111902828
0.15476748243125643
0.11222518230084383
0.09434564145212379
0.0895622771295892
0.09192698435599754
0.09860693353334045
0.11107475669011478
0.13574490724671417
0.17147313471037506
0.21343808115682777
0.29336639962847577
0.4056136339541675
0.537891923342737
0.6248208347022941
0.6844400531256685
0.7308092614534261
0.7979799037307282
0.8475415310627598
0.8735668330341149
0.8947969324311343
0.8800107268855463
0.8868843721678794
0.9047333519880614
0.936702899152994
0.9183427231425462
0.8785640598546761
0.7708930537340661
0.5599192428475033
0.3432262196341337
0.20321984664773735
0.14979150389414725
0.10987219480622139
0.09373371367500957
0.09772911356622549
0.11504764956932587
0.12917830252041185
0.15370373989718428
0.17198150241131988
0.212218603363021
0.2686363628758974
0.34273084126072006
0.42225311894441353
0.4937707285418668
0.556701985580321
0.613610923558008
0.6727894185977784
0.7243052579410882
0.7696549581951937
0.80596539819768
0.8262157024024261
0.8447059822299982
0.8628391143266647
0.8797436289698677
0.8950029641166681
0.9021487425773074
0.8568578235493578
0.7914346267745266
0.6677937013956381
0.4863709168480556
0.29072913451692056
0.1850366194109312
0.1472492835486637
0.11094020147589026
0.08196580730423117
0.06369333902736786
0.06844071823127378
0.07933730724086735
0.09823676826512476
0.1233660099572511
0.16518737898264163
0.23208669326051592
0.29881183360028396
0.3485119656889357
0.3849866503701445
0.43256294524541666
0.5013405742065995
0.5765175280814999
0.6451805972613285
0.6856341185609072
0.7108341789044478
0.7197916001922726
0.7350579966313349
0.7480987967999643
0.7788083552592101
0.7860620033143819
0.8122100962917864
0.7975166419489557
0.7122964244219472
0.49431413885284303
0.29229126272794326
0.17467239516235233
0.1566568358863064
0.15213815792430352
0.14778215405871176
0.14290443305217265
0.1514496642285314
0.1724311294442268
0.20859987053314516
0.25837519207033244
0.32038127553591345
0.3794985346116052
0.45081048487454967
0.5108961818431903
0.5687562171804925
0.6132192191488014
0.6749579385641132
0.7326390498413599
0.7727500659740338
0.7995778122996463
0.8153752704598706
0.8360743005919237
0.8450894858601795
0.8625039426004848
0.8776268174495295
0.8933847178088204
0.8998708894393187
0.8670180298061174
0.7686384706795557
0.5584261076688039
0.33662573158712594
0.17726539751558096
0.13193938606053413
0.11381091397944823
0.10698361964413083
0.10135009639585936
0.10828306141101962
0.11405765263759854
0.11452472141070512
0.11745810709222232
0.14748369666874042
0.20142326487490822
0.2856789864878262
0.3825465457796525
0.49500252620293433
0.5840377014851432
0.6380368376637268
0.6771227708082432
0.7149955554436345
0.7506966183558721
0.773843403697444
0.8111866745063123
0.8440456591873923
0.8463709315025595
0.8576465699672584
0.8954350604105421
0.9198385519195997
0.8903465010413688
0.8149853321707095
0.6921460758335647
0.48323251355577546
0.27981313945558184
0.15597158155065038
0.12588285179048514
0.10643589509451998
0.09556039215673233
0.11027414933271781
0.14317752831376546
0.17856562234924725
0.21923833876739166
0.30285135550609177
0.4150047503653419
0.5211581172253588
0.588935675006212
0.6389086220858957
0.6848208552943101
0.732154877282609
0.7772675664691426
0.8202791614731046
0.8480127230114493
0.8746842566657365
0.8998603445961298
0.9011122831084262
0.8786095341017959
0.87205999419391
0.869846175612753
0.8790482557762588
0.895002321878018
0.8879471187311334
0.7860556079357215
0.5902494624640698
0.3722800355682404
0.22663546625606248
0.15581141035720644
0.1083467507915756
0.07656530109684613
0.07479291615370467
0.07722831332109475
0.08354205199587689
0.09886395235673763
0.12401783536637075
0.1555312567176635
0.1934448654115305
0.2476125411368304
0.3254052553065121
0.40165368862408646
0.4700526804257157
0.533533904988031
0.5861580854393242
0.6187278552021676
0.6546801555757582
0.697016434569302
0.7390261316667358
0.7720240529079027
0.8081684007928791
0.8393020703191212
0.8764977728293909
0.896075274427998
0.8702517570270608
0.7719313449912548
0.5786652273893542
0.37366980810312733
0.23289799106845316
0.17862071912425792
0.14885240164385694
0.12662216015382677
0.11407665005078946
0.10929291745406504
0.11560668724984013
0.11563983712027132
0.12276183478929381
0.15619908008335026
0.1936143173807766
0.24970589340977922
0.3201242905385352
0.38909330919088525
0.44821333267616553
0.5015437763840734
0.5566408334073282
0.6083974344401522
0.6700429926344076
0.7159236857052419
0.7496938330611518
0.7845343512867016
0.8137550111237103
0.8363587476050447
0.7861229520659883
0.6669105791193559
0.4824308119311342
0.32105162838442614
0.21299436217177847
0.16047139226481533
0.12686378320706074
0.1031382482235164
0.10229903263393939
0.1031173707119647
0.11824483100405331
0.15636994283927563
0.20201859532139158
0.2614627206480433
0.33074355960966473
0.40341222245490466
0.4705918717455039
0.5301404633331155
0.579930908700135
0.6184984157043174
0.6671927351269676
0.7135397171186191
0.7429973137731651
0.7606964730241529
0.7751667559492728
0.7866185776083121
0.7941324466985348
0.8005030580582406
0.800169094682688
0.7627113053632169
0.668658760317055
0.4767123474292376
0.29095165428600456
0.19097227220931207
0.18398827012780994
0.14892778945067048
0.11527239554551258
0.09572863111857047
0.10307833734928978
0.10390904860730847
0.10543048473702024
0.1340621171610004
0.1854477213183912
0.24871373313846598
0.31101782641488196
0.3787971708662128
0.45472204727742
0.5171485565024122
0.5710336523210919
0.6052592729945124
0.6527374185555541
0.6945882324724857
0.7266750684649013
0.7455331119948061
0.7641786249213183
0.7811254806772964
0.7911868005361757
0.7767039600031486
0.7346612742547871
0.6272860167024019
0.4313608848880547
0.2564628665032542
0.1838468520617192
0.17195731042747509
0.13293512328296678
0.10104853775903569
0.09775303741734237
0.1083874212543623
0.11681949998201664
0.12665954717479877
0.14184352684039403
0.17233241060660856
0.2293915369073661
0.30037670559786056
0.35517970464594406
0.40238993967891395
0.46680772327375203
0.5375892584391291
0.5879911111443087
0.6391953338086416
0.7018202974647137
0.7575154583222932
0.79036512211159
0.808317028523006
0.8258650017219357
0.8498504038883301
0.8590998631714231
0.817602957600166
0.7228006016873425
0.5736259668151358
0.3890479144558048
0.23970500826425506
0.16642970263028595
0.13019699972613225
0.09900642297367143
0.08317414642462793
0.0841114998698871
0.0863435435301262
0.09238850708995647
0.09724576184985458
0.11424344738100281
0.14666401473891294
0.19946969042682164
0.2639179641347371
0.345046462144742
0.4165157309990753
0.47789809843086484
0.533674563540371
0.5929920866663871
0.6351512436260603
0.6765114520903042
0.719743522711042
0.7548743183276918
0.7737619099887777
0.7943386101407219
0.8000681345272952
0.771312774449167
0.6862729753163139
0.5258011850715978
0.34520350093581265
0.22441517445498588
0.16613933453438223
0.12644168331681246
0.09680305316388566
0.09328796145989277
0.09442878325472523
0.10099984862061381
0.10362896273645332
0.11790965932133843
0.1533560495393736
0.2097091744233064
0.27545970251921204
0.34703811057056555
0.43528330715264313
0.516013421457008
0.5805940904531781
0.6329305393515497
0.6796367296927806
0.7258867549676759
0.7673716981192108
0.8013606306534455
0.8210550357585018
0.8481955068205752
0.8729380608127275
0.889438102440904
0.8861917594788351
0.8461537036551148
0.7473168158640233
0.5595869017403852
0.34660955816493233
0.17311782225757666
0.11891322496486201
