0.22057264050901387
0.7159420289855081
0.0
0.40821256038647497
0.28985507246376796
0.49872122762148485
0.32723112128146614
0.1577350859453997
0.4521739130434774
0.49872122762148485
0.32723112128146614
0.49872122762148485
0.36662749706227915
0.36662749706227915
0.6563814866760209
0.6005434782608707
0.6005434782608707
0.779610194902546
0.49872122762148485
0.6563814866760148
0.7159420289855081
0.5480895915678564
0.779610194902546
0.6563814866760148
0.49872122762148485
0.6563814866760209
0.6005434782608765
0.5480895915678511
0.7159420289855081
0.6563814866760087
0.49872122762148485
0.77961019490256
0.6563814866760087
0.7159420289855081
0.49872122762148485
0.6005434782608765
0.600543478260865
0.77961019490256
0.779610194902546
0.6563814866760209
0.6563814866760087
0.7159420289855081
0.7159420289855081
1.0
0.45217391304348215
0.8478260869565296
0.8478260869565148
0.779610194902546
0.7159420289855081
0.77961019490256
0.779610194902546
