0.23333333333333292
0.12380952380952369
0.45882352941176346
0.0
1.0
0.2736842105263155
0.4085714285714289
0.4085714285714265
0.2736842105263166
0.45882352941176213
0.458823529411765
0.12380952380952324
0.5687500000000029
0.19499999999999712
0.36111111111111166
0.9148148148148174
0.458823529411765
0.23333333333333225
0.6933333333333326
0.2736842105263122
0.2736842105263166
0.4085714285714315
0.5687499999999936
0.4085714285714315
0.458823529411765
0.3611111111111068
0.4085714285714265
0.36111111111111655
0.3611111111111068
0.3162162162162146
0.458823529411765
0.568750000000006
0.5687499999999936
0.5121212121212093
0.4085714285714315
0.629032258064519
0.458823529411765
0.458823529411765
0.40857142857142115
0.629032258064519
0.5121212121212093
0.568750000000006
0.458823529411765
0.5121212121212093
0.4085714285714315
0.40857142857142115
0.458823529411765
0.36111111111111655
0.5121212121212093
0.3611111111111068
