0.6902749738871624
0.6027062403389165
0.4923848088891441
0.3820446562003407
0.2853216838703157
0.2009746738786518
0.14323610021392807
0.11533218913482796
0.10965664551654308
0.10024107497211006
0.08052097645495823
0.054663376023268144
0.042648216847367054
0.030638849811210737
0.021815648057343165
0.015483883168119692
0.01948965069267352
0.025899562485108198
0.03654937032109458
0.05048061943353441
0.06899011054746557
0.10437727864034632
0.1671591936128657
0.249665128544652
0.33921170659432903
0.4337762935620467
0.541507306249317
0.6573365960532672
0.7517216333892378
0.8202080242432899
0.8706810555219963
0.9155064858333164
0.9317815110522277
0.9408481771461434
0.9491766819513683
0.9671398705364288
0.9762036573736431
0.9877363734428648
0.997488664419475
0.9954034034114034
0.9886629186819472
0.9727658322057355
0.9544605086684339
0.9124397771106044
0.8703234667927944
0.8195614116216162
0.7763143864344411
0.6960869901404731
0.5582375553213574
0.40065125354196723
0.2758578699927632
0.1900854195343429
0.13509964191016904
0.16768343344439718
0.1911316691909195
0.1629961477166712
0.09805067492730019
0.07295417894348201
0.055689380850780706
0.04376769079030151
0.04611049195983454
0.04173732381268081
0.04211133437685416
0.04452385077089166
0.05217838844625362
0.06444344657203582
0.07376108990922958
0.07362742603687483
0.08750923869838917
0.13469305611025884
0.20315026686439475
0.30411085601455257
0.43552664982281575
0.5753132212385554
0.6905493998586058
0.7845670196440557
0.8429158782835234
0.8792460739335797
0.8997216414697269
0.9118724597645815
0.9295310211856455
0.9460181345424149
0.9515152762223519
0.945632567235879
0.9337605579139422
0.9200905737455681
0.9039454947982962
0.8764890195028754
0.8452242264570353
0.7835517929146608
0.6816777729739776
0.5362676585716437
0.4103695120963903
0.2983820677016493
0.19691428318741153
0.10259756368653834
0.05099919463517891
0.040603479824297586
0.0660776976310937
0.07914860393963899
0.08258654589287527
0.06828828736308748
0.06552197167023546
0.0647832465180862
0.07579628269936402
0.07177230501815929
0.06397326740085571
0.0675433899284022
0.0803233778985277
0.101560812045311
0.14713133776155127
0.24690528733050002
0.37076197143726586
0.4973231985449944
0.5910820336944256
0.671401571833878
0.748943002095459
0.8125569649308672
0.8455647801685455
0.867710667757744
0.8883829623956745
0.8961856589978624
0.9012176491415061
0.9189098224479858
0.9280781923450145
0.9221847622674766
0.9103644843732286
0.8952933806153931
0.8589068637339273
0.7938236144818068
0.7105494634731245
0.6087957998836571
0.493882090350534
0.38572187899795274
0.29023719108206353
0.18997397875592448
0.09969227125448904
0.08836099287967408
0.1143047999384959
0.11942306665908256
0.08862238335378567
0.07706788651847349
0.07704108366363402
0.08207587834503799
0.07126293255115922
0.07515686165949377
0.08901418045645051
0.09144016193690646
0.08215029162977264
0.11861920214786259
0.20419924959965335
0.31415729333472653
0.43795942023568785
0.574076364651702
0.6738422176167105
0.7341682419741766
0.7769987336813733
0.8318914731016545
0.8701754182833172
0.8859521476237529
0.8853984468796708
0.8826937640639468
0.8737516704510948
0.8665877649658895
0.8531361794409771
0.8219950147341997
0.7668682497257225
0.6838194146638521
0.5854109585380167
0.47750415063544227
0.3874321417502754
0.30063002416417217
0.21121250688221874
0.12049382648990453
0.11431043260666277
0.14960150895705943
0.1693757007731485
0.12477296198687876
0.09059563460459533
0.06746520059379008
0.07120404943040459
0.07769063062651468
0.08894133144366212
0.09660383961954354
0.09655488776377641
0.09082935356666179
0.0699521487062565
0.07959990351681377
0.12372697240978331
0.23069356746292471
0.3439995219272849
0.4663339837916479
0.5779443975086693
0.6863268279970479
0.7599390640057365
0.8060081293189217
0.8349190765511134
0.8543514654304949
0.8637353002530332
0.8713746667766857
0.8691463666412587
0.8665656390102405
0.8658093177120305
0.8705002641043571
0.8641103571721572
0.8532544114253406
0.8351860720698636
0.7808334811461588
0.6978099037801833
0.5706517553567485
0.4645860468060342
0.37671210085046253
0.29606224645192325
0.1883331126453486
0.15010209332029403
0.17914129990662586
0.19279465359098596
0.1557976274123732
0.10910791540202984
0.08540746672385827
0.07763154122991796
0.08454845739780596
0.08791777437281628
0.09267137769019546
0.09806096218353216
0.11066402014615864
0.09107973396592979
0.06473702326598496
0.07837453780373668
0.15046085432493303
0.2384659939292712
0.3375647179728948
0.43767913107933865
0.5426515374954919
0.6521667352528447
0.744044305809508
0.7958096272165168
0.8265352601918413
0.8450992869650302
0.8558357035771195
0.86013038850373
0.865539040000788
0.8674479593291184
0.8745484149662958
0.8698129759205617
0.8501713940995645
0.7985045427495312
0.7017133952950021
0.5577945733047643
0.42922901102073385
0.332094903192444
0.2503635073038752
0.16007984428961575
0.1393840276850093
0.17550910000276476
0.1992151955657539
0.16926149878405317
0.1306243293571377
0.11023275776674663
0.09126471885644408
0.07781465667224402
0.07138713848354067
0.08079237189567644
0.09427676050576121
0.09532310392752007
0.10260223081267643
0.09497821697087307
0.07454480432169278
0.05905062683497808
0.09447386056998187
0.1535960734236182
0.22686486986900176
0.3161750104126192
0.4161450074655253
0.5155809001835849
0.6218001544854949
0.7125500296351261
0.7778519471417984
0.8110385194677776
0.832737065585309
0.8285169307546973
0.8214815959767838
0.811189751050168
0.806354321602634
0.7838247532282799
0.7368418668941293
0.6585488196315219
0.5560285425497908
0.4571869076326188
0.3532250811483775
0.24880002252762662
0.14217050595548536
0.06833968250576343
0.06567865352424807
0.095276748135767
0.11415604076637637
0.10105868170990179
0.08742365794772314
0.0775223211059918
0.0629690676403442
0.06366395656680578
0.06361181078702208
0.07037019420534807
0.06420707301819603
0.07250263959313173
0.09456418979337317
0.09761166739718372
0.06350453283264289
0.04077965396003212
0.0621901334040856
0.11448392491694717
0.16335977766243662
0.24085850902379052
0.3352844130732246
0.44327244085035206
0.5440556132603004
0.6508727993200039
0.7325473213720093
0.7815630878325583
0.8069112600505172
0.8249888311853788
0.83688291045967
0.8431760782815404
0.8460258981518871
0.8475918790360935
0.8376104094592285
0.8071062582128037
0.7578521913444803
0.6976627585377171
0.6185517473993719
0.5210247075303465
0.4142234622604992
0.3219706242025757
0.23839000392774015
0.15534905456992248
0.07101617250580453
0.032031872690888724
0.06668385853530315
0.12074438839676015
0.11353025653852
0.060086141915333104
0.02926371626655592
0.04610327252229147
0.06492577193833247
0.07924741196517511
0.0802047680257576
0.07908390342137486
0.07692681240391709
0.07425678752725576
0.07173834580715095
0.08516476148411657
0.1275311159327468
0.1829254762924415
0.26324381179525663
0.35872451183990056
0.4496145573443184
0.510663525899498
0.5628218959048403
0.604992850799652
0.6492942743240082
0.6808376741627732
0.7101272703184571
0.7252454857891459
0.727882701378619
0.7086639330938002
0.6783904922162852
0.5955476314407615
0.4824798949307518
0.3862616533027623
0.32166488975492047
0.2548883194122638
0.1753497624570446
0.1411614944349926
0.16552148905373013
0.20818684706355645
0.18651120324479165
0.13033516093126377
0.08497015523837372
0.07023902422473023
0.06663542466023928
0.06055917089484032
0.06078562982255961
0.07304125390608641
0.0866594056375998
0.0778424348996916
0.06876369201341405
0.0619939535643848
0.06362679018612975
0.08876949544535191
0.14301616527598054
0.1908337377700862
0.23772884372691147
0.30295487308792685
0.39101931752877184
0.47914275955185337
0.5574254445658398
0.6232618799141549
0.6773964220762365
0.7177034930057302
0.7394895762179426
0.7379776102918046
0.7290249402988334
0.7168713477407094
0.7015732583200828
0.6868864275443018
0.6755126562141669
0.6484061316524266
0.5753824795688924
0.4753595757496249
0.3552536898064433
0.25176885720631126
0.16803244644853474
0.12935138434013527
0.10954979133032981
0.11456959974324499
0.11716283220046148
0.10898486992252282
0.0873549864671787
0.07000307878756983
0.0691316776217393
0.0658827553474519
0.05256331908571809
0.034749777050523206
0.028709254401349783
0.026054387038768598
0.036668775954246106
0.06316644957987248
0.08465991980637769
0.08600148924059724
0.07722595729362178
0.07302234692570186
0.0818497543289172
0.12528613658974508
0.1883986601143072
0.2668043033647254
0.3416622229224066
0.42286978763758787
0.5005786389644302
0.5816089157317712
0.6491352534498562
0.6962109578116826
0.7354940863283306
0.7684017783909862
0.7941374538376427
0.807605006853723
0.8097456210000562
0.7978649601154233
0.775389447776573
0.7549686839038441
0.716845544551415
0.6521357509309547
0.5404731154256344
0.4307010026168057
0.32929178174788404
0.25381702961075214
0.166057114938155
0.11810828546920607
0.13391083895001696
0.15841237745425268
0.1304261532349038
0.07171307644631401
0.04751071944003633
0.04377785202482258
0.040314082160417576
0.046579016070370106
0.04424888954734789
0.05829049523959508
0.060796727435004805
0.08242962294030581
0.09489686235100547
0.08976197153643373
0.07941601730929318
0.09930003316827749
0.15398275956893803
0.21497279459319807
0.2993140535665235
0.3930494327442463
0.46678383819904967
0.5196778412472274
0.5638894832707378
0.6015364146761424
0.629948990675887
0.6471162714649975
0.6581177392242091
0.6639591784974834
0.6542312125607581
0.615536773313257
0.5399237926599658
0.43926657829765703
0.3410340285118247
0.2589674617996719
0.1808474455583795
0.11274099541693972
0.1284788880904196
0.15175296947234113
0.1477715711125041
0.08483272563635758
0.05456920833669327
0.028694327988852696
0.030086603991860108
0.022740671850807553
0.021946299571759913
0.025589686541538655
0.031436946075789826
0.03228106858314142
0.033339543184013
0.029786262401672786
0.03200655011927121
0.04512933075041003
0.06737163539415736
0.09248647010407043
0.12795876305877132
0.17299610275534527
0.21302118739205875
0.25567006003829185
0.31797789200434545
0.3922931073185664
0.4542665063367357
0.5092112553962349
0.5700349637417496
0.6343500271079178
0.6883313924183319
0.7268217480784729
0.7442859133331621
0.7537524937700617
0.757548148713143
0.7634050130175084
0.7677755238333668
0.7610598888689164
0.7384939431449857
0.6911065944403672
0.6069971738871426
0.5120785535608046
0.40581273391524914
0.3036488257316772
0.21205906367741634
0.16025437908442897
0.12323962129701027
0.1279753978858261
0.1447527153061039
0.14338457102985325
0.11817618782624151
0.09235839919659236
0.06343175098806647
0.042457264848385155
0.045905108733349784
0.05380883467122133
0.05867756409511939
0.05751006599327759
0.05878946715522833
0.05842222576320694
0.059033351919938644
0.06431106833404229
0.07816664413374597
0.10638619118085332
0.14913998550768126
0.20102993703028527
0.2479652145496543
0.31162377788287915
0.388331112671608
0.46745890923131705
0.5305098608641357
0.5885202779979419
0.6435779607807165
0.7028861578130039
0.7504853374174774
0.7758537353364219
0.7774533396827505
0.7754433761453741
0.770574981061668
0.7666404727592575
0.7451127704589546
0.6990508926411548
0.607442338559447
0.5004918597534395
0.39079071850263136
0.29683389885051836
0.2101087734669678
0.14830940868829529
0.117525156518423
0.11605359032760666
0.12260590325869125
0.10479260482917507
0.06878319177491975
0.05738500317503946
0.05669204058370457
0.055423442598700426
0.04552958940523163
0.055615816092729434
0.047649657949824106
0.04114287858774591
0.0436085781764995
0.07277737515016855
0.0720212827352119
0.06021573258573454
0.05115576889745147
0.05998419944953541
0.07448889667348656
0.10785034114912184
0.1666772199400629
0.24192776056764936
0.3325115389888271
0.4287835456262295
0.5068351939648295
0.5799033018470741
0.6428996637535103
0.7016260662850109
0.7397575842459116
0.7632791381014661
0.7756801786527134
0.775539644119099
0.7751350016185684
0.7714526964381645
0.7754005810837923
0.7759401986183494
0.7654389516456162
0.7334443940446127
0.661862556972393
0.559155509229797
0.423738364730209
0.28171043783641936
0.16478042920246694
0.1447179562477618
0.16808767976459263
0.16845208851538512
0.1362905016363388
0.10232415837828909
0.0714172475703792
0.05702566504002912
0.053543091135504636
0.05790693149001106
0.06464702228875598
0.07723369287559052
0.08082724928458543
0.09955421715252424
0.11413042231174324
0.10152682115883907
0.10926031702008268
0.16492682252397195
0.2543010924659416
0.35083193003005336
0.45606742443051435
0.5641018023179882
0.6615187775662371
0.7449444591733234
0.8008459988396956
0.8281637321816712
0.8396108473500441
0.8408610386463677
0.846168775680246
0.8478822127174064
0.8480913134618187
0.8448512297795696
0.8278476370566311
0.7827907542738415
0.7175292932077608
0.645062043899217
0.5544432224687772
0.46396062871624455
0.3607163047692081
0.2630296133245424
0.15459023621747187
0.08391649067511017
0.04047603248288338
0.03680783389709147
0.02346931805095317
0.012539310944139865
0.0018231885873986884
0.002576789110492912
0.0029488600812993845
0.009427024966882119
0.022008686360791077
0.02612212862907233
0.03714750328041183
0.039553531178757026
0.05885341392177683
0.09454916313205314
0.16124110878720332
0.2523420178199623
0.34568808093708864
0.4392196541792398
0.5196069047356249
0.5988635116986324
0.654205836224613
0.6939745858714723
0.7183045643000563
0.7234176855893395
0.7169560236915347
0.7042684236399588
0.6790643106005116
0.6169390921195144
0.5411039472703257
0.4679635332219803
0.4177352407133801
0.35793496616837917
0.28016931035553483
0.20172442383307088
0.18808971115295625
0.2046122618250607
0.18669331766473019
0.12534828881237692
0.08615628705514385
0.06102595634157325
0.04727868336802052
0.039763557801714484
0.04986442288391034
0.05604243019393874
0.055865439056726376
0.049382480982538224
0.055216373071085886
0.06883773843950061
0.08751725018014483
0.10261414090842369
0.1450573495671553
0.19922141611018726
0.2623305314354655
0.33069116370268864
0.4063830919061122
0.4821489880668578
0.5592092765903662
0.6493393569699193
0.7453290861919744
0.8307126266976824
0.885395157024768
0.9063911056271841
0.9196947560096742
0.9227047780987769
0.9141387859144717
0.8991529932533353
0.8919581033355198
0.8862487840280844
0.8537020081671144
0.7523850232387999
0.6065613536008025
0.46007295090595385
0.3362180271399229
0.22413645515107183
0.1802356528032309
0.17337301327273888
0.16865528838300958
0.133931737857863
0.10458124064297653
0.08919221504500402
0.0960946891657039
0.09602832861107438
0.08779784411167048
0.08028790687775368
0.10199824332677178
0.11682182779330803
0.115005092157282
0.10834158459577485
0.1455445291941369
0.19207061156610927
0.22710715589695035
0.2830672096156712
0.36852437633744123
0.4603351221749702
0.5331962720554515
0.6033787274203674
0.66621524598432
0.7273358030076217
0.7808303843314962
0.8244010038651193
0.8556715106043482
0.8585750212510866
0.8438337714021136
0.8297294474539378
0.8257329003159268
0.8258321615126902
0.8002650578354079
0.7401607632973725
0.6185352110132276
0.47428637067716
0.34937362421753565
0.27005511171180363
0.19420844518890626
0.16545299911080197
0.18294014253286423
0.1726055562600936
0.11056412353826894
0.06291259896543232
0.051029581718231846
0.03844955315976954
0.03251671227041229
0.037676428031546735
0.04317021106598944
0.0452012869905058
0.0610981371949019
0.08088012738864342
0.08387443914375634
0.0930126341647801
0.14377354628828057
0.20697684367788277
0.2566798157473317
0.31170385836019604
0.3772221913518815
0.4254765060957442
0.46650543398623034
0.5068220394428825
0.5439449192667385
0.5756019189275927
0.6183353721526407
0.6576121583458578
0.6808395821945517
0.689871410758347
0.6840705542395458
0.6694916146586041
0.6563763273674867
0.643792822095773
0.6150177870410677
0.5368032709123953
0.4400920306780767
0.35035743549310494
0.2754467676170751
0.18224700578297567
0.10816739931990865
0.09695097457014852
0.10809766200081267
0.10826110710827068
0.09651815627792573
0.0845799934520284
0.06525957386245498
0.05089715657704036
0.06446230317205323
0.07791646619617132
0.08447694430275035
0.0762830455791938
0.06523838795273741
0.06362692273819587
0.06872441056557121
0.08581302980097302
0.11471545718709719
0.1738865791374217
0.23202355085538243
0.30293051718040714
0.38298826152706245
0.4724133660310382
0.5256506283563831
0.5679865595185931
0.6019802383725061
0.6396866758225616
0.667901468967619
0.6928892506368414
0.7031309410110715
0.6984454944260376
0.6952968137158285
0.6919257807642767
0.6702161465707119
0.5843877211574003
0.45348365470018936
0.3208510043074587
0.23385046821748678
0.1482538014158728
0.10505445822531881
0.08516343418105504
0.09758896474916687
0.09456921937422812
0.08689552518949001
0.07278716589141324
0.06197484465615561
0.07068056283730176
0.08649793747783327
0.09485636535235749
0.09763781658510487
0.09342146646242892
0.09912257444907287
0.07572481307736667
0.06944077842959205
0.08945991779718643
0.14969027125338027
0.1962202886645942
0.23757346029043555
0.2992247248161471
0.37193148253610164
0.44589982197197187
0.5056740331815431
0.5664521055615366
0.6051677168254009
0.6250013232954328
0.6210545197970748
0.6088257030451645
0.6053312312724392
0.6042560960012955
0.6079714958134369
0.5965714162794352
0.552269006049209
0.4783644960744381
0.4014680732797013
0.33615015741586146
0.2547568622309674
0.17315616486208238
0.13723098667697425
0.1285929481353868
0.09912111603366638
0.055945029054595155
0.042852481188072875
0.04371153194346336
0.03885715033682961
0.03039456985271329
0.029980272009073515
0.03287823052471571
0.0322991548816373
0.03277103604701566
0.03923375936086482
0.0448767425442614
0.05778712855276274
0.08836084263656394
0.12129810096546922
0.1588451546958875
0.21264123879414643
0.2798378480630091
0.3565046624638536
0.43041633161430254
0.49588698122906744
0.5356980337661955
0.5719427172224947
0.603472001558899
0.639440946489754
0.6605597504077668
0.6696603016226987
0.6688288388333545
0.6718248710347907
0.6703415046241331
0.6537350549145783
0.5907707939766909
0.47168230188440385
0.3473665272788249
0.264065796448593
0.2039241193314431
0.1385094182726163
0.09758622046449099
0.08564072655977047
0.08297569911056354
0.07330066529036063
0.07525450221028637
0.06039332318245132
0.04620917097514606
0.027989845170103896
0.04280667856485136
0.04862067855108975
0.05118237942748101
0.0373995554569246
0.03678647136781728
0.038719834542686654
0.0551105279192472
0.05747157123610486
0.05710304777865324
0.06238465413664181
0.10467733116664388
0.15990741821134424
0.21165124592254525
0.2521140294543563
0.3086189304922106
0.383621632402835
0.4621698438676772
0.5175811828965081
0.5557497566263279
0.5832991043603349
0.6084368691448429
0.6241608564748995
0.6274995435092262
0.6282305294611739
0.609638308497966
0.562967739960068
0.4747571705948158
0.3801059741029946
0.2512605991992248
0.1408971034285913
0.07028956959727957
0.0708278406249945
0.08143297270427524
0.07929734089640421
0.0661579286004804
0.05157478904272334
0.053098504821653576
0.05686040912363413
0.07492746976794235
0.0796979324449156
0.06838949253514597
0.046154551778184054
0.0494620176339264
0.06187462359614461
0.074740099831525
0.09364755623420239
0.1351154400557453
0.18752354287521758
0.2262330547655828
0.2794205041655511
0.34781374130571835
0.4089803323594667
0.44873998045778113
0.48143976132068433
0.5155377229669569
0.5364299966880363
0.5500190074179792
0.5518733958694932
0.53502343494836
0.49190036140115123
0.43601829897443833
0.37775686880174464
0.3162325123446289
0.2224124793989452
0.16778739951926339
0.13204995347766774
0.1171035032899187
0.09057335077697598
0.09580797650657556
0.08522799676607348
0.0700572433223579
0.06977055276707703
0.07518025470853514
0.07439103113506657
0.0672063961326888
0.06714741834124247
0.06789981742738771
0.0740361339332374
0.07998326193339453
0.10089774800968743
0.1318074373680669
0.16822154436308603
0.20440900012766322
0.2398000536103344
0.26977768910506267
0.2852343706877311
0.28703513076451276
0.2763652934031354
0.26356766653477115
0.249746970843314
0.24044903127370007
0.23775210631423568
0.23485276736449007
0.23242028478318355
0.2259726511432314
0.22558440160629706
0.23053224055777366
0.2315615688573552
0.21838934286906636
0.21065793071876593
0.21224108306315329
0.21034026952454415
0.19226338637622606
0.1676699028461004
0.13539030666517757
0.1098579261105356
0.09936469567621392
0.1070712225472924
0.11251302714540218
0.12293169224632244
0.14114927366823188
0.16517226439433333
0.1509840352534848
0.12375436812639677
0.094752399446252
0.07648360802973667
0.05498339999463367
0.04966570425345261
0.056123225166987194
0.05438547689642767
0.050087662029621276
0.042661542715104306
0.04067551618879337
0.0416925245830755
0.052326093308642935
0.055057880041851075
0.07140058837046057
0.11837561087452514
0.1960076313947215
0.27075932034621436
0.34692808317639245
0.402870405532398
0.44291764524996824
0.4807273866657029
0.5261882911916536
0.5684875060743425
0.6186748868848806
0.6883882598814333
0.7601706725482835
0.8189248984282609
0.8585343917101905
0.8756585653963195
0.8870693661689556
0.8946781502776392
0.904980594297902
0.8970645602562104
0.8770658270489342
0.8224378262532167
0.7122436252297348
0.5820449310170936
0.4599265669006706
0.35730924575243006
0.24716620371615639
0.17077698908202874
0.14511423387377254
0.15327738166306704
0.15157119915037423
0.1342363564659848
0.10486941189482568
0.0719980282693796
0.04407121355822091
0.04821284189346235
0.04721690386697409
0.05054494898163812
0.05453382938311252
0.0774300938610823
0.08070604295656696
0.08263362358683234
0.11068445021333934
0.16303019472077823
0.21898683427571491
0.2886137552415541
0.3710528935868113
0.4462308908224643
0.4958413688683405
0.5419633782295155
0.5859399089717019
0.631575073822377
0.6729881877045503
0.704766819536649
0.7294692302262464
0.7502955239933837
0.7666913546214021
0.7777974391638867
0.7781779459022968
0.7628947565375568
0.7167082533454887
0.6355449168750362
0.5382731854711746
0.4457604400013511
0.3649343242059484
0.26713973268462265
0.2081887544800452
0.1975914356357873
0.19215684389424642
0.14600954414278475
0.10777840334305752
0.0899174772572147
0.08092223222925547
0.0724225544219333
0.07000809221167137
0.06729381767674614
0.07257522197583169
0.08772026631070787
0.10190191781410576
0.10561663300377562
0.1422870958072611
0.21164747041205278
0.29360790526124875
0.3862598021075183
0.4918988157658609
0.5962977798768405
0.6841772219301834
0.774033271798902
0.8493065140343166
0.9085447803536276
0.9444880417690947
0.9630179764075577
0.9768269549177561
0.9854059999962328
0.9843403313255253
0.9622898327964539
0.907273879369066
0.8355091992390746
0.760061369936499
0.6563053429270059
0.5255904713232714
0.39145303989173175
0.26416865400268597
0.19255113409514868
0.17797008914264673
0.17156973294108138
0.128920576128837
0.09915620878340091
0.08412473240861038
0.06955432965205893
0.057242929957209206
0.05584602533361771
0.0661491330883256
0.07633138215017984
0.08680719895013722
0.10050878496887357
0.11656846490054108
0.11724538822922362
0.10541624013983301
0.11599778874751093
0.15971598666987008
0.21618434970382575
0.2809202869383039
0.36427413415431026
0.4487103174354931
0.5450371316488238
0.6522941412390654
0.7580760415970182
0.831417956980653
0.8829030389858883
0.9096292429834401
0.9374787759817973
0.9622569903632643
0.9699414682370732
0.9614579633368212
0.9540452038535249
0.9483164774107264
0.9408069420150277
0.9123145910524275
0.843568343398245
0.7550861372224816
0.6350970557223994
0.4959835408186021
0.33458467164638567
0.20770758706824863
0.13220088585515216
0.11401526559052799
0.09426618815286406
0.08040332780035357
0.07028468975959276
0.06812085444269997
0.06190324220567123
0.07317848102039717
0.08001625667666068
0.08844925685193436
0.10105378611683094
0.11540691505015423
0.10314935089237769
0.11389570076054069
0.1572772839947646
0.2298776865728292
0.3053633067783501
0.3852513378128293
0.4503221048916229
0.4901048706148744
0.527781355450161
0.5768916933377835
0.6438410096780317
0.7190259045053815
0.7801928153946304
0.819159630694454
0.8303171688196332
0.8244344593455595
0.816035901267341
0.8104086794060591
0.794965866922433
0.7591897431003048
0.633658694526476
0.4747749195129885
0.331513260284213
0.26717868466490896
0.21728164610012593
0.18132545196137362
0.1551506965537265
0.13225860965146025
0.10876382780310566
0.06582063297234396
0.03919718341724655
0.02273379536465232
0.017801997686602344
0.01605237524622026
0.017782045031431142
0.02761527267279327
0.034937832291787964
0.041370552476518815
0.035590676485826575
0.03711985202101356
0.0439472394178424
0.06947130710725785
0.10496981429858103
0.1553106013584535
0.20128156285325435
0.2467525940243145
0.3037159908943661
0.3670069311069565
0.4296766252071985
0.48223183151083293
0.5415486347002536
0.5845941517732844
0.6207069857549705
0.6473931758414506
0.6653344844250573
0.6645082841275305
0.6320871419570939
0.5690452958038892
0.4905256350617736
0.43154281470150085
0.3828927577230783
0.3306371867934495
0.2534159421338632
0.17722410513647052
0.11431748249192747
0.10863214236395193
0.11941610812596931
0.12257099041838326
0.09214514582807828
0.06867651061345595
0.04651640459395466
0.06936190328206712
0.08252653497247225
0.09689338365288983
0.09392645319685583
0.10470725837216224
0.09040665083891647
0.08829416548682785
0.11107972779096369
0.16089892833425398
0.21607762136554218
0.2703333014741329
0.3326477121340967
0.41550682597429195
0.49238944038902904
0.5366594834831775
0.5630445222700657
0.585394162802641
0.6220565450479163
0.6487850711391192
0.6656923668192821
0.6458080653857674
0.6074446313358046
0.5349762932884583
0.44828794971563213
0.3565960253012226
0.2676332335070386
0.19092149801913522
0.1772466333627237
0.23392689522841764
0.2617226965513748
0.21085622066839937
0.13350788936508848
0.09906404449184167
0.08457314747856545
0.07316704260681069
0.07456901148925431
0.07094852334584101
0.06424225099526236
0.05287715693649349
0.07253780166646155
0.07012078657101564
0.07291554419965342
0.07120216272165295
0.09384044415908975
0.10925889462491348
0.13853733971587304
0.17106300051057038
0.21798648770788445
0.2849063624816026
0.3846097746063071
0.48170786190700116
0.5712159616685052
0.6410003360045196
0.7030668738432375
0.7385896638515157
0.7712200282162305
0.7926824502180634
0.8168665231788945
0.8256017855119602
0.8293544542965767
0.8014896326013917
0.7370220883133891
0.6279510835789064
0.5158499353167103
0.4159378132273775
0.34292720142795324
0.26488685367556486
0.18805140638483725
0.12942847856806583
0.09656526390499562
0.06910139499199594
0.043832504734672324
0.03379120408287771
0.02255512950604859
0.01391723348721997
0.01842454908328637
0.037425623319524384
0.06543361285346248
0.08302891948855434
0.08727495626276865
0.061223742823066536
0.055897845492396785
0.06124931070142688
0.07799427392195145
0.08539198010027536
0.12354874293343068
0.1663507932927576
0.20763194159988535
0.2785685744142951
0.37346078990033116
0.4590206605138631
0.507197450997821
0.5452251375156509
0.5744310250107315
0.6047451054175954
0.6348222315098084
0.6704291237433566
0.709888207636874
0.7458240740812803
0.7698156421424269
0.781149241304933
0.7814775282436324
0.7645132895681553
0.7288951404364055
0.6351168417433777
0.5110936199609404
0.3970713537335942
0.32832636534170817
0.27684566586134524
0.24699712398386664
0.21904884003638309
0.1714873685340144
0.14593575852773355
0.1245016134012156
0.10450001357916874
0.06271319345658602
0.05569779682965975
0.047573711548572144
0.055923526856369275
0.045491608267903896
0.047132159129179375
0.04078659517087784
0.06006893223209524
0.06082068117036542
0.07890691413694315
0.08778091062770181
0.12006234915894949
0.15910389381388662
0.2083067840769472
0.24684069041500883
0.27927909397242245
0.3162124953801787
0.36353012641178495
0.40935862934759415
0.4352289585295938
0.4307436918438695
0.4082504817389051
0.37112019794280815
0.3272019498123634
0.29519135170054284
0.2697558839414992
0.2246317054562154
0.18888635340508161
0.15849760453809925
0.14266972173706322
0.11784932822453063
0.10205719674854853
0.0919545480878639
0.08806106271588551
0.09985630662233524
0.09854559522377024
0.09353893738327484
0.10738491066308442
0.1208941437433284
0.1182169401828822
0.10023895192694117
0.13105365964558063
0.1684182525040007
0.19649673022091924
0.21959610060827994
0.25406909385042553
0.2966439950886703
0.3514619190604033
0.40563467809354437
0.4372134511079195
0.44590611742669406
0.44680121862046035
0.4354165193887313
0.4240879519273004
0.4223102418018415
0.4172529310768178
0.40288318266769774
0.38540868199959294
0.3701932288237209
0.34783507458041013
0.3197128125630049
0.2731281642123317
0.20897396019451883
0.14876326711289561
0.11428635476893162
0.09290252206881151
0.08561267118517872
0.09897230094094117
0.11049510824839125
0.10453340397742426
0.09772107808753253
0.0984816421269341
0.09759609228831681
0.08859895321759036
0.09592321947904091
0.08587357571830931
0.09576792297179229
0.08565624492215948
0.08606375449278975
0.07066707006372143
0.07706353410366679
0.08175560455006028
0.09236982625644385
0.10894522985878759
0.13095388062742375
0.1621201306020006
0.19506977833623745
0.24373117270089864
0.30586789078819493
0.3766342857909407
0.44266334809604374
0.49509530536402735
0.5362587594892849
0.5878347738015944
0.6412181426056577
0.6763448015811051
0.6847014422995246
0.6857694998409454
0.6905727802749579
0.7065401146835012
0.7223764046161444
0.725935569498347
0.714887036716979
0.6661942558599134
0.5773718533183241
0.48107552775218115
0.4232801719722994
0.3732972599536848
0.3160681044282421
0.26011454230564324
0.21764915321055917
0.16279830806260528
0.11359536703998233
0.09694680625230638
0.11938490084289728
0.12947645852655723
0.10331576990510725
0.05801783583906299
0.03212532339559202
0.04924848587852197
0.0742883599808296
0.0695817315115861
0.04068101992519894
0.06174154556849595
0.11003287855461756
0.1360015128920385
0.10861230938036706
0.07337821496980301
0.059243534960909124
0.07911173516772213
0.11919731012889585
0.16835801451321453
0.22167210759506337
0.27166652261242275
0.33065606633872824
0.3821886102693711
0.41214441343492914
0.4260905489297097
0.4445935786237113
0.46050955682549366
0.4805650562258955
0.4963574025928289
0.5123488669185836
0.5180205688834534
0.5251356959525438
0.522445328616032
0.5195258653446724
0.5266770589113784
0.5365661824099135
0.5433387490906001
0.5503858745156371
0.5597806313526539
0.5725491079315257
0.5749729817087714
0.570594441623671
0.5604442953282958
0.5562801432534774
0.5533970863295974
0.5451074550636869
0.5284263164353649
0.4861258101246486
0.4520972883669697
0.41938584532175427
0.3998317696626043
0.34685568829923463
0.2781112855454824
0.21326690759432657
0.22645299247797573
0.26732847097383183
0.258138341632507
0.19487390009978908
0.14088166257902043
0.11031481903133138
0.09209220997640066
0.08605877723963067
0.08814050829427361
0.08651034672409189
0.08931194616750236
0.10149324503377667
0.13304734044358765
0.1534832885676991
0.15905259043403996
0.1636448479791599
0.19737424697005942
0.2367628484309479
0.28878890263962864
0.3515201709736321
0.4177950046765529
0.46580426340774317
0.5086658412333684
0.5395639721121873
0.5782202961611955
0.6169507492136704
0.6684543514217502
0.7047294200531171
0.7385170156305543
0.754501011211165
0.7663984834762756
0.7681846811599011
0.7577748330571387
0.7328448280616501
0.6855157368748501
0.5809645841696729
0.45276314512053273
0.35307675558261764
0.29576953303839215
0.24196023689301704
0.19724988930295495
0.17841246403755745
0.1651127061149526
0.1511043788527379
0.1261606951654824
0.11085020526580129
0.09916724538812743
0.10362982398752327
0.0957739321889102
0.08040635422262285
0.05967368628028952
0.059666055903492256
0.06884916039980798
0.07676441862225376
0.08149992437208313
0.09992981656260945
0.13479681483420647
0.15433886975803912
0.16172674145609836
0.17674235418317655
0.21256847362040857
0.2509899772667498
0.28582597349520233
0.327339723865418
0.38232554683511955
0.434156485127582
0.46621078829806994
0.4869588241281647
0.49273006863726715
0.4723535849535976
0.42000853983290465
0.36653667739052054
0.29976959837144634
0.2359855603624089
0.19803197489061364
0.21474776698885384
0.22362980626656664
0.209148462364179
0.16555123827958057
0.14442000755118986
0.12290345642326464
0.11716226490664343
0.10417403482925938
0.11129235607002147
0.12079469020401963
0.12762236682681333
0.12152380114256302
0.1156475895694339
0.11560955586931998
0.11906919122166564
0.1232700667164356
0.13882669414878135
0.17289209437166642
0.2113667104222514
0.24789610170926202
0.28376419608970593
0.33904678231020957
0.38496581323646506
0.40562113209069084
0.3915234483576411
0.3644016886098894
0.33657676027890737
0.30577390796279796
0.2625686954455204
0.20252613925941693
0.16804712084082232
0.18555939454871478
0.20866299856495474
0.19205181380783934
0.137262256436068
0.09296791355984528
0.07000176797814812
0.06546805210341362
0.07349267687333112
0.07210699714312194
0.08188755217086872
0.10396229231253669
0.11100177231799535
0.09436026416116612
0.09991902862072397
0.150636763935928
0.1974329830482443
0.24089876275600505
0.30262864525299227
0.37017761104123803
0.43579291595737163
0.4985051774006102
0.5494985098011644
0.5782520307437645
0.591555280930961
0.5608236038057792
0.48003661837720024
0.3923689413091608
0.3062574877665626
0.22342566316880802
0.1729143340641352
0.16255964583528287
0.1446257163750021
0.11535768071267075
0.09021594728255944
0.07568012170016267
0.06954232311041884
0.07273710921110237
0.07963563274794173
0.08370963179387
0.08577725620925537
0.08298902415287177
0.07488156301153805
0.07040750281174558
0.08263210803394669
0.12431595272014552
0.19490138174283622
0.30853408235299995
0.4304754762093388
0.5424310347287215
0.628291276467865
0.6994218010197117
0.7524396422700642
0.796541156116887
0.8293089203989625
0.8357493532773763
0.83552674344833
0.8219510700081651
0.8183604417230601
0.7860881912839423
0.7111955554161988
0.5816780462015947
0.47565814557682334
0.38726786981529726
0.30676840246993253
0.2367405663534614
0.17017877092229317
0.1458329077389657
0.1406176853471494
0.13007579463560623
0.0810812257758543
0.06282514773092464
0.06602362925380179
0.06743694636184407
0.0607843394602831
0.06554235862584232
0.06944407130247338
0.09700347299669598
0.1023866837648928
0.08506209658211135
0.05061587494974522
0.08400461354927112
