0.5143540669856461
0.5639097744360898
0.7819548872180447
0.6184210526315792
0.5143540669856458
0.7456140350877201
0.49122807017543846
0.6477732793522261
0.7456140350877201
0.46910755148741307
0.6477732793522293
0.5385556915544674
0.6184210526315769
0.44792833146696537
0.7112375533428156
0.7819548872180478
0.6184210526315769
0.6786703601108042
0.6184210526315799
0.6477732793522261
0.7819548872180437
0.5385556915544699
0.6184210526315769
0.8204334365325083
0.0
0.6184210526315769
0.7819548872180478
0.6184210526315769
0.6786703601108042
0.6184210526315769
0.7456140350877237
0.6184210526315769
0.5639097744360911
0.8612440191387544
0.9046052631578998
0.3894736842105236
0.3542510121457484
0.49122807017543846
0.7112375533428156
1.0
0.9507640067911742
0.9507640067911742
