1.385353738510364
0.581929980021867
0.2653896134526779
0.09414476553411649
0.32696115433992207
0.1875134327311035
0.3224150205210075
-0.08450671159429436
0.0964966964622627
-0.08410258530601387
0.29477313831844715
-0.0985203159148629
0.16655102402829416
-0.12335874976552089
0.07352846124259795
0.18972756940273788
0.6902374434593784
0.2699403351301189
-0.17384278806845457
-0.38989504662978913
-0.023541514983504912
0.2313229173505938
0.6511605084925122
0.39241280096887776
0.0936568813759431
-0.14525346384749452
0.028931344460150228
0.005846482425839739
0.05593716168700063
-0.14796140863025106
0.10959698176743436
0.12843441974079317
0.032217812524879444
-0.35564032259838635
-0.0706094396692023
0.29908559110060845
0.3990553455164113
0.023206732233296362
0.12882546419752133
0.33578763575801257
0.004970127374392936
-0.43701358659219136
-0.22357651087218253
-0.12876289996771778
-0.09387423122438932
-0.49654580211879806
-0.9722957036645042
-1.006789168603285
-0.28211540060424245
-0.3491296994738613
-0.8440937495833197
-0.6954977596619495
-1.7531076245109563
-2.333761192939276
-3.447712878861814
-4.125562914968338
-5.534416314639678
-4.959193315023227
-4.627933353935147
-3.1494324130078493
-2.3239050776824826
-1.7894896936219649
-2.0615136001364704
-1.4554658869799582
-1.2220985779039186
-0.7790601149201195
-0.1801996134227927
0.23148179785106995
0.4389142013519569
0.0534507573994721
-0.2211179515767014
0.36969215907549896
-0.0026763768387871962
-0.2442069367721961
-0.048587006941062744
0.6726728233003473
0.21650001196756136
-0.26222672634120103
-0.011606413926784796
0.21510759738068314
0.017902773313056626
-0.47469387563214616
-0.6277386919825623
-0.5140574886262829
0.051424305221981395
0.8162100331939383
1.0806255230197062
1.2543073780701064
1.6577691898548634
1.7805762723937573
2.323672605813944
2.7467465612757134
3.8485879646573244
4.143825091217585
4.089270789813503
3.2208273591233354
3.916954089509866
3.836828721736987
3.201885689711264
2.178702875712194
2.038456932500166
1.86383595293184
1.523117401256354
0.6585690866775652
0.5060871913066806
1.0961830702439075
0.7093812648692736
0.02282830896180429
-0.4549559962662486
-0.5979892112441475
0.07942693218441016
-0.11496862622966604
0.5745559292358503
0.014055892494437889
0.6799490141583922
-0.07092502142659576
-0.06659246768379191
-1.0251488014527035
-0.4950234389858994
0.46525497938646854
0.5579821616404843
-0.06492289460318396
-0.5437099201241954
-0.8940049626887047
-3.0337322606549018
-6.452980181853601
-8.262312908357684
-7.246247532437614
-5.178795653335838
-4.114089051542102
-2.308391733667581
-1.3437251256397151
-1.3909438767172289
-3.074483705738239
-2.771066601713045
-1.4038920934171362
-0.011242240766189699
-0.2080357560240744
-0.46799943745845757
-0.32649539497640107
-0.6525499280517384
-0.5445805349345914
0.11630585303355492
0.2703987508222634
0.006382874775431721
-0.4336502857029619
0.3775740294396344
0.027516381877230142
0.15887519661440988
-0.38336102671021305
-0.26354366839901455
-0.12373430649733777
0.4578012898548136
0.5760554128704074
0.42954479330361794
0.08981973021506666
-0.1110317415691629
-0.4402002224420358
0.3302299014326427
1.5095424595526368
1.8782588671901377
1.1901087626702098
1.115489044421475
2.3041283503159646
3.293046223498431
3.9586739477886876
3.6706853027637707
3.5581708885720302
3.8248719617409037
4.379718290116599
4.947758166025826
4.129690291798015
2.9196137233393906
2.3112428475167293
2.4208304953620714
1.5822236659104638
0.8532079658252164
0.342216404883643
0.3447531378185599
0.2317083337676759
0.7067410807018762
0.03176104460559752
-0.500667345485319
0.12915150061090278
0.4145773823968894
-0.512672456326781
-1.283687958251716
-0.06288525759107899
0.26628075543951507
0.3033124533848116
-0.386193341494713
-0.12359605094649995
0.485499824535442
0.29338847430887655
-0.3035590976537749
-0.5558188230309133
0.13359963882842688
-1.0675934725688079
-2.068461033140877
-5.336714629523295
-6.201535939187428
-5.537687694421811
-3.4638444755537225
-3.6464385189732416
-4.47057016067963
-5.159022130074696
-4.537588660071239
-2.846598661501362
-2.299668825037456
-1.7694969938991962
-1.8576288896165456
-1.2027173094696328
-0.08192390035019122
0.16896534056473933
-0.2713111074893222
0.5026258841808983
-0.002869195042175681
-0.9467693101523749
-0.38647358072028276
1.1403581307989974
0.7408023865274757
0.4929990703405151
-0.3132372129391156
-0.35542660211933086
0.2040684076068711
0.8122872475080979
0.4187674383057744
-0.06505515671531815
0.152694079707473
0.24454097551653872
0.5506869428972627
0.05810543231310798
0.4606497433697806
0.8464109726965596
0.6972003309876348
0.8969783436711358
1.7301971121489435
2.335804225714163
2.52342144744304
2.755466607818693
3.3335144243868293
3.029178861662784
3.0862406170731904
2.8348898888813645
4.304948393489882
5.333020647588319
4.545582826739559
3.401100987649733
2.637972797024393
2.0539198528014495
0.365147448414679
0.4002668547451852
0.4306738623014399
0.48051543561716986
0.41634487487309507
0.5084150044304065
0.3962390786581618
0.284721491694938
0.06652465809955845
-0.3378057800346469
-0.0981143306522565
0.31570252042918967
0.48301118996214537
-0.08563772162553138
-0.0040880062736414905
0.057707504888875535
0.16002342802820702
-0.0930973477986522
-0.4642333311966279
-0.49277432757895046
-0.008172721162831327
-0.27689060889453654
-0.4826268633705006
-0.265313014047973
-0.9429455408225584
-2.5582404091983193
-6.270484363461744
-8.442049262861863
-9.5894932688245
-6.7236284442893774
-4.838551805585788
-2.4966917807011235
-1.9394649724231108
-1.808115648762665
-2.159556311759864
-1.8499602412210394
-1.6605453654184548
-1.6205419915888257
-0.5741653536023736
-0.14290694525423103
-0.11943563902636704
0.52228647511857
0.9557543850027593
-0.35040774320474916
-0.5773762497248097
0.06012914650264816
0.792234091310464
0.37143030292401646
0.08046819843346877
-0.6454642269059547
-0.6241666296017013
-0.08783538872634072
0.14241935596826172
0.04705565056380384
-0.5753894689456124
-0.5570123275008682
-0.06903674378945704
0.05336463810570785
0.4050326778516807
1.9578433721303454
3.181464166325101
3.4901676391408216
3.3201692371804103
3.7131948780651074
4.08396391827044
3.1744680743486287
3.037092253519866
3.505784118520973
4.893198910572971
4.7399227886547965
3.7756118364528444
2.9504531919986072
1.7257875649535355
2.068284099260936
0.7681555589674122
0.9507584626004306
0.4465860644844682
1.6795479456862987
0.6624291727931731
0.8873380602559808
0.2119984080626421
-0.05918706239849823
-0.2808126090405937
0.5217186055697006
-0.6247926978585938
-0.3280337966389749
0.3770901381870808
0.9088147427622794
-0.9107022826166765
-0.2806436217463225
-0.5809011270850227
0.6531143251113148
-0.3984653260201335
-0.10506715118430192
-0.7712833172881745
1.0905921211486362
0.5354775171622147
0.40078630730359255
-0.9684794290589694
0.45791635461538577
-0.41694738950379373
-1.2815661280513548
-1.1540076458122268
-1.9896000290137699
-3.0487875452285724
-4.589023605586669
-4.300341477956839
-7.730438281742727
-8.46062271570426
-7.259950014144831
-4.15793118070624
-2.123599224338599
-0.8736181764511783
-0.8141870765266264
-1.005268325169717
-0.7776313691394531
-0.829403258422994
-1.2841300830151339
-0.35236329593166
0.3176940247711024
-0.015121975682571896
-0.2479768462224225
0.2954114934519688
0.5643491204311177
0.03866552988633962
0.18259608407120828
-0.24382610295451304
0.04843262530640647
0.1405267001643295
0.31530366992991915
0.5524153604494542
0.5720054164046587
0.778327748894477
0.10209794824874338
0.07108299689907002
-0.3186094350519039
-0.2668310747729725
-0.21150315408812978
-0.005979305838420844
0.3815511765403406
0.7204016431399066
1.4239024930855038
1.867369299496494
1.6229832066194922
1.2736846178299095
1.9330746522442703
2.9551680313538626
3.557979416906191
3.57859337051712
3.2364461481311073
2.380885362792153
3.7883205599608716
4.779280881138492
3.5050910164453533
2.290247457405582
2.366125014736384
2.6062523890380844
1.8263277491409788
1.80939422471845
1.0818103313890075
0.777006210432424
0.23278527591574866
0.5576297772134462
0.4478601284591493
-0.03759436453240075
-0.5275496976279334
0.10880727969769838
0.6795251049107212
-0.18255579013553522
-0.0585686502079754
0.0881325644001144
-0.09307758665698918
-0.4164625976999485
0.26546608300145863
0.39572963233475505
-0.27510564689437544
0.031001434228998925
0.09625525783776324
-0.11723210467091724
-0.39895707870776376
-0.08889223446737958
-0.9252548542699357
0.2821573689823019
-0.17057365790901063
-1.828774580257346
-2.974686986675696
-1.655544239824144
-2.5661135726227062
-3.97047466796954
-4.808584558572061
-7.475705566056924
-8.37011081707822
-7.006513644376176
-3.7535520912784586
-2.6957077436622487
-1.443069296780455
-1.8660437906873688
-2.004144384389048
-1.6187122621078391
-0.4050680967287793
0.3643255043085199
0.4107679048103339
-0.1444264915163491
-0.039076475125473104
0.27404438749960647
1.12154669542807
0.030601822330035108
-0.3280361347462727
-0.23963478765626617
0.38965945872050917
-0.6762496121229045
-0.6085395934206204
0.06808107968707305
0.15432652586341716
0.29471363092585
0.31719423367961797
0.3967615664715782
0.09484306456281433
0.27007485888316807
0.33322828349540984
1.3504333883343065
2.398398697101054
2.2866521700196145
1.776287041161312
2.340159323246894
2.6371375216038633
2.986908540027233
2.95739321591135
3.2477127260085754
3.2722356004676105
4.0332632432350515
3.4299711385760463
2.923534081896001
2.591160872954353
1.810238231629454
1.622262947719505
1.7274343155651823
3.342385791968433
2.917482747819632
2.439564894776772
0.5448464870732224
0.4648758285933583
-0.14275743199673352
0.018936853416734626
-0.49315742551434477
0.33358796645066696
0.8214907151203544
-0.5813037272466803
0.05297426760313052
0.37585442040604006
0.9030179469133539
-1.4198973462396407
0.4090180658858988
-0.6147915166088774
0.42959510211006746
-0.5975745656284928
1.3043140550010688
-0.29359434098239584
-0.02241619365974556
-0.7148661646295891
-0.5782007133508406
-0.11222638157138948
-0.8853607269296119
-0.5524077237978412
-1.70366654367287
-0.9610479843903366
-2.822424458521466
-3.183026179366578
-3.534159013733615
-4.318158383230694
-5.236292079648483
-6.314088694720628
-6.591401587877701
-6.048434896062653
-3.0090722916108286
-1.447274672832677
-1.1455788923586514
-0.928381206057631
-0.7252319705152445
-0.3471572289545929
-0.6348589699405122
-0.7051477659058718
-0.2689093346956248
0.30433247535179436
-0.02977564933433738
-0.15348992977082573
0.08241484071345392
0.08335721342394715
-0.20322069155186406
0.04260175323592317
0.1758360097709681
-0.07320340127477426
-0.14505071253726132
0.076073043835377
-0.05649101232130468
-0.4459953101244916
-0.5355374923969906
0.28091948567302116
0.3123038826340996
0.2843117119669123
-0.1796348612653264
0.17646804470080882
0.26967335222517475
0.2906455781824732
0.4597773333278982
0.6740228461794621
0.253158418119862
-0.00522819427106665
-0.09447945391803252
0.06329542589451916
-0.023941267127085247
0.3468417235971771
0.7500897320928328
0.7603875575603324
1.225747175020371
1.4244614888081533
1.161039178130721
0.814580929766941
1.108646127222007
1.4441093826557077
1.1352024426850273
1.298793684122778
1.5549783869196792
2.060263774980025
2.9271999901432677
2.8659296540622923
3.5341977467050585
2.8736342906720393
3.2491027144223343
2.490089442045977
2.966972651403771
2.088343381464105
2.628005753315677
1.8913653425870671
1.4121661539500634
0.3647756805143017
0.9252444654648888
0.4942816700768036
1.3959595469664825
1.1274066336849502
0.5568502165107653
0.30011632451104225
0.2741481949008496
-0.18921367935580582
-0.30138871550134444
0.5153573649806386
0.911773640281622
0.4717310081824176
-0.17321228786226134
-0.0003941988653832997
-0.005417933072022493
0.5553414335397981
-0.5911663689991226
0.36352493536756136
0.005910375015638331
-0.15889594893418138
-0.2616301573703764
-0.15239951397462792
0.16242307427847794
-0.39872325463252967
0.06426331239067454
-0.3755821597104783
-0.058885522434376905
-0.029648938878109234
-0.02375608156259725
0.004343241507795754
-0.8749833989822262
-1.84370681588414
-1.819974154025569
-2.1972932704859045
-4.627795946989704
-6.459334672620376
-6.8101755767683745
-6.077661402901042
-5.24174936594574
-3.1593442562796143
-1.945046934931774
-1.6635700847331607
-2.0998387016171938
-1.5227920328578097
-1.0223516668825123
-0.7766734026326914
-1.0274722972371602
-0.45730558677486866
-0.4220230241864549
-0.6662747115585006
-0.384707534007008
-0.19472078455390143
-0.03832302530062035
-0.5202084179813931
0.16409842441280537
0.32507281662775267
0.28139259738144784
-0.39810789240298644
-0.1372910587248394
0.24296258446882282
0.020032278411773213
-0.2948752357432611
-0.20406818701616253
0.5739669523526129
0.48276382756976677
0.25913967665442617
0.03021669886786321
0.09547724419389028
-0.08029794975367167
0.016398538151098114
0.03085156216348176
-0.28376305381194183
-0.17948274876989184
0.2491127462481718
0.31573757858566903
0.1742609230393479
-0.0970313053560028
-0.08318511659315493
0.8833827411722793
0.8625804225308672
0.11924414431744375
-0.045022007480272415
0.8294475849214215
0.6616109045685369
0.1435653147320932
0.3912090042074035
1.009591252868853
1.3012815575940397
1.907335206222406
1.6446169502437895
1.427620815403352
0.4769570219389437
1.367207023024184
1.4164945491202159
2.78336277235607
2.703514495408841
3.6420485739397397
3.5307030357862623
3.369119553013769
2.906993925804468
2.4025711324415724
1.9939852262736586
1.4690822351259472
1.8012563912027526
1.997745579547548
2.12805048692099
1.9436246827545667
2.2691690319121527
1.2700891820440265
1.1219162876592874
0.005799082312585013
0.4070408361412668
-0.7677729207474822
0.6082632474481476
0.2943423629990103
1.0557364820208526
0.4251914820959179
0.007235318921927276
-0.5314843143293326
-0.24797332382098125
0.01973428034799053
-0.12193023647892047
-0.36231971590472484
0.44133676817748074
0.23972123440577228
0.5281237004347042
-0.8426492064661274
0.32121370594671417
0.06815146903603685
-0.050601389273025855
-0.5827853258453894
-0.5794965579596245
-1.8287806952158947
-3.203315488051346
-2.8430238031116137
-2.5391044222884607
-2.735089158835417
-5.6642719160752275
-6.458601814903605
-7.577591090567465
-5.791699898720896
-4.744589928758153
-2.4186281121360262
-1.8458747852168345
-1.1491135989167944
-1.0499923957148625
-0.9206153567842368
-0.3201856607800237
-0.20153633968630855
-0.012239667435170966
-0.17317345999567205
-0.14712745594779825
-0.3905216758910171
0.047585561623730975
-0.28862640042262
-0.5675883640020131
-0.1810431822977088
0.385947360496433
0.21565658232482637
-0.27042557699245423
-0.11553463629581114
0.11772971360133358
0.14234464315356146
0.1707500848323662
0.13453084243161048
0.27507788779138936
0.2369881591176566
0.002298643796113517
-0.31697098444436944
0.36637030260746467
0.5723621176778403
0.5143599196954982
0.0040625953587706464
0.05207523184544723
0.08672952265236024
0.2670992555410636
0.047835392821815155
-0.07338795599627491
0.05467358675124856
0.4132863928976435
0.7757229913140109
1.352994272676906
1.356887637475253
1.7644053322131896
1.6652825910152644
2.352022690264611
3.495821045090939
4.995317823742262
3.5992520607316116
2.440462231715926
2.0595997705777798
2.695283825318843
2.9399353128240406
3.510550301154118
3.5033599414291885
2.264251972801097
1.395947202002749
0.9971998646534076
0.9448385072986106
1.2372913329019102
0.843169515784641
0.806564969233127
0.9893588892742807
1.1319967975162148
0.32465314265019246
-0.1588311059080262
0.4311047687279975
0.33786445914889646
0.369854344072481
-0.0663378400568593
0.060201830291496485
0.17312357966873054
0.10929489923175506
-0.3225075160897956
-0.7743729300636355
0.36249555256401916
0.17436423641090318
0.16678752124342391
-0.3186697873400005
0.10761635925645627
-0.391894791872689
-0.32333293897738924
-0.15931945827098432
-0.16643522944546132
-0.7543703869218323
-1.514449198460261
-1.9074728896897615
-1.3974134775114617
-1.1474045377801774
-1.3376569007417909
-1.3373650844750173
-2.5359406182317223
-4.221160725287224
-5.452613690231089
-6.946873209765797
-6.898009347746252
-6.023081524861878
-3.5239833727382153
-2.913664403500178
-1.693131100656469
-1.0020668524601268
-0.11702764946281059
0.2394718935333548
0.3415944977287091
0.2627274125814729
-0.5066137873208971
-0.6787757057312225
-0.2857754407809495
-0.023772506178950898
-0.21748706037171467
-0.10505105822658942
-0.22396123585936675
-0.2737794939571278
-0.09432952674444975
-0.028899711911062005
0.059201994212514965
0.5924215053330006
0.30677605141752434
0.0508145116321215
-0.1494818302371469
0.26352149830585336
-0.07859264420011394
0.42488061409359035
0.2397824161692336
-0.2206677687603721
-0.7970951583593823
-0.18818182912060508
0.2524148921856095
0.22663643056464772
0.13467741934859942
0.4198761022522754
0.5850908641478306
0.8913039173934024
1.1076739381796672
1.6717061541335416
1.7867078257650049
1.8413228707563325
1.193991892733724
1.0190701504108926
1.8899049939775818
2.2459594529054483
1.6423425419838815
1.508683146953315
2.4795855727796234
3.266027275263782
2.6434603898464784
2.4337430309779426
2.189457968283106
2.4184152105767605
2.324360317634472
2.290761123185651
1.8800613954886194
1.6926620609555278
1.4861354476621003
0.7866327398293724
0.3159423698628141
1.1637884691410647
1.7301673152646528
1.2212257972863634
0.8250900807961303
0.9284113506569142
0.8142330817275217
-0.0614192476771182
-0.21912835005748718
0.4956358849946001
0.6336034057405855
0.018232134324508358
-0.18863654935836033
0.5034321343791068
0.6665532610656079
0.5781780443644142
0.3827233199648759
0.22766241543708632
-0.17515251781757277
-0.6678763025329305
-0.4354712470016179
-0.4018270290858905
-0.18310448981081404
-0.6652331693167348
-0.30822118956709255
-0.46335758391342546
0.3767569228462412
0.14157879600342277
-0.0731074906890991
-0.4805585650238769
-0.20265172844844456
-1.1917642539469637
-1.8711954030684466
-2.2488382383530228
-2.5383044235680146
-3.71527983629717
-5.177650888672711
-5.197420940103696
-5.711349145694892
-4.854652569098809
-3.5209579260346717
-2.1548300958169824
-2.3993935607802745
-2.6590153591785137
-1.4784181447957887
-1.389947703170559
-1.4114733273393922
-1.4416466571869764
-0.538906762239528
-0.050752255547554775
-0.29060751671437945
-0.4554972952294396
-0.1221832501513076
0.25503124835492613
-0.0237073159414702
-0.3876525886936293
0.10209772317523816
0.13320503110436147
-0.09434559593223682
-0.11529847938210112
-0.10406046591130572
0.28663954012631293
0.29914074798359014
0.3303055240948759
-0.7538144547064765
-0.3998163112208971
0.07109449921430151
0.47133907396769
-0.1434979036155352
0.14136783685400361
-0.026622196464679344
0.3145250345943241
0.0659777094838499
0.36088846160854615
-0.032817821664232784
0.21597977115295602
0.14423128613828085
0.14013565537944464
0.36003856282518376
0.2706051754482129
-0.22446456611608767
0.21583365213089406
0.4417467148298463
0.6118864523684534
0.27710975953982553
0.9308266366140369
0.7211513360302618
0.8791842511785292
1.9300683685064617
3.234762076325529
2.571676861931771
2.212642632848754
2.149220504244622
3.2488158884358125
2.963800863720882
2.9532001533929457
1.9584183371324906
2.04302817613951
2.4431177702318965
2.8481376594445718
2.1590725363719736
1.5753845741917318
1.4762427482449998
2.0009070618399254
1.5431856012427059
1.105417065467234
0.7182382985848066
0.6690012064032483
0.1807772301580985
0.5737538641629041
0.39334691163503094
0.6181758541323631
0.2971464500985023
0.862900762588992
0.8021700823742818
0.7375955165714962
0.3182546786377274
0.18615437253683034
0.12588256840054207
-0.4369882656942096
-0.42195613792019926
-0.15119077541638298
0.30503848928826693
-0.2189767989574811
-0.20020364336270885
-0.6452496386690354
0.23827085645493873
0.520151206737892
0.7093732712445292
-0.26818595549634033
-0.791565270313655
-1.519320162105109
-2.3182225727789905
-2.544261089930027
-2.402693625326321
-2.0766827362984226
-2.0217905352736283
-1.244023365670612
-2.086279105718454
-2.8839646738025255
-3.4558289159057307
-4.022989481527679
-4.976464347250371
-4.566976041411833
-2.934231397634697
-1.8840002097311919
-2.0824004522259156
-3.0934226010257935
-2.936436401241662
-1.4422640270894413
-0.6121018022905942
-0.5737299057347344
-0.5780965773861342
-0.3704713474515357
0.31062297877073697
0.6845206294594142
0.485149925535981
-0.03756818762576493
-0.614650354505947
-0.8696196319827187
-0.9449760691077526
-0.3078179991658656
0.1333810112072332
0.5408348245227508
0.28690778595953403
0.3642527953815845
0.3282565949075892
0.5266233073692023
0.17812447411469137
-0.5668926530992396
-0.9827235061171912
-0.6217713361647506
0.28732394746204126
0.5447585251935595
0.35504495082572607
0.1542284679514726
0.6855614611963712
0.6184459408720313
0.3414369092389871
0.5546271151156663
0.693969630178927
0.6337305250359431
0.325333786078781
0.4210953658464791
0.3894442218025101
0.5886461097021141
0.04160034980683528
0.7444318599227242
1.6758572519316048
1.8815101595251142
0.7212866621010249
1.1565869551283194
2.1681366994007067
2.6895332861912
1.34352877588896
1.6240976827011615
1.5050840069518479
2.106548259734616
2.0630972989153245
2.4960728375415284
2.3772973948097182
3.0129589211514967
2.7465328975156025
1.9376190316781141
1.9229028757719306
2.1171324182552347
1.5988953534255677
1.0533243393674008
1.6818878630472403
1.8008677452693103
1.3087356802668169
0.3950304613740488
0.2607790210174003
-0.0937732908956721
0.08559295140581778
0.555678475669264
0.6372753154849093
0.552007986416481
0.7093603764033011
0.7104879622561371
0.17256417914583191
0.5251971976314641
0.7924949165775181
0.48942749390855306
-0.12744223195784668
-0.29277139804052643
-0.09475551032476309
-0.37083303375351817
-0.6886488997544393
-0.23088124842778537
0.3197632265278609
0.5338763113054782
0.35203161475482686
0.25354410755418555
-0.258958372660604
-0.37799332602719876
-0.20438936517130382
-0.6418310647938751
-2.0981622807700235
-3.007226242849994
-2.6243360491585803
-1.4799623426863804
-0.2801873161598882
0.3051468825437265
-0.2401015278637434
-0.9878394764235561
-0.8238602937510799
-0.8971775513881594
-1.2004708652002731
-1.5816760576169175
-4.2894102704386805
-6.253840701509287
-5.9489132998004
-2.859164995623521
-1.469304169594087
-0.9374161353519939
-1.507586737449146
-1.8222816308146954
-1.6061248958129601
-1.7817885544103327
-1.9058476895419874
-1.6361443170110144
-1.2617681575810373
-0.9276697252054356
-0.8036170250866491
-0.3367313908033176
-0.2596451637630292
-0.18576797064981998
-0.41434525282295376
0.036496704986595095
-0.169356308536527
0.0895624913382768
-0.25195657773722613
-0.04125806372346629
-0.49742260915154873
-0.16583054036142464
0.19782551694786862
0.10080058484212402
0.01378889291880648
-0.12264080621507192
0.18354414261718593
-0.0956758492749277
0.24596254449976218
0.22942706864663376
0.2720308659134282
0.3220152826567301
0.5276720934369028
0.0660303088787774
-0.6668329793652354
-0.6770471680178779
-0.47546931068649667
0.06879594567978378
0.04772907927853207
0.48388495429248946
-0.08782228704860062
-0.08769946128345694
0.025645439515876323
0.5803652735791237
0.1421551869986107
-0.05545204480320513
-0.0732923019436226
0.21339741528236053
0.2595447180325864
0.5589701006307355
0.28484399560679785
0.0393924185386352
-0.14000620205165312
-0.0028144884761117693
-0.5034334973752128
-0.8230099988597895
0.1878432630166553
0.7250898750600817
1.2745961309033513
1.6894436474409973
1.7540246237537225
0.7003143380835674
0.20101681873983346
0.5147660495554522
0.6217370027366304
0.585849166016652
1.075934583419685
1.7968667047000897
2.35075153515631
2.3256979766611607
1.8465277801377618
1.516259134493962
1.5869511479928273
1.6696953832641452
0.992769163134841
0.4843947201966623
0.45354351872639825
0.9403486593969502
2.054053656794125
2.216111032833483
1.9009076650216021
1.8327183788366594
2.9562630850250406
2.3210413276358413
1.410380218342249
1.2185644040394599
1.5640578916667236
1.1754796052259935
1.039097870226834
1.1669534774761245
0.6650294375673549
0.2627528867273188
0.4131749685996135
0.2139527582103284
0.17611422752151462
0.23375665654717934
0.618475728026839
0.07878750872462707
0.47056404030118654
0.8052587508613542
1.0855781038178653
0.5527227069340549
0.09463636115822979
-0.8548528402721243
-1.0760118588916312
0.1061518232763519
0.6522606011057743
-0.4759303088988513
-0.6301429710583987
0.5260649502592573
1.3706641773835517
0.770102211053693
0.4629694280769022
0.18509868200567764
-0.07022329225424961
-1.0579962057325567
-1.700927730704801
-0.8868937619648477
0.2553215416688304
-0.16371225406486542
-1.108934928614754
-1.1557618173673614
-0.8049130158908548
-0.5841073463023027
-0.5885166504919249
-0.5125391663168724
-0.7970936754874511
-0.627117072977812
-1.3148196939724142
-1.7150877508882643
-2.787820215181852
-2.5738761137645256
-2.2016262500787676
-1.2921069011326705
-2.799309799534863
-4.055742135470375
-4.530003839706558
-2.8006940297507334
-2.2425440320103016
-2.2754373004433566
-2.158724912509305
-2.145702704550975
-2.438390394819635
-2.6375004467833754
-1.6763194091991338
-0.8820715591291902
-0.23931462234103723
-0.038008528352809656
-0.12055836056141625
-0.5151446602389252
-0.7109634630993297
-0.8409274161006631
-0.43134556717872846
-0.3024819377184759
-0.16980335926533097
-0.5033666263727249
-0.5070440578065768
-0.11026586738315652
0.48115513169026625
0.9872785732721798
0.9064986209943503
0.6300535983939429
0.05033540848466124
-0.18497670019439108
-0.25134689762785306
-0.3133371699268276
-0.41249680615201306
-0.14145353678743838
0.25984585904746926
0.406172737878979
0.22222582947167765
0.7367170976241668
0.47820594038841285
0.11149865332816372
-0.36874680273410665
-0.1442896307892959
-0.036039727144033355
0.30237919095037197
0.2717558808540001
-0.3512519623828117
-0.304683847736142
-0.07782822094435098
0.8238933908848777
0.7656426132192997
0.5808937144699363
-0.15132801813136226
-0.2356361305907174
-0.18557712069408927
-0.23658606296292983
0.36381581995963574
0.3111820736500095
-0.5208584934181025
-0.8309827302003348
-0.11855907470720636
0.36307218160868415
0.34634622990007163
0.7063986703933978
0.29278218699843844
-0.251869277184844
0.34105554311051667
0.9028001397481469
0.7927017246267838
0.2117059844685108
-0.5175410006585569
-0.7414789744701517
0.07090452372569792
0.65495129691515
0.3125663686200747
0.2541370184262065
0.7431924777587968
0.9544414339920292
0.40491244375856994
0.3376706494342788
0.6682271968033817
1.0827256659422109
0.21727567081430435
-0.33082814029741997
-0.022926416801984012
0.6083826998595585
1.4642784049039208
0.8183903687603332
0.4864517127664457
0.41391735846015154
1.445897032532174
1.7378571235979345
1.597169321782773
1.6151864314495308
1.3482379119068133
1.183652102179062
0.8151120656756086
0.6539231909461279
1.592996230025386
1.8018085355547422
1.79312770875037
1.5715518354365159
2.735783228991324
2.710735237583731
1.7440742581236384
0.8901088770854733
0.5012295190138546
0.5874861728994142
1.1628748923509227
1.980430908872785
1.8499582797505663
1.411748667217351
1.0270089560710833
0.9092831559191434
0.5347520622177464
0.4514415953204303
0.5774833667508812
0.4925515432404861
0.5761482121965983
1.1635201474096204
1.1229416880144931
0.7167653778732682
-0.19284050194830357
-0.5655594109608568
-0.782264448571406
-0.004322469844646705
-0.17649024665191376
0.02275602639079018
-0.06416318414167597
0.6517073345101492
0.7812024199927259
1.4727171500823737
0.5057320908056705
-0.2776417756677676
-0.8129501950493662
-0.8879407423394875
-0.4039200216298119
-0.1321164756537949
-0.15012299298261852
-0.5771379897431012
0.1831245849077405
0.979213258550098
0.844355688212052
0.38302660823316304
-0.8278366413001019
-1.7210854848567743
-2.130749485822451
-1.4501531405568315
-1.0763226254473937
-0.2996040274114351
-0.13275294124327353
-0.5231636402968518
-0.43959462723663967
0.4125694733079398
0.3858664063394987
-0.4907389024450905
-1.3317799849802552
-1.3547949935671715
-1.9735200583544554
-2.741540003315231
-2.967765469330983
-3.102410992853045
-1.7724783892194238
-1.2737425847002695
-0.7723099896626132
-1.1585367641508586
-0.4495052271763511
-2.547822423935811
-4.0575168026745
-3.7311616411808215
-2.0667130340605486
-1.4796953510558037
-1.7719163235070343
-1.1586162166998286
-2.658384385501633
-2.7162100269715186
-2.688160428214954
-0.264039360694836
-0.4713777487074557
-0.10615861407756894
-0.14482935095232788
-0.23074641251817526
-0.3552641706409184
0.3135427644935244
0.40420355317265505
-0.1630710326922828
-0.5756228643306118
-0.1615952019592082
-0.08924137139799818
0.06152655865598533
0.05916441618670295
0.24510826009666925
0.10818467816204135
-0.12412167751097697
-0.2905418228622443
0.08188740978306595
0.2704853209289444
-0.00301600618313042
-0.2778071306228934
-0.19784762734728165
0.4519003045400101
1.158633928955884
0.8659070497973166
-0.1490550326715119
-0.896208970461398
-0.36232152408812723
0.14980668161648328
0.1453139343937756
-0.35528806690709924
0.3241457782173694
1.0020504143008697
0.3779695801593409
-0.5245300038091101
-0.4474005312257351
-0.15840294941052752
-0.4739658149158496
-0.38734333911399876
-0.3636749301308488
0.019526710032654604
0.12536447604915088
0.4050217973040745
0.3546292616721954
0.3005514492970625
0.5036754153192466
0.6910986986606426
0.3761029407161545
-0.1454881771830951
-0.4219010151236786
-0.4708658285732539
-0.26273442986556256
-0.08716031125236164
0.13076062352580253
0.19998455163438345
0.5978393628940619
1.150850409495472
1.1486545046118148
1.4216341488831594
1.1505902255515104
0.7635473697120189
0.02251181416522511
0.5484712095538004
0.6581535853714423
0.529130060916675
0.7272650016384359
1.4930508754214327
1.4647740428822087
0.9670483158801988
1.9029483642077565
1.4008673589703988
0.5318043279627152
0.029726285638349354
2.4369025218412284
3.2577596752897207
3.009063583839746
1.23358406233588
0.7396776488595401
0.49157598644710493
1.2276784532643568
1.5590199651599495
1.7959061100763551
1.1620964837932461
0.3372280622642704
0.6008759547897378
1.3769445205256052
1.3863995551512975
1.1101235277129358
0.674118518343157
1.0951338016510004
0.8940424655752619
1.7343413380931414
1.7421968472606189
1.2398499524059508
0.48766624802820785
-0.35730924840307676
-0.1624193411015077
-0.13081603119076657
-0.09888969106084397
-0.24967513022773644
-0.1224773822200945
0.8169550126740652
1.2995808214834026
1.5691712403945273
0.8990938751310207
-0.10932677357902332
-1.2724665879692352
-1.3313289854210677
-0.30395268161124317
0.08120171955638096
-0.135865211555891
0.016800853135853066
0.2765811506294715
1.2337794607878785
1.9447510115009976
1.2806892349671912
-0.4454002624493145
-1.2627313092745809
-1.2360016987498748
-1.0229254080541654
-0.6987440355103123
-0.47439728949266424
-0.028762004197692672
0.10195734340405907
0.5173522434793837
0.43745042787334976
0.3588066313757347
-0.6974105825005813
-1.2795410062796873
-1.5607950643793966
-0.7067640486155449
0.12937989219036508
0.3454650464931223
0.12508190678486786
-0.42367170003339194
0.08548905922209513
1.006908259027939
0.7013471988546226
-0.7289876508582519
-1.432971843525132
-1.305823354672533
-1.0059708870460988
-0.9850265366549809
-0.6631114271547862
-0.5509980081177448
-0.4285087574223944
-1.5482719749974674
-2.360339391691148
-1.3950861758318893
-0.22254612997539103
-0.12342718515632214
-1.3321919999371472
-1.1428274887726426
-0.8037647909546366
-0.08122918833255462
-0.42686117657570344
-0.6073714231469997
-1.1323193605085513
-1.1669194355833175
-0.9215519022636478
-0.8311265560770738
-0.7091598667913804
-1.1306391586994922
-1.3676526963942492
-1.5180134921295427
-1.6119398781983703
-1.9020502075570747
-1.9778297495728216
-1.7714935711826272
-1.1930598726367914
-0.24909410393722622
-0.45107254473248715
-1.4095013808830128
-1.8412688449162615
-0.8442409317515295
0.038844569856833475
-0.2674407473785664
-1.1058075151992035
-2.3225011626437557
-1.6215118323011108
-1.1690769392063487
-0.043588236102085745
-0.23114851311246473
0.5626155603159897
0.5099753063994643
0.5304385916015065
0.1192991619800139
-0.8060510678598287
-1.4628220997893904
-0.8849813430281437
0.130306481856191
0.3428926958402207
-0.10752976406136856
-0.06231509867167993
0.43380225185117605
1.078706076513901
1.1346058014070546
0.2351757804104166
-0.38024738301679456
-0.8375711710538831
-0.7669447000963318
-0.1996418030604016
0.04786918537101664
0.28688818640556596
-0.11891793497232943
0.18773283772218358
0.42944322225943216
1.0992919077526218
0.13937841273885657
-0.5985774698434766
-0.8456409587963968
-0.9046114744570256
-1.5942579634355176
-0.8706725626289681
0.7167440364007331
0.8876205017780059
0.12547551601102122
-0.25174669428298563
0.7875212385675905
0.9524462349350274
0.3434153271373795
-0.6865145920742132
-0.748440963357609
-0.7508527746592846
-0.14902090995900216
-0.005681162321747913
0.22630937507354246
0.13431869608791933
0.47156269686986985
0.2609974202232172
0.21624615686842352
-0.14330119196924432
-0.40683863031713297
-0.503704690190657
-0.05140632463113041
0.4818205158585533
0.017516170861784527
-0.3779298077432414
-0.16542646124743624
0.385779244894269
0.30965307526718705
0.7733822188683169
0.6322777339321322
0.02208006017830736
-0.7725473832307437
-0.72990622395742
-0.9077116803059437
-0.07210517851307684
0.214337468420178
0.4179041972233784
0.11657730479033454
-0.1429468953035921
0.04328756894479275
0.6852624428463842
1.23498824458003
0.8277729497846102
-0.29510269018555046
-1.3051639592984436
-1.1631953376986168
0.0033371575513001747
0.19552028202555108
-0.08030250236046906
-0.13754396890607623
0.2804963432288268
0.41367227038468535
0.5675835414155518
0.9416593006589447
0.5773153860254976
-0.5689701683347782
-1.0900934607558364
-0.930282162865771
-0.5656239704786086
-0.4166823139235566
0.2551584063490326
0.35937770894175675
0.37329396827025013
0.2018940520203564
0.08486517576056019
0.761115516670194
0.6708625841159391
-0.197874167330825
-1.1694209090002399
-0.8060352656578473
-0.20649637608277602
0.09518126497479504
-0.010864830342339267
0.04350628184717417
0.18098118706705388
0.4899079692652193
0.3129314080462864
1.1394708711404233
1.2638811991386791
0.2040041570601469
-1.2513574687534528
-1.0959856848701042
-0.6642365072192195
-0.3901762176128992
-0.4337696967440568
0.42491589204350366
0.4355467120035237
0.04106594383313522
-0.2658619813914046
0.6385378996503898
1.291309777004948
0.6692761777723782
-0.3070516569318951
-0.9465554269177984
-0.5755843583779199
-0.5134899546189178
-0.3091662457223919
-0.2187398494076575
0.10416591335571278
-0.07852924263048282
-0.0016101413630440846
0.41501981899955687
1.1918692346924593
1.011581102789547
-0.2114448328125463
-1.2261988822868588
-0.80150734154395
-0.08333169140692682
0.06601267938603092
-0.13531881409243543
-0.16083084490123561
0.2846880671063588
0.5891036296932793
1.0112607073193665
0.8222668725244866
0.24237676616158654
-0.8752161440023405
-0.8485579259334213
-0.6230546225432915
0.009075679423241017
0.033902935502765894
-0.13869570361558986
-0.4374789482035023
0.4393206048669121
1.1438570520215747
0.9755725286663326
0.02455678380746979
-0.8847902198696259
-0.7474564604034271
-0.4533450219080569
0.029963559941819134
-0.2457374611007405
-0.11758010861134319
0.04869383915854635
1.2271755785694214
1.2532857742040098
0.6525431191238559
-0.04510082927065745
0.4391045528554832
