1.286604446564845
-0.9276812610771359
-1.5439882670232334
-0.8598730814167282
-0.9201702864874297
-1.1224714209610311
-1.436085880115441
-1.100931701168755
-1.1922732405495753
-1.0576368763158202
-1.0007652622142806
-0.7416282222645011
-0.7534873580016357
-0.4605476449143565
-0.33281708298368634
0.1561808901166584
0.01746060416754514
-0.12362882653096932
-0.3687517633116311
-0.18160878891274826
-0.12777572423272782
0.017110638440274165
-0.3709098191528793
-0.36976522899259795
-0.8425469773787011
-1.0019601411743198
-1.3042172577347224
-0.2776242055537282
0.27377023754711544
0.4135882648415449
0.14162058361646923
0.12661935007348402
0.06940802298304272
-0.7113272022538456
-1.7998197229810564
-2.7096789446273304
-1.848441182636704
-0.6021283751420458
-0.04913954642996583
0.12155079157057978
1.6661659720869086
0.7594011136662242
-0.5003435130492524
-2.1209819979582356
-1.1100180696284219
-0.9499134981304433
-0.14847257646378728
-0.5170172819119346
-0.4437239498128469
0.02309286394169711
0.0011594651319823998
-0.11618642895242745
0.026294654245456833
0.23255034184929285
-0.006287179332796789
-0.4625636372053995
-0.8264238199114844
-1.0169758722485847
-0.6291784983180426
-0.3502128475177889
-0.37294553665104613
-0.3771714153502189
-0.08441507934233847
-0.18910185740850663
-0.03494589468618038
0.2385969874330127
0.11830652748521839
-0.21813620498525596
-0.012708869229655684
0.03217480839715081
-0.2898769858318406
-0.39601514946567273
-0.1174791797565107
-0.010626244720567151
0.01906119215380845
-0.06346889131342398
-0.07802498264990632
0.0024342698082194334
0.0885835970214088
0.04907073328755524
-0.08055338506944816
-0.09716120872140001
-0.2207150398230618
-0.2419482495208772
-0.22921532555452398
-0.2785530992750747
-0.24452924054908437
-0.2627178917793514
-0.1474856038244526
-0.14358796347875954
0.07237808903266528
0.09488217723790138
-0.014723906659227844
-0.09763084062772474
-0.08196212240626806
-0.11630267968868638
-0.07486330762007774
-0.1134909651478741
0.201623674175888
0.05676791007637425
0.0863027669764724
-0.09698342977985486
0.016481504242545967
-0.0973901124467811
-0.10157574929444979
-0.1285453361149343
-0.21126013386353412
-0.15852377618941788
-0.02324921929484502
0.08334491806672091
-0.01992150708757308
-0.010404767573546672
0.12502336524907387
0.12932212227269776
-0.046419589481361434
-0.1373854433514165
-0.0802543507337295
-0.08278327842831669
-0.0035947399026908925
-0.1267322636055067
-0.021732481501517485
-0.022917103031482335
0.12326825849975898
-0.0386022533748441
0.11087307521495515
0.08513839052369995
0.12787855008217958
-0.0364542858796378
0.19609570107411448
0.20428897295916598
0.30901938118754774
0.21282685683643907
0.26682380067195016
0.006248047032120252
-0.07356114377968236
-0.10700397443842029
-0.27354821211760755
-0.3991140571887137
-0.3313203597579895
-0.1459246148909801
-0.37617551441638303
-0.2649062113089008
-0.18153540012081784
-0.33033205723616865
-0.1915754619821267
0.14548839148508516
0.23749721877509886
-0.08139250645404815
-0.10236608635353689
0.10892388738425876
0.029631895930632528
-0.1442288264234154
-0.26669467760819227
0.05331886535977692
-0.0008427977398606265
-0.02981658447301413
0.012019750605097622
0.09133023618048038
-0.055414493305268514
0.051611422367525195
0.08642981524324234
-0.01746649906184456
0.3382613405373173
0.596298613834053
0.5201700224744257
0.24886088911882076
0.6009970479431709
1.1173032856320484
1.3265420379977437
1.5591098224835924
2.4442212807218455
3.3414768295872053
3.114270045400749
3.688643687797817
4.63883885980155
4.233150368856255
2.79366899051532
2.254672853081251
1.8648437159182252
0.6582325653450983
-0.054671609855190456
-0.413494373469933
-0.41948438342884237
-0.4383930563822551
0.008763341389563837
0.7979518481831611
1.4213916214806994
1.679383863726606
1.6206211903106573
1.417384597490819
1.072325103523401
0.7688104520699662
0.603701453662384
0.3982888014923916
0.40574047330815965
1.4490198251082271
2.301146021318037
2.396558589958919
1.247242043064578
0.4210571189609095
-0.07300827565933003
0.08367183550909625
0.2357663166381005
0.3965031940818267
0.7083599475686168
0.5343671655783174
0.16093507979487112
-0.006553530540376352
0.0992968882952975
-0.08407095559448438
-0.22357711390417503
-0.1737905081846551
-0.14628155306336152
0.0044957262692802025
-0.020674902309889626
-0.033864623227111264
-0.0330910311892031
0.19732496384588474
0.3865351228178962
0.3675270393624967
0.15993477912525533
-0.10666283344420695
-0.11058147291080939
-0.12421565637465815
-0.08698869209645718
-0.0977530528256202
-0.018913571668539138
-0.12858722157916214
-0.09446929604602727
-0.03021574843893104
-0.05484126358149119
-0.09151616286522644
-0.02226614352596198
0.19014294586406533
0.0642827753050897
-0.035106765748165306
-0.0376719524709014
-0.05746892785802447
0.06316153980102235
0.10532660338470594
0.3473303270666429
0.19353862683085657
0.17678985776097786
0.07836350156426058
0.0012628385978796831
-0.1923991114605965
-0.2475613116358053
-0.011771175346586601
-0.18679268651831182
-0.33012607322842175
-0.02015779970232952
0.6835413894851563
0.49495598827557563
-0.9419568944665169
-3.1716597978336902
-4.55127280594698
-4.710719916653322
-3.92853304823396
-2.8360122178317106
-2.095914122899319
-1.8747358311405526
-2.014234431121647
-2.3281933464071796
-3.3602556093879405
-3.5908481706767765
-3.405646332874198
-2.843394590221371
-2.516120051288925
-1.5252270364063407
-0.7968872991662813
-0.4696581024739127
-0.24557981281373684
-0.2155453401690146
-0.3089528261211105
-0.6403577582631725
-1.0886056874270091
-1.4050400376607586
-0.922624999316052
-0.22255178635264072
-0.008648959893078654
-0.2687544340688867
-0.13322694413071287
-0.2143822645575135
-0.3544238342045382
-0.4006065415017549
-0.2127856306939018
-0.02049069822793022
-0.2933305369933797
-0.30872863807500317
-0.1881733687916377
0.11082902966367052
-0.20104004948448817
-0.277015917345627
-0.11086536873664965
0.20956686371612943
0.060113907966513135
-0.13297946491480936
-0.40404329279199075
-0.12729354307691054
0.03637338519330401
-0.00037703055900131923
-0.2399033075155402
0.015190699704354436
0.24490204622698647
-0.029190700803272233
-0.08433782553059166
0.20876002553864034
0.3954094514417672
0.16140501437248936
0.1009551996970102
0.167545153689766
-0.012261852916855042
-0.225160409308254
-0.35355860582539783
-0.5011476377515012
-0.22891629032507838
0.04649281493345622
0.23723330522887415
-0.019797636786243952
0.047927900155410215
-0.14325041253253978
-0.25055070909267485
-0.34183052015531606
-0.06561055666035996
0.041015162740550844
0.025246633335475978
-0.019209499938338606
0.0795050496129085
0.140185403982167
0.011654528482766865
-0.06554156116185757
-0.1390222853319704
-0.12071990205917456
-0.03879248787963002
-0.03161502181438178
-0.011719671194056452
0.0396707485046803
0.17094104202612292
-0.013484631069403723
-0.04740109500565792
-0.004431496686172641
0.08265582209584553
0.0706804098006798
0.06446511404063766
0.0852036206591485
0.39078533111341573
0.46655963801349537
0.4087323980680194
0.4119029001104122
0.6404697059690695
0.883300209010741
0.9761977870515369
2.2898458287882977
5.714992878769851
9.043849337555665
7.397373793086921
4.7957210216843595
4.229477196381565
5.702418583700566
5.281864088414151
4.032190334435536
2.072333214936762
0.6581528559630568
0.09750757221647345
0.10257799212596988
0.15001791061114353
0.11414181846646483
-0.007892150651533952
0.19280265678979294
0.23845562476285972
-0.12362269840277484
-0.4646480918038137
-0.5739060541797356
-0.40958308618502504
-0.14669457331510757
0.08989635920995363
0.1827751420962704
0.0472232923822859
-0.09615572563422416
-0.04568525968076791
0.026453145167651754
0.13936352680301184
-0.14853459648942077
-0.25979849784119363
-0.35480973029246593
0.002369446102097336
0.05497068645732092
0.08949136903856157
-0.04652877897548108
-0.10097298692157511
-0.1233923349013537
-0.1950395565997949
-0.20614525815520218
-0.15351420663969828
0.09374321667289498
0.0232634347110749
-0.10075187600107541
-0.2132571367982979
-0.03422610319366427
0.07225900667529286
0.12396734010523813
0.18513601875481966
0.13602926792245776
0.06837500025500123
-0.04576007376849283
0.037942373547332896
-0.012194751061276364
0.0625340791705955
0.12479189664874202
0.2177722320343819
0.1461300443331986
0.178655958606267
0.5336815618321685
0.2438307503465351
-1.6358474275543347
-5.131784331445364
-8.063309345454046
-12.64440674092234
-9.873701320648781
-4.007713305542532
1.2580944354307144
-0.9303789544455376
-1.9521040637488032
-2.164806956177505
-1.8019406439514483
-1.4298756189613326
-1.3730467291181452
-0.9938362231731545
-0.6084251178427826
-0.07953020956201928
-0.14190305372861
-0.35739288430016686
-0.43727296609855376
-0.24994720304986567
-0.5255746008989081
-0.16717443260856366
-0.03388659090768421
0.0979266728037096
0.11929884156490726
-0.21529565895865682
-0.3442338906301685
0.4322608578263286
0.4453667572044589
-0.1095369663970992
1.1113428216384162
3.0391551022919607
2.038762367629861
-1.0883118342178633
-1.2465646812785836
-0.4509320060801974
1.045365594604985
-0.19505895073681292
-1.6149490864718392
-2.5528546116337223
-1.1530409245444961
0.4283220887164261
0.2859405172635281
-0.12334015868979076
-0.22319289449235444
-0.0012875946809806683
0.00909008488187899
-0.26867759719976525
0.002564966328329208
0.06522420898507432
0.08795489330837379
-0.11616393140692585
-0.1417545033067657
-0.12360660134348683
0.23764887531990408
0.18279381178036244
-0.012870651378481727
-0.14861423215662886
-0.051734382949000415
0.026754488552395244
0.07375036000760753
0.11010674269099113
-0.2858706205573776
-0.260544509282673
-0.18642347884076652
-0.14317005993380866
-0.15400990234270534
-0.19911662121142268
0.1390514406155333
0.22231003138209304
0.3156252281001279
0.26263406384645854
0.21363399199032065
0.24303510536595957
0.34681936039037486
0.5123050054253364
0.7150220393568169
1.1082044779489513
1.6756354005691212
4.845584853708712
7.967608278549002
10.243928695873555
8.728349694863834
7.148218810277213
4.457012675936656
2.98428354470657
1.297811144346495
0.22863096901040353
-0.2769899761461583
-0.3701589098749529
-0.33112151228923964
-0.3401080148240107
-0.1828385437899686
0.008113577079293539
0.1315735090846083
0.17878971366429924
0.22538768643661766
0.1033427739669782
0.08973541491906764
-0.016154184447075646
-0.06185036173219997
-0.09958793806548083
-0.10119083606827835
-0.20577467690519993
-0.3203233851859251
-0.20346641296474613
-0.21402677056798147
-0.06189620577070528
0.0013836496693330625
0.14576296413129017
0.2637487739047656
0.4361739728559649
0.21888834199687146
0.13621033791004755
0.12761288943442364
0.24367217956496998
0.37148509393505447
0.2874029497793441
0.3835353490864076
0.2150903248869955
0.19131685693707134
-0.17273377940559637
0.03881041241611925
0.21930966746181133
0.3565162660191579
-0.06720713832456919
-0.2836877232015881
-0.31554615645974077
0.04734861688248091
0.010227889471326494
-0.08221231612618042
-0.28155777939144633
-0.0855245406110929
0.09846052587162539
0.12161298477617216
-0.009446978892265184
0.06588846140415
0.10076750233252292
0.09705942023032726
0.020439134667172936
-0.15730756861819245
-0.24784060876505631
-0.20831287983085942
-0.17409026378954828
-0.25162778530861785
-0.4695762835583516
-0.7745356600730166
-1.0801060766651656
-1.1414335973650451
-0.9151207558619701
-0.4871641035431084
-0.27463623060105935
-0.16236957345197292
-0.42483704256864313
-0.6704268859896434
-1.5062062961209057
-3.0492103586479393
-5.085970384972172
-6.778917221383041
-6.323197600644986
-3.0972496879448643
0.9835061949802364
2.3513692538303563
2.4206317147682865
3.3208318692689045
3.0742861890696456
1.1393387113348508
-1.2978081746255326
-2.6465534353670446
-3.493569940918188
-5.0050502316561545
-3.5463566774394497
0.034904990794431864
3.961133670231007
4.868760382362109
5.720239211002265
5.352698645358947
4.172277300996311
2.858842219491236
1.8171208918996602
0.8773369421559628
0.5384995443981476
0.6216866502237071
0.52758321267854
0.5458623862151518
0.47932796811657913
0.14632760667701633
-0.13505468724647077
-0.22656302884706198
-0.17145785506842956
-0.40821793612845847
-0.6606717391614534
-0.5925852447007601
-0.4031795279405522
-0.10713112203390018
-0.22747916243599692
-0.022202909213647766
0.06606570404286292
0.40174925904078007
0.4257021009521755
0.2744725747948818
-0.2217077495222198
-0.35234629559633307
-0.3514750347437981
-0.23779389006974425
-0.259895704325888
-0.18724114500115083
-0.18787050156873827
0.10046330961328913
0.274834678497455
0.44053034025071164
0.42038822390892644
0.4591708484506424
0.5720020710229483
0.6515188500044764
0.44740062719385565
0.07656648236213323
0.0028193604652095245
0.020000865607002875
0.036758263697482675
-0.055741446498315805
0.06637698520342394
0.23400676954827784
0.4576348450499717
0.42898852193274806
0.38153085124881864
0.18660929670312149
-0.11991932465906589
-0.29460205479046797
-0.18356569257165642
-0.0686717823201949
-0.23520812221852813
-0.2889043861789973
-0.26423190259778256
-0.6943645767114033
-1.449126346799251
-2.1891336121197646
-2.6479265884414773
-3.30110738197036
-3.737463823179246
-2.92128716447509
-1.9691728730166733
-1.5899381319641808
-1.7557230136529405
-1.9521594657375059
-2.12925538753036
-3.1044469424920726
-3.865756715656856
-4.724262239104056
-3.756186857956519
-2.306390057757869
-0.5141975497152288
0.2217683147721817
0.3977367286142884
0.37672334553004183
0.7341696294377738
0.5939566937206174
0.15388993482151878
-0.09697963570070095
-0.2686355432507403
-0.8640991645239795
-1.2952239138851962
-0.928713443484699
-0.4596613615347588
-0.31668048350341393
-0.3047952777745509
-0.16318904441902105
0.14654562212784958
0.2179197893526909
0.16066331124941136
0.16831831965109248
0.05227890232541627
-0.03633275834865708
-0.31938772268975313
-0.22603599900476765
-0.2930185247761158
-0.1836786817749617
-0.15888764004630365
-0.17327637094493667
-0.25799375998841545
-0.12253184923968431
0.1816947515041737
0.14920196477001083
0.0676722619932837
0.058353201698441035
0.05652185463067549
-0.07777246656446886
0.0011814644933775382
0.0009307681661865445
0.062079640432660364
-0.09818499251578075
-0.0913811169819197
0.027896309998465183
0.525366934043355
0.7925868229901751
0.9333383735218045
0.7963929129611711
0.8326988274290095
1.3658030546557791
1.8218203675279414
3.706280420122105
6.518928872362963
9.006144207203745
8.75946430470257
6.970342677850088
4.158077510198651
1.9215648855397771
0.7368273864462301
0.401622968783375
0.28550163255202166
0.4246614156694195
0.27958103234904585
0.05957082234214465
-0.06779495331862226
-0.031011286430745032
-0.1554192435199852
-0.2018181940788099
-0.20227252070126805
-0.11944854438356983
-0.13561870662844192
-0.0919543127409458
0.1061828857678329
0.37104465044548784
0.2224252231630919
0.1234847632790185
0.059144161082761826
0.15671783376885798
0.005729989211817602
-0.0026659073783054502
-0.047015212866192584
0.15518366235359732
0.19279934086157066
0.07524693444220337
0.04914654156285647
0.12679847777529876
0.06316101669001788
-0.18528431919383215
-0.31316715094507513
-0.14817714138038046
0.31103408313040803
0.027963867806584938
-0.2699129814088661
-0.4294931583231895
-0.0078093719343867996
-0.12617669190081043
0.11131249103342367
0.5997190554376765
0.368492766241658
0.05561742675119053
-0.6170473287407412
-0.2550258518124971
-0.22710110537467612
0.39202146253624065
0.1418926874661915
0.045381099552519816
-0.13530684451833913
0.010704439936682407
0.011790705529556824
0.03712818230370274
0.026471895780674007
0.1907203334666849
-0.07579233995011214
-0.4767015943645396
-0.9006405298421357
-1.468667216458688
-1.7746090481596508
-1.3700673266338288
-0.784453849791247
-1.0301717926364315
-1.1105445998832573
-1.4160682365179895
-2.5766061412373586
-5.2839742038606765
-5.564994048590771
-5.572865067349339
-5.159459763804643
-4.9529811476535635
-2.6441377338928165
0.52624931658863
2.4923269228424285
3.872210177074185
4.108806153282202
4.0047691937167675
1.2223817184883692
-1.710426375558692
-2.0604272318925907
-2.6680571179571353
-3.7479527847998475
-3.900912867534526
-1.956774710162981
-0.7919558464826987
-0.570491473666671
0.2193290271490164
0.7670394225904577
2.0502547780749443
3.1249664608680914
2.638097556471742
0.08279669678191186
-2.9914586252591677
-3.572947091881793
-3.7145892927933017
-2.4571669992017346
-1.6132158549300022
-0.37067717090095875
-0.03533598993726341
0.3247561233620068
0.30864860559015067
-0.07239845363356891
-0.09863099031310728
-0.37873518949768153
-0.6575630453827285
-0.9600181726280362
-0.5989393837977904
-0.2466751232930383
-0.10829853404891154
-0.14370804824780986
-0.08181215871464274
-0.09022921042468014
-0.2533269619952008
-0.10851361482452125
0.01103998021299048
0.021651937263186573
-0.3215621749352065
-0.3536183965239441
-0.19241956475628028
-0.04025152905864006
-0.06630829270738967
-0.07464290763887696
-0.06281413498134235
-0.03975357055811414
-0.048138889571688846
-0.08460606215206191
-0.2086618893993031
-0.16630106948997472
0.2587174196630045
0.17279910205557772
0.10038669753119969
0.054864957586115766
0.23880921595975746
-0.014871823882496953
-0.3201892025136463
-0.40965206951864147
-0.17440513817425735
0.07442932314821825
0.11352642430456757
0.021130038025611645
0.04254993112121289
-0.1226634266480589
-0.05514812142502998
0.08473676341382597
0.09711240853509825
0.08619235368025642
0.2065109860668827
0.2951804213484803
0.43379802008645946
0.33757529925467855
0.7966915345400342
1.6462477095727968
3.379722352515835
5.474799688054386
7.976379528796491
8.55759373580748
7.5496934376413005
6.1578212719463945
4.589848211237253
2.7194791448266833
1.1051551615244386
0.5563912546394106
0.13887953384325444
0.1656238699794039
-0.10697975850440797
-0.19514689941559388
-0.15193022912476792
0.006892932384039087
0.20891058459010592
0.24905900385168472
0.19989744062650885
-0.3841469394950101
-0.2916780822653086
-0.33369083373868796
-0.09421580962070222
-0.08583207259853526
0.0954677246852441
-0.07994111700199637
-0.2081346853265383
-0.06533543525671409
-0.053132513164839267
-0.259708085307894
0.011416310979321375
0.28945041094817636
0.5279420728252519
0.14778915782336097
0.30026073410312
-0.020292018576418866
-0.06403076003260415
0.016727876830541062
0.20695265698411927
-0.09476865875661972
0.17696941288654963
-0.16964991194438772
0.03685853408432292
-0.062169356490801256
0.42700467528269154
0.11405370124131552
-0.4053252390355752
-0.4858533784186328
0.032532247384291134
0.5109161117211881
-0.1348214229547683
-0.2698517064312721
0.16020468778084296
0.27634418739917743
0.1944005377449875
0.12330114250639176
-0.18646081681026733
-0.4747776438743959
-0.6659921225980827
-0.9894552553131749
-1.3115265768685993
-1.8247856013333157
-3.338665646094004
-5.176527272426431
-5.413166440055812
-3.5877650496036435
-1.5359942620167057
-0.14418635851434589
-0.18367167656578395
-0.4566464783900497
-1.2988762980196364
-2.7260786354848174
-4.308481224091858
-5.48259771936009
-5.15220432474338
-3.530350533582867
-1.4469373162566677
-0.9584383192971255
-0.9114814510197913
-0.5057111649300359
-0.10297879911025906
-0.3642934198785502
-0.09179918534718065
0.3214739762513013
-0.17237862949637925
-0.542330059116788
-0.40058997497380056
-0.10551720418528075
-0.48262864499540975
-0.19724265990984713
-0.3501753546941524
-0.34510511264703375
-0.10659624532226689
0.3440520490015554
-0.02673324810014962
-0.2953874299120594
-0.30126916995417696
-0.1718353415638026
-0.2271183539163428
0.05383997180262037
0.17598196552344328
0.2150783357990077
0.0668976410269602
-0.09111683949634482
0.024132593182981093
0.4151077213288931
0.3736762062733261
0.1347171893842416
-0.043294368728166686
0.05044083977756723
-0.01966313076903576
0.10732019033450016
0.19600117120387925
0.11941344232724262
-0.025431327488109938
-0.3704112157807637
-0.14356060184320144
-0.0767213828886606
-0.14330271314757678
-0.145858778454669
0.1964115909234114
0.797661899016832
0.21291579361419236
-0.030084914825914178
-0.17503685447391332
-0.11372381339055922
-0.29165655533463475
-0.06636376022897048
0.5072320598117359
0.3748775887148425
0.213243275220659
0.024110032107254303
0.5206566066411235
1.3271736455326593
1.8213376239428645
3.079095177677259
4.730121026100053
7.253243159624822
7.129860905000425
5.988579605729212
4.406515323118009
4.336753566108243
4.065311113786943
3.1793773020160074
2.561303985121618
1.6029492169261017
0.9280388909995846
0.283692253982395
0.35464954183031655
0.049801493091906124
-0.1126109691115504
-0.028227541523615535
0.10363078215594934
-0.19459345001458625
0.09295769009086548
-0.4612282667026502
-0.5176925627807166
-0.3976436610335247
0.4821600549871049
0.07426516140470023
-0.1322296006782495
-0.013352950579888705
0.4670990113975296
0.3369120850853538
-0.354890341155736
-0.41454645318907657
-0.12225916595361185
0.22638283415484528
-0.17456452057048039
0.0701239584624642
0.5455072619988068
0.8018040899652291
0.48900639100972204
0.22371643293149496
0.09645853786897575
-0.098848299481148
-0.08330236578933532
-0.30192026133905203
-0.199332067285092
-0.16333733149146476
0.07820435532756242
0.21433825704032053
0.206739288692493
0.24931327762699326
0.34151653248463976
0.28979481549842667
-0.022855079687501743
0.0850325782810683
0.04439564745825994
-0.07601818659632864
-0.36025049188021235
-0.3077807883703418
-0.31827891702016853
0.1151846259449062
0.45199151496886486
0.26871277380137365
0.1265162007828848
-0.15951825978473907
-0.22231779434289597
-0.4962160257152497
-0.4768546771892544
0.037129056112075065
-0.18811739819875897
-0.39492762488046806
-1.0830969951915297
-0.9486369133846158
-0.3558284967590788
0.07260222451918016
-0.056532959479099636
-1.0630377876221946
-0.6150206725774371
0.08452003452092971
-0.827195530595664
-0.30151081300394617
0.24876318484660623
0.7418443443052553
-0.47702131623762956
0.2583965879420194
0.33937497553229323
-0.5476164453827869
-1.0318975589259414
-0.6190245760812904
-0.40475468760878486
-0.21697848527164953
0.11349830644708604
0.20026994306631601
-0.2558537134186367
-1.1803486066237983
-2.8769293425653433
-3.535012670415941
-2.9513862669381212
-1.5703777761193565
-0.33944853645592565
1.164366780455905
1.6117690233310988
1.2930278756414795
0.6281668810242127
-0.36444606811872526
-1.0789779827039827
-1.8361814146636335
-3.519538830052982
-4.178969520196532
-5.120579613293192
-4.309094657093937
-2.918301732144484
-0.16486932246265826
-0.21594625554943853
-0.767559141700123
-1.629428564802579
-1.8016812057478497
-2.194988772319847
-2.274307527124215
-1.7061891600072463
-1.41881341747686
-1.046339314282768
-0.695787163735312
-0.16681572412339585
-0.11729295774398657
-0.1990459769568378
-0.48251153607230335
-0.5417495113948047
0.08481545560111682
0.1467944915097494
-0.13714309822663628
-0.46536804487165434
-0.3482443975909385
-0.6223610586681987
-0.308692730345755
-0.2546023263494402
-0.025929870897062977
0.06416091504821368
0.4422195427169837
0.4693518274525085
0.19329170873570573
-0.5265873894066697
-0.4098235395502253
-0.24321914093922387
-0.04681390528799722
-0.16963830824475112
0.16997092020555993
0.26454173041979956
0.2967366930720432
0.1937041993353995
0.005559280230310087
0.017501081796717523
-0.028088385069724095
-0.17150875091176906
-0.3210423948248311
-0.29109616335513977
0.14176908441052746
0.3491930805994409
0.3901925376163472
0.14334498152681144
-0.22807432896285165
-0.23226157956942056
0.03726375572989108
-0.09693007072558334
-0.18880845628293116
-0.4425760293590788
-0.14725790316116785
-0.5707020278253949
-0.058346432446605166
0.1379384706565741
0.1853990241832869
-0.26674520991574785
-0.23711793955080102
0.2860553089912851
0.027984711071889972
0.2951347897596499
-0.005885958226961879
0.09842334706047223
-0.33350161180472043
-0.17217953952395246
-0.1194360538928386
0.2468343302546529
0.30549633500302475
-0.2427340196684332
-0.09562028485047266
-0.022014157662956592
-0.11067133933045871
0.21589393424243292
0.26836481155496805
0.38875863393777066
-0.3028706439957112
0.08852880435456731
-0.18047624409250965
0.3550587471930111
0.1798797103534793
1.1396367278874566
2.261370300085638
3.150865824710251
3.343816296394524
5.17495118388584
7.443961937696837
7.273367408680115
5.567299403749495
4.249623447501304
4.265375167337016
3.3853076987025434
2.2894917154092593
0.947094165656715
0.27772271405055693
-0.20835386370655481
-0.13685388005544863
-0.005166705316830572
0.24849767596232777
0.353094847657334
0.6475904260929424
0.5791281750277341
0.5770208751125344
0.6888863266961465
0.8242710502512398
0.4124117399514716
0.06032668438440757
0.07839744344092399
0.2724813397264025
0.3750377490090919
0.19707207976215974
0.23011395560811085
0.6320468580741805
0.804472245856497
0.468903354261343
0.22207737838899108
0.15956524878928643
-0.08688712449060937
-0.06939927284791894
-0.125479076218749
-0.3222813752272541
-0.3976692714618361
-0.09115667600722373
0.2322680015352917
0.15593188158315116
0.09102769749637883
0.02564045855663423
0.27813000880663213
0.009856673566464585
-0.08066505798117811
-0.2436917071209149
-0.1843306246519732
-0.323681636151752
-0.09930499757516921
0.1278097130568307
0.08854920540626814
0.1925769097893702
0.14075186641019385
0.12185437161135874
-0.1460873326031614
0.12386127368248019
0.032706459811681826
0.05296567981886015
-0.09940920639851424
-0.12845255661572122
0.13153270012363186
0.022889393726891662
-0.04884601460412974
-0.16019079365644445
0.13601408121655886
0.22709347741725464
0.2704185724119566
0.2999118702867795
-0.014702316971751676
0.05909340200546012
-0.056190782156118155
0.17723596852966658
-0.037112220271200314
-0.12115523039637721
-0.23666978811657988
-0.15619799045876626
-0.15387934801975187
-0.10847776576783547
-0.20403872074887283
-0.45488713091104727
-0.4313608681225479
-0.20563092012091003
-0.05524107577889151
-0.05312895133547348
-0.00013329551588504222
-0.12740910917109943
-0.23691477075282755
-0.13976204964540567
-0.040917727025564614
-0.20691572817025036
-0.17185369291658237
-0.051805234138511846
0.06123952982281981
-0.13335630870795614
-0.08016625020980117
0.06805923632327625
0.16689462864596888
-0.08964585649268317
0.17376447727656663
0.1826782333819203
-0.029620078538341397
0.05420096005233607
0.09718914363241124
0.026108383476858663
-0.3981101934239794
-0.21364484052063587
-0.32073401515745825
0.23103612481828442
0.3680663211133497
0.6069510295001258
0.5156433163066447
0.40872237939737815
0.08808180559200363
0.07917221442741434
-0.2017767731563528
-0.48809385689853635
-0.566463645378793
-0.47111949502213213
-0.6059748889381711
-0.5694113588903058
-0.5239914020705236
-0.7484591819110346
-0.9960764177329684
-0.984112885817398
-0.5854224033210365
-0.5051609295903735
-0.5007118818454988
-0.6753301099120989
-1.1298860613434167
-1.61677134337029
-2.3267928377371088
-3.202367996676534
-3.67579027935145
-3.0255156039432527
-1.8584023633049922
-1.7281967206822717
-1.4638561022455365
-0.6854592459865761
-0.44548698418111854
-1.1577345068714997
-1.3862078460047034
-0.9628806158503059
-1.1900238822904878
-1.386332868516773
-2.1114547311795318
-2.0436312342203258
-2.151358561923391
-1.7951697998587062
-1.3894922271747792
-0.2402793988890791
0.46723521091465536
0.26672134667808395
0.2427413300123509
-0.3416718939296891
-0.9032340893854809
-1.7355786646552156
-1.7702413998570328
-1.52893251129008
-0.9870028679696583
-0.6213677405244312
-0.2199232086127856
-0.1021383635652606
-0.21397248286728532
-0.2808563954407835
-0.11318001310480809
0.2445356020993997
0.12938272015175598
-0.18912408437907915
-0.5470910436589427
0.10468432678573682
0.08496897917077512
0.18685977519014138
-0.2054356174951911
-0.07051169145736848
-0.32649436137334864
-0.12751624566576447
0.16710533524411242
0.09286830494099618
0.04750922825616503
0.06712774450947845
0.1452482926567488
0.1435961498877873
0.16265987347325714
0.07698507813380347
-0.10521701759599976
0.030090968486137282
0.06702647476443634
0.01005388409244366
-0.03039226688501518
0.17094782323905905
0.1267605662500103
-0.01714968638566142
-0.10022365256378855
-0.05329194803044555
-0.04551767839209391
-0.0019424326730461676
0.13489654742494878
0.008895233422062337
-0.11481694775861954
-0.005114004835529997
0.08851728249930528
0.08576557716844639
0.13838729921066054
0.3783341066347932
-0.015186589457658915
-0.18794676811285413
-0.16107433214851863
0.08321747295062161
-0.12172912347418129
-0.07574353924829368
0.10519353597958263
0.012879251918250133
-0.26549749684067103
-0.2791585198772869
-0.17772398662369332
-0.076339230513723
-0.17619292427938918
-0.1606738764099873
-0.2077103750260352
-0.04558353642130789
0.10679918579199417
0.020312172909118287
0.12108762015967134
0.10438724749483025
0.045917304269073075
-0.251647402808549
-0.2385239546396583
0.023961043802446767
0.03857806388029219
-0.05608823711719737
-0.04662107965014693
0.03867465100388876
-0.01644969188101329
-0.07364257430882679
0.0968457944612058
-0.10491668205250324
-0.20551118554800105
-0.296824319786863
-0.13045329801917546
-0.07460376127287519
0.08607010103228734
0.1780772247596675
0.1771001596120315
0.2213450889334124
0.03753370412058662
0.11421878689194404
0.002478255185049546
0.14159429340449928
0.04154921648134732
0.02937683706535577
-0.1381381051280659
-0.1212837169215591
-0.01714904644114654
-0.06249663897813085
-0.09896108460720122
0.07928648539753148
0.19630982258236818
0.20815395952568555
0.09986312524982686
0.0392735403857586
-0.10033016363265328
-0.10057704107111226
0.05766514282366229
0.1372059038131632
-0.18745919962396645
0.051218696098686886
0.3656849256469035
0.39696236294402865
0.4762352189553397
1.1880177600290422
1.9360184878394169
2.7125640052219744
4.184461822328766
5.780768168000604
6.112563037022715
5.6307216163497475
4.423316252114048
3.834010872103495
3.104349263906204
2.632794588318329
2.1736155743077945
1.8916475257194363
1.4778961513112128
0.8506588232464525
0.5445886298722861
0.34781458219069505
0.28963510024222133
0.2743951989395588
0.4781069891818731
0.6567729657313999
0.49870699065695806
0.375509614666
0.4710071426895409
0.5181108823674535
0.3618707929174209
0.21243516000047713
0.17767456320858865
0.03290101717494852
-0.13995139100738815
-0.11567886556664377
-0.17573564376189732
-0.10980601614315647
-0.05725381783714504
0.29316488574878974
0.28856434244859036
0.33537589748883784
-0.02962506726217508
-0.1839022283133308
-0.26672468920099407
-0.010602283413368488
-0.04560807200644843
-0.003258483246000495
-0.006764914549073737
0.13240639146420016
0.061842652170204564
-0.015018805207843454
-0.020032372546462424
0.35116142328904365
0.18472971860550524
0.105595836111138
-0.1918729067988865
-0.09548584361891087
-0.2680298525717964
-0.03388751352872725
-0.18605374903740426
-0.15537569258787146
-0.05249552414296886
0.20453257970043656
0.2991643768871458
0.32759262781609993
0.13669689877386815
-0.2620247120065271
-0.5379961390880211
-0.5448237926040337
-0.21456553530677988
-0.12283395314628663
0.06583182050212841
0.0487498680753075
0.1486534774203414
-0.22142959878328186
0.09647910378487269
0.47617230547850653
0.3654878661306279
-0.14840344970526287
-0.45237213053773073
-0.501716048211824
-0.37148795637687804
0.22685136178325307
0.7384015511033781
0.4273451047409548
-0.08805496642727174
-0.45331829848234717
-0.4818179947649483
-0.6878828833169051
-0.8262522343537663
-0.8592071981816296
-0.9507373939969462
-0.8263596497155982
-0.9736555925999822
-1.3230528993787047
-2.043879413372874
-2.4862484436468426
-2.8272872160137617
-3.570601681794782
-4.420249973919841
-3.843740993770085
-2.3924975986795265
-1.6849446446438519
-1.278736072553131
-0.5399217708292865
-1.1284102789867136
-2.3218066955226413
-2.4748628928209544
-2.599038450013691
-3.039810454079107
-3.119387070460634
-2.2884700265071403
-1.5142461734520691
-0.7185412431427277
-0.09218204124448123
0.22774047176045548
0.2705229894904311
0.04586439129920244
0.036682534415988656
-0.1577860689152378
-0.4278612697110343
-0.27914089966274486
-0.12887086743579979
-0.3981813681853981
-0.3431083542054383
0.1698525497493416
0.061567369567527175
-0.11122360177297475
-0.11697982534216447
0.04255473360105503
-0.22632890408397288
0.01137438772904296
0.04742630580141052
0.035389774143007105
-0.054055320590186716
0.08185174826113803
0.1243150887744744
0.08006830363964418
0.12162042430116785
-0.07104180075825917
-0.10998589739513358
-0.4481731443816683
-0.33061332684555517
-0.22626896698862603
0.1899714085548401
0.14517409539757045
0.16834005565589935
-0.04568931718542204
-0.1612403697317119
-0.07258589439540576
0.15160602461829448
0.08326919397467604
-0.22850231160975976
-0.6369286369925952
-0.020951661804218313
0.15292781838795602
0.35497850574437234
-0.10704731581481217
0.18548177796440843
-0.0019354782495857304
0.12579821191540658
0.1896794718295144
0.11778720989911053
-0.07510557492275427
-0.12868309399636163
-0.14043378083036154
-0.07260204564055374
-0.15715961553404328
0.015679507832604193
-0.11010661073103889
0.04515160334013092
0.094495673898418
0.4016076709896269
0.15226854692029562
-0.13000350870143412
-0.14802531964794538
0.03323799528854915
0.020795001461045372
-0.30983537329088356
-0.2563586044128043
-0.268373118081325
-0.3022757038625898
-0.1567448562644891
-0.0854127292314312
-0.5900432019881012
-0.8816269646891943
-0.3771974414372375
-0.10142387650482344
-0.25109644682798127
-0.09915155084193308
0.31671715611705975
0.4541990555575408
0.0669178592760874
-0.016910085053548202
-0.2743719648305654
0.3614898777074453
0.4016716453117717
0.41953894822022497
0.06952120863655868
1.1193493678004098
1.439034651472965
0.029518431552366955
-0.5240329514774495
0.27122402200253615
0.4759063546843027
-0.13122882549945672
0.23903450797485987
-0.021719767177494565
-0.4508233725556913
-0.4213108142918815
0.09389298854509762
0.8643150315510265
1.0887188170004745
0.4932934678187814
-0.4139003804011795
0.984021195492467
-0.7408619620511424
-1.163138667353447
-1.0817568454234887
0.33034663262112063
-0.8097276350717741
-0.7950666179618887
-0.5057481482366258
-0.2728552355841165
-0.12081570879050978
-0.09757881229248576
0.006276459440400446
0.6630914894644957
0.895385352339935
0.9604230612225682
0.5910888612366233
0.005725945550953729
0.053697727114053184
-0.30057491197120445
-0.6133640643699416
-1.2010262546295696
-0.5575597198431701
0.11219698714318488
0.47570277351520346
0.2561011265364486
0.2875784771475795
1.158276967898495
1.5452133236641101
1.577482836398286
1.8533294265511369
2.2237742985718327
2.1528834964779606
3.007385237562037
3.4571656680528844
3.681031373485177
4.050128540173096
4.274708682080885
3.007148279277581
0.9596843087646424
0.07631108225291995
0.017152879116261826
0.19728803116135796
0.26883969691045645
0.8036876640956704
1.365418013736521
1.9636327524953285
2.8745160932794858
3.1406947134501793
2.678100372627402
1.7485508955369484
1.0008609024402562
0.8582127578330522
0.8014316084948039
1.0458064450173894
0.3168454040345272
0.4674689625136377
0.17105178629594903
0.38015431622114787
-0.05271241066966048
-0.19462591861622536
-0.05952289673642036
0.07606393309845794
0.08835820547517695
-0.13985843559349875
-0.2678249215263536
-0.3244099985294764
0.1961584868873834
0.25462713214097005
0.1538442826805929
-0.1301060920095239
0.20395194463422558
0.4027319186131757
0.22593095119139714
-0.07515996182438239
-0.03246998183109743
0.2848209913855666
0.12979771203389517
-0.06543381505438245
-0.018207217737224377
-0.05898725843749177
0.0012351159168689377
-0.15076446997751317
-0.08632396250862301
-0.4563261097776243
-0.6165448588921847
-0.3674023360712811
0.23007685848525058
0.35484460329651596
0.11960176873051301
0.034807536770856795
-0.03220866037689524
-0.1210267103618825
-0.2802143376801695
-0.39993321699721884
-0.2653695669569096
0.30281595000109574
0.2699964675656139
-0.043548460786808484
-0.37643438812624247
-0.44104201857648806
-0.799994086497519
-1.1418722301866029
-1.3129361497098815
-1.592246748268726
-1.6275088301303362
-2.375713640432255
-2.494113114894638
-2.344891260805919
-1.8850066904650993
-2.295501579317671
-2.720922265393976
-3.498017316377412
-3.483188673989936
-1.9578097575460187
