-0.001060995795813254
0.009999359142780152
0.03895298282777805
0.10713437868497167
0.1980038062251525
0.31551067353768303
0.4783063684889478
0.6482442079961839
0.7691042553689771
0.8259340504199058
0.8644866674805727
0.894289243361701
0.9188702674713568
0.9425768562664847
0.9534456685828612
0.9660599242607396
0.968880887416538
0.9668943966463708
0.961716927583973
0.9558458349490502
0.9522378956271436
0.9456386762284743
0.9451247017744071
0.9387063404767035
0.9412974205155223
0.9440122063698307
0.9490463558157163
0.9471630390033345
0.9457678249726345
0.950494577411556
0.951528472363025
0.9530768172727988
0.9381166905710503
0.8984576383626987
0.836155604536335
0.7590322927245845
0.6559238768781024
0.5363312148091679
0.43358509946814044
0.36978418192833296
0.31789586284750343
0.2741382174735577
0.23157073949560794
0.20786229563015346
0.18591313953726946
0.17268591627687685
0.16663256842588675
0.16595866726199288
0.1670273898641507
0.16362072109943848
0.1606989415006029
0.16012033387476451
0.16096578961376978
0.1602371529563619
0.16250830271209588
0.17095878910173082
0.1793275219303856
0.19600643809602789
0.23230207412138942
0.27804412274195633
0.34033417896485074
0.425918333577276
0.5495577596788801
0.68382494050033
0.8060636073825644
0.8801630881614169
0.9081110926291808
0.9229166803121223
0.9383228591817534
0.9447042442796925
0.9399127424786408
0.9456550732279015
0.9547369138749195
0.955665859062521
0.9528869300144622
0.9592133979638089
0.9624190970591504
0.9568731065757579
0.9460334361399989
0.9410953350454523
0.9460605881814418
0.9487476723825208
0.9557821781204037
0.9523478487812815
0.9553993209530751
0.946717691284308
0.9241778026832168
0.8668861125721624
0.8010984488325938
0.7196962749480995
0.6176207233381583
0.5161532197057772
0.43969496293609756
0.38426089342104097
0.3482783628092838
0.3243818752484529
0.30086196355104905
0.2733501956178498
0.2574168237316048
0.24196929309244045
0.23032576595191456
0.2179699810230582
0.20880552315661338
0.1979505666505536
0.18647306295581312
0.179534669610624
0.1761288283330281
0.17389144572742526
0.16729454147290185
0.16307124432230896
0.16106179579256966
0.16291712928005683
0.16658724056529095
0.16913587343714137
0.17294665829453593
0.1823369540841689
0.20079893489857736
0.22490910176304368
0.25946103871335896
0.2988728091188436
0.3739272762787545
0.5136024243499796
0.6957783411647495
0.8386657092853368
0.9031720257485899
0.9206845291354547
0.9305017618382049
0.9388402895818405
0.9454849049157297
0.9530691080603897
0.9699984937835154
0.9770889091812889
0.9841838708349515
0.975192006689215
0.968544444424307
0.9593612108976559
0.9644599234553827
0.967699827917162
0.9680082502923618
0.9722680870556126
0.9809700912709147
0.9861168522683013
0.9792852740846356
0.9854286713358694
0.9780082846425756
0.9658169952073019
0.934116522890653
0.9025512916787687
0.8338354801466048
0.7330092331334015
0.6024763969702364
0.4843770518559002
0.4019935276633815
0.3624581758812603
0.33251613392265367
0.29930531291993145
0.26272508534449796
0.24014214631084926
0.21513530954055396
0.19985444454422835
0.19038732833511934
0.18542898084248535
0.18016621936125765
0.1805979425117209
0.1810448452277157
0.1802453204991158
0.17947566679582133
0.17862811878461
0.1799324964502006
0.17828811487335527
0.18138611275381195
0.1846705493530156
0.1940291008370499
0.20070070216610625
0.2293462228357937
0.26859487546100663
0.3289019592003723
0.4150425680834261
0.5486393961299996
0.6962427738863168
0.8134951399694667
0.8855520818786536
0.9179281963696166
0.9330020132419192
0.9496598499981705
0.977593305956183
0.9920619342940228
0.9886168920060368
0.9851432988365513
0.9849515967517777
0.9846688920425202
0.9850404401582437
0.9911881122660199
0.9909216253417641
0.9886496736961936
0.9850608160755956
0.9835642009973592
0.9802026432887907
0.9828495758762174
0.9874719909372102
0.9955203645178765
0.9829175921050155
0.9705306420589561
0.9445519398225142
0.9131237366053002
0.8555168829005853
0.7674337655986865
0.6593792086350186
0.5404811537579362
0.44149511393798807
0.3683869092328855
0.33122773448614784
0.29566919854465173
0.2568497858703419
0.2293008169595897
0.21380373553454496
0.2007998406459777
0.18763704525491523
0.18198782942580732
0.17565469727910454
0.1691478574056692
0.16070081536385594
0.1575447887469672
0.15221241953702683
0.15036002894872352
0.15036425439462991
0.15208062386501653
0.15232041447709932
0.15432509593203603
0.16022508593864826
0.16842863837736977
0.1831577255871552
0.20925686523167653
0.2503511177471085
0.29083377568551516
0.3432363653078347
0.42987170941054104
0.5488348932049294
0.6773297525383873
0.77912438878079
0.8484198899197947
0.8831708399948601
0.9109434433060404
0.9390552288107836
0.9648064977119876
0.9786040606755506
0.979065007849644
0.9819071246781577
0.9870096241426101
0.9918300787798973
0.9898148147613111
0.9826113746581319
0.9800943040942608
0.9809171456810994
0.9827833368811741
0.981704137036159
0.9807791263693701
0.9787486311836261
0.9761574693129893
0.9844849865875811
0.978860362434631
0.9521896522327177
0.9073944228930635
0.855187551922731
0.7776754369659249
0.6797900639337777
0.586035761704122
0.498551502767354
0.42691843281902964
0.36526873685077677
0.3244501361681734
0.3000162858364896
0.29396076038816676
0.2726310969228679
0.23629013522826245
0.2041540168737898
0.18738178189294202
0.1748004923044539
0.16713897663488925
0.1640481300520385
0.1607360500581872
0.15716463936190705
0.15557673061495378
0.1548050928827374
0.15532637660044063
0.15919493195726253
0.16628080215538948
0.17415313450499598
0.20108637593036333
0.2399983369254903
0.2857302321225841
0.33375122530552337
0.4094765455666347
0.5113190612216987
0.6260073192790179
0.729265820688974
0.8066094400329771
0.8639691909396153
0.9051862362548341
0.9236418320999952
0.9271268089022403
0.945880168388355
0.9685424050462013
0.9870235306929727
0.988961038703273
0.993769844207695
0.991526993250925
0.9898609977328574
0.9912239253999358
0.9938472456143553
0.9969312057241324
0.9906601050127066
0.9863514321975007
0.9859216824127358
0.9916612368254647
0.9897914074633796
0.9794932400164947
0.9650158362303742
0.9437085312723855
0.9077388340815964
0.8585899281852556
0.7949330812368223
0.7098020877510441
0.62107138350438
0.5365278449701365
0.4590891932427964
0.3900921123476789
0.3428302445706967
0.32092188586041187
0.3099212878039833
0.30431529921744405
0.2919055843351088
0.26615741246904717
0.2343328632133733
0.20190562560444789
0.17650997301346566
0.15761988406658803
0.15245559227385563
0.15013244062742048
0.14635021193257935
0.1452619401157213
0.1451096364989878
0.14252093023250345
0.14668509394312731
0.15171121568329188
0.15314471838599197
0.15258180901937846
0.16779741279940197
0.19069092851728203
0.2186779662168894
0.24340373595826886
0.2562409173675603
0.27415491540256426
0.30605183326180513
0.36091314643614353
0.44257312720730047
0.5407293920733429
0.6430871267102324
0.7327380855731543
0.8146404377813323
0.8679088741337124
0.900388836035676
0.9191115424722247
0.9338580198320555
0.9492749174019917
0.9698805511566202
0.9858329015595921
0.9896914423539024
0.9825402591515654
0.9800714417475298
0.9787196336230591
0.9772598449199961
0.977291196610973
0.9807076170594011
0.9852563027162348
0.9879622761634748
0.9868533492482221
0.9823960804907549
0.970461614916573
0.9554496065149043
0.9276422991928176
0.8880167208266045
0.8365482029496312
0.7665011146408407
0.6613500095315581
0.5414673701776329
0.4421254814974668
0.37107874499003846
0.31421878058158237
0.2818298019063826
0.26400538748028746
0.25224417562712736
0.23216300186887254
0.21917045801557658
0.2079066555116603
0.20393523780523642
0.19726444720567946
0.18927674423883084
0.1827155868939108
0.18320784763625875
0.18470846157150983
0.1847992557978218
0.1847121320961562
0.18508520848386778
0.18529075712551552
0.1931202654656155
0.21198674461988712
0.23847344053473832
0.27187416887429705
0.31029066849215764
0.3677876862017684
0.4590932529933601
0.5819211456412732
0.7012095729184655
0.7966654645224328
0.8608533545660275
0.8944683883881122
0.9098118724902604
0.9236641639329451
0.9394681775857436
0.9456856745751782
0.941935996405822
0.9469025180698464
0.9529484981050769
0.9582721238967519
0.9591648388493533
0.969955149645173
0.9770428045184291
0.9778934145367522
0.9725552568425363
0.9622921946898002
0.9633326473441844
0.9677917590466956
0.9650344263406794
0.9641319321277293
0.9719777806542985
0.9667227663386668
0.9372665517196905
0.9027130267288164
0.8631683231739826
0.7991591280786818
0.7101252202804715
0.59623078379146
0.4817692767382058
0.3971361219254451
0.3495550705613332
0.3264544067066183
0.3135543944920054
0.30192268427808155
0.27947674460024446
0.24956320723036568
0.21735188854297882
0.18939408810358188
0.1687378632597608
0.15919907488475454
0.15500563589691774
0.15478589792560382
0.1570571137033855
0.16033905827254225
0.16146765625318488
0.15961008632855905
0.16402832289831729
0.17255706821757733
0.18787019339897082
0.21895490939390908
0.2585058226358365
0.29786428290324496
0.35228825051775925
0.4402643133345212
0.5523459663842631
0.6569073936712353
0.7476666440053934
0.8131485519303097
0.8647675438990782
0.8986959826825994
0.9190342303756247
0.9327326408089411
0.9493584860299296
0.9602638961677272
0.9617560956331239
0.9669186746320033
0.9705026879165145
0.9715440089911034
0.9722687612063582
0.9823316236669537
0.987415699325153
0.985085023809144
0.9817500383372073
0.9812932234575247
0.9785158174319614
0.9691509817726818
0.9704912181789055
0.9689295303645659
0.9627723746387059
0.9439065215184428
0.9116267025635101
0.8489071686863783
0.7570678655442574
0.6504258251962987
0.5416374866946552
0.4548281728290913
0.38595959197969876
0.33772635792705763
0.30678882709216854
0.3002261518789493
0.288675819353821
0.2570225524903256
0.22212210723775844
0.20216706783751914
0.19511928596454126
0.18319247508407616
0.17217728401725935
0.16726800160377525
0.1668536376214333
0.1619182307448624
0.1557765308823475
0.15620368876683383
0.15721862057801017
0.1623753620199104
0.1665699045034854
0.17416246791724294
0.19433578253197775
0.2280856379508161
0.2614718114809982
0.27806344256866167
0.29789221056428616
0.33816153219800227
0.4139036939280918
0.5123193727527411
0.6243227567142757
0.7301788108032197
0.8092630722134158
0.8621041154375233
0.8988585286623904
0.9252157905003415
0.9443433277632137
0.9577233483892136
0.9654891214430497
0.9703379858885274
0.9791150466099963
0.9790702593768154
0.9796150339967733
0.9841326315257997
0.988033178969564
0.9806238682145372
0.9721815741714916
0.973872410769519
0.9727355258977396
0.9736331196154757
0.9608977314665292
0.9510077921730828
0.9352181070800243
0.9180674568471149
0.8751350139631442
0.8161835046817145
0.7368638803209988
0.6393486258172889
0.5366694034361018
0.4437860336780838
0.3788305678000643
0.3257684055795176
0.2936493784331542
0.25995723024913336
0.23646897120475793
0.2218331323401358
0.21842934648004325
0.2156954180637567
0.21007458308607946
0.20500652687986462
0.19877082855701556
0.19389714872224859
0.1947507776277338
0.19557064224634452
0.19699608609518815
0.19809692612292668
0.202515973199139
0.2085735594829687
0.2145143320179751
0.21552853830064395
0.22386435260610302
0.23883474263914634
0.2727649501747562
0.3218289329086156
0.4053225190655665
0.513117542492334
0.6453947032012319
0.7622567181077924
0.8501257781902548
0.900101858209873
0.9287069331757606
0.9371353202691015
0.9459479139453436
0.9558122166552282
0.96143118084622
0.9617010132409477
0.9685641656819868
0.9701921634803525
0.9711274002947657
0.965179582998743
0.9768851607754474
0.9706521791970106
0.9783688344477877
0.9725166514523137
0.9811285858033212
0.9682203774572301
0.9546090892173846
0.9142346464410153
0.8655741108473577
0.8020495488418715
0.7238805059986799
0.6168860192538665
0.504011265331331
0.39713281563901515
0.32826354185768547
0.2897654514194179
0.27599742946215766
0.25231366737404093
0.23131427202645644
0.21702477017068653
0.21648361598600116
0.2122686291199456
0.20471888520898923
0.19541036756521624
0.18847052937280534
0.18410188125966392
0.18197792761809625
0.18245911704740164
0.18523170526932659
0.18826942234042426
0.1921897338960807
0.19258629829192922
0.19502495397152858
0.2056176211511774
0.21914969177241989
0.23663972108113795
0.2512201865386003
0.2751507143662394
0.3004938163520875
0.36093676270186836
0.45271294378856364
0.5750995579604647
0.6904132052589669
0.7817817831181053
0.8430390242817959
0.878618600907257
0.9058295658850543
0.92039535569587
0.9389622956806863
0.9377403462027745
0.9515249152594597
0.9662818690586702
0.9805792251472377
0.9849190569435133
0.9863237059526586
0.9806172990958251
0.9695492394164515
0.9694462125168162
0.9680662249667311
0.9648370865735117
0.9619248015010584
0.954691716119716
0.9504038955087777
0.9459821772398872
0.9439910128453906
0.9283249125981017
0.8956312446583197
0.835346416401406
0.766038082962589
0.6815129342568341
0.5798548743813207
0.46698190226610714
0.3826959661550149
0.3326182122824942
0.2999618297966759
0.27250226005258116
0.2571919881445789
0.23750150172289397
0.21223263968971465
0.18692358358614022
0.17173058894497037
0.1627488220397809
0.16046397420092623
0.15932640975974113
0.15580904644999138
0.15394129993014216
0.15492979125961326
0.154276724882931
0.1559474583675021
0.1589259352404363
0.1666182203843105
0.17419294135907318
0.19572077149271463
0.22642366768591282
0.2666279038811326
0.3200645219733612
0.40360377928367586
0.5242135225166408
0.6529959608609655
0.7671000003012742
0.8396219991756221
0.8848463320471683
0.9044402590923113
0.9150605062715462
0.925014829650857
0.9369290979354415
0.9469111356402491
0.9556774441016298
0.9636232924676948
0.9723826653350476
0.979160433005863
0.9833035820839524
0.973060921502888
0.9566469147511427
0.9403643075608243
0.937254882457584
0.9439844422789053
0.9506586966997526
0.953743550466694
0.9451779551422755
0.9201302301881604
0.86971392354618
0.810479652066521
0.735092724376065
0.6435593428723928
0.5367336884123965
0.4385885321814884
0.36538432979887303
0.31909294000069405
0.28028436400786405
0.250211936105912
0.22788782784225126
0.2123043662408002
0.19329069199757587
0.18375848152151686
0.17271255384781795
0.1614295535919067
0.15176412614806295
0.15192482368015203
0.15166137685163944
0.15275513379188044
0.15248108813642278
0.15412253374514784
0.15742445098424912
0.16225383043826908
0.17310696764225467
0.1981019278872284
0.2328825907338663
0.26935426563125053
0.3191012687020005
0.3837697639506433
0.48815974819711866
0.6102947945291977
0.7258897029352523
0.7963558526285694
0.850234807532303
0.8818953780822559
0.8962291822407458
0.8951821243823329
0.9016389100807674
0.9118784353803806
0.9215987889157253
0.9263393736915104
0.9306788466485728
0.9338775368340227
0.9349535486984752
0.9387065949164664
0.9364744684950389
0.9365261401877457
0.9348395686019839
0.9361605380045552
0.9307239447389625
0.9263712093721822
0.9207552731845302
0.9074031356968298
0.8814454861986762
0.8383906473032641
0.7843346753903168
0.7089674643960581
0.6222505884917185
0.5289981387933488
0.45547682045616367
0.39453552773393485
0.3541884838237816
0.32236375577378934
0.3046833302297679
0.28736592259879357
0.26294031260712347
0.2326400716188487
0.20676606131524472
0.18905715172781817
0.17865045692035514
0.1744009725376869
0.17357261663728873
0.17105880152271347
0.17027119873949148
0.1711180418303429
0.17415070409280986
0.1803318102207508
0.18923838790425238
0.2001352259154839
0.2134332860333671
0.2355108436071257
0.27421936735220376
0.3109540584536795
0.3495641686121172
0.4022791086797145
0.49348531428104747
0.5975413665546833
0.6946961051346607
0.7729278974251956
0.8341769764051138
0.8727877044733235
0.8898911568600603
0.9022176393403208
0.9050425907041223
0.9090394673035498
0.9109299726690474
0.9154193397073636
0.9117518610685378
0.91238553620421
0.9131784613860807
0.9125422078379173
0.908067385469619
0.9055885613658968
0.9070819804571217
0.9089156656401362
0.9070724068503216
0.8990501651438252
0.8794323568614586
0.8515933491702753
0.8133558270638728
0.7690678520157185
0.6941546306221872
0.6002284547475534
0.5012343876933051
0.42957566426087124
0.3774455005300836
0.3351311025860017
0.300430548422959
0.27972383480729224
0.25814486632101213
0.23390043372894512
0.2145625871972027
0.2067877168071729
0.19427758872227244
0.1822600130250485
0.17309572860494798
0.16837939039304822
0.16513126128278724
0.167130109976076
0.1687697465950105
0.1709455326303613
0.17695798059250173
0.18443571167687428
0.1961783820383387
0.20950202561020187
0.23039863764241597
0.25624392127483575
0.28415060034315687
0.3025663196338416
0.3163336647927625
0.3458534395787879
0.3732726208792901
0.425575430438167
0.4857099494943765
0.5671636564309241
0.6416435065280526
0.736226334757691
0.8187304203875314
0.8787747247399347
0.898875575063969
0.9026330659443933
0.909693548904115
0.9228030388612081
0.9299610903209773
0.9348390533077765
0.9348816440089085
0.934304207904175
0.9334863308808166
0.9349838415440843
0.9359035382093841
0.935278647431681
0.9318726133302713
0.9268822070803973
0.9240585893790835
0.9150137937230121
0.900105466552982
0.8770642449618666
0.8451109559187544
0.7959632620501224
0.73715981084319
0.6575601381375786
0.565186720338855
0.4698082967573409
0.39389179811747843
0.3372374008358943
0.3021757703336281
0.2889785145074032
0.28004868375286823
0.2630715541771075
0.23157369905458886
0.21251073098289347
0.19933949673839296
0.1909892691841187
0.17821037797101974
0.17182760840649444
0.16716820033169327
0.1651230813948435
0.16625283158755141
0.16825217363100115
0.17230397119144497
0.1764354737651755
0.18562216633205472
0.19950152898158025
0.21430145834349879
0.23105243071356424
0.25967119903616703
0.28828353903178305
0.3045527176486642
0.3157119278566396
0.3446307096216598
0.37655742782858187
0.4224436579827052
0.4795131359123304
0.5614856718393977
0.6410700662374751
0.7255529893658255
0.8013329665686919
0.8698462706423566
0.910267915811544
0.921784377102804
0.9178546373112503
0.9174650655670109
0.9236439718539461
0.9286853092737467
0.9301506239122477
0.9325745480665958
0.9339522129361923
0.9327639673522814
0.9307843425514775
0.9311297102166858
0.9292748449369056
0.925614578600996
0.9248152580040411
0.9214371864650157
0.9118559228164482
0.8893425262978614
0.8503370401004985
0.7847803129524256
0.6958173952570327
0.5971008485052715
0.509078817527562
0.44066850842781047
0.38169726160700235
0.33611684954353366
0.3059939132679697
0.28758651264326546
0.26123846119444555
0.23874870629659367
0.22586520794093912
0.2200758265752793
0.21345640605018878
0.20425970047140962
0.1935405907789348
0.18679138875807677
0.18462689378150116
0.18479008729578045
0.18374573565593172
0.18797952564628612
0.189031333351959
0.1888747305013843
0.1907860074845164
0.20026516111124304
0.21132913837302156
0.22173778637434552
0.23019976658495261
0.2557752764876392
0.2921854822975727
0.3274835267209517
0.3604302219708941
0.4187521151074383
0.48223006986913103
0.5451585940341019
0.6137604139626662
0.6990659163480555
0.7745182424253003
0.8358094498857924
0.8744694083383967
0.8933433877694841
0.9042173782651267
0.913856130355442
0.9221209685656477
0.9166801969402878
0.9159076851536837
0.9193298448499249
0.929344995727462
0.9275866975216278
0.9290917069685617
0.936746650608697
0.9442510803485085
0.9405086584393675
0.9339994762656155
0.9324709308501058
0.9315493590804427
0.9213174939526971
0.9027933305533035
0.8695647089644674
0.8241946756943648
0.7711076600889085
0.7435662197041432
0.7123224342338927
0.656777656937303
0.584639102085698
0.5230867252641133
0.4668247850831866
0.40943838636724583
0.36510991140652976
0.3286438636988166
0.31094718320278886
0.2993456127322883
0.27993164456340164
0.25138585379563594
0.22598977970688985
0.21323097368398203
0.2029209843617322
0.1965257120296675
0.18894432936692918
0.18481111967146918
0.17951021453453175
0.1807143784490088
0.18339574014192125
0.1884888004150777
0.1936165762603035
0.20163772018699827
0.20898803539514219
0.22672036321861883
0.25101467369609953
0.2870620319922793
0.3230378264427702
0.3541161968590878
0.40929579568210844
0.4883127303992276
0.5807214860114519
0.6669448429153209
0.7627343777532517
0.8348570980921635
0.876454567781493
0.8959582005441971
0.9032047749036916
0.8998972745560321
0.9008988464920598
0.9078835186328413
0.9148517512482024
0.9197721598577779
0.9255973474388522
0.9351846575728187
0.9401683703397712
0.9399481274093566
0.9387955341183865
0.94594453098956
0.9585248859096407
0.9660129586667677
0.9636011859227765
0.949234780056558
0.9306257992798252
0.905235681553968
0.8707548920322431
0.8234585266952874
0.7704929664007043
0.7101980190208078
0.6323442654690635
0.5472288056125663
0.46859563627295564
0.40280657539877374
0.35417490433745963
0.319786035548811
0.29680709273163
0.2772876552979696
0.2621342232752797
0.24178403706194923
0.2222589155629991
0.20920368806252734
0.1978293018938667
0.19004641619210633
0.18675535151111067
0.1846031368309458
0.18318116067338217
0.17983371929387362
0.17781715700485895
0.17734600034106346
0.18027040946069892
0.18125245733251671
0.18579024754860163
0.19005941440594146
0.2104303500277813
0.24131523723373519
0.2873316081095337
0.3485611067243851
0.46350299785390425
0.6249787118095864
0.7689121487722891
0.8543142908825057
0.8900696883179111
0.9101483928090439
0.9176655719599802
0.9265267465302056
0.9375063354230555
0.9434106009403993
0.9407564597831366
0.9396409452821487
0.9480683256561189
0.9547650182633504
0.9574159919913305
0.9571623371935158
0.9554211401308763
0.9498209277619952
0.947641878730598
0.9458105656843311
0.941396714738776
0.9342664596989858
0.9160157658939105
0.87761275363364
0.8221964714420916
0.7623208258780539
0.6905677764409116
0.6126009336196034
0.5311714584823575
0.4548999991939681
0.39173028939864724
0.3504961691991263
0.3270250412837238
0.3086271300819494
0.29901459980611117
0.29149166812880756
0.27566241565998667
0.24910060665908942
0.2227901774152578
0.20717720240785167
0.1935927319462283
0.1823637052172282
0.17154173099656767
0.1630225597370239
0.15822825732359938
0.16059046517519404
0.1650464408245624
0.16879133891809628
0.16934930597929082
0.1724587383954576
0.1793951673141555
0.19118430720527624
0.21023061050510922
0.23626018925120762
0.26416643319782934
0.29153321165013146
0.3312372454840047
0.39556064079784925
0.4929477169618792
0.6113673147828801
0.7197585722765354
0.8006168477685758
0.8560736973540444
0.894447542283114
0.9215105205855233
0.9358481990608318
0.9402747392409536
0.9427304477966232
0.9499571711591559
0.9586284460628949
0.9619903523877655
0.9603323210937936
0.9577042105515177
0.9603597161332702
0.964180618315024
0.9658697364289006
0.9620274023466506
0.957995401878049
0.9511269353390887
0.9465287768853107
0.9356988510990045
0.9173335443903294
0.8890076146908382
0.850356655052715
0.7956132117376051
0.7122645780918526
0.6161577245263538
0.5278158824747904
0.455323385938332
0.4062167483601529
0.3628430578034312
0.3271053618922912
0.29244506616227106
0.27151675230831007
0.25412724872318637
0.23835080287578364
0.22318757519170782
0.20615253540534823
0.19591805494942366
0.189819538924215
0.1859148279764719
0.17957057859992584
0.17416930021011623
0.1704795091905808
0.17033080340381612
0.1696826180161725
0.17240075094276897
0.17843900616080446
0.1901508158096803
0.20462537632372035
0.21985593872834094
0.2452912738757503
0.27328024333289963
0.30017119825377236
0.31929355315794117
0.3595436206685838
0.42609701282978263
0.5252847600525861
0.6209259519736087
0.7066649714739923
0.7737615725816889
0.8371993983833486
0.8793829879091767
0.9132004720796327
0.9361657688859021
0.9484299328676564
0.9482256274004499
0.9537773824048491
0.9639726772026485
0.9781713809648301
0.9742948112949885
0.9641170087767366
0.9635735296950736
0.9738245663615444
0.9771092939487707
0.9762526124306731
0.9809877949138502
0.9784064763891781
0.9670121295733578
0.9635062715373708
0.9506801085922199
0.9343550203208496
0.9080637090523136
0.8842359803863713
0.8408548376124075
0.7953262184705461
0.747578513890929
0.6784832671910033
0.600539503861873
0.5154281352768348
0.4419589354648503
0.37694854116194165
0.33888099282537204
0.3141999912478971
0.2944291633053161
0.27677845002992135
0.24756230371850418
0.2216840633577804
0.1972056116008192
0.1818012521425835
0.16790660153462805
0.16260012080079847
0.15992801050470823
0.15952466112674044
0.16018387960074365
0.16199690585078425
0.1643441147352188
0.16161894305657093
0.1581297088598563
0.16055891093751312
0.17203831909696352
0.1902186575766408
0.21530715122923705
0.24954056102967526
0.28340344530803663
0.32073363078585215
0.36919456644476606
0.4453896409768335
0.558557039164479
0.6759849091488166
0.7668319571891314
0.8216663215173251
0.8616881718364601
0.8849609276243665
0.9059574539111315
0.9191775279026793
0.9327640108461761
0.9438957352312873
0.9427692065333416
0.9417525481637833
0.9449849777721332
0.9537554706649056
0.947044286925203
0.9409913874577185
0.9299164196981122
0.9243112023522766
0.9255070713807887
0.9283250207898407
0.9280044141307051
0.9288815573828071
0.9195766997396965
0.8922351638688629
0.849826025574621
0.8079644712005333
0.7627981510329174
0.6942396197946592
0.6067976964337216
0.5215741109083587
0.455389587108356
0.40146618767193254
0.3563349407374161
0.31964711038247035
0.28609320888747586
0.2504978576352913
0.21990235436496572
0.196424952286651
0.17900917295803898
0.1631612064421401
0.1562443687793746
0.15144356784134372
0.14809264221887614
0.14778602537370464
0.14603111511420233
0.14627630853190476
0.14522978568948258
0.1458627259833099
0.14751669865876066
0.1521813875492773
0.16010518742786145
0.1738946160330329
0.19799128607288788
0.23031318090637304
0.2668600120575613
0.3085487086214427
0.3543461379896923
0.412718053479719
0.4920450864039867
0.5847510825298972
0.6722725397028807
0.7447465163104963
0.8091535664893459
0.8516668796192568
0.8784471790720902
0.8964818420281535
0.9139850955469648
0.9265712479798877
0.9377973370164365
0.9450889723784909
0.9515784767147778
0.9548505404979021
0.9568136846016682
0.9506381292984586
0.9439902770126003
0.9416126779573691
0.9443825945371626
0.9409050465269433
0.937525139628355
0.935173390476518
0.926603206779296
0.9062042070904264
0.8760221213458276
0.8369591139778128
0.7974750596834413
0.748113098360009
0.6743971237113424
0.5955019795724308
0.5299210484405615
0.4636911065198578
0.39723938678389775
0.34659981251374566
0.3144696148221999
0.2836835463485249
0.25838948202134593
0.24028681195533422
0.21948202200916925
0.20094598433725003
0.19181011223706482
0.19163315588007548
0.1883701126325518
0.18595565885346768
0.1848094412795475
0.18181811618722998
0.17985451645719552
0.18051730403932126
0.18055820179655557
0.17982151376134095
0.18209080958175383
0.18810365636979587
0.19409561983901513
0.21243973600472857
0.23791606115375102
0.2745442759178164
0.3192238819361435
0.3818503985906623
0.46102564736665264
0.5659477556666415
0.6791061739572184
0.767572190738777
0.8251128791674717
0.8621646525202316
0.8930476383014947
0.9132742290675302
0.9228002206646327
0.926876572743356
0.9341254088904646
0.9350932034067413
0.9340189869898217
0.9336502715072326
0.937031751252102
0.9316843576214275
0.9307870145356788
0.9331613840721166
0.9376775771179452
0.9361152881375859
0.9359600991577615
0.9372658984530526
0.9341896206179306
0.9249903816163538
0.9042750232088237
0.8722939248537188
0.8318948970518412
0.7915607013302774
0.721168017624203
0.6309979459488126
0.5371700064093416
0.45943003762177864
0.3932721330121019
0.34766919865167956
0.3192419998109004
0.29638347377192753
0.2682422897518705
0.2418739153779477
0.2208291364161209
0.20531014276367637
0.18594029664671355
0.17686648847697892
0.17307447160167785
0.1717144883397161
0.1684773383516744
0.16868094305716808
0.16895076909621712
0.16720108127879718
0.16392526957822473
0.16414779771893784
0.17439291153320718
0.188352526808596
0.20284926692346555
0.22258881294057148
0.24773475082595348
0.2687818282350861
0.2866670588756017
0.314623272871825
0.35495273937015503
0.3965587883686533
0.4443965473793144
0.5043367742353093
0.5772376489732465
0.6553918382980624
0.7235935830898795
0.7785459049367445
0.8213545702084686
0.8617686540156557
0.8874713884587127
0.9035529192968625
0.9089646885028542
0.9114931857073826
0.9111540999734653
0.9122556425983656
0.9141481925744197
0.9167217264610248
0.917614909934847
0.9168448858117275
0.91669281498157
0.9186498297933957
0.9186361438046882
0.91951131725214
0.9178608718576386
0.916674143896838
0.9135702877279874
0.9164484285004215
0.9074554080108064
0.8729100425047842
0.8209175156530852
0.7571263397446266
0.6604264525845147
0.5436165473725971
0.4469969883982749
0.3813630317700082
0.3318561614873322
0.2905690525084399
0.2625507821058022
0.2476557839733115
0.23304550986342826
0.215143024603053
0.19684639636751222
0.18933215508262727
0.18157019806366978
0.17755823201434626
0.17498220610162016
0.17709566007463665
0.1824668506215239
0.18601013495456925
0.18641154710132074
0.1867919826109898
0.19159237582542687
0.2026199502581515
0.2147779920378355
0.225037596515475
0.23900490003966818
0.25767997935082043
0.2757632653576715
0.2986198210841702
0.32913826029279936
0.37538050641870563
0.44209524214919715
0.51629512635077
0.5921340160541649
0.6829524307820536
0.7769383083397778
0.8426985430589606
0.882211454536145
0.9103498922199732
0.9265586299003623
0.9294937725060853
0.9301606157482527
0.9314780195436465
0.9321144363751249
0.930385326830429
0.9307299133883342
0.9339479678707825
0.9351349068121035
0.933644197467284
0.9335693681171764
0.9330425364750743
0.9321956561886717
0.9299718750609518
0.9323043189313149
0.93405864045021
0.9307813109607059
0.9150484183565917
0.8772203029390236
0.8126654618004484
0.7238692830730167
0.6257583297027849
0.5357531890747939
0.4605770109888805
0.39630331211893416
0.33998969051030326
0.29692791096154914
0.271930284097918
0.25548296030946005
0.23712762602534787
0.21875411623780164
0.20545858573182998
0.19727143794501972
0.19010616570169128
0.18487420819351083
0.1802455638984498
0.17720502384575032
0.17638708426790609
0.1741381677999706
0.17244541816296227
0.17354090997941174
0.17832804867876806
0.18750216175331444
0.2031877143588011
0.22425047222860467
0.2553857042226425
0.2800232594851193
0.308420583717106
0.33747785578613904
0.40229212310694706
0.47691716019178737
0.5513211385744952
0.6206569235285231
0.7019698019767974
0.7826208619158426
0.8503913292448724
0.8962917713530038
0.9185549443865284
0.9260940271666165
0.9295881887854933
0.9329921717701051
0.9374267662871438
0.943048843434669
0.9421510954225101
0.9439785108541863
0.9438170509854483
0.9425909336817598
0.9412353603792396
0.945749678007756
0.9484214278730905
0.9468384747525336
0.9414277908172384
0.9373746853037341
0.9260306144997021
0.9020733463887654
0.8645293310528698
0.8245211392124395
0.7911559356330846
0.7467665805473342
0.6746220422642338
0.5880692483148214
0.5067000402034672
0.44282389813595235
0.3923353185276992
0.3557921845767033
0.3138285602385818
0.2738742381083844
0.25313034094483516
0.2401470310777986
0.22903997242521418
0.21127506689593514
0.1962757725959633
0.17979820303743171
0.17014889948440554
0.16564431535984864
0.16257266682796434
0.16420897155772496
0.16569488309936595
0.16668313525640308
0.1666160841378058
0.1672122364594042
0.16939811720088876
0.17685152752340694
0.19047428225093854
0.21308124090964314
0.24635440582216267
0.2792026511406457
0.296147662476336
0.3130430965106642
0.3454796507400697
0.39368616424285335
0.45036710934494173
0.5107206568549283
0.5865326715773127
0.6722018559552343
0.7626975684258023
0.8337279465732073
0.8868101484257226
0.9148734183922209
0.9193403434385581
0.9106856232265061
0.9036528884999084
0.9001791774009826
0.8980387651646513
0.9006922411775002
0.9025170025037326
0.909248196863079
0.9174216219928988
0.9213520968966404
0.9180680486113721
0.9202881796365736
0.9228282126598142
0.9095139772838439
0.8859495433079507
0.8583169099335782
0.8290057164698927
0.7948874585518128
0.7595687279435293
0.7118683853905508
0.6435605765063278
0.5736026643569424
0.512703476051066
0.46201784896391257
0.4098854163391125
0.3694694288693249
0.3377838305677712
0.3132636560281777
0.2931766340080235
0.26712301110500275
0.2423992905487769
0.2233637840085181
0.21800474938824035
0.21019617541932964
0.2005492004838046
0.19150677278896377
0.184514080310816
0.17926502095166955
0.18024056571679573
0.18172002825897404
0.1836857614075095
0.18389137845242404
0.18888414102004103
0.19341823277174125
0.2019605654696401
0.21237670074760923
0.23743361779098948
0.2719085387437887
0.307158203875678
0.343276863596205
0.3850052267362054
0.44501970011966985
0.5275821083809511
0.6249267927111855
0.7041669617083315
0.7661137645138608
0.8260986167549533
0.8699796413949756
0.8900006438130301
0.8943425274809154
0.9010046134202063
0.9045514345194556
0.9039219611626399
0.9026036666996593
0.9040679523768547
0.9110545030050546
0.9159856528773151
0.9168836810337654
0.9148028883676843
0.9149393528821064
0.9137525422743383
0.9126555532510732
0.9140400921688661
0.9122186202394038
0.9025872190112831
0.8790991221053633
0.8432644642125762
0.7989922179667377
0.7493121025473621
0.6898235040354638
0.6151011066171335
0.5404879383634574
0.4707171290605011
0.41478085685377925
0.3664086000703554
0.3289189269922523
0.2919230338378484
0.272301104656768
0.25379253333023616
0.2383974180283632
0.22075728321878627
0.21396261498772254
0.20336195659170941
0.19523345896885874
0.18948482986714124
0.1881858314173869
0.18599393871845593
0.18534857706737384
0.1840946098358346
0.18644017262702653
0.1888019605827887
0.193821203633897
0.2048392264402768
0.22088068790403412
0.2487493413959149
0.2730853836563941
0.28982845379774863
0.30209911897584585
0.3358303556307544
0.37675142759220803
0.4311894510880045
0.5018399693859201
0.582353669079111
0.6614350492840615
0.7377144562787631
0.8107662081761948
0.865887987864035
0.902262649764782
0.9248650421925059
0.9369399294711225
0.9386923198169451
0.9346669731551447
0.9360713687774393
0.9422373247203527
0.944116849426414
0.9392947573533204
0.935679402326129
0.9358748090117808
0.938746146270807
0.9377601421687045
0.9330684797636111
0.9229174450455735
0.9127538204729567
0.8957817436745272
0.8747129950924485
0.8466465522183144
0.8157161801037849
0.7668463226613503
0.6968667164112194
0.6197774899359227
0.5456113061352363
0.4793223690816969
0.41409505611637737
0.36054963052526307
0.32116636541217775
0.299398742540433
0.2881741706950586
0.2662458367596822
0.2420915226764569
0.22354259575064395
0.21723845453843824
0.20551117600091023
0.18915659858882578
0.17516166250508924
0.17011762613423437
0.17112240744254056
0.1700365985088665
0.16962117328969156
0.1717365494539941
0.17934779471635967
