0.25520833333333354
0.0
0.31144067796610186
1.0
0.20081967213114799
0.42982456140350833
0.20081967213114799
0.42982456140350833
0.3696120689655171
0.25520833333333354
0.918750000000007
0.4298245614035054
0.5568181818181852
0.7656249999999992
0.09722222222222535
0.4298245614035054
0.14818548387096828
0.1481854838709738
0.8406862745097986
0.20081967213115057
0.20081967213113916
0.5568181818181919
0.3114406779660989
0.14818548387096275
0.09722222222223087
0.5568181818181778
0.20081967213115057
0.14818548387096275
0.5568181818181919
0.4298245614034988
