0.35786555616777466
0.2327854044716294
0.14063233073838857
0.10348864851931096
0.11280033738777656
0.10497281217253045
0.11333728431376727
0.12006492884757876
0.1375436067103673
0.13386658263604265
0.15295738801509945
0.13820008558869393
0.16570454140205543
0.16171777060330247
0.15034024555936576
0.1059332045039158
0.10219608965549459
0.09129527254051223
0.09008434739187282
0.07335808021650328
0.06829374922754042
0.07090495996226368
0.07883675410360495
0.05606230951198955
0.051466853452108136
0.05597777340438402
0.05655635637225463
0.05354527992165638
0.07267389535863243
0.11287449266542518
0.16744486372162798
0.24805543610569442
0.3015910012312819
0.4088811447012263
0.530690323861065
0.6451416119038156
0.6847282837094406
0.7276857647447315
0.764805844713177
0.7895644308417322
0.7988494262818024
0.8014116038955796
0.8051200524621399
0.8034537657923383
0.7998809861045448
0.7941227924881967
0.7899722428707159
0.7727513634918308
0.7674114998829981
0.752176007695569
0.7295807211696542
0.6782672350712537
0.6204639211056516
0.5385017480602627
0.4406489985377545
0.34163518835014633
0.25731636014839543
0.19738977324185697
0.15065575050074953
0.10511360295810163
0.0779063175833429
0.13920708763790557
0.1643612106948884
0.13861088382470285
0.20776328197913202
0.24676874787042366
0.1811051029492045
0.05154421516003254
0.0720490513087834
0.0811604310428093
0.14949788005158182
0.16570074937560827
0.15475192341750083
0.10757145626542729
0.1439092803580228
0.19262197106167875
0.19500693837585015
0.1522471431070634
0.12692491054893446
0.1456741833696623
0.11716809935255917
0.06602488375345707
0.018656577805180253
0.015231391498471863
0.03214953772221707
0.06718427326111417
0.1244763444551247
0.20882900859136205
0.2918419990585048
0.33583105758596765
0.3964994490154723
0.4756020313473878
0.5605114359314931
0.607793302435499
0.6685639335750895
0.7231013268796799
0.7722917864428593
0.8030184420582823
0.8190366552262971
0.8264858397898979
0.8336288963946372
0.8412861883441313
0.837952407465496
0.8282412570342632
0.8321610386111775
0.8348362731920678
0.8312812245997295
0.8275190549570632
0.8258222409540577
0.8079561416671692
0.7682443253777859
0.7136048103338861
0.6267362188080025
0.5369209133879554
0.4287630002009607
0.2956313439393381
0.17618663897294534
0.13493212673414653
0.11921056461962712
0.09092364953248779
0.0524403739789244
0.040278683084579256
0.046756989052016334
0.06200143885255446
0.053868741943469134
0.0349629863671595
0.039470793508064934
0.0473807272208656
0.05612384900192188
0.05216985432472926
0.05902771232708113
0.06622029830716733
0.09094771520656433
0.10139136245505295
0.07934473835887117
0.04092306866472402
0.016668369750036674
0.019084051055397094
0.010867788577942693
0.010464705938006691
0.015797299073190153
0.053845044050819524
0.11675742594672449
0.23645825423911485
0.34842873208003544
0.44754958400001776
0.520905064510028
0.6098203454843119
0.7024245827883462
0.7890439965758701
0.8535778389031353
0.8887981955959916
0.9179973426355903
0.9315657365275207
0.9419800195751322
0.9462295550847267
0.9458219828061827
0.9341330481923803
0.9128118989214679
0.8849686252472857
0.8539268114176878
0.8285433179669848
0.8095184407498
0.792128346415691
0.7656516746070248
0.7287134737957766
0.6901759200666372
0.6497205139177894
0.6068382360066091
0.557082549895552
0.4627572370968151
0.3833251218358374
0.3164545561540838
0.29103813395870826
0.24230570960503395
0.20489243752252378
0.16762285678549846
0.13386532776971194
0.10114251316222263
0.09625004766073178
0.11536255052083547
0.13087806825480164
0.11894414001260943
0.1039992985179318
0.09589367148322958
0.10322307754272844
0.1164217184936538
0.11783244066145965
0.11450530414896794
0.10790906494842926
0.0892116389973241
0.09501404568732394
0.1073128822588946
0.11882023753693488
0.1092232580849437
0.10881572799256879
0.10672060198438375
0.0961596495410993
0.10191745790077165
0.11961069893794773
0.10983489967697851
0.08943948639821506
0.06961229324512658
0.0593657848106233
0.03740787779427924
0.050183436343215204
0.09600968034396444
0.1689450297118899
0.2693829336920557
0.389134285989879
0.5139941431726913
0.6419410780206263
0.7669929476691428
0.8672288366710783
0.91871262357783
0.949049257163865
0.9690467696452923
0.981052903676179
0.9766007631282886
0.973054205007887
0.9757177110114712
0.9674583791338025
0.9478271244021886
0.9053475602088017
0.849483729585228
0.7952249941743815
0.7510040588430268
0.7160569125524587
0.6877453605948248
0.6541919433080448
0.5858185163203677
0.49115752268506274
0.39227772252784965
0.3041198859946366
0.215743086328198
0.1559869386119351
0.10459456029921367
0.07164289719873063
0.06217801909216629
0.06764348117036631
0.07054437497147042
0.06067853960015089
0.06062576125465461
0.044966077092928894
0.06043429306225469
0.09588523115122027
0.13187365138803434
0.1230578592926599
0.07879430144881289
0.04719923418546844
0.04304468464292893
0.03962716333765989
0.04506244288386768
0.054830355192251816
0.06406352027435475
0.06232288431986964
0.07277750377748829
0.07093264840359137
0.07755658951847075
0.09344551316237185
0.09111864561056761
0.07905962601476907
0.05446577903104877
0.0442008850583148
0.048418165987036924
0.08937080852866335
0.1281443131385916
0.20017429109048696
0.32516931658573467
0.38159017210942503
0.43034945249947265
0.49042619402581156
0.5939365429147232
0.6363691399379376
0.6791451590248009
0.7194930602177907
0.7554238323937547
0.8016681953175807
0.8469347787516378
0.8890703589315017
0.9186227188771835
0.9418962609638896
0.9655860544204828
0.9827442077092404
0.9952183531009431
0.9962309483465452
0.9928690447166945
0.9869380598711774
0.9898782452204008
0.9622189933922239
0.8817862940582116
0.7621717622054713
0.6198715344011165
0.48750566701185605
0.36865833017453103
0.29367014703591077
0.23715835298712945
0.209663795707155
0.1784239499097183
0.15199090841369028
0.10942186035901505
0.0764841947721561
0.07438467075647492
0.11270020091880532
0.14763006296097736
0.14051348808341652
0.11753876877621482
0.0958633047210124
0.09951984387442525
0.09230743035338046
0.09002688930499772
0.087416909630653
0.09864712581551802
0.08621529355394159
0.08283140602220287
0.07426032753280128
0.08577070592297269
0.06783505330059035
0.07489113468329268
0.07203254018212599
0.07217136385630857
0.05650700414692227
0.0655639636003078
0.09037238093568581
0.12092480019015138
0.1526430713762659
0.20683671982795054
0.28553221953427305
0.345493331379907
0.40963792134999505
0.5005861849324635
0.6000346958919048
0.6621422660736127
0.7108866929273674
0.7613761316320158
0.7994408963277488
0.8302047209233474
0.8543847470769024
0.8671444865388896
0.8700258884683483
0.8674204048103308
0.8632068998715643
0.8523751310036425
0.8421391138370544
0.8368834991534998
0.8312714651367877
0.8305472463157105
0.8318146205181765
0.8328776997634302
0.8302301695915815
0.8295651823134076
0.8271383711139966
0.7970899666721454
0.7270106847653792
0.6233039946124377
0.5343914223466396
0.43388676594526676
0.3271456224814421
0.23257201888733423
0.1940020446583954
0.1754710865741726
0.15545406489706032
0.12592169275374954
0.10228546764426788
0.10106572706914606
0.12388313952125055
0.12474837060434822
0.11184840646100569
0.0935095285114825
0.09749694605570125
0.10964340748555072
0.11903172256283776
0.1050121114423918
0.10165701954071452
0.1046317900152661
0.08507447346702407
0.05754959169484816
0.07424661407440922
0.08376498396346294
0.07006787503519385
0.06008450475699571
0.08532378811257865
0.10733955277581894
0.16087492586982796
0.2657132691049883
0.3787424199890121
0.4888699341315814
0.5650315263705264
0.6427926751923745
0.7165560563282548
0.8065112219302809
0.8578730021646119
0.8862766544715985
0.9069294939956931
0.9083359060810572
0.9027146894872049
0.8907556470771195
0.8881333568104843
0.8805883721705067
0.8803248653077129
0.8790963571176198
0.8836657550653101
0.8816720852675799
0.8802876512304402
0.882690677129699
0.8724153109188669
0.8264145592997127
0.751483745345803
0.6591080574989217
0.5585353045304786
0.45903588614508906
0.35081710521398224
0.24873640631675517
0.168510890397562
0.13394405934326195
0.10962024362717201
0.08967225121700527
0.07736741004486021
0.08689991052938438
0.09772426954354838
0.09840557743270527
0.08818918187372407
0.09053723505877055
0.09377786291673063
0.09898168270822374
0.10640346345768285
0.10329148862604103
0.10129138299955509
0.10471333693706675
0.12102487501755749
0.10089268721921993
0.074173818602514
0.043254231731245714
0.03581549972082107
0.04650088095198486
0.06032539553842772
0.10642056073920594
0.17970532951386667
0.256313744187077
0.3687781660551747
0.49135481722473484
0.5944360039042415
0.6675105308986908
0.7631228923106825
0.8179866481319625
0.8357861382532508
0.8451494927852041
0.8505507528828566
0.8415034131164679
0.825501310323328
0.8073403048593035
0.7885020850564304
0.7733562885489143
0.7575495242229081
0.7494723634993521
0.7514542439211682
0.7598182471855321
0.7706632377588909
0.7806393968598355
0.788044548475719
0.786792379028959
0.7796234832330067
0.7535547545644796
0.7048000077762319
0.6373591462646184
0.5549802436029376
0.47129616877434044
0.37949285352794226
0.294867120970128
0.20710872192649796
0.14470447921817747
0.09604394905308057
0.07719613326951963
0.05354066737062978
0.06264409573685911
0.09247372410550614
0.11108474750331054
0.09072765183127794
0.07995544126460091
0.07352124887102912
0.05908159464904447
0.050535508094157466
0.06151159464967849
0.06382956207325069
0.054862267803700064
0.03320121250318539
0.01867560172895951
0.013552059413419758
0.027480623522837106
0.03380749548849422
0.04937534500824903
0.07807246448589086
0.11152682911515993
0.13970216445390182
0.17768871592323782
0.214551539889462
0.2828024539045061
0.3650152214130706
0.44700487012853324
0.5140456829301401
0.578148708544985
0.626942069930474
0.656501346414512
0.6887727062213087
0.7081236015879981
0.7231234144314657
0.7302280139307424
0.7345242796586697
0.7354969751561106
0.737876120409019
0.7467790183758497
0.761982655922122
0.7760001228029688
0.787931777411266
0.8002356068471741
0.8072688691601458
0.79369737573047
0.7708432062359598
0.7313119696689792
0.6809907990353039
0.6146494794676192
0.5500233383852267
0.49306896671876066
0.4139324979696114
0.3120965734439789
0.22207037172106947
0.1614632973601132
0.12179593864086477
0.08851487725769011
0.06140262476280521
0.04503270516811411
0.05987562991250023
0.08352666069949129
0.08495821392005717
0.08842133432074682
0.09871684113507197
0.09652481046691289
0.07668347676217632
0.06275959916782749
0.06272379227500582
0.0693137969042074
0.07369978267882726
0.07593439843598193
0.08630320471079464
0.0689593079287675
0.03319275164325819
0.003668813891581
0.014865633650128648
0.04010631470073891
0.07891640565716235
0.12080850854541425
0.175769965329168
0.2885989454503284
0.3856664761799756
0.44879106303600513
0.4943658215820833
0.5809567769883155
0.6586628223356374
0.7212248763851634
0.7671105789454193
0.7980075045944601
0.8190746889666446
0.827888930720401
0.8277230281361277
0.8174783385082175
0.7920080008274174
0.766973457077943
0.7485959945614061
0.7447813305798909
0.7524161299004811
0.7739335376792118
0.7945746460640262
0.8193833094104119
0.8414785328507245
0.855449075211714
0.8559873532084853
0.8439463070515018
0.8095032208877775
0.7564626782857293
0.6837617391791215
0.5958969467623798
0.5032581502261714
0.40099944888968203
0.30096142992320907
0.2143180813706323
0.16261413051672885
0.11868972474905698
0.07898693404569158
0.0747922712575731
0.1006465972477352
0.11765045339176393
0.10433171113919926
0.09112372221029831
0.09713568728414793
0.09594783769173987
0.1217053178499159
0.1215698993917663
0.11662480089252379
0.08746225658100601
0.10278947299718155
0.09342993304875541
0.0723194352955943
0.05178921640854891
0.055352406762848895
0.053112122373523925
0.05318435309788106
0.07366747405189925
0.11883978229334405
0.17293294307821006
0.2656231606191476
0.3401074815344918
0.4010808216809263
0.44969889623302217
0.5117231692319633
0.5593261003143322
0.6009204018014032
0.6508839622866938
0.7036995261912177
0.7574591319455584
0.8096128112991465
0.8415592693284875
0.8713411404263119
0.8926742057213009
0.9130502789598239
0.920269130415691
0.914449035038527
0.8956299480304977
0.8565321315043193
0.8118216571363529
0.754446372179756
0.6939816607134567
0.6217530994243554
0.5599396808388621
0.51026537885119
0.4857284827852336
0.48541972070558087
0.4499674470437292
0.3684914945404787
0.2619864502133521
0.19393633469278065
0.14505808081511348
0.12228060868140869
0.12188906892502571
0.13943457280716365
0.13886597518101607
0.12848948526541634
0.1290628740421252
0.12076033115095366
0.11292621652403823
0.10433777835802212
0.11258187186500063
0.11838097554291631
0.12009543510065489
0.10354420096225647
0.0955090522249274
0.10173077536963918
0.10781585534307978
0.1016360663409101
0.10022631184846559
0.09827913284737747
0.1062260024367021
0.0914131874632173
0.06694084387538962
0.06718603926488619
0.09235443340232861
0.10937287679502086
0.10818895289719177
0.14022794763019103
0.21461949086048399
0.3166972603807762
0.39967881244433645
0.4897794820802295
0.5618227287613764
0.6426090481924015
0.7234852379255685
0.8118201426604551
0.860879598055716
0.8881615192546535
0.9106657685855776
0.9207855195703333
0.9169253418178596
0.9032575400509416
0.8894217919610244
0.8661060327057966
0.8359309675935483
0.8052221277238314
0.7804329753117141
0.7664224925882697
0.759339373438911
0.7481403327463505
0.7388103625780079
0.7369675879734998
0.7361782641627301
0.7340659783836707
0.7263588404438441
0.7045221502000034
0.6295164237390842
0.5452203246936598
0.45202767354410167
0.361752388294445
0.2754884626522728
0.22386821711592775
0.18954446164340016
0.16299369312149498
0.14454975490542232
0.12537658386148018
0.0975106644797106
0.07926138016474404
0.07262151860631835
0.07081965399436482
0.0635592852452873
0.05747560076809158
0.05978500169524023
0.056106610560791366
0.05897711757344095
0.06197044906141523
0.06058774074799339
0.05668206272529177
0.07521596307554627
0.09866755636759031
0.0923587882032546
0.06476492444737156
0.05061474749619956
0.0656230159867738
0.05819812291665512
0.045957946460792126
0.052991508488103196
0.08182457017957095
0.10013417766211352
0.11626314575516189
0.16955807183931193
0.24030465855221214
0.3252518127487542
0.4099363198271066
0.5174280808785467
0.6183956478958548
0.7100820418495463
0.7914815618216322
0.8565912766323002
0.8976072102121173
0.9169051695199866
0.9246819768029492
0.9245087905398061
0.9259376929372751
0.9260229347447498
0.9215426897350703
0.9032409747111296
0.8657576753869676
0.8099740619292113
0.7440353455297837
0.6908584086355263
0.6512054002285491
0.6292486702324287
0.6170990801691761
0.6073416373562279
0.5819128994322879
0.5161245165677295
0.4465079930068675
0.35307208021957603
0.3009548024665095
0.22869618933557956
0.19465771088736292
0.15411385036957773
0.13156973999174182
0.10796120238064852
0.10676215039540365
0.12165609376338946
0.12013308182823022
0.13114396796756972
0.15807317085889083
0.1618454219212619
0.173079560191835
0.14790347719582483
0.13398547842436787
0.11204824275706146
0.17134287841704662
0.1888229060354373
0.1817579985696588
0.14935195709858595
0.13154864794062324
0.09819289949226488
0.07176534571905281
0.06685131677673067
0.07285019221872217
0.09592114396403603
0.1282358620378527
0.1538658920768783
0.20905392849853083
0.31090204614366523
0.3949858328974525
0.4167895054760534
0.4627965207757482
0.5498810529993005
0.6175077695456539
0.6589045819418132
0.7149371325578359
0.761538806664394
0.7922586789486883
0.8146287131163398
0.8320890775769909
0.844243302199216
0.8663652034971131
0.8851666369694511
0.8986436045095171
0.9028826281151968
0.9096836088407775
0.9112257961486778
0.9147604578283205
0.9116622502042921
0.9056669408315983
0.8842191436601421
0.8480384399831711
0.7890656973426053
0.7252452314525943
0.6384557188277323
0.5355232593255197
0.40754036272482835
0.28744251691730244
0.18591342592050245
0.12308370573089514
0.07823540579041002
0.06392398468269964
0.08193025787525954
0.09668992686686509
0.09191786779892605
0.07825755900944133
0.07349613377146201
0.06211073942705951
0.0684317835809917
0.07323155146612349
0.07324715252231762
0.06245302937479696
0.060717576792815586
0.05976846627388558
0.06131626187483258
0.06752509031624082
0.07232514318981279
0.08301079942859058
0.08887420327046858
0.10059142857187203
0.12587475322330716
0.16355723030990593
0.20993330952333447
0.2620086449767966
0.32710982346139084
0.41714547280234504
0.5315089223809326
0.6617564680057962
0.7732471091221046
0.8593021844278326
0.9053539231201829
0.937700211737199
0.9563281034789346
0.9706443449648297
0.977408997844529
0.9754172796736877
0.96165457015241
0.9412173880451463
0.9200983899009623
0.8851794039089287
0.836813716493517
0.7852109676091035
0.7398622658918591
0.7022899691814146
0.6630586452301321
0.6047146511740135
0.48449556397476984
0.3664479089237284
0.2724256335855162
0.20501495923033144
0.1428748447886709
0.11334123936105278
0.08903089392327479
0.0632691447306459
0.057837507830563496
0.06676251443248513
0.09129477432969225
0.11012839601731061
0.1102182930455832
0.08508605061110242
0.06844720326088656
0.06421199086208504
0.0697725144796945
0.07911075902654546
0.09024785580473929
0.081486038324788
0.061572766974622856
0.03896507746720841
0.04647258500096792
0.05397892075603939
0.053947563760829466
0.0443594488245244
0.03901417941313516
0.03458036584879487
0.04329941718937097
0.05856456918874015
0.07665636344692835
0.09525517646083738
0.1371193424547015
0.1946968494273791
0.2834534151417448
0.36727834479530747
0.4427834846204239
0.5128810057412369
0.5913979949182454
0.6633533378234626
0.7196952043228031
0.7591294371731739
0.7876299057498185
0.8084095652080419
0.8225146903826956
0.8236479279653859
0.8169652549973024
0.7914091032326194
0.772811012565065
0.7524582380040462
0.7415380759068175
0.7235033438467375
0.7146291220962342
0.7077134690148292
0.7124726792531939
0.7173023423361489
0.7198478671882791
0.714739193005755
0.6969225731411323
0.6728630777628726
0.6238980271719312
0.5489318863563672
0.44169609558656087
0.3422821265130744
0.26697866538718307
0.2205628701004238
0.17879489758894007
0.13008549396430327
0.0967481392191034
0.09429714455355012
0.10680769866053019
0.11320509598255882
0.10685068119003213
0.09154991811961366
0.09234063445246382
0.10392161900247732
0.10989877281135704
0.098594198701918
0.08979548218847665
0.09345048983718111
0.08011406715790434
0.08731806597112036
0.07669563264409979
0.07782203954490124
0.04944950925465532
0.07041272146802606
0.0625636574641974
0.05142646033869809
0.044647402166485946
0.08451418984118221
0.09732457008331465
0.09636246117271607
0.11870949739461575
0.15364813824643828
0.19982475947640632
0.27616727320066103
0.356409316723526
0.3953316174407241
0.437668585556774
0.5161077457815675
0.5783038834112413
0.606912907138467
0.6344380524683332
0.6743023379485166
0.712963482536465
0.7442167182238362
0.7768238551309943
0.8005401788315311
0.8308830167483208
0.8533887582683619
0.8781556657276115
0.9004546065073445
0.9210417713644701
0.9333183561110279
0.9444118413834464
0.9385102766623825
0.9063446590036013
0.8479590337436584
0.7889017014946109
0.7322545549934345
0.6746577728235843
0.6058898414493745
0.5504357677469436
0.4940716258727079
0.4252511075319658
0.3489131198580169
0.27435990950916656
0.20188571048567516
0.13925597856217964
0.10125548756560745
0.08204877249074052
0.08893452842463913
0.1060749507684958
0.13239811604144797
0.13919156282290227
0.13100005428639272
0.10621042325950604
0.10977328932299536
0.10663593377325012
0.11314987056313663
0.10750295462624365
0.12907778022723299
0.1467724987352509
0.16437823494900172
0.17139532266172003
0.17922994767562833
0.17002993366193925
0.12744450079682995
0.08449996942938928
0.06812443669325369
0.0849699999490415
0.11037859511276533
0.13662113566635392
0.16018491771190133
0.22430623357283572
0.3182641183697834
0.3817125600312044
0.44121695679521156
0.536147664597342
0.6498051047767031
0.7202694632007832
0.7860217035587844
0.8396834852617009
0.8859239181704505
0.9092261689332168
0.9286722648172616
0.9404282872130948
0.9577438122189619
0.958037612404526
0.9573202536033703
0.9465519387738163
0.9233706988532464
0.888600094029707
0.8517946853163894
0.8129203962681818
0.7684424743564209
0.7283001736394895
0.6991992882394527
0.6802133350564912
0.6767308938608849
0.6761158004308082
0.6364520807195976
0.5449998874688248
0.4318635319999508
0.33670433704848135
0.26214134771706277
0.20633604574286862
0.18645261483228528
0.18240323384112417
0.1737448707972546
0.14983805815114162
0.12754765636794826
0.12170813013506612
0.11110830022784547
0.12000051870775992
0.11206043814913628
0.10951115372385777
0.11579368415323107
0.15567739635365027
0.14907798430964558
0.12553949178349463
0.1135614858442589
0.1208553037459033
0.10285308732871201
0.09454410070267717
0.10244173644822405
0.1009660077746072
0.10140289724308672
0.09728223038547124
0.10471193426604829
0.11179956365613831
0.14081104915544898
0.16207483156778385
0.2040352933984081
0.28641858379042184
0.35806545952735613
0.37301047075080496
0.4131492157026259
0.5150984517842052
0.6054484795345831
0.6558022194607003
0.691458401466231
0.730638705783634
0.7583819564531382
0.7978755039768832
0.8160189036906702
0.8327905273753557
0.8479179818858954
0.8747366778856422
0.8927820112558343
0.9044415965645155
0.913793263424427
0.9196584887798087
0.9218737684874309
0.9237841663061475
0.9292389442038181
0.9209244399377491
0.9111356681768101
0.8961177587360494
0.8550335885863712
0.7749623333341955
0.6823597227238649
0.5622079494396475
0.4469412191957701
0.3473670687240824
0.28794155072851546
0.2327987137457923
0.19858279827974012
0.17264976014172706
0.13715343069402613
0.1009705707588771
0.09025638356288881
0.0990803713141645
0.10230815339662466
0.1349878943692276
0.14474972077632475
0.15750850405112718
0.13320713262716774
0.13354842784508889
0.11325010547118458
0.11405413978129596
0.10693636006739621
0.13645881609460045
0.14280154046950433
0.12262281303355577
0.07190040091048248
0.04912769067664981
0.07941687651892296
0.14026271351473868
0.17802641345180742
0.16379751169726572
0.17126547239254392
0.18566001780833252
0.229667921895876
0.2737952886765107
0.33977007484270033
0.37920178200188914
0.42616396781874755
0.48811410426949436
0.563366458575554
0.6172377848624677
0.6727681330093234
0.7202646104823649
0.7471717595220051
0.7647347487825448
0.7918134161721282
0.8077437052318557
0.8169134765684735
0.8151962042720949
0.8237653024790241
0.8349647469918091
0.849966463122065
0.8621378229569603
0.8793479528596446
0.8977314182148416
0.9071453327278507
0.9199985028497619
0.9209963687888636
0.91114518383885
0.8728423929325058
0.8177380201882793
0.7437947657605655
0.670206264164416
0.590485933775417
0.5119647426069477
0.4188268042717076
0.32828234870118267
0.24618475196631823
0.1861845550367713
0.12892115187768277
0.07888999938084125
0.06922077422584835
0.0834191270465584
0.106066964221592
0.11171725218184483
0.09701773763683871
0.07640482294116563
0.07568623656627668
0.09173546970365973
0.0889744017496144
0.07861413648094377
0.09152752252182822
0.110168378914923
0.11312700733702367
0.09819486425713383
0.10735396743559712
0.09321917635645424
0.07376262837526552
0.05692428927257494
0.08220649519178796
0.13263306450010548
0.17624738722213704
0.2226393453889628
0.2640359112358091
0.3601063523603198
0.4135854297513859
0.4117797610280505
0.42788403463756153
0.49302743197770127
0.5610520742473246
0.5942810503524837
0.6530696852603528
0.704154266976589
0.7527117805126796
0.8012749641157502
0.8360710385273036
0.856228857298956
0.8667747826209182
0.8670453185566108
0.8498964586883442
0.8186820547359218
0.7675713704019176
0.7118376303951117
0.6659798851290708
0.6403744694984476
0.6113123581358004
0.5687844229414085
0.5220420399560618
0.45768979198271365
0.3875993836246552
0.3199602789189038
0.2612075994042601
0.1951401899888728
0.1423891150029165
0.10712341360261901
0.0996588937366159
0.10017384686140189
0.09501990776739869
0.08464297120935504
0.10092703169459159
0.10912670881003887
0.11090462928253318
0.11047639667248715
0.11963208802568286
0.11269479848189176
0.1395014269125467
0.14099738507102494
0.1317310419649125
0.11689443337043548
0.11419946173587704
0.09563330157511656
0.0987371521229897
0.12023713010835796
0.1365950868438871
0.15502119623672636
0.1637806611878509
0.197352956465003
0.2860058976427828
0.3954061508490784
0.4598360943279403
0.50258073470793
0.5487153206883255
0.5951993987751543
0.6516102706135525
0.6996769278094723
0.7460373289250871
0.7809896349719272
0.8247306654945843
0.8585033748778911
0.8930783691651121
0.9171248610702908
0.9312507399413578
0.9403861112603734
0.9433030558514882
0.9357017561846226
0.9002371805166699
0.8278642691263656
0.7204104404765104
0.5558894705620769
0.39237053416746576
0.2618264074239751
0.19932051695777653
0.15661726448596086
0.13490855648290992
0.12336932754114274
0.11490085439642064
0.12746033529474532
0.14036746828701172
0.13971188654509478
0.12067772821132369
0.09165899609238241
0.08583772879407382
0.07740421066305916
0.09024659056736653
0.15242468956555605
0.17176032696138663
0.15472484514460363
0.11335810099291713
0.13361573208619082
0.10379233016662784
0.10160288650087314
0.09196716261690199
0.10367214486356358
0.12454026713018357
0.18732499756905113
0.19502539186675605
0.1727408830433619
0.19190911915068928
0.2931180222155746
0.3920632569270068
0.44423313416319365
0.4937982576528409
0.5419411237999496
0.5985079421093489
0.6425011497124913
0.6915604716694432
0.7107650069305149
0.7182761831961029
0.7066753745878709
0.7034834770646452
0.6928713334633665
0.6898907993469637
0.6741256937377675
0.6700378975532226
0.6697630709542131
0.6821542930782202
0.6977389696671832
0.7090572963567014
0.7212374089885614
0.736736889468338
0.7533699248491921
0.7573226807203236
0.7307310602919271
0.6793816415984485
0.6101440525849031
0.5323721948071699
0.4273793445287885
0.33946367563949903
0.28560202439217686
0.2462805849878693
0.1895980950648461
0.13328054100941822
0.09856702163071884
0.10505508892751507
0.11646296141654848
0.11499670229095908
0.11021048936532588
0.10744513186243089
0.11930000932709617
0.1260737988585357
0.11638142567744546
0.0916233566337802
0.08516740311180057
0.11363184228052958
0.13038218595589396
0.1317433777540873
0.1005546695964809
0.08695553198803394
0.08697244531768633
0.07334912951997133
0.050173844640386364
0.05815831547949185
0.11586652874557536
0.16426620945766943
0.23643433747299147
0.32354842466006783
0.41895959230448954
0.42491410709955957
0.4672676214813066
0.5138023842131081
0.5938072629980188
0.6331363894766249
0.7037194774344416
0.7528495674637992
0.7973623699623199
0.8325070611246249
0.8619416148329233
0.8764233529726136
0.8736035811109131
0.8484602898712231
0.7947709179737839
0.7349820304785701
0.6873153169515792
0.654079349504691
0.6155829429160111
0.5485629171803381
0.43788166068859596
0.3232822934651184
0.22249961651318556
0.1543974028205834
0.10451701671971525
0.09734093184793464
0.09209573724436199
0.11292690542982904
0.13646580244438414
0.14882725020958698
0.13163586575009684
0.10694573777924178
0.07918490088824777
0.05625404926681237
0.05809715288008875
0.10253403270428157
0.11529083244036126
0.10632514650737372
0.0953573980276753
0.13618295292698446
0.15718709569825184
0.15746284446370862
0.13890921481376028
0.11345514699026536
0.09269423562156637
0.0860774608699231
0.09850655813227602
0.12038061507403863
0.16055837960353797
0.19291159680123054
0.20200703849508017
0.25585195860345955
0.35679383549365074
0.4349137081848481
0.47953730530912125
0.5378903811079887
0.6123884563640607
0.6688653777583029
0.71802367604037
0.7562159837763163
0.7840326951934407
0.8044136884975828
0.8184646708427938
0.8235500728551236
0.818669749756707
0.8045328515554842
0.7948698390508684
0.7760251277536366
0.7499337714070784
0.7175752337473793
0.6890309098099985
0.6490422338625744
0.565292288579606
0.4444653212803747
0.32430335579949965
0.23283093572518104
0.1711592431169482
0.12468515810780761
0.09592353680373666
0.08637412496061567
0.10223590888388992
0.11858652846129057
0.11988386366988853
0.12806331614900499
0.12615845396452313
0.11204339386861062
0.08981453975462093
0.10135261395330161
0.10109572733241348
0.09068440171797756
0.0778756589994392
0.0886446290098251
0.0896970673027595
0.12015811302697912
0.12464222041007335
0.11136886514262095
0.08674747810570632
0.09427650065523721
0.10053881256762724
0.1308847054838264
0.1803926137392194
0.2411025118639507
0.28773790002552735
0.3319193923784951
0.40705404371435366
0.5098631040687949
0.6002623086482541
0.6577859219728182
0.7238611516579141
0.7839460685370965
0.8353208948335188
0.8848884127905412
0.9303516549300448
0.9540709821110597
0.9647512110580511
0.9723383650067899
0.9787247672917315
0.97984786216374
0.9718373127404996
0.928212709999745
0.8250806718484003
0.6518208351576329
0.4473470366884533
0.2732341441933347
0.17099067553457045
0.13253680955465777
0.11852228521081654
0.10019337483965832
0.09531712233684911
0.10169687970418792
0.10381742013528794
0.08974356778425852
0.079018854533492
0.08769476918206873
0.09160533301196208
0.10227566824930409
0.10824521548785554
0.10972034328654491
0.11861707498305141
0.10689285583291412
0.12630817409206885
0.12162897689227456
0.11362162401489323
0.08876625287455145
0.07572323337689495
0.05991704101058356
0.0455910871037275
0.058895217825201185
0.06429669809615035
0.09237302652416682
0.1426004171762562
0.22204146443836553
0.25845220578753964
0.3135781600185923
0.3721346921238999
0.44934584620046575
0.4997677299963355
0.5614562082307002
0.6309843759136287
0.70160897759855
0.7801178791324607
0.8327380265789157
0.8694645726948707
0.893291625099528
0.9113158419425873
0.9173460803879775
0.9230311271545373
0.9237788692578194
0.9128447398359694
0.884044799205973
0.8370032245419385
0.7888425260043873
0.7426005800525731
0.7041503328846044
0.6622270574526465
0.6066206771547452
0.543870656628878
0.4653495162824292
0.36786883033130285
0.2764465107686319
0.21093493774989236
0.16716902528121985
0.11873437653885943
0.08468671847747691
0.07546791022933702
0.07960317340559825
0.07788076165617107
0.07211342747255253
0.07720010057761728
0.08419854289112935
0.0817897720693575
0.07966031444937072
0.08281331568874205
0.09155587086722519
0.09047141162782227
0.09630408524590112
0.11233056346516368
0.11412339110301904
0.1066263305434381
0.12521916381018772
0.16881280234885415
0.20739002174674748
0.2633873700192469
0.3304751313201475
0.3717521044932097
0.4175425732708049
0.48920930518999955
0.5545627908540858
0.5831008736438461
0.6265553247079634
0.672266115170628
0.7159315718457012
0.7672929883005793
0.8195127285360617
0.8541464377111265
0.8811699229374792
0.899507318803046
0.8969221816485606
0.8689008801243465
0.8330138918848083
0.7755317525698884
0.7000524052245809
0.5893907218693613
0.4548273409872957
0.3215595997964379
0.21899475393223533
0.15956111517625418
0.11013996646853647
0.07649314310149816
0.06910792125077211
0.08422809298848505
0.09201076101102651
0.10700269158609163
0.1222720421522626
0.12746092178719914
0.129234547633525
0.12801582585524318
0.1129940645808415
0.11315883070527706
0.1393066992265265
0.14074465388283525
0.12064309174550639
0.12378673948002253
0.12455970235624629
0.10213317827173729
0.07898333243896079
0.08000830737896038
0.09949633406689831
0.132101051029356
0.1737239077356247
0.18629697646313076
0.19793218978728952
0.21764230413474014
0.30447196505736407
0.3812390633687697
0.48706148454787646
0.5810573545334763
0.692872680639617
0.7631351693154573
0.8385786243640816
0.8893862185906232
0.913535838583252
0.9227454424661521
0.9317737310272095
0.9312772067723684
0.9222841531144881
0.898914143351143
0.8612019435203465
0.81202207453053
0.7642403962662573
0.7138361885040643
0.6420735923803458
0.5686509266264825
0.4991260816853262
0.42379642536945106
0.3239520840252578
0.22882252267670244
0.15449138100896787
0.10243134250243462
0.08003895655819605
0.10194153364776162
0.1188361847052329
0.11468657234427107
0.12969883312502634
0.1265704032654169
0.12222371344539114
0.13171632738531813
0.13681512069586316
0.11868500516682777
0.12483610997188561
0.15998680768530413
0.1523162670372581
0.13505898875382039
0.13427582417605816
0.1452534881834084
0.16247538964164085
0.15471208778507695
0.14993296896142316
0.17106411252888346
0.15805574462125277
0.1141131986964793
0.07128584082035197
0.10244734081725643
0.13425374230079173
0.18006034182795552
0.223086803363582
0.282632378448892
0.33741519456171104
0.405251187718263
0.43436017116654696
0.4550810787956149
0.4408251428482762
0.4705873664372108
0.5189734512761719
0.6011596983287678
0.6599072322840961
0.720077682509264
0.7764499600394779
0.8234790729257803
0.8645422329797574
0.9001183493500239
0.9201942964342229
0.926859223288489
0.9295410516305037
0.9359691157266434
0.9347806443371579
0.9272890624216157
0.9096029003071294
0.8678088779934223
0.801364540840844
0.7396689613699473
0.6939024102434692
0.6302131873694325
0.5464890295325378
0.45822108090102004
0.39061610917437384
0.3267023985755101
0.27323045910256616
0.20916622274634386
0.14731396158745752
0.09392604410048964
0.0818095417030076
0.10277518392998028
0.1102827650979433
0.11739157166047201
0.14069382574400863
0.13415161273978632
0.11773004158784474
0.1156604848055882
0.14047583942284927
0.16222703405308755
0.19906218747230126
0.1890550972803859
0.15419299439190678
0.11996012674329629
0.12284331882447838
0.11068440890250375
0.10073771098825518
0.0888549058316869
0.11237170417759015
0.14358141738868396
0.18653467966135107
0.24267753308620316
0.3104146113695262
0.3780430097131438
0.43358158512485057
0.4978605847116715
0.5492722498734144
0.609598053831844
0.6632817119406615
0.7306438518566529
0.7811789747785386
0.8152185384773244
0.8390423256232888
0.8536050611738526
0.8591908978562248
0.84325576357577
0.8203621139807378
0.7929961649026281
0.7591610108507119
0.7221789619611315
0.690780552103335
0.6659585189802426
0.6373907677688266
0.6048290670050125
0.575859015481583
0.5448083374289542
0.512096397678983
0.47902060022277376
0.4169415736553841
0.33153085156905626
0.2569174412160592
0.2135165394925298
0.15797225446029223
0.11918762326660691
0.11109072735732109
0.11112127569775712
0.10232281990527343
0.09856867396922496
0.11386948718905068
0.14312356314742042
0.15185185760062153
0.16028335245148856
0.1670555060915124
0.17546492862562013
0.16322944122886018
0.13102559592844698
0.1304601105090642
0.14612396036016365
0.16178631824009782
0.15404860047204047
0.12924399960724853
0.11324861654508543
0.08141331629811317
0.0904237961484732
0.10122848797912785
0.1203612255529416
0.13459783562450994
0.15807794161566613
0.1845329197835271
0.19412392327816153
0.2250676924233886
0.3156454972329519
0.3991726042740754
0.4681121268036431
0.5215978403540242
0.6006406308960823
0.6562734764477287
0.7027293264452028
0.7294032920754726
0.7426351899561862
0.7445902768335124
0.7320508053456101
0.6987995687496891
0.6480821344691889
0.5990694726646287
0.5831829213718103
