-7.504809101768713
-5.529184423994451
-2.2286209331446574
0.5587013321079358
-0.469651512914767
0.5018683284742097
0.40365867202868927
1.048720671767313
-0.22062144445947957
1.1454483227434065
-0.8854381455843315
1.6502673488016903
-0.23920624792517725
-0.682651502636203
-2.664422463326998
-0.22422689090527254
-0.654049026898942
-0.07265550891836449
-1.0035760305221728
-0.30385985933777176
0.15667264408339493
0.4759076484804768
-1.3664666754969244
-0.2757273635928851
0.27065519713655317
0.034714978072236675
-0.1806645870358953
1.1477169262185636
2.4120358384075575
3.2742222633721796
4.836634343043971
3.212133907535261
6.437408608196642
7.3085507495903475
6.867077282565016
2.37520030833751
2.5774488621174427
2.2272047981067424
1.485515167713307
0.5570997264042152
0.1537306568266312
0.22250691399361722
-0.09997720018809689
-0.2143667812676069
-0.3454916169808876
-0.24903297704885008
-1.0332527627331072
-0.32039181652996473
-0.9141295312457453
-1.355717191554884
-3.0788091659040395
-3.4681988379361166
-4.9177303827233505
-5.871164971350475
-5.940828611256513
-5.059129692105039
-3.59559521439232
-2.8040413644664377
-2.732528852558884
-1.6324371224855074
3.678046203273773
1.5092473834189755
-1.5450196122111386
4.1491438892657095
2.3403279534775066
-3.939818695273163
-7.773653267350346
1.2302901689250398
0.5466827840415558
4.1002469405263655
0.9721721594415906
-0.6569295574864406
-2.8308280291244223
2.180269445555739
2.9227614422193278
0.14309803885028444
-2.5655877161272147
-1.5193339534877413
1.1249563692436606
-1.7103650410261944
-3.0685929359461372
-2.842098356896619
-0.20551117840250138
1.0150887734247158
2.1020841323338337
3.437524271640644
5.061159848174191
4.980779428028581
2.639343511647782
3.640103485770243
4.746154939914948
5.094564275046335
2.836911990240364
3.6462378683753927
3.2722435982754354
2.9514275737907787
1.8435993369253854
0.9610927900808769
0.4469510738160481
0.42858339628436254
0.4594375169696446
-0.20002685271811177
-0.5826690258739718
0.23518689461485914
0.16051407485341349
-0.2133029155402951
-0.22573017855997826
-0.10180884018033556
-1.0719659572132951
-2.38270897736301
-3.278370902633996
-5.212115491553038
-5.388918325202768
-6.489474791219708
-7.987899375697384
-7.1666822979835905
-2.4752707343279043
-0.9432937268711683
-1.697214905228366
-2.3089965332138114
-0.7297014536607112
0.3886983580462157
0.9146669880322906
-0.4879618145451211
-1.134345334578582
0.2704684284543271
0.4745960227680417
0.5245873068633787
-0.23723968063155826
0.4114714801411027
0.4315551588051736
1.4836450139638255
0.6266188349093194
-1.3227974457709117
-2.305300181648837
-1.4552819348812458
0.14494087832162186
-0.4929757486472658
-0.02418495839616024
0.3199555881110088
2.2828646986577708
3.774742913754311
7.182049697543447
6.718228670455259
5.947251115198802
4.401328830600633
5.334916858457047
5.556254238242079
5.197164827251453
3.872030539635927
2.1132214015713844
1.7519488223758812
0.8141036335158287
0.6248569828566919
0.25497213057567114
-0.02445433671264272
-0.7013360768281454
-1.279268956254751
-1.6705964204509354
-1.862508829775832
-1.523009607042186
-1.1414926330310933
-1.043405660046543
-1.5886003085199774
-2.2162920486749007
-2.3122532237483697
-2.4273243689308117
-2.5729366746708253
-2.9853411666634417
-5.659518767924231
-4.76592691565868
-4.0122339409052294
-1.524985331722538
-2.9239454612204687
-2.244796324950558
-2.2361748442215275
-2.025451740947198
-1.9633688764493658
-0.2935479300894519
1.1467501716062252
0.9309310640379737
-0.7160356945315159
-0.8966904896806611
-0.48633762208213477
0.4397643635699332
0.7919184570555247
0.08464333006835081
-0.19962819074950333
-0.39577435203232175
-1.1218455570662844
0.3481444013999919
0.7379301942942422
0.6904413166824194
-0.5758187671194732
-0.02445180554249424
-0.12570756049110277
-0.6336571465970523
0.34546850158034226
1.0615944622305686
-0.5865479556581553
-1.2237247967258118
-1.189631589185313
-0.6147905060701987
-1.3174744209806486
0.7665335129361402
2.749574640044964
4.376120962075543
6.026274238809968
7.185081137869424
7.491591430968767
7.676816090876125
7.50311217891082
6.01415334011615
3.0890272144051134
1.8201980151621064
1.1998507488856445
0.7203680418532036
-0.26712843287342786
-0.21279348722409738
0.15981036021504988
-0.49555991266012356
-1.1778752838968363
-2.5487738516032254
-3.3518298374144337
-3.2555241246507998
-2.6532561198812936
-2.096828777434035
-1.6986931174580404
-2.0132050372068115
-4.102405619260635
-5.67965961811832
-5.932788009432807
-5.2894701919928035
-5.302607979986333
-3.585368862975691
-3.083542698763297
-1.9770997860289896
-0.5678926863938623
0.3279277246920024
0.17405362806624752
-0.5919501222791741
-0.003166700729776856
-0.9395810497035463
0.928092958159551
2.1270562853379427
2.1593052142087363
-0.5289475257224678
-2.6558134706308305
-1.8957040358006736
-0.2492729725523713
-0.20505127831614306
0.3261167727724685
0.5860747385030501
0.5539899049261777
-0.10443815726910675
0.6272771674571213
-0.11069132243381558
0.3974364668927641
0.9533354186340693
-0.13961205310825475
-0.7235411757478764
-1.4756308190232235
-0.6158936383640402
0.25303685572332835
2.457158552497594
2.326410276595703
4.321798677113737
7.49970152971489
3.3852513314214336
2.9255568234028675
3.6046044915803472
6.21062093333472
2.5459558213928757
2.5665611452118036
2.420874071579397
2.155846330557731
2.774661775429573
2.7159950060434355
2.52813481079184
1.7731415967409165
1.396412525202369
1.4213876073956018
1.0294891973254585
0.7484487235021624
0.0607557147361295
-0.20171421779104765
-0.35585909073102234
0.17641112095340203
-1.6595551096906174
-4.825961960040756
-7.176871911164061
-8.53801366826132
-7.941952043355657
-7.130840210239526
-4.499290988317232
-3.390707642926891
-1.6496734367984736
-1.8743907478462078
-1.5859824897616865
-2.554142883280523
-1.9762599352115444
-0.12597144094087065
2.298931809739832
2.0957917225303295
-0.42699449265365214
-1.3784831584320334
-1.3005278433121497
0.2193923492047719
-0.43274481126268904
-0.13683246290296486
-0.1565987804606836
0.6738129710919032
-0.7459099356945885
-0.20303325190432336
-0.5142647093640977
0.6906227034102871
-1.076139157342944
0.42336488296214153
-0.17151567007000246
0.00832942045095489
-0.939861582563131
0.5434175672031339
1.4885050401226854
1.8331451552679408
1.903096271166878
3.2516189071010904
4.721729982379367
3.5976667107380504
3.848675398205296
5.456895814948129
5.9669106575664985
3.7264542109024856
2.9246656112252913
3.0293663222789142
2.2838858817439913
1.8458294757358222
1.4508015692133032
0.7655843677192391
0.17288411576751822
-0.15632901948105016
-0.25281029632599017
-0.6499061320753109
-0.614161029995286
-0.3153368810132784
-0.33672204100272507
-0.04345312926463245
0.0760424521479555
0.06378475471522393
-0.1588518103109232
-0.039899236690432854
-0.14560867196465374
-1.8029042665110782
-4.204756914405984
-6.2224014091765145
-5.3347543359479035
-6.030279384082393
-6.404468607829504
-5.674416215646492
-2.3141984537363376
-1.1118574850533725
-1.201021300626741
-1.771942328598653
-1.4181735065689045
-0.07318443450730959
1.369044747126274
0.051913864985857955
-0.7739978486005546
-1.100332676971395
0.23924505265312565
0.728787685790971
0.563298904637224
-0.8411766672267605
-0.20130551410063746
0.17848622847309545
-1.1734389928945257
-1.6514929063305603
1.0018213427736669
0.5711021933432251
-0.821826535696148
-0.5990022166918904
1.514357001334901
1.320945879794422
3.2121223856405527
6.290300594109644
6.78174905304145
6.607650848554183
4.569695534336718
4.665668929310899
4.425802868152835
5.3973099361215855
3.0817068140598725
1.7042191384192023
1.2391703714456792
0.08438472512184467
-0.33727299563113833
-0.7175425446050875
-0.15733741599811168
-0.45269907839866114
-0.015810411767625043
-0.07371049140558776
0.2741638768614184
-0.11962018786381189
-0.08306604222838383
0.1441815539555274
-0.6165219726499238
-2.7600450971492605
-4.495848837234602
-5.542541270812899
-6.0343651781066034
-5.9699651031233945
-6.493126855866086
-6.124841933833646
-4.813530955151607
-2.0740098632580106
-1.4594289429654013
-1.196879544610009
-0.7382904703287062
0.5719500290714522
0.649461540849842
0.040878473349413726
-0.612983733538874
0.14088319110278935
0.19443767147760513
0.3122291874895883
0.4453068449675481
-0.1867184898985004
-0.1200063375891565
0.20531723625070014
0.9786922848294478
-1.2079312679002578
-1.6031321170023614
-1.8551752122761038
-0.4463239206254802
0.6411228738698297
0.8294708751865747
2.7657099120467032
4.3970861264796595
4.596504880392635
6.747865312085889
7.3545990701736335
6.184871200770089
4.384471619666979
5.736741684719522
3.2918253492768117
1.0679694072772976
0.5618012719172036
0.3240756058591521
-0.542840385983325
-0.9601261675884011
-1.08966032784147
-1.1302931881723928
-0.908747790450971
-0.9484058595603717
-0.48462964341336295
0.11891282530896816
0.5018401958618107
0.6506994344015272
0.5985695460566797
0.44430909695301213
-0.07513016680559952
-0.43013374775714364
-1.5641237201116287
-2.925284807294876
-4.046451690696821
-4.942734159700866
-5.021044489715849
-5.50819891478391
-5.077543953468873
-5.265503942617822
-3.7442545624992425
-2.919631809905669
-1.1308689470136606
-1.419327953933396
0.5462057019737621
1.789777702118828
1.1166614038682683
-1.2214257403219604
-0.646332634000624
-0.3860515436142883
-0.8663792533191282
-0.5127651932931948
0.6585651933312987
0.13907804541432522
-0.5380376561730681
-1.299663318030816
-0.8715366464536023
-0.30741253893236986
0.8357138465650884
0.3796123179394078
0.9340709711853417
1.7218271686584246
2.007261877756258
1.6905201203244293
2.279193088160046
2.211769437973576
4.095054840902442
4.932766050514149
4.919378922927515
4.022448768096639
3.8461815368905046
2.9276016831295038
1.7735565890421918
1.9362815884079145
1.1610537220013084
0.8999887706081023
0.42627596995658534
0.2577759436756524
0.05836172984644715
0.14274871517449617
0.5341738780098751
0.9122182527762924
0.841048012850857
0.7158992764977933
0.7382297661545298
0.42199573877828367
-0.8142896057806001
-1.37125016967054
-2.3718741940189743
-3.019270238020365
-3.980479174061311
-3.8775684649433577
-3.417262299988154
-4.74818812494872
-6.110155471537646
-5.401572103374873
-3.6364244616571955
-2.380041523155041
-1.9968636829903803
-1.6267351496931866
-0.982195175681417
0.8905754846632176
1.419061847219393
0.08589319323395811
0.20778722404136857
0.6177304088595438
-0.13152184008953832
-1.1904800222842615
-0.8354326556608885
-0.002148413569299683
0.39540027775211706
0.2631591464771787
0.1340769454292877
0.6221283764887315
-1.0406338069216872
-2.145993377130452
-1.771436265100732
0.6718091855128255
1.5144408630367017
2.3286054573852906
2.513526173295257
3.297687407025061
6.7697388072700075
5.824051843778545
3.787475211361582
2.734485512764846
5.195457324373673
4.662362720839582
3.753723242971372
2.753142153615512
1.853815538942355
1.26403106233114
0.5288545052253605
-0.009954155056398083
-0.6146813776745846
-1.5282202608480924
-1.5020726249683922
-1.102647750992272
-0.22887983889090052
0.4580879592353887
1.2910444667239143
1.2384665030888005
1.4885198007832303
1.3257134064186877
0.8382325416594171
0.03229667980627687
-0.7224627694190533
-2.0665851698233535
-3.18243255612307
-4.362056346396251
-5.271887545004803
-5.558327792172229
-6.135522080189709
-6.00228113798808
-5.198600913154348
-3.102237051234383
-2.635464346060181
-2.3821674422020593
-0.2516797672870968
1.5512595594098144
1.020231368641673
-0.7991245351539258
-0.7924793357340173
0.3607179044309974
-0.07127097554447993
1.5454488094906496
-0.008125107488975587
-0.2967059099545671
-1.74975265869098
0.9196329849704868
-0.5615723969056006
-1.2666298651896035
-1.2318131332227935
0.21379142125798853
-0.13441706335950585
0.004333843461427961
1.2289872572411609
2.710338494486553
3.245589647092145
5.5614130524559755
4.469059254920905
3.658400408785889
2.9170844731259185
3.72145637993628
2.856175864941992
2.4956580892244014
2.997813629117287
3.168933834271615
3.225576345260281
3.129220761215468
1.9167874817603605
1.7869122658695706
1.2799839176992707
1.2225643943114546
0.433131087352004
-0.3492057226298594
-1.1291452204817058
-2.3458689915708364
-2.6826284620778496
-3.442517097395645
-3.627882687978163
-4.333713677345861
-3.7088051151298074
-2.980458119260177
-1.47221376395747
-0.018525724779163887
-2.1271364197112206
-4.888557150194788
-6.390302659627959
-4.083006931234084
-2.932695232660197
-1.3666483280222195
-0.023492385382980156
1.0527302329282238
-0.034115857568853235
-0.6225893949360188
0.034403326602528934
-0.4981525734703196
-0.470046877614903
-0.5153062899609957
0.49464561041868593
0.34794622067496067
0.10286757346430962
-0.9930740483039614
-0.48210892423972074
0.37330338868272817
0.3651047984064178
-0.3707873401302014
-0.08458526954666669
-0.11683074006528156
0.4768121753595055
-0.8887688984090438
-1.4683406152697445
0.014711723369793085
1.5101036482466317
1.0211066035614842
-0.07103543386974957
1.9223396839798599
4.463492593817831
6.12466617121723
4.978893123813896
5.4060401781533125
4.322594800869061
4.847179165861265
4.85257138398978
5.300094284093497
2.943567323715508
1.636915271936341
1.3502549598553788
0.6071850590853768
-0.23161066514841136
-0.8200681060151238
-0.8301448853949887
-1.3989455553137526
-1.8105039067348025
-1.842530392183122
-1.4873491447269653
-0.8406289634067121
-0.42498714896149864
-0.6719424415535967
-0.5597982101005868
-0.11056647627048061
-0.047359428646183616
-0.12673714674355888
-0.46242827638962114
-1.310201414630378
-4.500343587655407
-5.057765942725216
-5.591559068973804
-5.416517114979131
-5.175835538530627
-3.097214732180548
-2.059425328351772
-1.593046111314232
-1.106636292964304
-1.150390262636594
-1.6719551629060914
-1.0949570588980557
-0.39839169350552167
-0.10811187671721793
-0.4356221249446299
-0.3650210686317639
0.13856405562891227
-0.22070346806694444
0.17223042075896647
0.17959988927846707
-0.0829624988053063
-0.2343406813621106
1.112034021015215
1.407095597522572
-0.3785260898601638
-1.6556318253529005
-0.849010617070368
0.9004961094344092
-0.4454935842071459
-0.7344105873517429
0.4220137216386882
1.7299837014879795
1.0985764489526164
0.9677380855828539
3.1976955650491843
4.244795202773801
5.096829251792813
5.081070424700891
6.4495056630860885
6.058054021038826
5.5011836372212155
4.883971198325434
3.9065828886398832
2.4609560147891685
1.1578775584720982
0.4666084369777822
-0.010391175788586098
0.08573414384814891
0.005114508448482459
-0.2688147005807903
-1.0981029014363828
-2.2489979594498513
-3.3470168074652107
-3.95632298396546
-3.190616213655625
-2.3791805044185117
-1.3174037997672998
-0.7289754037951172
-0.5854465687769261
-1.5257242754363283
-3.947302971873725
-4.176991413651513
-5.606154767237807
-3.1270366651838355
-4.335516787856044
-2.042308706892897
-2.4326316310672498
-1.3526466226700873
-1.4165122566655275
-0.07194311911469596
0.8936366020791037
-0.09138071610955914
0.6606531683603369
1.6157521734793587
0.22633506374225215
0.6740482962344257
-1.5105649797605356
-0.8350799262874656
-1.3162341400383188
3.557678139599312
1.0488016571033887
-0.4238944479467346
-1.9443624882642738
-1.0681985494777098
-2.001344906901615
-1.5856532263926453
-0.29484173653934503
0.3599325265194721
1.3842571047189103
1.9388830844289036
1.5378018023416242
3.311282185298986
6.110887058708411
5.045027205226984
1.3082203547161309
2.760420917981548
5.2250719334134335
4.057602992781004
2.4838087437694365
3.361953036961549
2.796100446393349
1.8431923370577623
1.3422020500590224
1.0476218676391276
0.7292534773334661
1.3273140778739045
1.1280860083402227
0.8086180524040059
0.25434141634077156
0.408058843534863
0.09253123847401606
0.21207970077857224
-0.18589245744169167
-0.3597185623616149
-1.2868678302874434
-2.170842220618153
-3.538364558434145
-3.8292279534004696
-5.207370757492017
-6.175947570132451
-7.678973796041917
-7.205870748451196
-6.091745459808346
-3.769783211376251
-2.6908979964292596
-0.8586852664625805
1.0803763915536555
0.885580139496289
-0.28632354407632804
-0.81961852736913
-0.2856855142787448
-0.6831236606641888
0.3792626492359122
0.28798607310792423
0.00093606337164732
-0.6476473888512763
-0.1041271549188771
-0.05694663113580361
0.09286773605681527
0.3725297064845157
0.2880031724143035
0.6411393743267039
0.3518042305126626
0.7030335180841724
1.5169994790861936
2.260948625195814
2.7825647528058703
3.1245201272075724
3.906070709075876
5.402138960456983
6.861806974715645
7.814852737491429
6.689438466978881
5.163304518343422
2.7631043215411784
1.9407773170208664
1.117673504504201
0.8589744891536605
0.4058791727819375
-0.11950309025047913
-0.8257625712766259
-1.2262309264358882
-1.2671398886509802
-2.095139159522134
-2.9019412449245574
-3.096164933064987
-2.7209221030345265
-2.2543378026267975
-2.3538794370768317
-3.5006396433673195
-7.213145231954258
-7.082859303062888
-5.641336520292453
-4.044640461310884
-3.728406866499844
-1.7720163256569994
-1.4586207262667623
-1.5457049515576562
-0.325898214004963
0.5355003961152711
1.4719355938325114
1.1300173012570454
0.005393821696355356
-1.507934546068772
-0.9983308410130081
-0.25411274392807864
0.33363141705658667
0.5602946728110298
0.6682258066915965
-0.5257090487971074
-1.1947962810098491
-1.3564613704449437
0.4504504520255479
0.45038014530431403
-0.0018814197125953842
-0.5752868961783365
-0.3207161646833386
-0.2660288138604326
0.52314308043454
0.915909119962203
1.0855076554912377
1.1159287808346054
2.5118499596317228
3.4546504183604845
5.325393942862245
5.029495779213509
4.530308389507242
4.205851267248569
4.711019350620782
4.317320574312818
3.380511989960621
2.366053971022133
1.7100281145987712
1.2467795674933393
0.8463075104792753
0.06799425496141093
-0.40096037808502966
-1.5333691058809078
-1.115885440053206
-1.2211664736611978
-0.6552097258336882
-1.0820839236048612
-0.532453305030174
-0.4149391848843212
0.2855526143018663
0.2897797849773141
0.15273149112780565
-0.30652045095146596
-1.068997191877308
-1.4435697226956634
-2.9379030354563356
-4.497968448934094
-6.434147446188063
-5.964838144408892
-4.518207667553735
-2.7849477172054176
-2.506078350689166
-2.9225642174780626
-2.0002412847121063
-0.1470596799331893
0.7506332464188469
0.3838438393216984
-0.3812648875516228
-0.9180457842250627
0.04744297997101236
0.6948590730007752
0.35862922853280393
-0.6782744465663086
-0.5279229908064551
0.21930045892228048
-0.8001853607565667
0.4322399287929861
-0.637345999621203
0.0675844140480913
-1.7023518174146708
1.257792732802316
-0.4709438402296963
-0.6682318275299964
-0.40674349033270846
2.392007260481912
0.7686228145279079
-0.0577265346359176
1.340822173313914
2.0963184511094703
2.7705972737976494
4.580550823455543
4.814522611372171
2.3353380430320185
2.5402180869625983
4.706349613487876
3.73176825778064
1.7165414236336416
1.6515087197917115
2.3918571288111394
2.319668675277039
1.8751941412423756
1.9564282144291807
1.4229794220322876
1.8205702750074861
1.3503444912022575
1.4860144475550596
1.3379364467840589
1.2352298914276019
0.7365950847933526
0.6656091163451473
-0.3540938832638509
-1.9299370595269836
-3.503137515596023
-3.543439934943053
-3.398828790070778
-3.4558069301912084
-4.126075882451942
-3.3272444221460455
-3.381848512454332
-4.129231100443881
-4.580279260437197
-4.473192620931274
-4.3484519414097305
-3.757783915409144
-2.2800294597944606
-1.1524029044920814
0.41314535603393976
1.0284253406312394
1.57938991637722
0.40760680688728107
-0.49149051219060064
-1.4873778616129683
0.21377196380937152
-0.18824133298472534
0.3908362073931298
-0.3388149562135982
1.2944895360594335
1.0616831104811346
1.0563441728248848
0.4210252627631223
0.4700775008345249
-0.5520008408213765
-2.5551259719061585
-2.5766718820465866
-0.9825319641681916
1.0107337953473263
1.5245157098231916
1.5745524332154046
1.4138269227329245
3.847278951655462
5.637473087817182
3.8069064996854762
3.5702638058406317
5.695842468126935
6.819446410762052
4.22786150544505
3.9451344214802964
3.219706902174485
2.774425974525132
1.398135045766062
1.166765753042753
0.7053613437498804
1.038931500352084
0.017628011133848823
-0.04304152806933852
-0.6460988897732757
-1.3908743952342708
-2.086236289412485
-2.2083245227987116
-2.332457342892586
-2.668675314705807
-2.408538043016019
-1.7460531240019386
-1.1391571909777536
-0.20894647173638725
-0.036905605804604544
-2.379823182672266
-5.48713159504668
-6.788181328132824
-5.709551697087275
-4.473779359885369
-3.348318118451839
-1.1930058546350681
-0.24296285946962903
-0.5195017826322041
-1.4344087587668597
-1.3374241069916775
-0.3503715739728737
-0.6359897944332752
0.5335331087948972
-0.4764048335174452
-0.15295706551668728
0.37695182576242
2.3930227320252877
-0.39596472264021937
-1.4123095515691373
-0.7186803563541847
0.4376290740986884
-1.0801329850313082
-0.49853919756211873
0.4738581447328394
-0.08854372041701618
0.02621336810876763
-0.2472400114569433
0.4457822328346484
0.4252577634054258
1.7406891299583678
1.2758269447401647
2.5176277098375976
4.942997423520053
4.298812544216302
0.8967006734069803
2.4083246971093946
6.1169541648938015
5.421001665022984
3.0212243955672
2.1393709203319684
2.350818259043809
1.6645950401703482
2.369612851424835
1.0886039828272807
1.0062974210809754
0.9076472706324307
1.6091217599849021
1.0827200022113566
0.6995751185209096
0.5611000115947226
0.35191352132292186
0.13291678245730773
0.11462386912300267
0.3272866738602595
-0.4988702559641717
-0.5873263056562453
-0.9010745664456966
-2.4650502089808284
-4.804275315130817
-5.556156636618967
-7.209106397053456
-6.916003814633034
-5.974449028300329
-3.5655310797342192
-3.308570218963577
-2.0529549279632477
-1.5559822882805407
-2.1297797668621765
-2.170971596109066
-0.6428512317593335
0.5294392650764584
0.19366692494762075
1.960784458356287
0.5857095844258631
0.7655269964880259
-1.4580822854376492
0.020477713075269854
-1.2178993424340678
0.04824205860668531
-0.42706678283400923
1.7713473616323552
0.3805634624941733
-1.2107236461569826
-3.0433447273845697
-1.3663626140300382
1.8173511505361049
3.650750219749151
2.265821996224253
-0.8537341052725502
0.44807764171662146
0.8636727249473655
2.640474245252759
2.647642006837668
3.9584871699716024
2.365902429551463
2.8177311490116645
3.717008187044228
4.515141258363835
3.2322795772150066
3.331820888811528
2.8497886483820465
1.6144289423785037
1.0537793556324404
1.6247200433750977
0.9558173435834998
0.5501862801970983
-0.10303633778271734
0.5141458924156712
0.6719666707671372
0.9001029678154061
0.7302815900937569
1.0326077941608987
1.1030079213118809
0.5648348707805783
0.7711902073147175
0.05987195634609096
-0.5910710970008485
-2.2981674543807857
-3.3062623646537728
-4.436595265662139
-4.415310095769221
-4.783219823340209
-4.711271470107424
-5.588276300114723
-5.432667334231804
-4.925855804092147
-3.6000118157722523
-3.435804189545508
-3.0018691498106618
-0.5801535092996069
0.8519011692424701
1.3588702305020925
0.3390172776151896
-0.8819708727004174
-1.2367748817401918
-0.04311518249333924
0.9629539882430375
-0.16566407724269336
-0.6216159161202734
0.7748031624531109
1.1184513835857501
0.17751770532601296
-0.8959285847934413
0.5495461907078285
-0.8480874647486211
-1.1673928788711405
-1.0103003461614926
1.516932355152868
3.025594158499223
2.6168593633214843
2.7835174900097037
2.4837939508109197
5.76422646746974
3.208744643464149
-0.10834012340013194
0.9662564165707183
3.9086038404077734
4.081478536177633
1.9937385663096574
3.5273180944723475
3.065074902973693
2.9134508121656024
2.9137910161843985
2.0877644646933233
1.2094691262989585
0.6327555193177674
0.016232156141556632
-1.0289315920958377
-1.8728642371454483
-3.0666410600404284
-3.344024400408542
-2.7514647159620247
-1.5363249378374817
-1.7437266817589272
-2.5516761116636597
-2.804542979120365
-3.8611348784011086
-4.205424501483747
-4.058346282345315
-3.5251607708780703
-3.9640445649234617
-3.1650644991575576
-2.115942084017519
-0.4478711919602118
0.030897187487160895
-0.30923634564020985
-0.6226161934825212
0.9770436291142485
0.49198062692686473
0.10667522834966466
-0.025693956602757674
0.5493414811917734
-0.41623737262748933
1.608397705839387
0.08975748950868097
-0.5559805863667777
-0.8901965156686721
-0.161698298073481
-1.1139696096456926
0.18623103287239903
1.2899986791221691
0.9814774041315952
1.1055665635704184
0.525567897067502
2.014337716629241
5.319176470665955
6.5640151923781085
3.865796608731936
2.564678422799525
2.7680751588233004
2.7890446852098836
3.384652310304085
2.88399943175474
2.7816240669370456
2.0971383628105236
2.624461831359575
2.0263625629980906
2.074499657233378
1.4427895143108047
0.8475527322640668
0.5481222791408533
0.17501667546689798
-0.45607798001196337
-2.1278745400772823
-4.342374683417581
-6.447229718991679
-9.871258194866567
-9.811136183675137
-7.832647604609884
-3.7503534279721285
-2.5621951483090855
-1.302522480182853
-0.6923537365060699
-0.5081083886833548
0.7535688538995234
0.7744279795358627
-0.03933490451501821
-1.1420495000263302
-1.7411239271365757
-0.34927603789846084
-0.5060110878609083
0.7705427942584858
3.730685939890788
1.1601382437499006
-1.0221289090070378
-2.4820046491013317
1.2154578655962316
-1.7894041151738806
-0.1313666199452895
-0.5781434330383016
0.7022989347995852
1.2520873359972708
3.767083826332268
0.4620236578623212
-1.3370705294034393
1.1500941664397077
6.072534183893464
5.936714082685003
3.1301926341713906
2.9739074093790046
2.8885719688266875
3.394009098563424
2.6395924561886943
2.9435593174172845
1.1522721156643667
0.4506705759352065
-0.6960485164939585
-0.19151385139355193
-0.6367286160767589
-0.17883204698413738
-0.9459063365518254
-0.24526777107270864
-0.01648959594057162
0.7434733274404693
0.9350805953378337
0.6790996013711346
0.7308067579114809
0.9299688287866532
0.9979821228512987
0.2371653522679053
-1.5954972257035387
-3.0809651216088936
-4.154255340812958
-4.666311466664258
-6.2995710167019
-5.274940133357669
-3.231699074839514
-2.359286364258084
-3.4009493953815864
-3.3790532433258647
-2.082811162722081
0.38928403780771276
0.6844723493420435
-0.08797554753536885
-0.28717277553800874
-0.1659214501736732
0.7112926478799572
0.4064273718863951
-0.5815423908654477
-1.4854841426196834
-0.38735721131879963
1.7078663501238378
1.0050206205217054
0.08167150789160436
-1.8713224894564893
-0.8159482565068646
0.0010147997791436015
-0.8173989478629466
-1.3905170927751769
0.4790682503463565
3.4624927959644696
2.903980842725809
4.330087680919569
5.226845231224879
5.724670058664407
0.3572708877042222
2.541210862904968
2.792085763907651
4.800292727094915
2.3597475887164996
4.234985277469247
2.947805401760991
2.6707681499113964
2.1086814697384204
1.766073222498004
0.8689042883812844
-0.16918631170204385
-1.5085974743814825
-3.2213623138465395
-3.587333249712262
-2.860002811619618
-1.9941580468134037
-2.3097843953204342
-4.021201544140609
-6.640875389504907
-6.875962033409046
-6.046960617115024
-4.086132821556363
-2.992823166052259
-0.4305650923068608
-0.31471167621431034
1.2498700911280944
1.412333820873386
0.7416868659122128
-1.0314830675692475
-1.4814076782513874
-1.6656502134597353
-1.3758510972859088
0.11058621679658907
2.666212789451721
0.7654079841648245
-0.537941155979168
-0.6580649087819426
2.4495332939586887
1.260248566276115
0.016544925927403833
-1.1132177789969633
-1.5272440694097822
-1.2456546821220105
-0.397006485098534
0.7457458357412174
1.3124434165058314
2.4106658717695835
1.9411930318616648
0.5457265016310086
3.2306952065029466
6.056512613410525
4.687192361472108
2.677415827456542
3.501184547932246
4.469884515363621
3.388615283654725
2.9494978969241927
2.291538464156907
1.6690026850272022
1.2228595982485964
0.8430589407127123
0.3051241207397382
-0.292819385905011
-0.848213892073421
-0.5797807502769788
-1.1306826778337284
-1.5654813807935832
-1.941512259582056
-1.7126594362429466
-2.399320556845068
-5.024996716978391
-7.249618037954291
-7.209717928852912
-5.488345204458258
-3.7003015564941815
-2.788445100548593
-1.7256972782439872
-0.5729647105872924
0.9517070353965092
0.9810371746440949
0.07784011251586513
0.49076714874701544
-0.11429173106891771
-0.846903605754799
-1.3337312468391727
0.6922844519208801
-0.0154131972532887
-0.6246795368661906
-0.7685245631121818
0.6461382006231909
0.0631462975760677
1.8276627434528916
0.26904644298566877
-0.7964013160471889
-1.4772832222149619
0.45174135297178275
0.37573871474342324
1.8207535749720538
2.970474495323747
3.6425938874833097
2.7981232896947574
2.650889541178216
4.50807908015177
6.168543621265508
5.423952274767864
3.4514167994740372
3.9645137811051363
3.6050950127511476
3.0824895777855144
2.974051077421514
2.727794528369789
1.4231596308609737
0.6408137368195197
0.45522923692435857
0.3831841370964351
0.06738569232051123
-0.48063296539445255
-2.6174761644454203
-6.187922289079718
-10.395590201446634
-12.268427908151471
-10.446773549705485
-6.134608119526203
-2.307231958794892
-0.8408714606305219
-1.0997346222693212
-0.29257515016856916
0.3827854420403505
0.1272324258660085
-0.8444311410616335
-0.6434827950460275
0.5205548789146333
0.2346338297936146
0.6402201142404206
0.35817283431310726
0.08850766792136731
0.5338039017903063
-0.7034531490082772
1.1649190955493498
-0.28075183198767323
-0.48044117264280467
-1.4913222684205916
-0.7825811698594346
-0.9483715419787372
-0.8595572344112291
0.7982478432884664
0.3240888162569684
1.6845797056810838
3.0136434391248925
4.766462835726831
2.1846444809505705
3.307557253862642
3.513391926318655
4.632669244594215
3.0253130277523574
3.7013086940613027
4.171690060975945
4.237476101095522
4.710534092034907
3.1572088467868094
2.2035927669574216
1.4296231442795206
1.081453010583621
0.36181430672335485
0.3411028059936066
0.0448645261969286
-0.6560477653108983
-1.7279964377998795
-2.8224944798422285
-2.889641912253238
-2.7745167571084175
-2.3070148300782556
-2.5153965259176134
-3.336382817874269
-3.7650012315514436
-4.711268420787196
-5.8488411570679135
-5.485339173760568
-3.9306943811237587
-2.6259547481205
-2.90607892454179
-2.0428594836826317
-0.553128494888425
0.24811579057568778
-0.10334470496563668
-0.3460400510170581
0.3052003863039023
0.41990653881074813
-0.1445262493063192
-0.12776745719918714
0.1891800743622906
0.5245533107090184
-0.06506755436417914
0.34996041708467623
0.9615886931558084
0.10756965827132788
-0.4498236335747859
1.11556999600504
2.6156183123201346
2.314633163873731
3.3598408963494397
4.025265678054265
2.4766183903838743
2.7474281266558673
4.300003915151007
3.921209139845396
1.7122849673857172
2.6072670638471847
2.742647427759446
2.6199274005045448
3.0816849872928627
3.1331844141284524
2.0780225505040066
1.6214091135812525
1.1002437519340718
-0.15510822926909879
-1.6812780914529424
-2.153219294372413
-3.448928358895394
-4.528760840717741
-6.639701001313556
-8.073802852924391
-7.996064471451924
-6.153890751851192
-3.566018325359072
-2.9652689224632316
-2.018809402021983
-0.44311331104358775
0.9072103042628276
0.4669600813525142
0.8995158345037666
0.9161610339703105
0.3113327780962102
0.10641755077955667
-0.07312330669689693
-0.9013056764641518
0.009885967466133912
1.5688721112750554
0.08627727937851143
-1.2060937282398
0.18861886407097922
0.046377772573418484
-1.3455914450706166
-1.3889907499666692
0.0614984963999789
1.1692816012760934
1.9562830177475716
2.4973714023762654
0.7543841236504057
0.6981127994494165
1.1826068608471048
5.209779655357732
4.606025898684601
6.349345270745411
5.639752199136311
6.708919566368826
4.215749320549758
4.526607302917713
3.0484556535926677
1.4489771995578151
0.5525762329739161
0.5416973136634758
-0.029791455290470475
-0.5395832194728474
-1.402200585800489
-2.262731989847915
-2.950792139389159
-2.8669006958565255
-3.0242524657311076
-4.305755767423355
-4.405359945232045
-4.171490696468729
-4.519779378952765
-5.990660480651934
-5.707773680913648
-4.4598685000633775
-3.1236023103921724
-1.34354315665439
1.3141546253740088
1.013679063448118
-0.24897674165772377
0.9007356468453671
-0.1877057915765763
-0.2608013892015055
0.569556836395652
0.30592759863271884
-1.0878069317419532
0.36906628830349164
2.1090418628052308
-0.46023243888278836
-1.0354366970061004
-0.04698987466573646
0.6586598404410529
1.033314087494005
-0.46579811139376137
-0.2867471294192433
1.2678686140476896
-0.7805020744578856
-2.636552755485996
-2.569641472567786
1.8696899998143737
1.90838408901182
2.7483959716299835
2.5815876921377354
3.572734505118803
3.2869689667686286
4.0701595893933495
1.7465390068971358
1.2432544577441458
-0.8553561568401886
1.7857334153361775
2.9031650903378323
4.931174823156035
3.5248520373191456
3.6102270135102774
3.3823366518130262
2.8217467731777033
2.4637896032387685
2.1345669822161097
1.2045568250520096
0.39989561125590456
0.16090970052089065
0.38568384576840503
-0.07130828336913547
-0.4494949149324631
-1.061169726869236
-2.5076413388225687
-3.986660229154928
-3.7017347682532207
-2.7459930675888415
-3.821353372442417
-5.023449470212903
-5.296076917891364
-4.056298303599003
-3.834822635932043
-3.2083163683761344
-3.8438541813735565
-3.7111356695333915
-3.2032750492182545
-0.7269901438488092
1.2579385336184326
0.45045487007780666
0.42652839375174706
1.3981352450119784
-0.3925327802533608
-0.9852942691165508
-0.12417340693537283
1.488921277035749
1.305071677814371
2.2101092051529476
-0.6004254115148283
-2.091726173308865
-2.0539720589167465
0.17299152487093555
-0.7295345953183638
-0.5968018748549482
-0.7129683093941375
1.4110079007542755
1.8725827926653358
2.5771957363601725
3.368571205491317
4.064224696998747
4.0577039006172875
3.332314524702595
3.856739975209475
3.0846999097040912
3.6195482375059798
3.2210194865292383
4.041728394959713
3.032107375312666
2.042373821927264
1.4294272287579481
0.8737641330338749
0.3351502009422811
-0.9561080568273417
-1.3736189757020139
-1.6419569446863211
-2.0301092431150924
-2.2189229333749467
-1.883904591467898
-1.4893219873853107
-1.7140650726850557
-1.95370204582896
-1.7382030914058666
-1.8630406831574393
-1.9627163849983846
-1.9845478473726648
-3.724741594043592
-5.124643325178869
-4.4768046211800785
-2.6040541034119116
-3.332657101933733
-2.3270778716212512
-0.4858137545571768
0.0018329004261620138
-0.5279073475489386
-0.2252487561629213
0.9180487931895956
1.755244557502284
0.523697667191985
0.5058896910520504
0.40632921840145364
0.5045653520464924
-0.7341292438054821
-1.932230718024902
-0.03392912516296891
0.93983099106582
0.9397414727961035
-0.46426306608346707
-1.488276051887601
-0.9597229837296357
-1.910118014818444
0.5406287910216327
0.6482815098393157
1.1479642544286452
0.8541966042941492
1.4088063594694513
1.587298690071748
0.575460209677976
1.8566261487137292
5.434668288574106
5.0116264224666285
4.136371351774297
3.2091428130230497
4.742567432523756
3.337970733098261
2.7873509998486043
1.6004379378162792
0.7939138728428581
0.11730521263955739
-0.752368289274184
-1.9950741957553733
-3.043046056830181
-2.940759708273153
-0.9531930775691619
