0.8091799873897646
0.8610917123772348
0.8823124336388943
0.8818092717363356
0.8782230919814279
0.87541821529496
0.8788657057465921
0.8807030772303628
0.884653812298309
0.8838433829116429
0.8855601070704028
0.8844317487515719
0.8853291817694502
0.8816344681109816
0.881584404769233
0.8805310842797545
0.8802955629844543
0.8776003253007406
0.8751112792435838
0.8750470640249051
0.877533861274264
0.8790890170868296
0.8787541896380389
0.8771481116953647
0.8765325717884942
0.8750272407861377
0.8768792885955456
0.8777414904718308
0.8777939080390753
0.8758062711160244
0.876725855716772
0.8764304066761263
0.8756208619773345
0.8738575533454492
0.8725571555352167
0.8723863638542118
0.8723465951366945
0.8721448387151006
0.8710240524534901
0.8691514173012556
0.8624298562472102
0.8534906371179288
0.8430545861281069
0.8343159860689835
0.8246903012739679
0.814821569188169
0.8055629152363113
0.7959514440989409
0.7856313880628982
0.7772168517774205
0.7723983757232745
0.7618099742662789
0.7482595928025
0.7375645968532277
0.732410040241591
0.7266288347743165
0.7204945373768298
0.7161875881770898
0.7151283010091559
0.7182368172696596
0.7199449701755063
0.7203772212506883
0.7170926950383917
0.7093946172862232
0.697883589380582
0.6882199257579779
0.6827233308623666
0.6800116601177869
0.6747865920840979
0.6695509692977997
0.6702460408391008
0.6752093757277344
0.6793006233285446
0.6769644405466154
0.6687479184024644
0.6551993655921756
0.6438308378883651
0.6376882718049032
0.6358276390842568
0.6307242525926797
0.6220320792738763
0.6158406036598407
0.6117921891372284
0.6062501763728462
0.6000461351371296
0.5944335481401208
0.5869698807634289
0.5800622396810469
0.5776996244946435
0.5743589963580106
0.5711150728920983
0.5670568314736587
0.5659858692306415
0.5641324938729334
0.565416248954912
0.5678996898783308
0.5679318289455977
0.564326292803533
0.5597852486184907
0.555811958945366
0.5524239580183207
0.5477844146936492
0.5405640221269868
0.5340869807735596
0.5302970100019135
0.5300034616911372
0.5279165387345328
0.5220845537108729
0.5171034666182324
0.5136633004191703
0.509669628091896
0.5019706658739269
0.49912392144353507
0.49708737354140403
0.4968170393498758
0.49153812321071033
0.491088401570869
0.4880989711161402
0.48671227074660206
0.4758026603172852
0.46548642249100336
0.4571819472417493
0.4488167794987141
0.43660378053418825
0.4196707206372695
0.4098077242497583
0.39874802740308884
0.39969738667460364
0.39478335910969764
0.4013263659424513
0.3996874338971204
0.404962629360629
0.3935255713205874
0.38699024209353805
0.38110965841013267
0.3883645784705747
0.3946206032169672
0.3925771684715577
0.38804977895986914
0.3858507775827693
0.3852720692994873
0.37940087814859524
0.37217838042368734
0.3634039887142736
0.35220234711327253
0.34481160697603824
0.33701451864472554
0.32445703182001395
0.3137760721181107
0.307067870945642
0.30215042972409545
0.2925896442089773
0.285814575355716
0.2749847661096887
0.2646213802186969
0.248893355236042
0.23162931883430607
0.21414060256586542
0.2049784996089064
0.19813434925275614
0.19906491810274585
0.197659253192103
0.1903352215500109
0.18140142969417872
0.17765918842344583
0.17359992918391748
0.16758662784252104
0.16234302686002086
0.15924396718727313
0.15685435232372094
0.1556954293406324
0.15410805489498908
0.15103459590953686
0.1458742507371676
0.13958614446340165
0.13687478408581832
0.13024385202266506
0.12043928682394889
0.11207635093275671
0.10837383295021948
0.10555274727099237
0.10175528900459438
0.09709359676591363
0.09142907580790527
0.08808177203860729
0.08629210003947245
0.08583880762004681
0.08214014763398428
0.07803316540665986
0.07453385518532832
0.07431397314100782
0.07297968268247942
0.06926298725789112
0.06933656978969155
0.07084442536148808
0.07334261656578485
0.07200496118421607
0.07164080871781624
0.06753224631142501
0.0666535760877168
0.06887019083264735
0.06884808970277659
0.06654319390573377
0.06482894102113988
0.06607408014583453
0.06523179145699272
0.06435472748534818
0.06374341338292194
0.06188410409316264
0.05897292423202617
0.054755577771717766
0.05323492778571207
0.05245052744096362
0.051433852446532306
0.050344881153131196
0.053994356236861545
0.05446238105964386
0.049898214392584586
0.04528054709367059
0.04781988933046958
0.05325741492790775
0.05856781186111007
0.06291598364057806
0.06104507337448993
0.058118699449524705
0.05979591614321785
0.06453190647757974
0.06506752699395398
0.062381143822994665
0.06397415797340056
0.06816034707375977
0.07545612839089122
0.08049705010354849
0.08078563461781618
0.07687263983255252
0.07270658129820044
0.06719842872226267
0.057272830072106956
0.04687198006464634
0.034884800156193906
0.025980753031879453
0.022426404374819728
0.022450433263979018
0.023554181256717287
0.021608339634375227
0.019475344280735697
0.016967454878549577
0.018621506572248543
0.018721288475181425
0.019127989571779122
0.017758711080707455
0.01920821279910026
0.02059339326551281
0.021099827818022176
0.020177941901200758
0.01963354703969325
0.01627140878291529
0.012307614950311109
0.012191367164606035
0.0156677311880556
0.019061440382497862
0.02410337547834433
0.025913142393924782
0.025027349895655464
0.02062851503956136
0.020894803068058656
0.022981610330734398
0.026117028015312592
0.026192493454522296
0.02666641076583131
0.026346051676015923
0.024515461554845897
0.02487191931106503
0.02749963400744518
0.030959863592439803
0.03213076180567956
0.030834293140205457
0.027420664102390864
0.024299221801568512
0.02364068603050587
0.023875797876564207
0.025487513834568577
0.027296380633021512
0.02903197068615823
0.030875469225539867
0.03252726729891286
0.031575923083214295
0.02905486232474183
0.028563133189206533
0.026786978466842557
0.023586086902249444
0.021000054012664464
0.02075115447127289
0.01919953559700468
0.01711682583055305
0.01538370871560069
0.013965311775174826
0.015478099386382874
0.01598977145182529
0.016418572563638493
0.017052752016929094
0.013979886352101137
0.01376916186186873
0.03606394343406132
0.10187407116895233
0.19946033354067405
0.3231716365204428
0.452839087854261
0.579720510194143
0.675591900094769
0.7344820059504671
0.7654506456224326
0.7918885962246491
0.8165844490108033
0.8379329787887367
0.8539062314761607
0.8670109826653531
0.876528646859227
0.8830175769299322
0.8864778963677152
0.8923051400510829
0.899869535988644
0.9043477496946338
0.908716696968143
0.9147036829637728
0.9214252794718683
0.9300340207048603
0.9384020106746942
0.9451426576048948
0.9489257404791517
0.9521166273109113
0.9555290128350682
0.9613471378903822
0.9683618514256336
0.9755097054807592
0.9812519335074579
0.9840537439783756
0.9834727906989572
0.9821374542263415
0.9844852527287469
0.9877319471521763
0.9904614265490207
0.9877275146156016
0.9855231850247553
0.9832186796043123
0.9835737931591289
0.9828647716151686
0.9837691310959297
0.9842543593586518
0.9835030574798778
0.9819893446100254
0.982072003435138
0.9827561124118324
0.9828164249564357
0.9833717504252515
0.98111456727527
0.9790499222822016
0.977639594383022
0.976080635837064
0.9728758046088107
0.9719320820145726
0.9710967463102164
0.9712304291653309
0.9720418233517574
0.9748306982360679
0.9771519080331439
0.9781162310682928
0.9776751705824633
0.9757834264279238
0.9770680953256735
0.9774999694333024
0.9785838794231867
0.9787130718019806
0.9794100884847318
0.9782826246364332
0.9778883216977848
0.9780057130928678
0.9767955522541254
0.9753749901434507
0.9723337650935928
0.9612623816834073
0.9452609978715181
0.927147751170643
0.9080895067994976
0.8890948487512484
0.8648581056309171
0.835478415860788
0.8081393978955247
0.7918194162492458
0.776645020848703
0.7583713144920381
0.7381827306094909
0.7133125797336398
0.6923270619962697
0.6752831098171237
0.665009666377999
0.6494425627312743
0.6305905204540435
0.6106166291932026
0.5952490829855936
0.5827893865576899
0.5711508331126987
0.561234609439757
0.5526332376960866
0.5445827336692991
0.5423491936103502
0.5406823333448268
0.5372200762389149
0.5286340129096381
0.5237589987002922
0.5203841625764153
0.5152884778929636
0.5067381359400001
0.4999098080610494
0.4873010504914304
0.47175682357626836
0.45886231949051937
0.4523557033465598
0.44127362543215576
0.42408550118641836
0.4103898120788193
0.39959520563481843
0.38354666232339774
0.35189469602358703
0.3220249669279029
0.29789364649931804
0.282137895085088
0.2684013972061099
0.2631247667604475
0.2508116419498348
0.23347171186842447
0.21520939166187752
0.20796030795981363
0.20333437096637114
0.1998613238805084
0.19159484506056432
0.18405020194253552
0.17032095268219236
0.1537783544822324
0.14170906377405684
0.13846044870501956
0.1314378451704225
0.12213645715408798
0.11442365121599471
0.10972129876709717
0.10273525301654432
0.0981537609818148
0.09468837896783494
0.09305540393894841
0.09118987856028082
0.08923895853345984
0.08692872355679168
0.08821500901284629
0.08987431414998731
0.0891133280491547
0.08590222521552845
0.08554209047751804
0.0856822966754904
0.0849219463432406
0.08297856888018904
0.08123007643873498
0.0789809858855745
0.08083336636473515
0.08128168300597698
0.08328390544337014
0.0833869455942653
0.08388534283778626
0.08127695175770025
0.07934584445877715
0.07635810805052165
0.07364980944346079
0.07001490749287614
0.06390530679019006
0.05602083765226529
0.04848306371665289
0.0464481574355488
0.043664327836601166
0.04254576090680548
0.040741899025607646
0.04278266211149459
0.04184924921070694
0.03476132831625821
0.032079106792749314
0.030479718369324088
0.03313209442035149
0.029126313899479395
0.02537140159446359
0.022195316715056194
0.022840305627045688
0.02182681663919053
0.014975184487382625
0.009104750550590885
0.006419940732395123
0.009668509221969284
0.011790125196896066
0.013231250916017201
0.013376451294201404
0.015410156782953785
0.014777275128526899
0.010914748099827502
0.007135310510483333
0.011200465045607027
0.017470502956881413
0.017496387315085963
0.012230868077648335
0.010488497167269966
0.009138218359176761
0.007212003474431498
0.0057221860561965975
0.007534093519184031
0.009570304296585699
0.010477268445032644
0.009310110721447943
0.005988071011331751
0.004112619866275612
0.004982385527454222
0.007749778457946222
0.010328349523976849
0.014601727771131449
0.02572291173369895
0.03480522844331628
0.0485383547821424
0.06915697220053182
0.09845237172353646
0.13982537089732272
0.20438984484974743
0.2937480790122954
0.3834898203420534
0.45332290052886715
0.4956901793895938
0.5168363677172514
0.5398177192395296
0.5687215775112411
0.6074746119729182
0.6351293925591917
0.6621731156939736
0.6978902978268107
0.7326946051619674
0.7566013638776216
0.7747825351038029
0.8033224129743325
0.8313066214888278
0.8583434428134802
0.8826350026703028
0.9058770293014136
0.9251361221154528
0.9415869947295099
0.9596132425711599
0.9714680338074031
0.9759942593951504
0.9747314784113319
0.9791358737561946
0.9812543152435396
0.9825639359534544
0.9817604922861298
0.9828112177608345
0.9821692508391489
0.9817382416802013
0.9855459655030446
0.9890564979619125
0.990813227493958
0.9916021479894003
0.995013300662308
0.998165685638728
0.9996467740227318
0.9994725120395604
0.9967606857769293
0.9932491813321676
0.9920070759536059
0.9925740441808433
0.9937855182776523
0.9935022522059024
0.9920470462431192
0.9881850437945445
0.9874237830724031
0.9905125286837115
0.9936701384969593
0.9950371973664512
0.9968205901899652
0.9970767959326833
0.9959570119531992
0.99549334060958
0.9935141003623169
0.9908409016864665
0.9881682295896872
0.984788526367203
0.9804868999012455
0.9751108403991069
0.969825229605343
0.9617599028933748
0.9604203479884994
0.962586167085636
0.966177153714331
0.9677904672957096
0.9708570062796313
0.9721336071354574
0.9694594711955833
0.9693782512457828
0.967677284712112
0.966054312610921
0.9638761004819951
0.9621743634743409
0.9560473739681136
0.952877573605243
0.9511926504242514
0.9494056951727102
0.9456096534162209
0.9356659086991626
0.9252757723166822
0.9164824146265772
0.9052129483103801
0.883198138876169
0.8574517364623373
0.8314806773092689
0.814312498098666
0.8021931281113885
0.7920118014235691
0.7776385912561598
0.765071548461424
0.755488502810434
0.7500285015241466
0.7460246967220381
0.7420920919654641
0.7416023393667558
0.7406129236495737
0.7383492805786408
0.7356924922047621
0.7339477384376378
0.7289608437803164
0.7224440621369311
0.7183565195810038
0.718594003065706
0.7180421754093287
0.7146505492705938
0.7059558976058362
0.6959271926837751
0.6840982251887124
0.6703393934064935
0.6536555485700595
0.6380865628877472
0.623975971228586
0.6130743357043055
0.6045326772424175
0.5982650339231395
0.5908309595668859
0.5785673148165762
0.562592512947909
0.5496255470858167
0.5344065946038785
0.5236483689842856
0.5054122838919382
0.47819357311264654
0.4323783689103611
0.3920024321578788
0.33715620022787207
0.28175361565335316
0.2324739142742012
0.21656379855592314
0.20182527145412077
0.18416142741863833
0.15985605284340892
0.14011495361002269
0.12015835658896792
0.09890352415679513
0.08267903512449072
0.0692084403353698
0.05965700218878692
0.049577767305864995
0.043591106082963016
0.0390737289982196
0.03689358315147572
0.030689778827815487
0.026528577879875843
0.02464687223672501
0.033172712900959876
0.040676400385392115
0.045510458960480026
0.04714922120678762
0.04354367210005444
0.03514459416821606
0.02721205755385869
0.02282880344778014
0.022560527911830323
0.024081908560979675
0.025268276573257947
0.023753099585338826
0.024806280445443005
0.029341274892788958
0.02876685133864106
0.026857782311201502
0.025233454591641873
0.026400388534597693
0.026299758683252895
0.026063762187413665
0.027149921106597363
0.026941407301375765
0.02740479503540017
0.026377759441194637
0.024443461288285933
0.02057420524136014
0.014293158357625445
0.006223031423751583
0.001623117834095971
-0.00021124865321488272
0.003087415096118518
0.00775329064214466
0.018144245141331294
0.025358076070569356
0.028944661413935865
0.02821700485936273
0.03098332792779452
0.03787576815209372
0.042335281459161364
0.05059449636688755
0.06784611112070067
0.10129490066340914
0.15378933053673285
0.23557007562313237
0.32392426286843967
0.40484444808193587
0.4745167467660254
0.5390936360707107
0.5977083166377288
0.6526133655454773
0.6987605151775956
0.7374404398700104
0.769358210808439
0.8040939161841301
0.8431968483732797
0.8903624392261946
0.9273132282364797
0.95118604988046
0.9645938662031427
0.9741304159529276
0.9783669338237164
0.9804055520826035
0.9840698252326271
0.9857642374997926
0.9852301290146492
0.9833748978914105
0.9847411969520083
0.9845012983157213
0.9842318789716374
0.9848815120142506
0.9900680523737675
0.9913849561171222
0.9872538618474318
0.9834848103378602
0.9828389439080308
0.9842757573006258
0.9870660126343961
0.9898718339091401
0.9896846636495744
0.9898478952584401
0.9915211878874617
0.9922865820076948
0.9905052776894934
0.9897606893577886
0.9912776211689222
0.9916774653446983
0.9894568964824293
0.9877367291847183
0.9869866645351197
0.9880920914912814
0.9896485326334519
0.9912255908963843
0.989147583541661
0.9880326962336845
0.9829414108876546
0.9782058761236881
0.9762980129330752
0.9766694600503035
0.9769440413994539
0.971832821265907
0.9682850685514885
0.9608982190448091
0.9591316753268421
0.9543095765307736
0.952547068235218
0.9440137296452343
0.9388092588351011
0.9290171632805753
0.920131772746366
0.9114984625957245
0.9057018779486808
0.9014788929426665
0.8978428843203599
0.8968791777043914
0.8939354571904956
0.8907994319678727
0.8900482778203517
0.8864353220764143
0.8780756384889825
0.8661349520071029
0.8588248668958206
0.8530136544042204
0.846977243343198
0.8369968802255514
0.8231075376771416
0.8053264785436917
0.789823975027709
0.7776263778587982
0.7664461312025124
0.7507093073485955
0.7378042890871296
0.7258975846799343
0.71327959229123
0.6965062037321126
0.6784646603074012
0.6593261194810651
0.6363434990892478
0.6136932533537549
0.5909738418103949
0.569117114162806
0.548364493742976
0.5279722408928391
0.5079257224095722
0.4893907236936151
0.469338788560231
0.4408000115341253
0.41213601012579315
0.38588483720766475
0.36315402720505735
0.3382286774847997
0.31906562266558486
0.298836083489743
0.2828457312421134
0.27151349493011967
0.2643519358186476
0.2573724380873103
0.24772218699077944
0.23960125353489398
0.23641002413688844
0.23094729015432347
0.22588835842296248
0.22239612756331711
0.22252840244347588
0.2170680557050754
0.2081083080591712
0.20088123833769198
0.19448535821806845
0.19074096456236017
0.18581742118364178
0.1832704597937107
0.18164655608820418
0.17960683495153362
0.17317940854461544
0.16596723022073373
0.16193284560122745
0.15489129869101698
0.14560622906523848
0.14217158161675414
0.1420481535442098
0.14299477882648431
0.13907633194113472
0.13601112280186148
0.1303623754770719
0.12306210695305339
0.1102734312130166
0.10159503125741548
0.09402208929576686
0.08633407080274874
0.08979208787435396
0.09138601025407203
0.08592232425774432
0.0794627992042286
0.08809855694362913
0.08428550982591494
0.08342631386639782
0.07941604297382307
0.08343976200782374
0.08172243611102825
0.08651313048306494
0.0849055899889464
0.08189707347266051
0.0759267302033878
0.06760392251061809
0.06761798704923819
0.07148581669459839
0.07511328353659581
0.07000151248610455
0.07132196189304588
0.0717541942204174
0.07322724105370151
0.07221098688577096
0.0774800821838866
0.07715038173463429
0.07252616615607956
0.06727276285349386
0.06485966175840721
0.06232966599391501
0.06252746801320938
0.06482442961032522
0.06634649126992212
0.0706645885358888
0.07578604453935024
0.07588502119110346
0.07380899705178356
0.07140164085919776
0.0663061495642682
0.05981625035323748
0.05607951261753885
0.06338539746974454
0.09673082512092773
0.1363258739784399
0.18117707855278548
0.22027159648892625
0.2699242512908737
0.32229626941942574
0.37692612306508544
0.4202660838349822
0.4589573975550275
0.5030654226270577
0.5410721645532728
0.5757572944319892
0.6139855629064127
0.6559228637611132
0.691249165328478
0.7167087129153066
0.7373552766261526
0.760345004413992
0.7762570856335056
0.7855290671661099
0.791187664132446
0.8014690648234578
0.8081545769185811
0.8187208341549164
0.8285691712273792
0.8402934786527247
0.8492462233082472
0.8598403038545428
0.8689912373387635
0.8785198286259827
0.8855331675417054
0.889150103801922
0.8912682063281882
0.8924652327922347
0.8925220885225156
0.8917197906585919
0.89191291971195
0.8932283114780306
0.8943782536298633
0.8949206332940266
0.8940775861458868
0.8947106918091565
0.8982846753288339
0.9023513609263201
0.904303800975752
0.9049118845290016
0.9066945459614446
0.9074826346034826
0.9090606834797743
0.9131680572242731
0.9173285916953318
0.9243334896606281
0.9292334178008794
0.9334159312796073
0.9380510917435454
0.9447199485685047
0.949683235868567
0.9523968889632948
0.9566229712911019
0.9568385255037479
0.9595591730326819
0.9612528440277687
0.9669309881466657
0.9708761498464531
0.9744473564751708
0.9763074962560566
0.9767315102786616
0.9775243424619453
0.9747867540369881
0.9727913348087565
0.9717317419561247
0.9758403415719261
0.9814097775650877
0.9808575876640209
0.9767413859646583
0.9762643317115011
0.9810030781988333
0.9832297997754588
0.9786286359381814
0.977300780647121
0.9785379616307563
0.9775777112753748
0.9728261355042767
0.9677954480559832
0.9541635264530222
0.93376686866387
0.905872047812232
0.8831668226308533
0.8629443002963091
0.8523045451403826
0.83051948962626
0.80464545360806
0.7760563821885288
0.743475244016857
0.6993523991350092
0.6541795874314136
0.6142886686992596
0.5702535910073208
0.5306603249721676
0.4914344391672685
0.4608518625807961
0.4379392173035055
0.4213062846347062
0.3937251639150004
0.3667811447462943
0.34477386451585046
0.32590995564629455
0.30101359613484835
0.2876451555563104
0.2685353855617541
0.2516593892150814
0.22979488561211012
0.21442883306054017
0.1955195838513723
0.18031767796972464
0.16812939323659587
0.15539138551678416
0.14601960507220102
0.13445661847441343
0.12681111417966173
0.11821191307723337
0.11064219732930934
0.10494790872450278
0.10503848903227972
0.10378871233563049
0.09637628613837088
0.09108106438261153
0.09165436352288543
0.09246371424546171
0.08730999976332958
0.08858410674967368
0.09942287991499471
0.10370812803714387
0.10051776426009434
0.09547011733474725
0.09414687589206697
0.09148975627020765
0.09564244316226057
0.10020476522036971
0.09970311063381232
0.0961328224195943
0.09215662537039016
0.09323698762280096
0.09599164337486626
0.09984510577623935
0.10165071822571564
0.10144482951711271
0.1024428344762311
0.10392488703859748
0.10116402101476454
0.10098551932188038
0.10204784284720052
0.10170191815826692
0.09767396488281681
0.09773744488994181
0.10086062575222539
0.10068183632476481
0.09951346862357041
0.09725469628465269
0.09704458942580177
0.09591913236530088
0.09426426589929479
0.09320050184258502
0.09331771395633051
0.09148125923159485
0.09073146075687766
0.0936338982260145
0.09944933080959364
0.10165535720238475
0.10414474837350449
0.11030614683204068
0.11554839530489566
0.10230632924855465
0.08086147482384431
0.06313261349853691
0.05951768276911183
0.06542881088896899
0.08021030682938042
0.1054615721608603
0.15733070303825736
0.21813113962704125
0.273824302537656
0.3281905081560336
0.4108349321783581
0.49104847651371236
0.5535693745950707
0.6097923701321959
0.6703043615508373
0.7205966296948514
0.7467458026002555
0.7620333735439488
0.7791952616332232
0.7925881287154708
0.8091558130230049
0.8274108136798837
0.8470857469421793
0.8623095336570381
0.878165001249038
0.896465712337736
0.907811382107078
0.9196244884015828
0.9279899961752458
0.9404961943979468
0.9481103494071662
0.9552132345156734
0.959883102154842
0.9657016919184831
0.9673217653549817
0.9708551471651102
0.9767121669129679
0.9790629998812902
0.9774532390802464
0.9748701840776515
0.9729073745699667
0.9675986168271925
0.9636790801220481
0.964598036385528
0.965787732292573
0.9657042931523466
0.9635961721046524
0.9616590940185501
0.9615325711789412
0.965079204436017
0.9717361226571647
0.9762456449133857
0.9783784402961087
0.9785866975325681
0.9783223163998416
0.9818776943191811
0.9846366764499406
0.9884670809929159
0.9859633242977945
0.9860004333578138
0.9862219793273853
0.9824940365663899
0.9830684453578766
0.984113521641923
0.9814428131687731
0.9686312253006923
0.9674801870990419
0.9723839802456413
0.9780497256377774
0.97929773268175
0.9797873949538639
0.9807824151482643
0.9797967633236362
0.9806784134157474
0.9802932882951427
0.9779794646226109
0.9713516045141305
0.9671449787407789
0.9663715649430603
0.9661854151949743
0.9669546548899597
0.9675283581732544
0.9695899715615072
0.9705266372159828
0.9681813311459386
0.9656614430117602
0.9677076587148628
0.9710572274384855
0.9687889595742774
0.9639632409476518
0.9596227320036185
0.9538052466000928
0.9456662055819951
0.9387679435184634
0.9317953079502026
0.9218792595388067
0.9100690355698642
0.9016950186871631
0.9000230095373791
0.8948532006858284
0.8833319087693952
0.8649529913697593
0.8540729997863147
0.845470037401025
0.8378975196947528
0.8195984319978538
0.8007058053921865
0.7815503277598788
0.7674319881490558
0.7535829657556986
0.7411000125424139
0.7207515371926241
0.6895220917778984
0.6507569882384501
0.6082686501976429
0.5768552266625895
0.5519249322372981
0.5266155756165243
0.5067370430869749
0.5003976208825363
0.49535870121449777
0.4816475510864603
0.47536998442067013
0.4721376959825649
0.44794867715728126
0.42521878560909615
0.3918958743128116
0.35028647867678564
0.3057624732327821
0.2805157618172385
0.25349480535048274
0.22329410685922269
0.1993202541471916
0.17554867288319706
0.15093645473209766
0.1331906990663841
0.12377829319072198
0.11724062969538376
0.11324362101622262
0.10422666791934143
0.09089885263061204
0.08255871061210986
0.07922875718362461
0.07489678624265447
0.06775562063224669
0.065332311920143
0.06124764717946833
0.05812339012713347
0.05800270022857006
0.055847017529339245
0.05719878025417684
0.058211961483049385
0.05939683086753145
0.06060290225753091
0.06287413686293267
0.06181739643192599
0.06026513210799867
0.05946273563241154
0.0584114466949215
0.057212201321232586
0.059580369648596504
0.05742094813137183
0.05747795305784771
0.05271658830643637
0.05518695547955266
0.05541924003832786
0.06054624977469033
0.06155280080037942
0.06321874388929957
0.06301755197511852
0.06046903396312415
0.05775190033179976
0.054055691899125013
0.055158483986355505
0.058512091183892105
0.05890489094662106
0.0561321002218137
0.05569916567856613
0.06003426689567447
0.06099234053025805
0.05676542212056104
0.05515431225660688
0.05265109871311882
0.052302675290956085
0.049605094084559744
0.05603319957395696
0.06607556087540266
0.08077821312453845
0.11811581686848527
0.17597245347520785
0.24215211962390779
0.3049800312967115
0.3780303976885308
0.4453775011982379
0.5019655457586583
0.5445675086763899
0.5808729338632848
0.6140529920908901
0.6463474179257916
0.670434068532389
0.6836549034387551
0.6915443123857627
0.6978212969967352
0.7085122175935662
0.718429420987832
0.7257752431426322
0.7322761547139245
0.7427745765310141
0.7557469355448426
0.7701580051323016
0.7825849932817048
0.7942732609998598
0.8035828307853546
0.8091346062053606
0.8105884646223269
0.8116667303040735
0.8125525375636061
0.8122325217239711
0.8124975344730441
0.8151921211884335
0.8184209030880628
0.819227702042835
0.8194070230115763
0.8225172208626191
0.8324380843416788
0.8465618048139225
0.8641721336288732
0.8816695550698253
0.9057165638196997
0.9228724172304971
0.9338031837777807
0.9349006235796419
0.9388011662908785
0.9391276096538042
0.94378739013914
0.9484849422728717
0.9531329267048061
0.9546916418251126
0.9596708938669749
0.9646960534124344
0.9648277482177949
0.9625842047342028
0.963904463097208
0.9653397777863707
0.965587300115684
0.9660981595781983
0.9739656229719813
0.9768164982959174
0.9767977393272224
0.97474097666187
0.9758233441246946
0.9746046615442252
0.9737299317305497
0.9737607249443555
0.9729018022400073
0.9726898695756309
0.9726193945503827
0.9715093407103194
0.9726131611495378
0.9727644930283084
0.9727430942105506
0.971633629357845
0.9737559134229447
0.9746926884036468
0.971497210658931
0.9583109190274467
0.9380615706283066
0.9115719220569792
0.8772025845485766
0.8389339839760339
0.8074742869022415
0.7774626793330074
0.7376764255464018
0.6911654287643334
0.6342118460244287
0.5845342598973599
0.5352576498015416
0.49499721966427057
0.451825929844588
0.40966259367636415
0.36446923487698424
0.3292744461659204
0.3119317536302272
0.2911503600618335
0.2661519797864165
0.23991534567043948
0.21908713133653254
0.20057820913804242
0.1853902753676271
0.1713656577496188
0.1552481968932834
0.1369619231941907
0.12144675397790991
0.11225454431408136
0.10402692378685202
0.09052912978852873
0.07448881073387341
0.06681771340027365
0.06696843279026196
0.06847724641067296
0.06368891086972278
0.060910400892447175
0.058100875284087826
0.05518384162232351
0.05096326433529339
0.05061661797185775
0.0542977926249708
0.05744505748376966
0.05798031807404599
0.055525712654742064
0.055843008096838447
0.05242397199936134
0.04948729328325228
0.04747366696779959
0.04553910541890215
0.04625396402119496
0.04598853465186628
0.04867206142841809
0.04722842829490233
0.04814840648608207
0.04799059297381727
0.047568745360987805
0.04788878778524228
0.04993850465456198
0.05033329130320688
0.04779301116496942
0.046269511046040275
0.048176952431172294
0.046910657766692634
0.045765799055354155
0.04165155139105567
0.03806233964753362
0.03616132531876762
0.03814782650786652
0.038840466800033474
0.03798293545808082
0.03553064461231099
0.03721098647471635
0.04147127025181877
0.045008129674567514
0.043896078149411905
0.04022956679787966
0.03671338531742852
0.03865869199040149
0.04089362629209607
0.04369164745049603
0.04269303418195289
0.04541530580830974
0.04401517595942771
0.044477052725997585
0.040399055158527354
0.03820299945024805
0.03636523797809462
0.037545013457691706
0.03825893043043126
0.04011690966230892
0.040678252857468816
0.039894640103396786
0.038056713423779504
0.03644161264760896
0.034936581426386726
0.03326652503875215
0.032922555175839655
0.033472741467461334
0.03597353374799784
0.03711439009720887
0.03636223420739833
0.03944785856388936
0.043921169789849
0.05077114484485554
0.06904569649522749
0.09943095308078612
0.16047911545938282
0.2279890668716447
0.30204961048976076
0.35376289266065525
0.42068216767063416
0.4725388562543796
0.5112223810618893
0.5390419171022405
0.5817287102575143
0.6337533327730946
0.6826006963648786
0.7238904944712228
0.7469999066898619
0.7651804398490227
0.7910961229852949
0.8220855593660197
0.846858895350866
0.8623426755847812
0.8777646580081397
0.8970838456508029
0.9160663634493504
0.9267158090661144
0.9259217524157094
0.921767393094743
0.917883415463294
0.9185988365600335
0.918818772975417
0.9150426157024942
0.9152260812809772
0.9193961616917409
0.9266267495997664
0.9323582416009096
0.9397548406528973
0.9434093466395077
0.9440511834204289
0.9463937961285355
0.9492676127810956
0.9522418457731782
0.9522562973395132
0.9537007712561127
0.9574190372566779
0.9614077716442374
0.9625266048552349
0.9627183544943181
0.9624984439217519
0.9638342607027345
0.9651883264596162
0.9680033341455772
0.9692079999784879
0.9675109864718678
0.9652150665822972
0.9651765110673819
0.9645414026009067
0.9617688016218042
0.9603743572031724
0.9623804443983415
0.9623860792630643
0.9612791043665658
0.9592572506948126
0.9595669547707382
0.9589281022937535
0.9569861241550471
0.9517404277345265
0.9485493731168553
0.9492690078000222
0.955249905337453
0.9552730979880725
0.9542499261992511
0.9520513044024732
0.9530297808120194
0.9500765045948856
0.9522942419457019
0.9544105908305272
0.9564291734463612
0.954446221940647
0.954801925108146
0.9557576087157721
0.9571735825519815
0.9531822451067529
0.9381196118462164
0.9092483432629987
0.8643235134282163
0.8151708935623113
0.7597336395869344
0.7092126963340459
0.661104205387292
0.6068264223281046
0.5430675650644533
0.4858846333808331
0.4504336857056264
0.41854499694129194
0.39098560033746393
0.3655771644485662
0.3466889107484327
0.317770949646707
0.29012030691550206
0.2602024092566178
0.23418469639339928
0.204143233755586
0.19208106235982256
0.17785040249671566
0.16929063970347358
0.1669725380507212
0.17428049726576852
0.1701559188569869
0.15355833040258804
0.13627500269069265
0.12172816368370669
0.11561991143490877
0.11118852340162474
0.11125553400586584
0.11448888936695109
0.11816879513414535
0.11641417311035347
0.1105503319085517
0.10817540575416751
0.10936637862944663
0.11026806860003202
0.11032923013802048
0.10971051386459635
0.10880760558738561
0.10610034038560204
0.1056060410706916
0.10601853659769352
0.10699355818709902
0.1062867703369174
0.10191765481142047
0.09978580713346508
0.10087240536725016
0.10216185306524145
0.09952778369980815
0.09807660868944211
0.10178726263118842
0.10522891486124437
0.10774266457013337
0.10586123019076105
0.10562058329986879
0.10577285722589533
0.10651948924237398
0.10696993643259572
0.1084545542625336
0.11053566709937354
0.10810752602290975
0.1079797444745007
0.11120679854759719
0.11577252932111826
0.11619830140145969
0.11613366369918124
0.11717914958238027
0.11765542358596034
0.1163325799577572
0.1140737462552257
0.1121757410506817
0.10899858505992971
0.10630737033266825
0.09826464614618861
0.07891895551640535
0.07143576095763066
0.08654982403589376
0.1117566560726786
0.13548266532784492
0.158711348796664
0.1798733862188093
0.19380795340977364
0.21000459812593986
0.2260139734061201
0.24974835359715392
0.28413780971165
0.3184436765411402
0.3485669033716242
0.3730170723751692
0.404614422600178
0.4314464511493761
0.4527136276432807
0.46962394785666384
0.4948540489664419
0.5213547205143225
0.5477989751671719
0.5776406076887295
0.6112048513366721
0.6421240041016079
0.6738849202623635
0.703063102565486
0.7376732551315947
0.7765735671017167
0.8207449966361431
0.8539211885416811
0.8796866453936513
0.8950825638145196
0.9091809583868085
0.9169701645166497
0.9221801842192165
0.9266389499424023
0.9340607558440688
0.9341316770002464
0.9305710026740318
0.9302996604260888
0.9331072574730747
0.9366987627080042
0.9403078615338685
0.942015408671985
0.9428027845460119
0.9420167467191165
0.9373122001612504
0.9315215659739986
0.9307100373905874
0.9331844748728266
0.9324825627146459
0.9349183387633807
0.9408435740507091
0.9452912712337325
0.9443359339839138
0.943915577250825
0.9462355599105963
0.9481797645702946
0.9519244485999773
0.9523516098854156
0.9537124564613717
0.953739179812979
0.9529686081020408
0.9512128115386769
0.9523441296559153
0.9538553187547555
0.9555524045250317
0.9538997740995168
0.9489550553420086
0.9407865326433273
0.9389357640204872
0.9372095062904511
0.9343143935634703
0.9293280206787773
0.928252814349487
0.929495324628206
0.9255799712945275
0.9222003453146153
0.9054588207602435
0.8820793635403776
0.8613840911378289
0.8512443626070374
0.8392055056117844
0.8218905001953243
0.8045501336831786
0.7865308578129319
0.7688070630848599
0.7472763817707581
0.7236408310818623
0.6932820401728019
0.6495567544002929
0.6077516100226145
0.5732932498608452
0.5443424791037906
0.5075903165825044
0.48044121716892274
0.4607225903050346
0.444957165564501
0.4302306872034315
0.42303141917057835
0.41974970693680314
0.41250780182455415
0.40428410230726275
0.3994663939923355
0.3874860993468192
0.37158138270092583
0.3553013218487471
0.34958202146567907
0.34753198081445447
0.340979182141307
0.32806139981624677
0.32008871207191264
0.3134820193150981
0.3103706411216815
0.30613710436615726
0.29948184010466505
0.2972500683162357
0.3042675404358594
0.2931343690134639
0.2754350516989136
0.25297111400073957
0.23785087232272029
0.22045372115610523
0.2183414451784993
0.20646245838888444
0.18561890365350886
0.17812093732035014
0.18049420842905795
0.1727594210073822
0.1525780488743375
0.13560166104054322
0.1273067968039901
0.12285060914437626
0.12362197797231048
0.1180572161939553
0.11118547978429516
0.10765409457848606
0.10786353753492467
0.10367445486122137
0.10485329439753718
0.10239375605673633
0.10211690436496954
0.10421039069364896
0.10799485771384076
0.10823128343251621
0.1079234157204208
0.11025130768514721
0.10847534259230414
0.10800220770289017
0.10790364984676971
0.10807470848223213
0.1068093721043552
0.10682626226236433
0.1065715366448736
0.10687520064978283
0.10508203213863071
0.10647134384357766
0.10803781567956311
0.10813604006024677
0.10747535339794652
0.10615455132947843
0.10558451925757201
0.10510038073974866
0.10971801376151209
0.11248247638993171
0.11505569982874275
0.11673718611647699
0.11678472346511129
0.11552291415653206
0.11576494682273177
0.1169707251860643
0.11632193798952276
0.11589804109979476
0.11638487482519987
0.11573569912846865
0.11328266481992753
0.11004616981956869
0.10802974407279159
0.10833273273832839
0.11133654819036816
0.11492579350372686
0.11684144659639362
0.11656996917970701
0.11637675070874762
0.11641171105074329
0.11450021299453905
0.11346844713621734
0.11569667986822157
0.11617780225857816
0.1134757729783496
0.10997693250544734
0.10994883736297756
0.10962681326432154
0.10952376781784048
