3.114703499248212
1.2732432756995717
-0.030189714153523457
-0.21517078529446274
-0.16829260118807368
0.2068494270979238
0.11024228902624336
0.2370441040767713
-0.04862576319996538
0.10300344952559366
-0.06770149912985081
0.05384598107269546
-0.2216828195081178
-0.0030038005049104486
-0.0631992293687156
-0.014131277718008043
-0.16171426102282285
-0.1493427634294098
-0.0038529131207232234
0.1492078349615378
0.09330934875393575
-0.020089646927445862
-0.09636467656045203
-0.03693239441222796
-0.09031986014139017
0.1111228685644772
0.05173211257710976
0.003145054034670026
-0.11925821538305532
0.05517507604485569
-0.017726942438742677
-0.04857268192750803
-0.10579851791311345
-0.07802386861395033
-0.010247500860298655
-0.0023861230510324825
-0.012105385295635391
-0.06724717569662998
-0.11235810913407383
-0.4032936632427201
-0.5363531477568834
-0.6261630593893175
-0.5243160035474032
-0.5775410877009328
-0.5921239251479403
-0.5555192371114575
-0.5766882682422245
-0.6192033621625596
-0.5048721771286653
-0.289108563248758
-0.6353040874197369
-0.813022887826735
-0.6416997569563377
-0.30927339669820547
-0.3468723280364684
-0.3680578438492021
-0.258416951984398
-0.06355723007603434
0.18651097563022145
0.10248917435080063
0.025935064510918076
-0.19707157273779544
-0.4618846651301095
-0.690661674338464
-0.5798198173562529
-0.32979569373667755
-0.16270024467478109
-0.31350408202134
-0.3141373671778924
0.04170429247806654
0.2978000933180202
0.24547485604860625
-0.14017096691574965
-0.4929913286490635
-0.8129131686173183
-0.6821116622286307
-0.36855396500771986
-0.11163796323878468
-0.30620318949461967
-0.5215303991282091
-0.3714885368421341
-0.24290487135673808
-0.3325207658629326
-0.3722424741429977
-0.3367552198205249
-0.44782004260151603
-0.4144584649429199
-0.14175691118420147
-0.20043768819797708
-0.19463540795473552
-0.24349448510637559
-0.06425773458103046
-0.11120252146248827
0.07702530491871787
0.14900645540512789
0.0019283440360107276
-0.2163321685238836
-0.27246265110253587
-0.23839738038748368
-0.20328005562271728
-0.2783725994802865
-0.43322355399974
-0.388622481205633
-0.2273982462987675
-0.017612898646579382
-0.12521537739626432
-0.3499191014195947
-0.2988652255584345
-0.206409971943722
-0.2396203396364602
-0.46193773307814545
-0.17080466582351134
-0.12219287412786098
-0.016220051491693314
-0.31673496834992987
-0.026983298390478402
-0.17936582728372777
-0.08320202217228874
-0.6545766257590148
-0.6189742695769118
-0.49826851495524416
-0.5019100645821002
-0.7327799378715553
-1.0159835938151276
-0.5917797832506743
-0.6635818108001702
0.05696155629088782
-0.29484165389436096
0.3925804099652211
-0.09833592271985098
0.3165117278105156
-0.6862234824024973
-0.39211975362296286
-0.35283502100432423
0.43529520362652385
0.3753614847835498
-0.12260608472456519
-0.27164337070131533
-0.13194008262599025
-0.03472249699691966
-0.35227146905352574
-0.4333498634944759
-0.5264635025648264
-0.6720984960600664
-0.44344440823404696
-0.4678252998787641
-0.7534492094826977
-0.6408575821141972
-0.4024920703481253
-0.2950464732927926
-0.5736471309070899
-0.40650413119566803
-0.6497885547616423
-0.6218031534595092
-0.9436814989592979
-1.0358421841041596
-1.0493229761064424
-0.549726177417543
-0.4106490213690176
0.05583413099938132
-0.0843398946385707
-0.4394418985255282
-0.5360275113499327
-0.22453447624397407
-0.24355555437170193
-0.36079808048378753
-0.3146160589500035
-0.1859435803648647
-0.14337689181313168
-0.06953537898531229
-0.09524246673860015
-0.18440753912713392
-0.3096207103421572
-0.37728637642595786
-0.16268162265499556
-0.3978559237891974
-0.5882739119229723
-0.5017761534715325
-0.22215107895223485
-0.16926514075362697
-0.22784749598388024
-0.2797015343208386
-0.3398712574805028
-0.20083822615787966
-0.1073803199480906
-0.02719754516553856
-0.2219195991637526
-0.246418933639466
-0.20995861327989326
-0.013192922659229472
-0.08005742751170414
-0.22300172547529887
0.0044149519080255595
0.09047133430779207
0.14989147225780677
-0.08025932289412731
-0.021849147983989178
-0.24651374438347423
-0.05272021342249319
0.13299688469583368
-0.0013260677922458156
-0.1382937478225698
-0.10285517307563338
0.07470834748167925
-0.050537321330507645
-0.052623838298672586
-0.03667884614557428
-0.1115585573855586
-0.17467079166818866
-0.2530407876185053
-0.09123899916034188
-0.0470640206849063
-0.06100049966587883
-0.06533827760406684
0.21896850502382167
0.028081489366939234
-0.27385000002355764
-0.2770600379348408
0.15236053420793996
0.32625153584628247
0.3186238159921405
0.2608903067680802
-0.11225461596528803
-0.17558243549791414
0.10063300162158917
0.2841594200617143
0.03213723098245339
-0.16118299025755917
0.0955808490243539
0.2511713460215537
0.4377468790278884
0.3024553027594373
0.017315070856061605
-0.2347796871158206
-0.24996351206111883
-0.3304891545562675
-0.595535919009345
-0.6240510004476393
-0.7192307945071484
-0.5342428274588691
-0.21326091942358424
0.0014417333495574166
0.06622487956429636
-0.11675049734052402
-0.12797972121837223
-0.15047336413115975
0.09924310162193833
0.005986914175972907
0.024402065795861936
-0.08215670946430034
0.08697010310356866
0.08311082798475333
0.03038607315056199
-0.055313155009285284
-0.03266369169045059
-0.20172829540667836
-0.23782762995625165
-0.006974867142304453
0.2085818414069746
0.20362255166653648
0.302516105750773
0.10858601493482754
-0.05314754989615927
-0.2639300913656471
0.01597728170983774
0.12520843576054497
0.18812506107469232
0.0045279263525822315
0.028435038678540945
-0.01922154538892329
-0.10983540727020191
0.021387465373148083
0.15766288178280943
0.2076137750996782
0.0702538927943856
-0.07778811992844221
-0.2048177422688763
-0.18728653804934176
-0.03951214626375869
0.014106710763500308
0.09670295748026254
0.10853200790717649
0.10413540318820354
0.11060991236289852
0.09910788440237982
-0.05708065294191398
-0.15126364550834837
-0.029503748132117986
-0.10656928334183895
-0.19205349387558746
-0.1551619733750911
-0.01493397248349451
-0.093097132456093
-0.12496258598709824
-0.10398702689714194
-0.08510381642555206
0.09076725667248317
0.030700323926545
0.02572806670879233
0.038050767197436226
-0.18437193988967812
-0.01264346941394449
1.3376868943315603
3.9486076640934744
5.855175742303324
7.4226781787857545
7.780047080029122
7.612885340392943
5.752283394037583
3.533406351341898
1.8581183803179369
1.586277036132998
1.481751167169255
1.2809117866760111
0.9583951612454434
0.7862850713515473
0.5710598516324359
0.38933580424231146
0.20761916626698204
0.34963462100205855
0.4538637562536492
0.26869282235938746
0.2621368364105479
0.35921915973779267
0.4032957904857285
0.5165244739795246
0.5020793981900358
0.40443881581203744
0.22698497245541374
0.19145320990557727
0.20474313144941486
0.3490875033188402
0.42088281211508577
0.4288712433075396
0.34453368160192077
0.16810862825505754
-0.034857196765105805
-0.08012018835694497
0.14086791014432493
0.19480166540576452
0.1637687638106661
-0.16403471600514644
-0.1322597754507764
-0.13827032522658206
0.02130681328899272
-0.04254129263761468
0.05426156884566399
0.029113695763327667
-0.04507811272644229
-0.09082277219114175
0.004959529506755909
0.04104653860166133
0.0036187526762021657
0.03331952812894568
-0.13543098899888853
-0.12387869958410835
-0.08461967395077682
-0.09353751275748035
-0.1922898736951935
-0.05662335565428853
-0.05012014226137414
0.008020971306870212
0.048683651185590544
0.16733249305863454
0.1392725878245576
0.05785938210893283
-0.026463629149768946
-0.11350464927237165
0.07708013386498208
0.025912446457734366
0.06503459939305702
0.007751542727636479
0.041821000965067835
-0.0676478308979125
-0.02365817631890374
0.007043483704976009
-0.0726096503245424
-0.08523372664047932
-0.18247350299147655
-0.6642830046111349
-0.9600830287133044
-1.0867948020525102
-1.1434946622687243
-1.1396794828949548
-1.4542045872198834
-1.7627813862077564
-1.6403410779158025
-0.9791988987767376
-0.9104637240325696
-1.0964223813998992
-1.2113150329528353
-1.492209052551071
-1.2591310642422116
-1.0226371307487638
-0.616406606347486
-0.9340262188034323
-1.1311225366338524
-1.1984334756504598
-0.9220527724565397
-0.74758178567423
-0.6983132066994748
-0.594973420376501
-0.5160823046202242
-0.48303024160725355
-0.13401240353693658
-0.10001161593139943
-0.20773542635471895
-0.5151637997566101
-0.29250085256075414
-0.20249016743261478
-0.3057410810070852
-0.5130205171778153
-0.4096996727370409
-0.756525454177142
-0.9326536149097264
-0.7736702451449423
-0.3903969686375766
-0.6649246748642436
-1.0312874547442479
-0.821741346455946
-0.6476763866400549
-0.962912598685245
-1.8991179779886491
-1.7921837457410548
-1.4478792257150959
-0.9453450848537543
-0.8241898727386905
-0.3165978267397451
-0.7387874886367645
-1.0403958048846234
-1.0957392123928207
-0.43494502212383535
-0.2775562196065505
-0.20838282515176518
-0.4959887291966465
-0.45267858708172953
-0.8237549556205926
-0.992555891997601
-0.7241574424905359
-0.19491690414223786
-0.421356212075802
-0.5580832809800734
-0.46276835628559804
-0.2821411469338532
-0.41916274503317263
-0.27488952208377204
-0.20792292083879246
-0.09797850173319196
-0.11193152272005581
-0.1170552016092595
-0.13861409860008994
0.07717712736327681
0.09955830822846158
-0.04565916604995684
-0.19266617001757538
-0.02160808428062381
0.008412371878341903
-0.0456210199349884
-0.11660264778309434
-0.10490954648724386
-0.13494543318962873
0.11114282874963893
0.026898998474509758
0.12013334624359011
0.006182409053709392
0.029903834611258003
-0.15650346480516109
-0.11586643793538617
-0.17926418449533085
-0.16249791642365205
-0.21809411703506806
-0.36657604216116624
-0.4730681482754881
-0.45226643613674544
-0.12209437686624568
-0.16702977593685875
-0.06711401578774141
-0.10823171287187042
0.12244578515321057
-0.05600477404726203
-0.42527525366690294
-0.16093329141054283
-0.09596330540550876
0.1591425630616532
-0.2403468312523138
-0.225294738300961
-0.19056509276443434
0.03869933471937181
-0.060809339271306495
-0.41109792910849763
-0.3522260362074868
-0.1610885890917549
0.19491410937443995
0.12729695849560058
0.08646754314727305
0.00871202269105172
0.12202232932514978
-0.037972899265611273
-0.23175162172197694
-0.22676625536063885
0.24390927210743546
0.3762022746764445
0.001553061492273069
-0.31593115424624196
-0.10454225462270804
-0.08101672848558827
-0.11557289308472235
-0.0893890450940896
0.10871444777924062
0.12217264664410699
0.05441784890681402
-0.07002946341508605
-0.1993223826069616
-0.11252706870337474
0.05218593967071405
0.16604357582952944
0.15471426396182988
0.25640269482929057
0.6672710377540169
0.5449390025770708
0.8239875803295261
1.237117045103436
1.7577239713801909
2.482379950427052
3.8738684371457026
5.3614940497526105
5.384504479785789
4.189984811208615
2.542036731643744
1.2687712996593916
1.3788810913367706
1.7342314963026033
2.3251820677007586
1.6592868351763252
1.6226233880870111
2.1430309279701154
2.0882584401095214
1.4344055229391792
1.0908702735708267
1.7123926722318723
1.6790525108696372
1.622209279479233
1.4574935914092855
1.394521597866724
1.155545568842298
0.9870523568434814
1.0815748704989443
0.7112874741746338
0.2715735352648239
-0.0757668590291137
0.2642637206917488
0.12710648924070533
0.07857724259488438
-0.048206620039470224
0.06304352848228192
-0.03851801530113472
-0.025860549536855043
0.2284634293705887
0.2106319475320859
0.10540377192271996
0.047335229726542166
0.20466916037445196
0.18914309858521125
0.08886530304022647
-0.010455718990283787
-0.1627095757578586
-0.21069026668571886
-0.07452632271369349
0.03401809363423877
0.07268844580854386
-0.016995964304992436
-0.08731235776699373
-0.231720146914471
-0.04567564332848921
0.18532473667849791
0.18945658879487592
0.08202353216951322
0.10700356941084119
0.01537234456308635
-0.06718703876904923
-0.027820280617153196
-0.11875441483578894
-0.16039192055101384
-0.160360325806753
-0.20278219334906075
-0.25809758795744037
-0.32256357012833414
-0.3171366476258173
-0.4839196027181223
-0.08037329429251772
0.1299491458282061
0.21545919772168615
0.09679881488272252
0.1839923390352946
0.07659605134956662
-0.16044815639243737
-0.004873196988029182
-0.10205799202024293
-0.09737832607145518
-0.1306927277355604
-0.10210422045924641
-0.36761937037366277
-0.1901880217722279
-0.10109539085949934
-0.10721731509246402
-0.2277625053893702
-0.5966246830234737
-0.6234081829488546
-0.5276014614062756
-0.6761679789718629
-1.320888566052599
-1.5447841448299926
-1.558263549184027
-1.0300907526361212
-0.7271621992366897
-0.6108796012691371
-0.8623926100446091
-0.7540225676841075
-0.5749827390594324
-0.3276000771772295
-0.24022828812652308
-0.23595628539442684
-0.029385155922500576
-0.059364943030925474
-0.13581858425597887
-0.15940730243271567
-0.1046852260274604
-0.29921367943926813
-0.39100689860309956
-0.2452525533556555
0.014249009082131626
-0.033109659382639316
-0.20349756832408347
-0.5216790998854844
-0.6017222953236356
-0.7097380497038012
-0.8255299069330946
-1.001030690186099
-0.9341391409386881
-0.8466354995497253
-0.6540981314567959
-0.5124995077133045
-0.3760585991566669
-0.44604446137519016
-0.7358186850186251
-0.958488112119983
-0.7780179517255845
-0.9131371489162444
-0.6454935371756132
-1.0941651055407908
-1.6331226467575894
-2.748912252136991
-2.4225562051490757
-3.2907739158002385
-3.3241550744713235
-2.9567820827489713
-0.9546069430967373
-0.8843116261080984
-1.0598306421288934
-1.4583224745138474
-1.1844659540031155
-1.1973958212633538
-1.2752899459303044
-0.9734693419383196
-0.8082356873472152
-0.5730862887950053
-0.6047540929752853
-0.35919967337413916
-0.27104262508459154
-0.1308087508046401
-0.37222825941959553
-0.24967205687639282
-0.1129023385890443
0.5115504398540665
0.45022124906595995
0.29004351450526017
0.09832573477846125
-0.21633294640397988
-0.5039446759103315
-0.4759521968614186
-0.2629952463647279
-0.016096532156988256
0.09128283894896629
0.0711820807366928
-0.09091061927515245
0.06319085160624764
0.27209966684077264
-0.03446541324887221
-0.11454414164636771
-0.09745966317358327
0.07001603657734569
-0.006037791080688231
-0.014159789750353067
0.0651695351510256
-0.012510828313295268
0.027803264041465964
-0.061622135652329005
-0.11605788917452883
-0.23215536281553611
-0.376862813024103
-0.48420761603240764
-0.2759948153793524
-0.11006198923864574
0.1979198249599942
0.27995253276158444
0.623457269951167
0.4328298557543083
0.21519512060197982
-0.04365939327439053
0.1659793841058991
0.4135464134579753
0.2675707984240455
0.49555289446359935
1.0350968852287359
2.006927372562622
3.1496657923992664
4.90684470518425
5.301251234718174
4.85521111280953
4.180337921045609
3.8746133582809255
3.5168808340212876
3.294302934464746
2.7688289779272552
2.3207954815447707
1.9150662563058263
2.084142322541359
2.3461759313491104
2.8299354511747556
2.217047340617228
1.4323692986387468
0.8044689793610096
0.572192984987066
0.25419107224731685
0.12231709553323118
0.21985638900140508
0.1016647360299352
-0.032046509108599255
-0.11131386739432891
0.08197794363586511
-0.014393918177223172
-0.016165160645031124
0.038977982556789297
0.3111924215710005
0.07901422460128599
-0.24786565618141065
-0.22614309057431067
-0.038751985789758095
0.08620880355569198
0.16741532002622803
0.16834927648463444
-0.01123021557394363
0.009793896531939473
0.10039755774130203
0.04592364721398561
-0.106878259092093
-0.044675299902283694
0.09101590866801808
0.023990650546564712
-0.13323413173614498
-0.10321003786265256
-0.04500387897591807
0.06632561736969692
0.09338646853022305
0.09462349577595047
-0.12468044128339174
-0.06689323847859299
-0.30547712076177713
-0.28413208583800537
-0.11447179143677308
0.02228682703370304
0.016474880949021456
-0.3066732080128328
-0.21286516286509513
-0.44321097040079216
-0.10599262307801643
-0.28932592776412225
-0.10575049773333596
-0.5120003153989917
-0.3122682486080097
-0.587525733271523
-0.5331234320525838
-0.5179986090384645
-0.34779507882264116
-0.2533791003608495
-0.21816051733840955
-0.05782239695810422
-0.17662323083375792
-0.18816151335736506
-0.04506924885126418
-0.21677734463623233
-0.5015810152459351
-0.7164411889127419
-0.43860510667691516
-0.3486727494960327
-0.36218466366132435
-0.5988217870588305
-0.8333605529045459
-1.0668635480070583
-0.9301502109589158
-0.7318558301346884
-0.6708147993771151
-0.9442094312350638
-0.7743010956879185
-0.71440226443176
-0.7570795433222212
-1.006403313547099
-1.0824926054826318
-1.1483124495801051
-1.378957223509117
-1.3590147441295066
-1.363164692601677
-1.3114036588552715
-1.2451572251898677
-1.2235351710081535
-1.2027911089960814
-1.1120999229573738
-1.2031161080031145
-1.712326621566256
-1.7198400845000261
-1.5750703750876254
-1.3638486001565218
-1.495520983215386
-1.149783289152832
-1.2137723505505806
-0.9594211348577297
-0.6799341787196609
-0.42969354668830423
-0.41876986388026
-0.5790150657918232
-0.4872560073531556
-0.19147376388032258
-0.3277640389539169
-0.3035359038816442
-0.20953385157873397
0.007936492809525623
-0.32762080430404766
-0.5375848587542258
-0.43362418328873115
-0.3837528071774334
-0.2246636193424855
-0.29541260272312037
-0.15281768339585683
-0.09743422233039699
-0.1223832682002274
-0.3856455844151127
-0.4327306994328812
-0.24206307717039066
-0.4224928146126073
-0.5571041775467411
-0.2060788469090505
-0.007405684352660845
0.056797516936468125
-0.2351068131209638
-0.18391254835640516
-0.3389248394873571
-0.4380161114411362
-0.7673205444021696
-0.5207039973360965
-0.4543765176988947
-0.46128110958111324
0.2074810242963026
0.09563534278308988
-0.3278211597796463
-0.38757150321096484
0.5181454643640054
-0.22878282706286415
-0.05155175757102497
-0.24061625355447283
0.24142314204005405
-0.10303955380772432
0.2874416623222178
-0.09645242964710773
-0.18051099097716378
-0.35822059615634444
-0.49936846156621145
0.0008438723172060205
0.23206977872162513
0.21764801051983473
-0.30670626302949333
0.07922696441647581
0.025933939642292878
0.08838280999704244
-0.06097525007583012
0.31614571788695667
-0.0197820269551381
-0.27745293471329974
-0.3152041981551261
-0.1447860657052071
-0.15179974586952438
0.01186812115766279
0.13781769582694373
0.09132369957581896
0.2590858359579883
0.30728736020770364
0.005938599105192992
-0.124561448359201
-0.14444137155514128
-0.3057294776957584
-0.389393952661865
-0.2242042641419067
0.43835309113236653
2.0007256590708917
2.375702931450865
2.6910722744606006
2.3456710761685797
2.9791592881167
3.1423210877133
3.2777912187394187
2.600397646193954
2.321478823202603
2.64648150432196
2.2804045155727937
2.0811077927228814
2.293696108465541
2.516238051281904
2.11957809404201
1.5275728552096375
1.2387938226508337
1.3793836672702933
0.9547248731708701
0.5563188919562324
0.33951581798018426
0.6168840414606773
0.40113072570741765
0.633975434180087
0.5909002243478015
0.7034584455206999
0.5371646793313188
0.6356448327777736
0.5490560090532142
0.5717154772331826
0.4208003349433444
0.2170161756130108
0.12708615157595948
0.07182158784279488
0.0034113438168546476
-0.0481378718354258
0.011587743201486013
0.07892350596484303
0.06899652910996025
0.03254277984979755
-0.050582828888383315
0.03798633979617916
0.21443901118065709
0.2440011358491557
0.11714640296592416
0.03648501319497384
0.10695968594658542
0.047285318522274224
0.09468293257751098
0.24644242466991367
0.24963206826353532
0.42029387791776024
0.2939956884150952
0.2509508087236609
0.2781096278363007
0.4001314094975395
0.2977972380037511
0.1628191856836437
0.2535649396684392
0.012933252758765182
0.16323885173604763
0.10162025970519038
0.34068864713383934
0.23670970198725896
0.21427239772307313
0.11160838685313289
0.02544084135629821
0.04756993099702726
-0.16425530549744094
-0.11972515369388052
-0.0635755711579114
0.24651597694810137
0.33416615958964496
-0.03313139406401399
-0.24697210196176728
-0.02862325518943661
0.28432478923988697
0.13360329459753834
-0.2760698302366584
-0.07967131746362774
0.07423085901810905
-0.057615021322893145
-0.2850945462659078
-0.30184124689762665
-0.8179152961775324
-1.2237994673491965
-1.6736892510983798
-1.3623135108825049
-1.2133513400727238
-0.6383853093556277
-1.307103330847429
-1.5524421610917598
-1.7153442851719667
-1.9548682903004155
-2.6473706929110192
-2.710368702215316
-2.393455123929376
-2.642104661516479
-2.375595962109322
-2.353553148293582
-1.8349545951884483
-1.3747587166375135
-0.997975960127801
-1.6548672431824427
-1.6166411501224573
-1.320436813826706
-1.1318345321731778
-1.4937815706868567
-0.8021064347123242
-1.1465861996734414
-1.0125597808002034
-1.311870216178352
-0.9219631530942493
-1.1345549525501364
-0.912114352898717
-0.7312970839877679
-0.7642804631887458
-0.5623068266749007
-0.6937791958672951
-0.45873025768512765
-0.5159520661457309
-0.454182944875371
-0.3416573162884129
0.005434818466616451
-0.0749866017989582
-0.44474557183550717
-0.31771330534557884
0.03439794841643613
0.04856104335457938
-0.3092228689278794
0.07644641918065039
0.6503263899192988
0.25711488732890925
-0.1914218266229823
-0.3028588155208428
-0.07939448656082156
-0.15942717731153389
0.24916121352318937
0.2737393234865637
-0.03009927519344512
-0.2142172928530479
-0.23857182295226206
0.06482173514465181
0.16527934512392783
0.23120774408234923
0.10833674696858342
-0.01235332251617636
0.059880297547094195
0.08892315374198745
-0.1656519614299856
-0.010710101573050466
0.06373941151919835
-0.020755481336017303
-0.24167719652702022
0.0038088004275001973
0.18739085173698558
-0.010727365647635378
-0.07010206207166784
-0.13552634033507088
-0.01260641153105338
-0.06752742363005738
-0.0992919879603708
-0.06382584340257626
0.00703272682472984
-0.11018728348414596
-0.044987908483034085
0.17414624814818366
0.34892595501476814
0.13236158356747382
0.1493634702671927
0.36968390751211383
0.3145349083713168
-0.7945239633805059
-1.2866912654826932
-1.063731679518278
-0.21689584376551702
0.35466768719144937
0.8868897564245475
1.515075919888879
3.1121478526440005
3.6480261953272413
3.341589774636362
3.261972337102843
4.95866544133975
4.81281266012153
3.751253884880915
3.3733797322277024
3.6307194851186897
3.017536088641018
1.5689503743239996
0.9172542566216546
1.029713285356518
0.8035720249347321
0.9940610584521014
1.0953000394127899
1.1804959957378052
0.9134272028913852
0.9513280555200451
1.0980426653219435
0.680740186160561
0.7087863776701788
0.5019304664198062
0.7503718933621055
0.4568493005531875
0.4261731065103658
0.28019205835012867
0.34911538581848794
0.09720440618990168
0.21200290860772336
0.351421184871481
0.14104997809934486
-0.09658564806261305
-0.1549833001557043
-0.11776857046109426
-0.31852546456646846
-0.2351722023086299
0.05513737580879899
0.07138175442270317
-0.0050063484135812256
-0.12648726286163225
-0.11622468516614631
-0.007591370376534444
0.21279799542451633
0.39941509326888275
0.2705713353732773
0.12796772296338305
0.012495434187565203
-0.015862867963592833
0.21332267516038664
0.16553892784557486
0.22982427257848453
-0.15022540170729093
0.002226543601158275
0.013292758174288856
-0.22367656565969007
0.0344645274892061
0.0627045770427861
-0.16024250838896742
-0.768695272084891
-0.06906229209902863
0.29422758879598004
0.3399447235281096
0.07488042263836352
0.029379736326834997
0.05970121166402393
-0.05913910947767462
0.05289900552667282
-0.02310750723627873
-0.13882942035191925
-0.39767160650876043
-0.2523975464011118
-0.046404827863116144
-0.011168984885161968
0.046154381699128735
0.03442219699768741
0.12369680329517056
0.0561999392685265
-0.1407183642026557
-0.1511932880507169
0.12277294218616262
0.20097412341733645
-0.13609607185249947
-0.2895431175975469
-0.26043053664201715
-0.34904912421148554
-0.48834246108588997
-0.41389572381192696
-0.4183581340955812
-0.5949629046837895
-0.7086134381365897
-0.5024410129620956
-0.10032054898702056
-0.31018853109306066
-0.6912775149860344
-1.1027350439782118
-0.6527994950065775
-0.5161777431174102
-0.4543510623763583
-1.0979452618140042
-1.1335575963398585
-1.1493286579385296
-0.8471003766494272
-0.8309413436013002
-0.748977192797127
-1.2209085209874566
-1.8737667248836498
-2.3259062123665335
-2.549300282448577
-1.8848054121033104
-1.4958176655175677
-1.5185613972461922
-1.1927119517730322
-0.38036533226633856
-0.3023351800823265
-0.8226690076821199
-0.3766539999474309
-0.1939373062863258
-1.4513411295167906
-1.3637934928911841
-1.9993746777771875
-2.496563738161699
-2.6714403266397944
-1.514802684932704
-1.621257388005436
-1.8120419094757065
-1.4384311627216406
-1.4262948758397531
-1.4767330890660482
-1.0647453399428748
-0.5647443525396384
-0.39225980972031516
-0.23982052074968205
-0.5410171858127869
-0.7996689173238091
-0.5004085211101593
-0.19979720570912599
-0.25991825645816774
-0.42846993662449145
-0.14539852272622994
-0.24507988444049367
-0.18745542314006253
-0.007241393913804679
-0.12934096195385644
0.08110576349026014
0.06079087373234337
0.07109216306892778
0.07236428339997208
0.13627407632408392
-0.06340442586040412
-0.0931358594356445
-0.04814378853523048
-0.06307733624939262
-0.07195472242133898
0.14209009964184313
-0.12956529103348782
0.003420295588552356
-0.28568188508469666
0.14822203038698561
0.013937073526513149
0.30762058418169985
0.0603930615413489
0.0999565853352148
-0.012071514850861331
-0.1529110807196709
-0.16302801787947238
-0.22177250596049758
0.06616752523381918
0.20121643185220742
0.023567985763738676
-0.1663674434884513
-0.025976072594850012
0.2601060730265151
0.0574844180750183
-0.25361510458183495
-0.09666659183723476
-0.150192812609292
-0.02090540532976534
-0.1618548723837552
0.3856863293638547
0.6025416780867764
0.8821591349481976
2.240256224636459
3.471398196403552
3.9707799689222223
3.7696747003684354
4.383021983508475
4.0408262105826545
3.395282673625416
2.556117775064045
2.1783255112133495
1.9908034936564367
1.9376655500942
1.445199036395613
0.7932500943820149
0.47336453682048446
0.37661907665837024
0.6414552358097577
0.5950322036559835
0.4407493292880355
0.3900546942775595
0.6299053090252774
0.7783415408297566
0.8646641752475873
0.7456192889642368
0.701296063089191
0.5585741871297196
0.33310652520037626
0.08723150501796585
0.06469594090480126
0.05314843557195772
-0.019200950378103192
0.01590076494437627
0.1616752029233773
0.19372691397776745
0.04840793728633495
0.01075925812447585
0.18661187106258031
0.5952518087436115
0.8474232283346732
1.0566197288968784
1.0498452864571803
1.4428205249925472
1.0293512046476827
0.6558459928370559
0.06584638811167373
0.23403256267421121
0.019586601775535555
0.27958682912016897
0.2818531280239172
0.27887906591607814
0.0935229072183739
0.2987551225117572
0.30150957272758455
0.007901688321634742
-0.13461260901550648
0.0792155017803165
0.08611888134976643
0.014851339758798942
0.030651567750858498
0.472047803627005
0.17105251943617755
-0.0011255381217043965
-0.12340575992114945
0.06494204776948212
-0.07312095482816944
-0.05248378882052386
0.0018475928283502247
-0.05153536226089343
-0.012715959862588834
-0.0042285015148884105
-0.0666032304038049
0.06622922635310878
0.009079912726233898
-0.0012839290654654454
-0.06656789116233842
0.12733704390598458
0.05620649884211747
-0.19172866468295505
-0.7911774978891045
-1.2149609039484723
-1.589378914279396
-2.0621602505042764
-2.2961160343526905
-1.8875818244276494
-1.8006964541537678
-2.3871752271964723
-2.7906598069242614
-3.4172149643937475
-2.9806551676243007
-2.9565966057492656
-2.4156258082363964
-2.5902773891805477
-2.5298001700935764
-2.711601527962949
-2.111687322663951
-1.0405615521414295
-1.246883614103693
-1.4999028165251025
-1.574198046958712
-1.2496928600342212
-1.1105353319094706
-0.9112760262249716
-0.8414770570803665
-0.9670476513801785
-1.097176421945624
-0.9309101529769006
-0.551532579829627
-0.49365723163378816
-0.8098676398994437
-0.9624191432793738
-0.4602658400159137
0.009043163399299295
0.09052881722466503
-0.287300132457027
-0.1667105986365103
-0.16857153650157053
-0.17502201970586892
-0.2532346372217675
-0.02079878180613969
0.22087047918679567
0.18883589152794206
0.032115635416574806
-0.1472763251582438
0.019037726525784032
-0.20514216584863784
-0.17620072296651643
-0.12081757892716823
-0.11607369293385274
0.042891516137570716
-0.01592576215971809
0.1610116065931176
-0.08661798801095057
0.0551986914707758
-0.009468810735888521
-0.025310856769769265
0.019202545455269792
0.12298301215916276
0.0236871989186951
-0.15241680829425597
-0.09141000713575409
0.11444648310790327
-0.07597767986878391
-0.06869152268031269
-0.2468548598579232
-0.21535270461128941
-0.11406085972596648
0.11919007134594106
0.041558417530010605
-0.05145188051716224
-0.14713745074619827
0.10082051174432759
0.2556170266261053
0.2122115653649366
-0.06672309150934035
-0.21999068109194722
-0.21097088882703527
0.11671840037838482
0.13409605810168243
0.167881269504007
-0.05991679611257912
0.16333629758142051
-0.08400779093292682
0.027712605994188285
-0.24467985404822773
-0.13176334249676583
-0.11026568832921194
0.07078652877581405
0.04283501836437547
0.11147875391266628
0.03368059170959556
-0.04701676524431445
-0.11027560077704324
-0.09690604657023826
-0.09030187327333905
-0.10020338325805873
-0.020638191774751048
0.03301117749730263
0.15004753683216687
0.06845138095266573
-0.04512935338863509
0.1851374613894725
0.2683986735575365
0.4109985033004155
1.0964730990223794
1.8231153951336214
3.662889742715229
4.0505970847359425
4.443632617087217
3.102796930253846
4.015156500598107
3.1114013150249025
2.321011488450717
1.6691721624208078
2.5612075893165733
3.1214773509350002
2.930841815507206
2.4773878863802614
1.3865647331184283
1.0908319895497096
1.554940988176416
1.8593661828431987
1.486400159090864
0.9290268140349629
0.9253189454015669
1.1591512585596084
1.1389510679129171
0.6389667370058735
-0.04764339902429226
-0.24926155925799914
-0.23303865788695247
0.04292526580437239
0.01319618492301016
-0.22656943637538074
0.011007934708975946
0.2502048246458375
0.4338352744814654
0.3438895200686116
0.4437959431192836
0.21927035919663854
0.038510206855267376
0.14055676248640037
0.17242899915361856
0.178453979524925
0.0008670939801036997
0.08666843499597614
0.22309596003392043
0.2393240632535346
0.0671299926598528
0.0115049783449923
-0.01319463435397314
0.08014900685894356
0.08124394541290565
0.16890046115766905
0.07227994997465148
-0.10182081039719033
-0.1377551933742483
-0.002313330894916497
-0.038106507988505275
-0.16635605874615825
-0.0836666651179122
0.12036523171014908
0.00033809188336947615
-0.06641849378991194
-0.12131122030520049
0.018582244555534977
-0.03833114861907583
-0.11651868832238672
-0.3147417852312563
-0.191463277060284
0.043178080990009436
0.3588538522458688
0.001391559037167224
-0.06139030732927359
-0.13191730780668015
0.058708584572774176
-0.177196573028039
0.13306424104895828
0.12698093308952274
0.1211149569500527
-0.11897709034286229
0.021342190049936642
0.057341016457569324
0.08495843017256849
-0.23948024671373053
-0.9037579956320472
-1.7322761149931571
-2.6954897900870978
-2.9491571919538404
-3.326235238522804
-3.0312565951734807
-2.8865094568054013
-3.256666983550735
-3.825531435819294
-3.4309759010174075
-2.1270568605125217
-1.9133213258597699
-1.653563796229774
-1.524506153333951
-1.1332952220080728
-1.7350776661032727
-1.6590385638723903
-1.7950738595331572
-1.5610627717928673
-1.8024877582689
-0.7237302837458471
-0.8538395917864624
-0.5135857675944446
-0.13908609916515005
0.4384775529028639
-0.2474747045269123
-0.9958553072637752
-1.0369996627137823
-0.8728103404192071
-0.3664951349278961
-0.2658832819969998
0.004020636254465865
0.19400132166512615
0.2207943460316213
-0.10527732142751893
-0.3518304721081267
-0.14249556926305923
0.07145837251673635
0.054101398235126295
0.00366969227930801
-0.03712297640545026
-0.0541744966326356
-0.16243591210702382
-0.029657958894627766
0.024749731620116195
0.05850129536432104
-0.042407271010899604
-0.2621469315298307
-0.12791086067730356
0.06519589402710867
0.07736686187948173
-0.15804416192600684
-0.08707050062194881
0.2226392365047915
0.20649913380336873
0.1508249825333485
-0.11288606276232194
-0.014438813453536413
0.009136435561593012
0.04479792098872148
0.027026831413300638
0.08907706979627762
0.12486677021040353
-0.14568846458780452
-0.007666892904543301
0.19362324438579984
0.27394384641127983
0.025546324820481973
-0.0038782621367072206
0.06272915299194516
0.02857644021480639
-0.07937061769217638
-0.1355300221518973
-0.11388031227264653
-0.19062935944513054
-0.16147288363566217
-0.4825634511888057
-1.160741437787062
-0.44899167352641134
0.9068437846958376
1.5124099222071763
1.4235605553100603
1.3937210081289262
1.269722245328791
0.8360740314579077
0.9717986829700285
0.9605625168106638
1.4240628114621106
2.063367366869881
2.05835200976953
1.8073936098287586
1.4670101402127813
1.8958410135006365
1.6099217129516334
1.276030589634351
1.0146192128030451
1.513806066586771
1.5900402928725879
1.5866552791710533
1.7904979512935566
2.013854618876673
1.8551491658958539
1.9056549696454446
1.750690938187451
2.076609153966638
2.334018718206955
2.6502857720657365
1.9905715143323932
1.5459274111179693
0.9237551052521501
0.8459036743373819
0.4673523677905011
0.31260118215396204
0.26752594339115776
0.4453083541000167
0.0042552693706545885
-0.2136404595728391
-0.01628053487658136
0.16845582281916086
0.21549031409578648
0.21654592955182073
0.10245282828699548
0.047242552441615814
-0.04716226961371346
-0.28227279347198314
-0.34743805123512694
-0.04869171500467228
0.14846624893432814
-0.042114729490845444
0.14614656292409597
0.3555141172397216
0.26686183098136246
-0.05732023498912324
-0.025221403985330782
0.1391989595862854
0.11665227958188315
0.22468104178097137
0.025629677126299058
0.0816507945573558
0.0016034010964350665
-0.04623430265629432
-0.10534779380183923
0.06787908703429539
0.09067134593041608
0.10182514621657558
-0.099157825530899
-0.29668312545044123
-0.4901113619209053
-0.11104611737041657
-0.10357546380217164
-0.1737067636188167
-0.29918237308160045
-0.06451237975741908
0.07455061672312968
-0.23492120002072572
-0.2027775587947471
-1.0044914732623604
-1.4027674331917344
-1.2417163441529961
-0.6083837118475234
-0.7223314197152197
-1.038900324987446
-1.0404219907287984
-1.0811565522148674
-1.0634276836843775
-1.2918408788459093
-1.4181330413338273
-1.8215274545437246
-2.6235171463501303
-2.50830866266085
-2.067501609706275
-1.7370462454233715
-2.205129751276828
-1.6289459648149933
-1.183117611833356
-0.9459254844320701
-0.8835887016640316
-0.43195608197121327
-0.196902734026524
-0.43451430673496355
-0.4934219710374072
-0.28906249889565006
-0.7188176787310194
-0.9542829987534536
-0.9768036511307809
-0.34315802298409975
-0.1230024390734833
-0.39316792038878573
-0.7750669395036588
-0.4783612646600749
-0.39640156540889404
-0.18668269160496767
-0.2540122053314686
-0.39931585568955535
-0.13390630730576986
0.42104832717735763
-0.6679902853437683
-1.0619590388730797
-1.3478362618902298
-0.9072145006812087
-1.0438290699969626
-0.12673655865636346
-0.7127392073767798
-1.2506132841226059
-0.44987797998954865
0.14239626652247628
-0.464087245300472
-1.21088232798275
-1.0185832700277155
-0.4976918541932157
-0.26737125957678837
0.04628212967605557
-0.3338857067013294
-0.4123041845795441
-0.21188311234855828
0.012566577386317494
-0.25134496042221216
0.07073037217893767
-0.1475723004480598
-0.01661110150600842
0.12560917972077248
0.22706802121147288
0.014185543120527862
-0.018472062725725876
0.13967351788359245
-0.1065579055705676
-0.028388093364839998
-0.005913471367227422
0.010263518127743626
-0.07592018267262012
0.001013409480547569
-0.015283537049445054
0.018219840294551242
-0.10759011066913322
0.08335870229682187
0.09398831015913219
0.005893462841018627
-0.03964119973801725
-0.0792481241080898
-0.034201924314387344
-0.02904831106939638
0.2770579813058218
0.16586775770518647
0.1543934063286384
0.10088917726405984
0.0028522409180582976
-0.07570855851475836
0.014521959971980308
0.07234670179995623
-0.0389272317924949
-0.025433813383681007
0.029210023524301618
-0.03895054180387519
-0.14718205851247532
-0.19418970002154168
-0.12098554480660713
0.018179319932208816
0.18022892712239666
0.21535471880148863
0.11493918556001169
-0.016288645001197404
-0.011593108257564148
0.0020976205197397787
-0.11468988337226052
-0.061905951499306076
0.1336939639202615
0.02886734342139034
-0.16212175681372265
-0.20993042837414766
-0.0016857085481867666
-0.019321445919358058
-0.006182726788863742
