0.7511011209587821
0.8218066150690027
0.8413673287189976
0.8360485254351582
0.8260605299274006
0.8231740813631927
0.8252765499237262
0.8268145012752149
0.8310792302809569
0.8339632375578427
0.836867267868048
0.8356828068634297
0.8352362149696527
0.8378283203306034
0.841056244603859
0.8426539937068861
0.8376694923953771
0.8366964750905985
0.837738727530209
0.8395700764159673
0.8411164271865814
0.8484714794159657
0.8496900038033637
0.8445075001150524
0.8380796360570456
0.8299575035710418
0.821718134423249
0.8154906438473876
0.8140949376361272
0.8120909308428907
0.8118175778920524
0.8094907484828824
0.8081248951015189
0.8111516373310546
0.8145186939212016
0.8175424403052005
0.8127846982189336
0.8185298199951034
0.8207777418401284
0.8260502534845022
0.8227249991334222
0.8234426382136052
0.8204113185312543
0.8221448380982952
0.8231442650634754
0.8189010791947139
0.8144265537731353
0.8152202522777561
0.8185626743836718
0.8190534817511261
0.8173269952788311
0.8165603618353166
0.8148911393522764
0.8123031265300045
0.8100431338608818
0.810501584801323
0.8056787989517976
0.8011185736938556
0.8006567254407458
0.811652344894545
0.8113053752845703
0.8085756101835103
0.8026822721902884
0.8063333923910906
0.804003265742003
0.8036610472736558
0.7995934002013692
0.8009109401450953
0.7946928345012731
0.7885924374254641
0.7867494655653213
0.7809727505228463
0.7765885488386605
0.764656503371677
0.7521359166591812
0.7154713259430228
0.6666574099048717
0.6067878642293616
0.546796780097928
0.4925162355282172
0.44619961949486175
0.4021623361124632
0.35069205331522924
0.29795810908099785
0.2692481837526919
0.2309392780439715
0.1829730860357865
0.14198969715107723
0.12264185098294784
0.11200640966411948
0.10110322050661102
0.09382389640774505
0.08391530686308302
0.08405495064938633
0.08293691733124943
0.08317051557595942
0.08062861809753169
0.0791552318560699
0.0779365416897288
0.08172204293936962
0.07962090022462164
0.0854101511425086
0.09898711220035919
0.10367101741118484
0.11468260730069495
0.12482599727187775
0.15427124447424675
0.18580754231784283
0.24303452673258863
0.30693052364621976
0.39824081807806905
0.5113042712977969
0.6364351274113892
0.7355074446577665
0.8044996258809877
0.8520383768412462
0.9025525947846309
0.9268432382352477
0.9415381817868625
0.9449780884344279
0.959746077963598
0.9617217426441632
0.9669652981106032
0.970446162525711
0.9788895853607369
0.9857747965546627
0.9777825477734414
0.9496584186765425
0.9265475651902937
0.9103382903402242
0.8874359774685305
0.8331057539123659
0.756451440024063
0.6390937904827414
0.5146544573919816
0.40652974583333396
0.35180550652973325
0.3046806589029776
0.23223932127925237
0.1515137522086187
0.11132692835308082
0.10192004034277642
0.09742253492579865
0.09095100193076797
0.08752047753883452
0.07932404034333751
0.074006946325322
0.06765767820641215
0.06845213659859266
0.0665178726482753
0.06641385012154061
0.0625039092344857
0.06306967252705532
0.0650789544272872
0.06623011287551618
0.06625701859574382
0.07105432718630375
0.0830867958873728
0.09071932256737167
0.10535474683744808
0.11856450402883714
0.1594406852334302
0.20397156823346174
0.26737005545296244
0.32194031164733206
0.3937186433273051
0.49508730596876405
0.6124291291665477
0.714977292715486
0.7790284746203917
0.8333957122069594
0.8677106484140705
0.8939590817458656
0.8937980088212412
0.888076470853895
0.8893567975921366
0.9026224401012338
0.9229881588158064
0.9217102774505854
0.9183578055624784
0.9074038020264754
0.9137543498578545
0.9037571245462059
0.897723776245648
0.8805705356933766
0.8480587783328642
0.793781197362635
0.732894305034183
0.6784587022115155
0.5871325824957404
0.44987911111451956
0.3236129788959753
0.25698809899804065
0.2079332757622017
0.15025050733505363
0.1154223671104289
0.09988382040908553
0.08707340599703686
0.0725849175838558
0.06463980732636954
0.05563360674058648
0.043196180542878077
0.037072989424510136
0.03230030964090734
0.03475636805326621
0.039878971453288406
0.04686452004644513
0.052651435962658935
0.05883445787190691
0.07189862955239978
0.08855350938697146
0.10847405691846286
0.14484092037784602
0.19412959308114236
0.2434014917010255
0.29852073231965726
0.3854385402509633
0.5006242511554377
0.622038567425975
0.72615131056769
0.7994500182752504
0.8348401864549758
0.8641813020477062
0.9065098112024983
0.9502629401111595
0.9674602802671959
0.9822743320372588
0.9838416282572058
0.9691853524580308
0.9321731511587171
0.9032654372706899
0.8852868172244921
0.8623339783929921
0.8013487369672035
0.718814859260303
0.6246115270164303
0.5017156537495078
0.355820661073282
0.2627221213765051
0.20760224916824974
0.15340118839411804
0.09505969950517798
0.06454226109604046
0.0523118403403736
0.03756735902916506
0.02432047855132447
0.018007122075103993
0.02120883864611839
0.026880470123384004
0.0297085292332362
0.02956304186012079
0.03210017016079861
0.038213404186171696
0.04459625572664792
0.04960062138847283
0.0576040530809277
0.0732710137650427
0.09446436401760293
0.1382192141860889
0.20786298857178537
0.2763731645662615
0.3267138130203937
0.3877583773448256
0.4964143133907947
0.6226352505250489
0.7332822210312868
0.8045545721536351
0.8467021961455963
0.8658768342707246
0.9061122866869447
0.9374654241859419
0.948251719546647
0.9291108179653829
0.9015363379715629
0.8774782795917921
0.8629021972912614
0.8333404758464612
0.7525537789220115
0.6686723846273455
0.5454474672840564
0.41940381955953665
0.3001780505483832
0.2440961246692468
0.20333342506563065
0.1899169569391625
0.15813458869574548
0.1151824037456004
0.08582423531432314
0.0763056548016739
0.06314404358036638
0.037950396348592624
0.021226840224724403
0.011121166042582259
0.01495225925148188
0.022893986194476863
0.031721249144775726
0.04433236456752645
0.06355339227107115
0.08597998644136254
0.10572991249996569
0.14893316799191447
0.2054861502954508
0.2702033346157656
0.3380602923859374
0.42316278660027595
0.5305918358428736
0.6353801334085423
0.7218437043723558
0.7818467535208062
0.8388189606525432
0.8770516186395997
0.9079952724661334
0.9131254275206
0.9143975508006683
0.917216418139227
0.9164264092823962
0.9035407518033511
0.8921847954871093
0.891241592950955
0.8751838266385255
0.8707118002908072
0.8593732042962985
0.8327650003577112
0.7826223981619114
0.6896525573522769
0.5731079860176557
0.44855171810445216
0.3586222175107976
0.30344708946834975
0.2933544841903399
0.28298071769603494
0.22668590891825527
0.1516611717300365
0.09727318877421592
0.08041550518844376
0.0687256902809795
0.05511719287498225
0.048949663959826986
0.04457409842518895
0.03920467173268333
0.03805750723755381
0.03917081130977934
0.04105068549130024
0.04655275137336447
0.0640698572061098
0.08024113029784836
0.09050421242149866
0.10413318204738285
0.12871814620186395
0.17288294796576298
0.21136727842948927
0.25602318062111057
0.3039295074941471
0.4006026824431809
0.5400731027635475
0.6865267297813791
0.7817921325186303
0.8352647687005671
0.8683122616795887
0.8932940955272296
0.9032418678040635
0.9249189621440497
0.9081120397714153
0.8887681057341964
0.8624290232191402
0.8669350158356102
0.8633012546770428
0.8580298669221965
0.8571996665086057
0.8589690034433146
0.8443129417141482
0.8049328538446153
0.7661852786807805
0.6861641718177857
0.5269290304635674
0.35495920996787733
0.26393711960317523
0.23908220738363534
0.21259368961113786
0.16569285399338654
0.13537095426824233
0.11372128379433145
0.09417299502921396
0.07373330112163315
0.06498737058962357
0.06022550546314714
0.054262884906739736
0.04705304187526767
0.03935514824912944
0.03788689722893484
0.0398927090200447
0.041976028721402006
0.04894667140567421
0.05998415962870461
0.07468171482196764
0.09171351677766966
0.11619128893716436
0.14695110788292245
0.17369456141679057
0.19999985579057358
0.23008675707683035
0.2824030340321175
0.36220023446190086
0.4552921144403523
0.5738149533150321
0.6785450499779986
0.754124385234809
0.7885619100447371
0.8243413898412687
0.8684660437967331
0.9013469290470814
0.9158216985058638
0.9096195103753745
0.9070249091572691
0.8892414569779854
0.869979506780578
0.8554424453368774
0.8480623576204758
0.8440607080546196
0.8442971520446336
0.8311533401063599
0.821739243356463
0.8191979649000041
0.8286934999660984
0.8206924300127186
0.7676428093469048
0.6744099935707095
0.5854162507822198
0.5354307761212387
0.45681156381019916
0.38421635789033215
0.3078913340694174
0.27045028347840366
0.23146069493550192
0.18358981781384237
0.11531591536199709
0.07355455098570289
0.06810793547431399
0.0604162558809095
0.04987178607256723
0.04115776613891778
0.03491223828140518
0.03357780889250004
0.03349661353973896
0.0361188526542304
0.037992112769323426
0.04337117039205888
0.047697629716720924
0.05921457436891102
0.06699653820155504
0.08508868557493379
0.11649650534443956
0.17049525038379376
0.2219966482726575
0.2599097692989401
0.295150645957866
0.36995831967110004
0.5179605764286097
0.675230768237433
0.7830680391560051
0.8365578526767017
0.8742382446662861
0.8918260139975434
0.898153500794321
0.9024207787204324
0.907651159198434
0.910242367177116
0.9203158555698246
0.9192561471463544
0.916164855433618
0.911899141894689
0.902133993916342
0.8884387265581676
0.878221151896412
0.875340391266523
0.8625548457367049
0.853437512313709
0.7738371926437974
0.6544445387972403
0.5509742210977197
0.4975269899774923
0.41592472357199817
0.33130554500098885
0.28407953994089463
0.26771437702993006
0.24570424608839314
0.21442951005434996
0.17058352768119883
0.12057618701085908
0.08776338439789502
0.075529635461874
0.07253690478438288
0.06659528057072997
0.06784756679249385
0.06806319569752481
0.07101867239498431
0.06795649776261595
0.06880107904548093
0.0767497913323815
0.09914197184835694
0.11355118503505021
0.1329896901130901
0.16491615379351238
0.21155061287009402
0.2460168798520249
0.2815931584868969
0.3103555076500246
0.3434929327045264
0.4278160604181691
0.5725950245414984
0.7065102723448455
0.7723459076695917
0.8214172899213661
0.8560936587782073
0.882823047744014
0.8830061569825446
0.8854879178161101
0.8746042218159077
0.8739079758872197
0.868293192877736
0.868481438156491
0.8697979631315726
0.868702776972002
0.8616780230759004
0.8522768924793485
0.8451945321760344
0.8256391142639263
0.7789013668710255
0.7090833623552227
0.6545945581490201
0.6248143383221558
0.5619124835104641
0.4685317329552764
0.3860851654249913
0.3199525699371602
0.2515856951032053
0.19773704366314163
0.16296674366964692
0.1452952762681067
0.13389506286712669
0.12479155897667879
0.10445453972764304
0.08306887423497603
0.06500629699169475
0.06100807689953186
0.06506650824652686
0.06300628927445709
0.062304964280611434
0.0703378539864194
0.07962246882854059
0.08737226370538999
0.09245655685097802
0.10214233102228806
0.11289640612805572
0.1308748415096847
0.14106651157449493
0.1662757062717932
0.19643521255563612
0.23367644080896552
0.2553819347036429
0.2817022191143792
0.32441979498915025
0.3843104646979195
0.46531542299228074
0.5678836832952417
0.6642654974948874
0.7336679577208299
0.7910887813563918
0.847471452511334
0.8818134744267578
0.893584768403612
0.8936072956845641
0.8821352919156205
0.8688098745331809
0.8609916540491638
0.8526953490335434
0.8402130614247663
0.8363867939605893
0.843509516544142
0.8494262530932271
0.8485273455934567
0.8474874708050766
0.8161646439939076
0.706879228829025
0.5975257914023313
0.507875391855368
0.4599216344841794
0.39031732862561086
0.3335479318898881
0.26141234104857036
0.22305691503492717
0.21280785383332895
0.19621722182095863
0.1663911588147193
0.14039693955551372
0.1195677753580186
0.08750233939435677
0.0685313496862641
0.06646582305766419
0.07322019456182755
0.07422988267943431
0.07937277912154712
0.0837068544207592
0.08984154417474552
0.09610335035361851
0.10293703625276966
0.10909091756644387
0.11670087925234492
0.13541463091904204
0.1370775828503366
0.13399892885421114
0.12324157491305847
0.12554892411282678
0.14428605490848437
0.18458386418048484
0.23859841375862373
0.29162437246438744
0.3874333703394799
0.5270031548872185
0.6704432879527056
0.7715748227294286
0.830896899695147
0.8695029359013982
0.8806149762264713
0.8781427829576215
0.874838629922562
0.869672991365387
0.8688713902431295
0.8693105147098383
0.8609367935231862
0.8411418122973467
0.8258209858975701
0.8141955606551217
0.7971764229907959
0.7752508600229244
0.7595415931687014
0.7101991046298787
0.6215673529965828
0.47399155505755325
0.3806019391939374
0.33393553326646946
0.3229752829317206
0.2872816883517213
0.2696377081991971
0.25200335441564026
0.2276523875115229
0.19478573051191053
0.1660657758352375
0.1372830235515325
0.11088849737278256
0.09292780276827275
0.0878877292635919
0.07632770877045703
0.06246483289710868
0.055850914431922326
0.06019219017969352
0.0674242618097638
0.0785279317514175
0.08477917249437485
0.09126772342531725
0.094429372494642
0.10495760915989716
0.11340758030693743
0.11898503151145759
0.12409040126579268
0.16289543111139626
0.20946640974130382
0.236818175754828
0.25989665251019534
0.3305790816210172
0.4846708066365575
0.642821155447864
0.7555229775993453
0.7931993724943638
0.8193648927647595
0.8318094345360648
0.8421711842500672
0.8456321690633736
0.8510259794207273
0.8471303751384625
0.8383498940273918
0.8126925644366534
0.8022668342463841
0.795503398648339
0.7953826089409348
0.7854558814612035
0.7795515379084631
0.7725890171285374
0.7680613608361503
0.7517939299285525
0.7344089240633167
0.6692235640664779
0.5805677228153968
0.4918122720565131
0.41686917203558893
0.3367341133310615
0.2656906180310481
0.24183113229730147
0.23370618687451944
0.21526842346764002
0.1767116367851747
0.13463355452771042
0.10761988656339741
0.08842509092315888
0.08566560429311808
0.08796765162821568
0.087278724863046
0.07951303976602431
0.07451575098808863
0.07190732177362766
0.06636977039519347
0.0604345186308476
0.06323522084371605
0.0701582854822694
0.08095529562337525
0.09898051189569078
0.10981062608443473
0.12008900947055819
0.14541422965798895
0.19451065124047062
0.23343502268593147
0.2676360952208461
0.3147277132351507
0.41206623246703283
0.49543926907127117
0.5650497947843574
0.6231008650929951
0.718673104341983
0.7982024560392068
0.8581842022419486
0.8828218577707928
0.8853958410512446
0.8782843920056702
0.8766195021760417
0.8809175708557253
0.8728729720513428
0.863785743525173
0.8461545006500737
0.8383148587962821
0.839264744080756
0.8557034154999376
0.8463444009884881
0.8057803370860519
0.7849394859811054
0.7924402140133356
0.7982244150207571
0.7683391012352014
0.7601059937068736
0.7724190578770562
0.7837461922070299
0.7233405041519484
0.6292091022630827
0.5921676803695867
0.6171540618094471
0.6075441272956361
0.5112348790924476
0.42926750484380966
0.3452005982050864
0.2936425183558584
0.24090086769443647
0.2102643195175124
0.1582531823815802
0.12416755480511937
0.10665521219664365
0.09670741243107575
0.09251496435865642
0.0933628889879437
0.09048318957173301
0.09042836728128308
0.09558846962042733
0.10240143934033494
0.10061379333536617
0.09579604478711687
0.09173866245163494
0.095297488551022
0.10270669332043407
0.11400582069918926
0.12888975135448413
0.14516441210274286
0.16564480563124018
0.17925830571994691
0.19362184527562004
0.2086942704277842
0.24178438981405587
0.2859974808378824
0.37626719351157156
0.4942812756392422
0.5952549476694076
0.6545699021598841
0.6997607840513327
0.7433689601783909
0.7802823082744859
0.8093047890165913
0.8194501259678523
0.8256996651997616
0.8382646007595865
0.8528443375666215
0.8605637705184406
0.8718584241052012
0.8738800738246906
0.8726565053716242
0.8618769225818748
0.8526518097571125
0.8378511124729928
0.8335500014221768
0.8306719469040843
0.8303525423441355
0.8301417728723606
0.828590620671062
0.8219317344773636
0.8050224270343259
0.694346428773679
0.5384067256380981
0.4115564039955294
0.3658375708700221
0.31602563698626424
0.28146680641720656
0.2569223315841105
0.23488200285717664
0.17758252086670306
0.11234627073108908
0.0695750222474508
0.07219507705965225
0.07073163583310925
0.06094197761801928
0.043989285414578826
0.0458905715165285
0.05355753491519871
0.06527129465913681
0.07055910225173301
0.07257296646198566
0.06826266098008249
0.05495774215605284
0.052491584877231934
0.07980652237667088
0.10106456664258281
0.12157465974845336
0.1565871176690782
0.1990984621231688
0.22498452201400562
0.2610593818709503
0.3376363297916464
0.4301977866375625
0.5573578423805672
0.6693928867569541
0.7438580478980747
0.7649915484948602
0.7866344895038773
0.8049943694483539
0.8171837332121122
0.8227695049536436
0.8236968078846388
0.8225525019108488
0.8020883047023977
0.7778799666659628
0.7732697411660558
0.7695100400014978
0.7639537433364323
0.7688255918321253
0.789739429909765
0.800905063712918
0.801482468089446
0.7993112302222969
0.794620449348169
0.794062831113638
0.7911915004765034
0.7861392581920118
0.7831591950242494
0.783157657203334
0.779437818107849
0.7754279327901541
0.7043612491747221
0.6043414747591244
0.5121182852927035
0.4914645202532796
0.4319467878852493
0.3704149504043699
0.3084928579340678
0.28681452273778163
0.24321363857434009
0.18799252298348804
0.13025278481678915
0.10931498912994597
0.10812432389738644
0.10381733799796825
0.08208566515008862
0.06999770476169445
0.06601473148267267
0.06705342875133682
0.06494493284421177
0.06862751711892158
0.07231875306173627
0.0868706743087241
0.09685346455236893
0.11095163173725145
0.11567662099856343
0.1339777885036199
0.14593154121749813
0.15778149548441395
0.16636490218905212
0.19163538717135198
0.22008589657060948
0.24141641306144399
0.2653540720414488
0.3169688677853698
0.3917312208922267
0.4631856954075595
0.5256786982373107
0.590729308234431
0.6520768398655873
0.6974160337007382
0.7281356950629148
0.7535116228903056
0.7685775179085833
0.7781793227721017
0.7895315076636745
0.8057826929814799
0.8244478552459786
0.8339689849156737
0.8324224382056322
0.8240590365381695
0.8267991287387251
0.8248456994195299
0.8198384755008755
0.8120586568363035
0.8178337041531841
0.8176594172926841
0.8090241594865866
0.7930856149239444
0.7678946770463815
0.7327627547127105
0.642061045401805
0.5401577304272025
0.4700500957699638
0.42827359368517337
0.358154997469456
0.29458480354152883
0.25259412222532324
0.2274770741997176
0.19721139238106983
0.15083938415672699
0.10278624254056391
0.0851267432749977
0.08313993923829113
0.07492692071343064
0.06788361241871911
0.0634861071298049
0.06241950097879737
0.06062754064401641
0.060490157845336436
0.06123983055066653
0.07157693638044711
0.07478237745362568
0.07212461690175959
0.0778100299776033
0.08369189326534397
0.09792986933106948
0.11123272580556114
0.1391020036298713
0.16911770566987033
0.20391612163496203
0.23239561052025587
0.26094304123175194
0.29617345171508036
0.3416225649621074
0.40385591310742625
0.47467274174546686
0.548902042499606
0.609745631556782
0.6647686044389006
0.6940648547745212
0.7186048270308762
0.7298292360412736
0.7491435897962682
0.7571794324659371
0.7668415908995521
0.7670031482386552
0.7649644666475469
0.7634503244931166
0.7646176823080244
0.748307537652803
0.7374930942433517
0.7453935788034523
0.7719645188624471
0.7763779932808091
0.7664370682469672
0.76039657005069
0.7532312578440423
0.7432420655239105
0.7343847778482964
0.7277340435675658
0.7134142885534787
0.6859029772191704
0.6693393288143425
0.6583582770962586
0.6634458424276619
0.653059061932943
0.6314285193268981
0.5749477842419903
0.4910718169573767
0.4296680059984075
0.36910215367559607
0.30371983028767013
0.24592215760476885
0.217687548418595
0.18038899825948032
0.13683144053742036
0.10746128988272338
0.08499767546057935
0.06729061235281328
0.046675070851135037
0.035686011399413464
0.03832911279478028
0.04354963041127072
0.050894700879959065
0.058660301480760756
0.06601109857078927
0.06572422631013482
0.06895111642251772
0.060703107951724775
0.06079852821749388
0.0654550148466861
0.07411579518637718
0.07806240278876306
0.07875721784894382
0.08839461147442496
0.11074328454960015
0.15438145463295147
0.1865864300653746
0.215294157755333
0.2522730426911543
0.3440649126689525
0.46509793090656604
0.5611931794568488
0.6236925260196899
0.6768846515263308
0.720824341130148
0.7370982534973052
0.7492621558528008
0.7608911682396331
0.7703776150053459
0.7797577739512067
0.7866633199217676
0.7868366929234949
0.7812629924539018
0.7794951397894689
0.7825652946753114
0.788979366797793
0.785670218596872
0.7852435653209682
0.789304556347592
0.8070919847803383
0.8237754889262922
0.8396181384365211
0.8341456456272471
0.832605980498237
0.8174864039856198
0.8032773568319913
0.7777243841267842
0.7520783793556638
0.7150166853533179
0.6508992262593128
0.6154927015542403
0.5918792667206807
0.5678839127164221
0.46839415784589333
0.35376982051382944
0.26889595709987657
0.23113165062310675
0.19759158546250144
0.14518898609472675
0.1067951532281175
0.08875130308404298
0.09025083835338521
0.07884470165836688
0.0633030126289579
0.050903616136903446
0.05180932744661831
0.05175375700366888
0.05071908602361341
0.04591817722559595
0.03459034205240025
0.023030986127132943
0.020774325879436163
0.026039588426738557
0.026549053627563497
0.02645634509654443
0.026744373637859573
0.029955425235559278
0.035997728161792794
0.05005552371495123
0.06342655520916216
0.07449223187444087
0.07434057796213285
0.08137590789298663
0.08803072979266746
0.10297887603627771
0.11535899624644214
0.15263218901568498
0.18620341033706206
0.22042718319147114
0.24476006317778087
0.27310507563300374
0.28286608705510025
0.28958405966587597
0.304322781084054
0.3424046244150133
0.41008080340300157
0.48890774377666363
0.5614330446817016
0.6111716178326408
0.648954236582758
0.6723968591147621
0.6915283181890973
0.7142535449445805
0.7382795686094787
0.7604478373868155
0.7781484053134329
0.7908035729236308
0.7951878685243102
0.7958698144766513
0.7978267120218006
0.799447376085019
0.7940379343640884
0.7824071602106389
0.769318626313569
0.7626536276320527
0.7584650508773363
0.7563259271999236
0.7476080880718081
0.7395514868692713
0.7315699626052908
0.7221848445658534
0.7082500370249976
0.696313279745927
0.6846658228097924
0.6651194982472732
0.6306795505320542
0.5852263473491193
0.5417081539151092
0.5115944193900763
0.4805957732778937
0.4377234877103992
0.3478503376011963
0.28600814000257746
0.2262730342187706
0.1659743206606944
0.083802090895466
0.05442300035926391
0.05397968837456099
0.050640294663785376
0.039130519279622786
0.030011356244750743
0.02798611217575422
0.026837740566907263
0.03506414872289372
0.042844506511874075
0.04451570275460781
0.04100574340305846
0.04417132551003741
0.037698793829801534
0.0357464153368331
0.028451058673461708
0.02667965237218554
0.022585832198754388
0.02407625204475112
0.028118414892270207
0.030464822449365835
0.03174555895294804
0.03428987447631312
0.04600708837435717
0.0587011828389457
0.07122681530796071
0.07913551951335074
0.08637657930665825
0.10545599225960675
0.13766933192011535
0.17682632504940804
0.2369718003478316
0.31134622908279946
0.4201723526278688
0.523142615877529
0.6041997015254521
0.6404202247444415
0.6693084467890986
0.6933064736267054
0.7227813127967678
0.7503870396836765
0.7707737289908033
0.7807343201375063
0.7913989368174021
0.7923948359294113
0.792989494942706
0.7926992197276426
0.7953240714826385
0.7926828672699741
0.7916458559297872
0.7937121249409478
0.7927962603933119
0.786998281726795
0.7802273261200494
0.7746811687647743
0.7689344939202349
0.7703478564547235
0.7726019164907214
0.7648828193631294
0.7392400287033327
0.7145460721645234
0.6460728155229627
0.5771342791875124
0.536453276258025
0.5251852843590046
0.48777068651602534
0.40830480262344165
0.3367421399890543
0.28034002744554987
0.26008924776646436
0.23086658103662216
0.20465907576343656
0.16515048342612024
0.1318120105400371
0.10566530500846791
0.09518024345332785
0.0868735250065641
0.07786947896747687
0.07096057377471297
0.06549790181747542
0.06232327622146074
0.06302529198835927
0.06812878775943321
0.06913783097602691
0.07102418774142696
0.0776371820933108
0.07477795148679285
0.06136546133465465
0.0493529620248888
0.0432697662937444
0.04171835489719355
0.0434494707997299
0.055218114003852674
0.06555909428625639
0.07064654331108805
0.07384186248492555
0.09481218692130261
0.12508674718270474
0.1586690623376882
0.1864862119748973
0.21340257045185726
0.239946030783514
0.27540645594154967
0.31874914804433613
0.3822445659794822
0.4594319672398188
0.5285361317174818
0.5653298395450027
0.601611371499136
0.6474548951610279
0.6886302272045324
0.721766241813567
0.7497805388612664
0.77609900488427
0.7896504295896076
0.8025450666682656
0.8048158075469187
0.807062916288964
0.8116946239704548
0.8184591778866666
0.8255248552385752
0.8259648740812651
0.8184535746159052
0.8083424631047426
0.7976721009501045
0.7904078929199666
0.7766897178669488
0.7633501615705356
0.7538442424403142
0.7616311817285649
0.7574895947195602
0.7280980311131519
0.6721788411551411
0.6276878252999344
0.5844562044656867
0.5215469506864794
0.4079891381524742
0.3046884834942617
0.2501263090204217
0.24993152134432217
0.2544961949780884
0.2377221781061608
0.1838319681981158
0.14061951425055863
0.11637010034473114
0.09976851001439849
0.07618482547118702
0.06995597022401426
0.07367739977870948
0.07839974612522077
0.07063800318298373
0.06253409591777503
0.062243975306683505
0.06197502633947681
0.059417049488672796
0.05740822088998535
0.06404718106373282
0.06089962784324177
0.06272919241195421
0.0609003101166481
0.06479894051023682
0.0686592730546637
0.08168228119963958
0.08682520045866741
0.08929464063098888
0.09189191255742363
0.10992873242537693
0.1437548251140925
0.17959965318650484
0.20571024968020452
0.22097028938089905
0.25087657606588065
0.2821742347099564
0.33933330139970563
0.43177696660388626
0.5512155476239742
0.6453086637903998
0.6989021007010134
0.7329119945861791
0.7571201620330339
0.77843150874615
0.7940405197043613
0.804723098578445
0.8102787161514959
0.8191096072215927
0.8274220765809157
0.8277508369549261
0.8237738351981025
0.825398868612288
0.8260424741856127
0.8328593553960963
0.8341081658744978
0.831763329851794
0.8286379142099314
0.8284678732301591
0.8242821647700753
0.8164279423789658
0.8059267955165339
0.7923580151399219
0.7798560264603085
0.7665675586116802
0.7116607748837926
0.6390574564525264
0.5660593449460817
0.47749987826521156
0.3467769854655114
0.26085880260954
0.22019683171293403
0.19228203985507747
0.15507071190382166
0.13637024506390957
0.11912722789781868
0.10555789357804536
0.09016079473861552
0.07069578158815382
0.061260217855041835
0.06194022581138769
0.06542508839834277
0.06320586093079991
0.06905121338081546
0.07571339174796739
0.07566910483489689
0.06232312317491044
0.052198473551346325
0.05441423271581869
0.060563091099229124
0.06598338852389546
0.06088160552442778
0.05609145417095276
0.054322881148726174
0.06349231526326926
0.07310082192272913
0.087005969750315
0.11159584577537979
0.14428687262661966
0.18531764221370053
0.22888408635016919
0.27727898990350636
0.3223962599965665
0.3780458836472794
0.44946652705590656
0.5259159502615326
0.6023027256471114
0.6624012533984887
0.6985434365986598
0.7115947942264643
0.7221137094985677
0.7393859858613927
0.7575250663263919
0.7710250941685584
0.7821941334274236
0.784824390394194
0.776182753544286
0.7689065130421289
0.7669681599939588
0.7569658966712778
0.7354909758902255
0.7090638950012382
0.684019128747022
0.6697720362437305
0.6704349718235325
0.6657637380150092
0.662182191438733
0.6512515158384051
0.6333704224915643
0.5953681165341359
0.5467566774914299
0.49018259079848814
0.4370223571922039
0.38768173571145836
0.3367223127715645
0.28788307754793463
0.2563009710636499
0.225527028639729
0.19015919943163406
0.15324267775361985
0.12546792723256361
0.0971782317150551
0.07301580402310744
0.06586876854586049
0.05119405174688225
0.0412016131575047
0.030487202521093906
0.031096530461212298
0.02798657580387804
0.03796869849685122
0.0387357147557487
0.042080459028316114
0.046168716364667566
0.05523039776196617
0.03763780513714217
0.014788850009541788
-0.001828526139360168
0.001240764096602949
0.008609228771177617
0.02270824081091111
0.031374183405006244
0.03457791474079891
0.029640265720721048
0.030553578198585746
0.043418917640185045
0.06980085473001357
0.07947260477186566
0.07225564796360565
0.0671233439866861
0.07410472215582808
0.08508460421474609
0.09689917927944805
0.12289870595323632
0.15891693191080317
0.19652257655172817
0.2211098929876452
0.255162419210327
0.29136326233141796
0.33231440638928234
0.37991748010189097
0.44350502620416843
0.5039692745793762
0.5679655169254806
0.6325804851780337
0.684897191140063
0.7194343768453363
0.7498936714380325
0.782376930593133
0.8077452507198546
0.8185690108238828
0.8232086977384513
0.8247128580488982
0.8313909380207185
0.8360125888104113
0.8369827268181366
0.8300872730012676
0.8263683459284059
0.8209140031806245
0.8103030031472922
0.8020001541519249
0.7936629800062184
0.7522009565792841
0.7303458044157821
0.7003059063621835
0.7135160685353206
0.6892870594417432
0.670278162476968
0.6316994152405494
0.6541307348170101
0.6617997997810344
0.6412437134276225
0.5908654400882427
0.5312863604466673
0.43375931045211363
0.3341898040924064
0.27109456387451436
0.25147660439085107
0.24293106866710087
0.22304430358832414
0.18569842682634602
0.15357994937760966
0.1276689610100692
0.1074640387042619
0.07708431914887466
0.06975009099963572
0.07014007016842067
0.07348384973859456
0.0688290220930038
0.06464954990915892
0.06441669608857176
0.056266035073004
0.05297829693696232
0.04826985279317982
0.05324397479137951
0.050714103464143644
0.04934854703403612
0.04552803129187587
0.05089958063374393
0.05238034455969465
0.05379805646872341
0.05532574002478481
0.05906667166981859
0.06297431524813352
0.07047734545638387
0.08241609704599041
0.09292068326105805
0.11644228880659138
0.14912439050787296
0.18347441283094174
0.2016418613453433
0.2253059802790645
0.2573844511246413
0.2986977059637856
0.352368277818325
0.43942887400329483
0.5409357684724577
0.6184642783900841
0.6712535928722299
0.7066717180401882
0.7330555494433212
0.7523599924650576
0.7721058923661129
0.782884890076083
0.784947352797428
0.7911867213427888
0.798324705610499
0.8064340517836069
0.8094741420382426
0.8147097763830298
0.8258385943703564
0.8405424014542207
0.8458158322237878
0.8474530895942053
0.8483298972777545
0.8456542986022308
0.8276615029265517
0.8101500124036619
0.7892696790926351
0.7713932762837588
0.7435904250266321
0.7059662443522008
0.6550342955986734
0.5827883512595831
0.48764880334106675
0.39018521156602
0.3376617596154723
0.3111414827478709
0.28438365093409845
0.20807586010096482
0.13588939300632805
0.07154792512144431
0.03783355638750635
0.012544460770296969
0.010237496844899392
0.014835050578068887
0.01377601468811444
0.014194929879302851
0.015289153894077336
0.018420111325654263
0.014914145260707562
0.010721201612559381
0.014588379048403094
0.01526776728107624
0.01770260056708853
0.019823990021524247
0.030135158305972683
0.03688950057989911
0.04460223843842958
0.049644851311038976
0.056288997071275985
0.06634378633155408
0.07420918848483063
0.07881428894796785
0.08157393253707969
0.08973802779494514
0.10354474645921465
0.1310196557663899
0.15768578888101745
0.18529981155193087
0.21188350650318397
0.24252258986064262
0.27712693237939257
0.33326652346189267
0.41537514445729595
0.4948005080468474
0.5565716691315752
0.5976919209947804
0.6378348651720138
0.6733844425588134
0.7030792446618148
0.7224517882833087
0.7369508089134036
0.7415093274269995
0.7570660145465192
0.776619399856271
0.7981332787607707
0.8020281115008037
0.8017265030362712
0.7931633051722712
0.7906854035792106
0.7878300690935356
0.7933392218362623
0.7937488474432405
0.7835394870898531
0.7543725487347108
0.7412552011109703
0.7340259640676868
0.6998279787876285
0.6547414233743627
0.6121421611586582
0.5815449526952241
0.5154580057405427
0.41744262804346416
0.31966899252304815
0.28091662079545665
0.26853776135879825
0.21364065049070452
0.14305369450444322
0.10624805907185186
0.1021541226841579
0.10601230654648466
0.09784697162836176
0.0941267202817429
0.08488948329428787
0.08729628653833171
0.08235703423348084
0.08467053809503976
0.07688762871200677
0.07337102584608143
0.0676851953504354
0.06407902233732227
0.05846428098776057
0.05934589864886759
0.05739742655123568
0.05743805767825494
0.05993098789586303
0.06748902827993859
0.07672874039403757
0.08400211533486705
0.09777130488549537
0.1193394667347331
0.15451995013251257
0.178781836441393
0.1982022560330887
0.21376883966263477
0.24978672929929285
0.33629846187181367
0.47942589579854056
0.6170407275642128
0.7049964453246993
0.7519736882632481
0.789325693012386
0.8198397402024094
0.8475392329243124
0.8780193897745512
0.8986880587183661
0.913559487434572
0.9139128594101338
0.9173308037441177
0.9075998204695787
0.8900146044413305
0.8781889350245327
0.8791344152240952
0.8761891934325781
0.8672226666795956
0.8636687695686952
0.8657339334451393
0.8646647526009701
0.8590614455144022
0.8529077801321886
0.8316262587539509
0.7749482523625841
0.6856784234511721
0.5966545785405366
0.47667932225803256
0.3726401132418121
0.3053979710262854
0.27573455975294764
0.2379548949280078
0.20220994535681164
0.1595283056768505
0.11767778042425653
0.10548552828149027
0.09995063305474158
0.09066900527337537
0.07703513126068687
0.07149351094413338
0.07048437890475395
0.06783977856223802
0.06489772805196421
0.05632323327900174
0.05406998371377021
0.04918899781354611
0.056061305429991104
0.0627659364889594
0.07410373561537005
0.08193270900672664
0.09101331996621909
0.0988746969867636
0.10684374200061045
0.11152456281981754
0.12384547235638954
0.1357595621281188
0.1542306034550767
0.17028415428092017
0.19122897866936323
0.20037094601756905
0.22387623017263325
0.26124318634973853
0.3333335255938461
0.4160951737339522
0.49335314701329314
0.5531833105595804
0.6240367925660215
0.6725514886446653
0.7219983664709518
0.7829315224022559
0.8395317694664921
0.8362703554996629
0.8369082332774838
0.8666336318007224
0.8988402475270523
0.907112814370327
0.9085520370628455
0.9114874854407322
0.9080151334171108
0.9047410189199743
0.8937527089453914
0.8784432610773145
0.8655038411314873
0.8632245477936128
0.8652289074836695
0.8650239934323118
0.8568764622563779
0.847385144723806
0.841178904080112
0.8257143676422448
0.8006865144317792
0.7442384616776936
0.6393634986996934
0.547494303190462
0.47536683528014073
0.39557428061593836
0.28983056762084525
0.23733000098291224
0.21710261025353228
0.18101030400398932
0.12919189286100052
0.09360017695098086
0.09352094641567386
0.09461939210412529
0.08745101035172956
0.07394421923023925
0.07010819180523219
