6.741407502125153
-0.35200299736882107
-1.6861846480925373
-0.8796131701966464
-0.3811008540789197
-1.157233251345984
-0.2058814442688917
-0.7106423060465651
0.2309266069980654
0.755814789114827
0.8403417645205848
-0.22214860211225768
-0.29881076333852624
1.189510528414033
0.5978393946688133
0.42326353657025984
0.6728637588887133
0.7223717828317678
0.0060337073282212845
-0.47012912324867495
-0.4723090608614696
-0.002111931784800625
0.9471079427156017
0.7196197323996857
-0.05755103536584373
-0.6921413246944442
-0.07779118053612423
0.8842114081548382
0.11172475317901852
-0.4599361907102722
-0.1977333800946373
0.7481662411345584
-2.1481804456443365
-0.7212426593084301
-0.5156335713572398
1.3364681544954473
-0.012542156654295995
1.0983852655844313
-0.4141052720121539
-1.5687302895184574
-0.8728682266426486
0.008073929283127808
0.5279436838695611
-1.0152556461030384
-1.038351441916438
0.7093412101449581
1.7929845022875555
0.8618320858502511
-1.480817746473305
-0.3102172153642137
0.30570440956449896
0.3504144361076522
0.08664803682235464
1.5766864473161442
1.7533788004416602
0.4486796836874882
0.39301611913545115
0.46448546726652074
4.516677008234645
2.6281967858823205
1.2366649641664185
-3.933484781653141
-5.611876144837195
-8.850165674758756
-7.5304919394121965
-6.244774831092278
-3.400194628710332
-1.0940292601856998
-1.3651921686386297
-2.862291033410541
-2.049076826374112
-0.9014813668588002
-1.119938641099485
-1.438293686364604
-1.4834325138457238
-1.163575582087195
-0.6916543598441313
-0.09254201841902016
0.19368070796912779
-0.005651253389915587
-0.1837803788127974
-0.24128299851135518
0.023934822271090606
-0.0018764994143324954
-0.05774459250058976
0.35210835260561363
0.865454269258127
1.5916023091175164
3.1111466024985064
5.464982141035564
8.593122656294284
10.290625879166589
8.396732382490098
4.656828320756646
3.4672987151873826
2.8181709892260645
1.5926278047335962
1.427807412690975
1.7184527114279817
-0.08273201852162988
-1.0657834843173568
-1.4616207605791378
0.11044432720109393
-0.9097524200918549
-0.047302560787951344
-0.39417186457542247
0.03209148415917806
-0.4368703837605652
0.600635327622839
-0.11556558419691096
0.5081607588159915
0.11789753895513885
1.403958840904926
-2.005712015901085
-0.20433103576335282
-2.0415118645732826
-5.14610092437101
-12.215738289818685
-12.195816636028207
-8.886564727847444
-4.198016955433363
-1.8073726318443617
-0.2927471774826756
-0.9955469431253099
-1.4501122011964866
-1.3265006016347456
-0.8018790774986282
-0.4205266135400544
-0.38772289745342414
-0.12406808100255814
-0.030324461053041037
0.30311858756989324
0.17881584234601505
-0.14730966991027505
-0.04679115409601187
0.16396093012443438
0.20195664695150362
-0.32720197779644306
-0.24421380592943495
0.3842246781535136
0.9961990107215426
1.9279937604880673
2.757322993554608
3.7445764501183616
7.243415073917201
10.379959138422631
9.81837535266008
5.3877002856026115
1.9387713678229892
1.2337593287920123
2.4941429992754083
0.7593733519888837
-0.32917339732088663
0.5746618314937744
2.6115256001099634
0.2687164474715807
-1.0137697769023193
-0.264676879253186
0.38552550628021015
-0.6892859558219163
-1.2528648088764305
0.2109918112960026
0.15513486960306244
0.06805074094606424
1.5830320893963246
-0.2609977720534183
-5.268916671880573
-9.069135281080557
-10.5372599793726
-9.0809695602514
-4.835075720587188
-2.3494870360066225
-2.7300628014957624
-1.9494639220166197
0.3824454125475391
-1.153431673542227
-0.9371353622377621
0.030932898240758455
0.8022553081215601
-0.9529932067096589
-0.8533775656360234
-0.4135744975406862
-0.06124806124432746
-0.4678555041635907
0.37668015120604603
0.12104137618192527
-0.5864174149236816
-0.9238678823501103
1.315957168407129
2.401813997570856
0.1905476899154197
-0.3319370273486561
1.340298251981026
2.5921383794789308
4.966515150738714
9.24622166647323
11.789984167195147
7.187700356448049
5.244345952251367
3.2239029121295064
3.559265626474896
0.08787162216366914
0.7198107971184012
-0.8619953987115179
-0.032107916810190464
0.7822281731225528
0.9147948918123282
-0.012808177237031471
-0.17329848832846223
0.9355377804390208
0.32689037124161385
0.09693304434063686
-1.2185806305569844
0.5047239413701372
0.2129893632823506
-1.1420634380150325
-6.411194845394455
-9.576955811827936
-13.973502237988605
-11.906384849416481
-6.522832037788558
-0.7751167280891968
0.17917778925888592
-1.3254240584932897
0.8633794062160949
-0.44412275239569077
-1.2802267457539438
-2.0116093349202164
2.248164507903418
0.31625675348840143
-0.6285949849737336
-0.550836874516765
-0.17809031426431568
-0.2897868605106729
-0.07204968365454756
0.5587497778868409
-0.08003269835915344
0.2250324320368338
0.20271234517493203
1.9595421407799931
2.3125489400782784
7.201438670691329
11.604415844236218
12.898777779937626
5.831838365850353
2.5253671824999344
0.9586162870691751
0.17879899311813505
-1.5389811390741681
-1.3982297967194106
-0.1394801541318596
0.46223534441773795
0.9138550835346281
-0.2144658317354827
-0.6328104001447099
-0.31669209345715044
0.641603981178336
0.9376107409108048
1.9592395889109417
-1.5414993159335955
-3.7326337276409403
-5.100729558508215
-7.536901224970154
-11.31337658316152
-10.538541923084766
-3.4311583905913534
-0.6940084979640784
0.1724245968181382
-1.086377757809394
-0.6080172730921709
-1.4997294372529342
-1.8120639147082194
-1.1741391781053663
-0.4855681818356011
-0.08563465517384151
0.13877207184594062
-0.11481229211086164
0.25813922351056684
0.06558901163052872
0.30735778700588196
0.3154742557230047
1.0909923082933861
2.3431424509066052
2.512627137082707
2.8794054619502094
6.701354865156141
12.18759229963253
11.532702197658672
6.558915398539616
3.9110557977843223
2.4208290845091325
1.384398073454705
-0.6190927114176703
-0.24077956519467844
-0.08408365241454638
-0.1747688515926466
-0.6243819618366864
-0.08905915749824388
-0.7879091863210991
-1.441286788412098
-0.8975441004965156
-0.6812135206907557
-0.02407229436326661
1.3747500840366427
-0.5884270143731717
-6.027176731300643
-9.871932456895644
-10.892413404614173
-9.968677202116654
-6.062984992678435
-2.8092016932473367
-0.9306050980418342
-0.40672030228356226
0.046723541673317937
-0.41311335594483667
-0.5062341192494164
-0.6133777061959219
-0.7080717650494203
-0.6270951562761032
0.31796909037929727
0.01944207043560187
-0.25796252989087287
-0.4667632236639786
0.08468643706280583
-0.1162207738793183
-0.005760170188775733
0.026223468592844284
0.13387701964832335
2.6607812879073602
2.2526640933674362
1.812816541350369
6.4767256521075955
13.381763507614485
12.319746623945536
5.793394993536761
3.1405972307182775
0.8138560618920605
0.37070957762134116
-0.5139158964858321
0.9168246829578784
0.9746068089397387
0.3545442881869833
-1.2538189488170937
-1.6683389505619133
-1.0164698633268312
-1.2804726608355743
-2.164900551661365
-0.8465286853788386
0.26131337482851885
-0.7196720787364
-5.031372002082374
-6.08888825389568
-5.525548815103187
-5.209852544875044
-4.307479090799482
-2.6402073141027333
-1.629440143487225
-1.9057608784105657
-1.0423848903806325
-1.1146098111901188
-1.7142261316887764
-0.31404218423401825
0.5195793886077331
0.09137308722902031
-0.6144913963914946
0.16588808162539473
-0.09797290136721933
0.5303682826308791
0.25252414150033103
0.22304610621075052
-0.05712055424388899
1.0835238942236682
1.330018154874382
1.7216528326936171
3.1218425026876333
5.69992665202052
8.812889849922254
8.730869621404253
6.211051360249531
3.3374127894759917
3.776009997080206
3.7480013308855686
1.991323633961744
-0.7263685815950675
-0.7146758337248941
-0.06852309430836837
-0.02187995521170113
-0.8773783127461097
-0.9298086523692339
0.3441472553845427
1.6154457412810599
1.6786289305064355
0.11460994465625692
-3.6638597102417454
-8.57744221004209
-13.963095482317906
-12.633232158619748
-7.892066669974749
-2.398878628979357
-1.7490467494458828
-0.5117125205403995
-0.5075403141075914
-0.751341010956028
-1.4013953454001273
-0.7068485665650841
-0.1007487728374993
0.5473687243087345
-0.23879987829676155
-0.2577938940546793
-0.07823235319869434
1.3225915240675439
0.17370048132292432
-0.33998424121794113
1.159328865074513
3.594650508718988
4.864019703420403
8.157114365008864
11.719496797279191
10.139550308360306
4.597390023567612
2.2010850255948102
2.6058215482176044
2.8039948038382265
0.7077776345178369
0.2024692427486226
0.20503114725461605
0.16902376840462646
-0.42216713107011844
-0.10734560397926345
0.7424248894784085
-0.4935729766144221
-1.2102495361163876
-1.387847685220656
-2.398070128391065
-7.038653138959619
-11.338464964484798
-11.400368114603623
-7.265082177832274
-3.7300112646878913
-2.1365007485294205
-0.837437459620774
0.5447560027704542
-0.8572857582732202
-0.8033205550589829
-0.35700775200893753
0.17191368452543715
-1.171113088562218
0.17638499991617465
-0.10580637934220437
-0.10936516869459773
-0.2328536182582555
0.4541695200541123
0.6227131352043624
1.8389552476746083
2.0044042666983737
2.5741128545095804
4.856477565535684
10.49858860070401
11.62315613653584
8.311536073864099
0.5711183035597143
-0.10208238070382772
1.3328296447272694
2.449480440035181
0.7447857630205572
1.274205724343258
1.292466620629751
0.4218683562170204
-0.20991944476241717
-0.6684347677862413
-0.051481961084780196
-0.24575996308275092
-2.976899216488746
-6.797426798597439
-10.062437741163324
-11.328097916212437
-9.850399071278352
-5.375112910771782
-2.5506867132149993
-1.0991655436977472
-1.1962980275121438
-0.6021918243088793
-0.8570612330893396
-0.19617696564837997
-0.3927871025311818
0.039661732506148205
0.0922257290541846
0.39103111939431057
0.12504757920847287
-0.08821437820294009
0.15471792570782428
1.0970206872195
1.6081078085556963
2.3303285263263485
2.006592202279461
4.961916256311959
9.104789833913284
11.13518723721175
8.061461811954175
3.7750761070234526
2.409943020888642
2.399140673466145
1.9817729963026147
0.482251265425802
-0.10430171052012864
0.5829646930944342
0.752366333891335
0.6235238062553173
-0.22046675909360727
-0.5670233432090954
-0.5818147908516157
-0.1117000859675851
-0.6479201472565121
-4.0475114329142166
-8.162386751967025
-11.67285084015263
-10.112696016890752
-6.077391722963696
-0.7412026468592445
-0.7905883014473186
-2.1359682342753774
-3.1425841344063583
-2.250230724219619
-1.358131770340536
-0.378004192924527
0.28249749473565006
-0.2573993342283162
-0.03596224701774177
0.03799542186644655
0.13984906836924907
-0.3734241375352096
0.12164893781398739
0.568678995650762
2.901467497688212
3.665329335481627
4.314493141652072
5.734769181207698
10.692047138495184
10.160165620396349
5.239975888624365
-0.7190918170691927
1.495735523976825
2.4133542632408633
1.7586771643192645
-0.7164097435628846
-0.7749611809185827
0.2522954353688952
1.0809578375476863
2.243146678437937
0.5132215418100964
0.5003952692951414
0.24810001237682033
-1.852109640692362
-6.544996519587541
-8.963584596616984
-9.156250808345261
-7.7028765439215885
-5.74365191079943
-3.0446629697145475
-2.2225188584967936
-2.371781319600926
-1.6414509575250362
-1.5141792852769111
-0.706532697660285
-0.24628039438097685
0.6210884299193278
0.49288611135898747
0.05491936097370188
-0.6445679876885804
-0.39633286797472567
0.3075604365004346
0.2849290891375837
0.08167085236220446
0.8076699137504769
2.6745007949651276
3.4915754126301817
6.957534864130814
8.324865823418637
9.302812154526972
6.705366689003271
5.055971667083718
2.021911388665602
2.04919952042498
1.694795044098445
1.0398037783253158
0.6030993310669819
0.8698597829718785
0.41177169092391613
-0.23969178579898584
-0.48152208389134193
-1.2262006139325474
-0.6689366070130465
0.30542171476168184
1.1847845190755601
-0.6936059379566067
-4.270773652416467
-9.02703198472614
-12.371001517289395
-10.735968425185472
-5.767888805800254
-1.8865452179767843
-1.678987510072276
-1.465156289622581
-1.3958455471435918
-1.4486080582695455
-1.0813236032849096
-0.2894620339322359
-0.2647879911988207
0.20602886968639644
-0.23767731588074795
0.18608705513331317
-0.050214409306658804
1.3551029360452642
1.3297365950637887
1.2489659694723776
1.7399549467403461
3.1220815101822197
3.827014662652393
6.8098857075672425
8.153394713289545
9.325573456406588
7.08321945911077
5.2727921762433345
2.87996481495271
2.724576213891283
1.6558507778373486
-0.24270772888726858
-0.31002171519869626
0.09104485313562441
0.121519717752441
-0.17087531441302412
-0.5759060432233504
-0.33479263407756643
0.20805437558225243
-0.6094015257902327
-3.0463238710270613
-6.625270639835948
-10.152599891174967
-10.961742213560054
-7.283414532927113
-2.5489647992453377
-1.0597741561693
-1.7688220507844856
-2.0272456055531727
-2.8489341327268756
-2.633369076349516
-1.2374283281258651
-0.049307770847828496
-0.6155971825422966
-0.6296768341342162
0.017229539340501983
0.14288525044112138
-0.164031924381836
-0.07598745016491754
0.11309203709811676
0.47867890167048377
0.7164692342628164
2.041636163448976
3.006046739155911
4.062810708451409
5.90688268491508
7.640378768186894
8.041501939573292
6.247240979359853
4.0075335791230975
2.156539638018869
2.5867166008746723
2.1801076354705535
0.31731076022185145
-0.7473889162308137
-0.39654097207090927
0.005695799674230497
0.3924602516158564
2.385376662308362
1.227852242232573
0.18472319714042365
-0.9100645051128093
-1.2137323462367062
-4.931515410458716
-8.139483624286315
-11.160394917082025
-10.578887649206441
-5.66773616027001
-1.6934559100559883
-0.8054776685831097
-1.696744437107232
-1.6289669909125073
-2.190603651236674
-1.5528834279083636
-0.48120609698468986
-0.023245218893802
-0.2500127355722006
-0.2173935052903478
0.23540292447652605
0.1143801621927179
-0.23197180844246462
-0.18138641178266043
0.34448056431960966
0.036952224271559024
-0.005153347094414023
1.1573061803767621
4.295241083759224
4.567940421671562
6.669297951115859
9.632972544636138
10.925869849730377
6.049244157498663
2.850556945879919
1.9748667869380068
2.2235110371455917
1.702595188236892
0.9169437233544163
0.0803951237713242
1.0094862512313783
-0.6216013994572076
-0.9082845690941636
-0.34695957622843804
1.3220522960781165
0.47688067580342014
-0.1176003718531993
-2.038156781642203
-5.556233493612975
-9.239430089411181
-12.211256658398932
-11.154693231524563
-6.503432400226305
-1.986663508559036
0.09394769808762145
0.5354271870573899
-1.1052254792777383
-1.5885259298789631
-1.2072336198639282
-0.21569954064661315
-0.761087460449553
-0.22548402927742398
-0.012472925612691328
0.1206543147995364
-0.017397131421772846
-0.4828232064234171
-0.39196809846663855
0.07554630008321044
0.4642875993670501
0.29562363738591685
0.9516012339311165
3.1209094279129816
2.684122659571547
6.015273063112799
8.623594818446405
10.997314229543859
7.392721799835501
4.822868750868265
2.5083149397605635
0.670611601314326
0.6480497818862321
0.10111992055714833
1.7942521351477378
1.1837172913415805
0.7696583743219991
-0.0924887157216235
0.7716692013097387
-0.27650447903213093
-3.70386823305169
-7.130107988331836
-8.71431455953304
-9.136347353263714
-7.93398058337789
-5.987650660822833
-4.00579239150534
-2.461423931614652
-1.4901146779064716
-1.232998499920302
-1.130010996629341
-0.8657849160818876
-0.26178218133156184
0.3332526973742112
0.43039998472594426
-0.2972882578508223
-0.1803179614276981
0.32515529600277676
-0.32687514151389296
0.08383525606693344
-0.2398534630506029
0.2838941754352351
-0.1107046592872327
1.689944789136436
3.814944321851532
6.424068475138548
8.935746443666176
9.812510900710794
8.081604790629626
4.591417343125304
2.367696666281244
2.6852223962419326
2.7994711212014893
2.249410833751632
1.1036395047258047
0.4739587162146511
0.009647941805861001
-0.3513929739025401
-0.39519722548258895
-2.32806263987882
-5.282978767172239
-8.147615237266384
-10.4590639897279
-9.289811698819154
-7.636267692524039
-4.7471389849697765
-3.48979312756831
-0.1244142538802672
0.13634983161466355
0.0020500519185136603
-0.5007521571815317
-0.18316892914290067
-0.6997848304245714
-0.9461608223716135
0.2901420781160317
0.2991842233061488
0.08541077898349014
-0.2416909293969665
0.08419776557732205
-0.23342505745950307
0.2020229926447145
3.7255061172883788
3.8132418697575354
6.11758314233237
9.160593544226339
11.126502513561535
7.066537398201701
3.3550143541503625
1.8787615787019083
2.6373519680001314
3.1199905904926344
1.7119562486050284
-0.9938727919269391
-1.3826194128111555
-0.8872422814512396
0.7104194173830929
1.2592627647669836
0.6311288484218843
-0.5959718163570821
-0.5044133944428235
-1.8916114899756606
-5.464327471434874
-9.474036314034088
-10.865417029277753
-7.32953262696728
-4.501561690650318
-3.228938021446415
-3.295752951807133
-1.2097395181992114
-0.29117832722355624
-1.4250984295402525
-1.2555109004178742
-0.7262411955013837
0.2909101932074253
-0.10052520350265215
0.05904525050180162
-0.23344991238042906
-0.19564015268197957
0.12364884337364819
0.6229823572102576
2.128523031593939
4.556751138224518
4.0662231572756475
5.0568803819777965
7.32373752655875
8.21996034960123
5.753036304310777
4.509476565506316
3.2042235547986353
2.1540807259293566
1.4386017411944159
0.7980503532980234
-0.07907785955192154
-0.10306299424700226
0.09578053689550547
0.4592047775523616
0.6369140573322369
-0.33400690950743944
-2.3833968140288886
-5.00886552702585
-8.391357299426126
-9.946224696500744
-8.465574156177547
-7.031081475294906
-4.885557760624804
-2.8058170059127336
-0.5129479818788524
-0.4063034335766325
-0.4341073100853857
-0.6938397380997683
-1.0109212922863609
-0.11730600347813244
0.23918374333576245
0.2952470381228703
-0.08721846037970142
-0.054905771909369364
0.16564866087551403
0.20300943647269576
0.017700500976119728
-0.1762754996053707
1.8371903154850246
4.100281547869437
4.576196117411417
6.535280601556846
10.279627737742006
10.67680740871859
5.870131472081235
3.2775398162547256
2.637457262230586
2.230535797566464
0.8530095183129657
-0.0037022650706817583
-0.46303616270498976
0.35462659741690067
0.9484705618035577
0.7309056664767148
-0.4438463990145515
-0.6201096397965352
-0.5357489083542455
-3.216220361014904
-8.25546869491276
-11.372117878552453
-11.123363006355728
-9.726052724929145
-6.008463793758049
-1.3664563326075634
0.21372366754110741
-0.8517230635542906
-1.1844858720120077
-0.5679532164192032
-0.045056541847980004
-0.5012805436500886
0.10228202391533844
-0.17484019585602728
0.29275790823388237
0.0656521278316493
0.46460335081169857
0.1827108959718931
-0.21728104937556697
0.09752921985602209
1.9031775041531902
4.960226205743303
8.839568905177998
11.720166160620648
11.166060720189297
6.636919511732722
2.176573095294299
0.8752214458603955
1.4474006566112698
1.7686214538072538
0.031089884054441137
-0.08295727431234773
-0.410146084995708
0.037538460846875316
-0.3994329261995123
0.3791727121587545
0.5634642656957176
0.590358871962329
-0.6605274369968217
-3.848666547647005
-7.4373918278187405
-9.599950838875877
-10.355728626240001
-9.149013914383831
-5.4813437858139045
-2.203862591463748
-0.9580080120957173
-1.4699723241294147
-0.9662420855142879
0.09340536241241222
-0.024131683057597556
-0.45949112571412687
-0.41023293409289857
0.5602868135468894
0.15887145668772293
-0.17212736394157666
-0.2367321982363904
0.00029561244365118133
0.012487123740621013
0.21920291341866346
0.5981740776996312
0.11507753353163097
3.329180578067555
4.432308115411536
7.140002517267427
9.167155030059941
10.786806710604653
6.405032254989558
3.472564260258958
2.68689620682752
1.7129136311787472
0.8779441426663948
1.0029351962273112
0.3874524851614057
0.03011884955798021
-0.2035611530714592
0.4123099132815011
0.06844372995409687
0.09206167526598942
0.048894116214251444
-1.6161920345859087
-5.029167517415098
-8.063641312670653
-9.242051914667586
-10.543257497704536
-8.704628464967374
-5.182071553471308
-1.5118813361840426
-0.2976454326290795
0.40508931825875255
-0.413601035651534
-0.857183669329158
-0.7039273296854857
-0.17130630067967503
-0.19936852367188723
-0.36689163292072957
0.3353125511716694
0.08528081967761543
0.1810358860189619
-0.08337111158246092
0.6840020076374069
0.7634647790201308
1.2264661924908924
1.3743130636624614
2.9918267562511156
7.333084279058018
10.402763811115916
9.277965690873412
6.164276535387847
4.147478916982257
2.889620095756759
1.6386867966900787
1.8075271089214613
0.735047797206963
0.23725268950867145
-0.0912520611787778
0.39040215535914635
0.3814121373156868
0.5793116813187235
-0.398784697561128
-2.1709370564058608
-3.224153814278201
-5.793578979773962
-10.491369778673535
-12.907301451124914
-10.562919113075479
-4.029296402427364
-0.7777958366365624
0.35511636496596666
-1.5223854867027167
-0.7121225802504051
-0.5266045793522937
0.3116881347610685
-0.0019544120631514728
-0.1844814783850942
-0.4426127783454763
-0.41210421688768106
-0.1188756591342371
0.4450802598794625
0.6011976690811642
0.4141052719356924
-0.2103032219740854
-0.238796527612264
0.7908195109604121
2.5890797893244177
6.959753962424462
10.244777431344701
9.691742025250184
6.896141238979251
4.619122739970794
2.9463464282179084
1.2047154999276115
1.0038587085452504
0.5946982561044516
0.7972028326058687
-0.034223537000394245
-0.5250559804601794
-0.735389339946004
-0.03996439541255101
-0.3035249885655373
-0.46283621335035907
-2.463703620977251
-5.541896353492466
-7.7792768116211635
-9.051955230525676
-9.47900690056494
-6.538914510898425
-2.145711633668457
-0.48456596381323747
-0.9681392725467787
-0.7035823636410464
-0.48262184045265966
-1.2886492348006051
-1.3113169530560975
-0.518948701042145
0.14086658336737018
0.2684208610634133
0.3861296049422604
0.2670303958594589
-0.1501389082295415
-0.15754924845198665
0.10632694717792021
0.25060016188448814
2.576790595685855
3.4918286519726034
5.810029991479291
7.768470443334118
10.009492358932057
7.984827024615835
5.2160092155972935
3.13523605274485
2.255792622194159
1.8712845519565853
0.9509748134814252
0.4744910389756555
0.57828965811012
0.5288410978487484
-0.1425906398573754
-0.30756353318509316
-0.992750900556215
-1.2398437753254392
-3.3221705779862187
-7.820594566142264
-11.967848834755454
-10.174757534916573
-6.6378010616051135
-5.005516446866125
-3.4730127966604494
-0.7831785520378853
0.33051842373695217
-0.5042614191500995
-0.5891138536919647
-0.43310691803705725
0.2250173511596121
-0.10018345772942513
-0.02449795066777767
0.09712163345845574
0.31215005657431727
-0.04780668806408014
-0.18229758768248236
0.27395632924164753
0.8435814651308724
3.7278711573839023
3.9103934324683616
6.073921379713641
8.421604471633884
10.665794705947338
7.3258172582896055
4.364325884479542
3.0084810584588872
1.9102071418447009
1.4700020985951991
0.5541060569087524
0.40028915735911014
-0.004784482050812772
-0.29122179348143196
-0.304069603883434
0.18895207199557773
0.1712707549281953
-0.3959273368312635
-3.776515066505205
-7.745825663914533
-11.940426182427291
-10.866893569020403
-7.68951973722152
-3.6793077092919657
-2.3401038773825635
-1.0536554983446345
-0.40181134452505
-0.5345285742481292
-1.1591323133596352
-0.5193710563116352
0.18923651931937274
0.5260200569877039
-0.032949842598612236
0.1272930715001085
0.2252372618914532
0.32650549980006627
0.21656791473289885
0.984756827809661
2.9043576917649054
2.796679293934503
6.198586265910877
8.959264358042487
9.8494260006675
5.6838720775171705
3.8086388483896796
2.910315027436761
2.1843305136344315
1.501131781064354
0.907776793226161
0.8531974226392424
0.43697062307495077
0.2641433899060147
0.33050725333671027
0.01821816549423198
-0.35141064810541467
-0.4941594915248674
-1.4139851730180608
-3.880387479681587
-6.859916636485909
-10.164675012276472
-11.359330896473606
-9.925545825133081
-5.2100416962160905
-1.9573189773776103
-0.3756827043708169
-0.495402483758237
-0.1313039917312343
-0.3578420460367656
-0.020144261374132166
-0.20113404522125938
-0.21416539901198658
-0.17056839565061804
0.2502610619185699
-0.19255052074909995
0.05233895507583553
0.45286233603920545
0.6058809927416019
0.1576778018134615
0.33747551789216185
0.35236818444425166
1.4802109565641797
3.119299651071078
6.677277145075436
9.67186846625503
9.310303535387428
7.17435893963326
4.714942262898636
3.608929668351589
1.5838341338063089
1.0666842738580724
0.11975686500156028
-0.20005137157886016
0.7709464161296514
1.145166329316379
-0.09318895792498214
-0.899854143610599
-0.004054277505516577
-0.7792633413537752
-1.2963913489296368
-1.7681849883106022
-4.419072649864948
-9.023802401973665
-11.165506870338495
-10.520629005385299
-7.195252102220209
-3.094835468809745
-0.16472187566278626
0.21754637668178828
-0.25398732139901486
-0.5781396072806292
-0.6552283919797965
-0.5100387457701087
-0.13615355590748157
0.7814039475338795
0.4530669838441934
-0.21277531077759
-0.249153767717402
0.2937341545528793
0.20710315236914784
0.208911058548869
1.7156036626914883
3.1250392679283117
6.699180509340071
8.784777581826354
9.697042481359228
7.395604953954449
5.7525193431224935
3.489642864869232
1.4833213057089236
1.0711347490657017
1.2191335188793677
1.1524364594345335
0.45990666139734854
0.07401268674784166
-0.17883176458461175
0.03376698566437102
-0.8726042578281942
-1.3260986980766207
-2.065652249653331
-4.9339860490885314
-9.135956913113773
-11.441882120347657
-10.50175013674173
-7.84691637096693
-2.9122209173028897
-0.24505128254946348
0.1229069537702466
-0.4875631552801908
-0.5757545102284417
-0.545690368080936
-0.45926067344292265
-0.25750757815673736
0.058148552953951056
0.2765840280753546
0.2919000660761377
0.03180056719202053
-0.21246567650731457
-0.2971317822747443
0.14159721631317687
0.44871900645126067
0.8630257398906308
3.806797774388452
5.186628455755643
7.436917200350226
9.622122083747195
10.359649600686682
6.135631314937227
2.527919846408328
2.142778051779683
1.9803871695352306
1.1765487228823892
0.29118479145748044
0.26785802534113634
0.31735615312338183
0.5446078440661383
0.7605968994769984
-0.28060297241403076
-1.0547566218262028
-1.9407328043255705
-3.998742763738968
-7.95852804007024
-11.244646846494861
-12.197045837847947
-9.397654838673139
-3.931572720616415
0.799614428718413
1.7953424125704378
0.4481416685391975
-0.5082528609641309
0.07920816390827068
-0.7706374541070279
-1.2830245968548561
-0.9214292221285771
-0.49105728302752355
-0.6650449344224347
-0.11234098468056161
0.3987828092428756
0.9215193759275718
0.3629899318316691
0.2021936169788133
-0.740959706741646
-0.2591792778218337
1.6734568173050435
6.442906659702199
8.682011059273723
10.943463411814655
9.339962114861686
6.822727482180799
2.249097949906326
2.058232787244271
0.6260643325976755
0.529739041640337
0.7015462976231545
0.7943886884237513
-0.07114678360667036
0.030310366571714768
0.5071784624201214
0.6234794424669475
0.03576447431977155
-0.22793271588532135
-2.8366189416084944
-4.4219158319110825
-8.167746060686493
-9.916303130751787
-11.42047797934003
-8.41782652262011
-4.9528938661616495
-1.296873976469637
0.6233341906977122
0.12361573710610638
-0.6274710411837441
-0.6493742801588478
0.21150361947948568
0.3121514676946223
-0.26419469900338766
-0.24438786649860395
0.19599564379788828
0.4577094180193813
0.1215135455734789
-0.3512634029901124
-0.21190693077298253
-0.026479621716495434
0.6263846120347792
0.7242599288957586
0.5066662825236357
2.006538434567997
4.443757291950695
8.129064907900052
9.836530841253404
9.13369350329174
6.073975470901151
3.6002717344383974
2.188342080612027
1.3675598830545255
1.1691271023087688
0.9598500133604891
0.771445013074476
0.1513428009978532
-0.2217864827205311
-0.31450576662348484
0.18204626014519812
-0.35492119677674755
-2.521813970409054
-6.013085848715453
-9.32012047981586
-10.74073771219361
-12.242185733839431
-7.862702510073509
-2.9079294781167215
1.1310463562695927
0.09671571759107629
0.1684107128851943
-0.4973845621106917
-0.08319251934328158
0.1718026893838518
0.2203013529486134
-0.1910822405238895
-0.13235680487040577
-0.02158443067556563
0.27799215400566263
0.34616761547528974
0.41452480851883955
-0.03741488123033659
-1.0874380209344896
1.1021698077619408
3.9363861172155903
8.46375663956717
10.033910534261674
9.990669565472247
7.531203873847616
5.0999198726606245
3.0372410467222273
1.6512846266307897
1.3967331082354788
0.6718364785514823
0.5467304236679005
0.5400397727510287
0.9657630109662045
0.004278236649779797
-0.8979663439973207
-1.173130572947628
-0.0556607694655607
-0.4254931577458907
-2.6855830987491087
-7.520159082572976
-13.173002181167597
-14.930398931106552
-9.633290768276012
-2.7931286727075326
0.606275702175195
0.6614923550970874
-0.34941005437102607
-0.7392281490487471
-1.0148778243061356
-0.31570835566112
0.039314362815767404
0.5330407544102598
-0.07026393934732142
-0.13673548448306552
-0.3704626196388673
0.4924422892778401
1.9083834997024576
7.581478335705797
11.394604119188275
11.542339462779651
7.557156996622027
4.100811568277061
1.5876495399076886
0.9208679075040828
1.2810405640589901
1.015800461282187
0.18339472692398373
-0.1639563289998751
-0.2054292747271075
0.4427260399524942
0.3193935947786057
0.3291231367346246
-0.09158499392498319
-0.019861870814824826
-0.6082570811601474
-0.9372095054339113
-3.4257700592372693
-6.904656165748688
-10.686173597224291
-11.304821185206242
-10.953210440282524
-5.855639048708619
-1.5605739326679042
1.9502605636482855
1.2784792692268105
0.6097167712701165
-0.7731472480363902
-0.23668471578886782
-0.19576157002410907
-0.362263307481094
-0.30673495993896954
-0.0392385593037729
-0.20786516754130752
-0.24626355380275283
-0.6951548496020845
-0.7891922118781654
1.04312427960952
2.6753860514368957
4.077250579921467
5.8976202805774225
8.582063788590588
9.851633585272262
8.86290934884591
5.611493191205572
2.035254558845008
1.061889849554745
1.0588509372206645
0.9061000783928645
0.1749407227815702
0.5100434627125751
0.4577262251725828
0.5716124823566352
-0.2500901151643573
-1.5829849085724212
-3.1317613102812483
-7.225573310978898
-11.775758095060226
-13.258020790050574
-9.947997648557276
-4.716218227626097
-0.8115863062954958
0.5915088164752925
-0.03330726790337269
-0.08327080329469662
-0.062368880805254094
-0.13991451095856677
-0.0743149959901812
-0.2313252168391321
-0.042173260671176695
0.12750325256572317
-0.11587021953605371
0.09700357142343369
-0.0390160183834605
-0.05660049265297711
-0.36602329158281044
1.6197774443436603
3.2057487384139667
7.81182144333784
8.282867578159179
9.659140490728612
7.388008339136524
5.9258165863184145
2.805841149300729
2.1124444482842164
1.519185165597976
0.32360798026571497
0.18905687137659796
0.5294776943904757
0.93215309722784
0.43315058928298034
-0.3654782543567844
-0.3192926446838074
0.1162981559213993
-0.7620564013566511
-2.9216274338821075
-5.923364360749925
-8.965359562453573
-11.038972067492754
-10.592054489736162
-7.991987644192805
-4.191252997990118
-1.0366876720199503
0.6648903174275183
0.17707811225050601
0.2547908863395238
0.039167344107341955
0.1340794687177662
-0.37171142731078977
-0.3741453973628176
-0.1541012148502992
0.30706899566816725
0.3250304573168602
0.3696108122056969
0.41097500270719445
0.4060252172582425
-0.24836480633686234
1.2743477269334622
3.3854759504712955
7.406128133570321
8.741507028211103
9.736966941832298
7.964601215699255
5.874795953258476
2.62699507363132
1.4612291773120432
0.937666810394977
0.7033856735514377
0.7667625083683253
0.7607113087688854
0.07179285017206315
0.09108485281637509
0.10669335134671105
-0.09211143408440171
-0.7806764310818594
-2.2953275696892845
-5.530996799195504
-8.722711977477209
-10.657067612236062
-10.359507784684375
-8.913009959795032
-4.348274875551762
-0.6541460658568659
1.2681339742607995
0.1015794819221893
-0.1952246807163495
-0.721284398865534
-0.5380069539866139
-0.21222199883215428
0.3256832771514123
-0.055953837730584585
-0.20803805167796227
0.04613813720734259
0.8664016065940203
1.071693836633021
0.35400479055117356
1.5916067325661534
4.314226204795469
9.147178396428831
11.18235020210991
9.544086588466644
5.6178578963093795
3.0617011542449344
2.4173744215567434
1.5640471204353965
1.468581027093553
0.14033215862162016
-0.48313262234801474
-0.1489979010230398
0.1269539319073859
0.1344903509553129
-0.037097394820472
0.3072466974039553
-0.9819265519691837
-2.551741016350265
-5.213031916287729
-7.484212617732488
-9.561866901135437
-8.045782762288114
-6.353786940558045
-4.1743974333845
-0.8056395912345168
1.1627493666011648
0.07545254358476512
-2.2416012661236837
-1.7433795217721195
-0.4685449216233995
0.5372415796158231
-0.025769372145926027
-0.8111649890263462
-0.5256913009645525
-0.10894870243514829
0.604078015725381
1.7473791107356462
2.198823963349457
4.500380393147724
2.55249079304137
1.982725570101199
4.368519664568611
10.574758875572012
8.77723865455319
5.1515968157840994
2.480714841758848
1.8291078519984545
1.2155958918986867
1.031918999620601
0.8139811279453576
0.29178468878376823
0.10009419026627456
-0.27179854398317244
-0.00888556625898313
-0.34294695272929226
0.4263042789664895
-0.6880204941626435
-2.8381245445636574
-7.138908807405703
-9.910583107155897
-11.50609114975335
-11.378389767017909
-6.945437347003612
-1.9242300990448589
0.7883968417585883
0.6226993656248574
0.4741583122407102
-0.004491944559366348
-0.6715751083089099
0.023301750499767564
0.3158637598755708
0.7009905774095676
1.0766080908842008
0.4726316895059981
-0.14033456179191467
-0.31661474266103906
-0.1790831528580746
-1.235095203084163
-1.061836531269114
0.036210002167561935
3.9204505436170436
6.482215584768362
9.849017633063353
9.368447636442488
7.648634794829201
3.930253881122071
3.024544630091904
2.0679594405636537
0.9373692339919781
0.2124779569415348
-0.10837091934942261
0.29272691589287025
0.17077576158632007
-0.06828218957628794
-1.5498166233460557
-2.279036697641391
-4.617017216072015
-6.69210130423022
-10.356532030049328
-9.903230229939066
-9.279919134655179
-2.8285569858076363
0.12429578151092481
2.6323093495294367
-0.15229063505110085
-0.22423846597762917
-0.7994687494468347
0.5062077762955743
0.4918824613241915
-0.04242403226135885
-0.49123117930529026
-0.22587501383534
0.03944112596198473
0.06954972293057006
-0.22692524409393247
-0.36331265129565454
-0.3519397467059654
0.6483172240491168
1.841988846849592
2.7591160738975997
3.9450962575650848
6.2732391787738155
8.538389516193298
7.600403683803525
6.0115694311653
3.8898428606398285
2.683025025431497
0.9295171608711995
0.7799582632893175
0.6085455299544842
0.602636782284175
0.43611492071476116
0.2536619821639452
0.3052453245647598
-0.9401120028541272
-3.210780383384622
-5.512683994950412
-7.76534379433765
-9.422293581484334
-9.100224559750153
-7.959770637690057
-3.581071377730516
-0.3590353979741045
0.8243477155611528
-0.9889763260374203
-0.22378498347800896
0.622535068148879
-0.20545513759770098
-0.34999626643110227
-0.08881674715282825
0.9099496759536418
0.45914219455116423
-0.2309018963452362
-0.5209043909894958
-0.03795138152283128
-0.10943127005681741
0.04530202895569054
-0.014196237936080493
0.297840287189782
-0.763385833068081
1.29969062524082
2.7845581101824615
7.335580403659259
9.412831989438295
9.632821296229864
6.4869447137062375
4.2352022376878775
2.605288780679377
1.2525096038184365
1.3332470382615493
0.8407162132923418
1.0042619084730025
0.9396270365492928
0.49123151232614365
