0.11112722400431614
0.057967103349923305
0.038974580994171906
0.038763375703574354
0.04377166081354433
0.046487333851159746
0.045888666980018505
0.04787660804698631
0.08955625831152045
0.1953283220122121
0.3144774525243174
0.4437337347195892
0.5751091225441837
0.7058122592406064
0.7884721512240457
0.8547034412899815
0.8935971404868586
0.915110094801945
0.9273883183680811
0.9401755517546513
0.9504395901490347
0.955452216325263
0.959249659780674
0.9585202170165521
0.9549854820932635
0.8845360158384927
0.7057360508662595
0.4627170431347278
0.27174501099339676
0.15984641221977058
0.10480970732859651
0.07236455184787527
0.059716715272177444
0.052754898598831576
0.046699747892101365
0.03701831456852899
0.029297605476920334
0.02810293348387396
0.02759489535425866
0.029436807322836073
0.032920754204552476
0.03459609785835588
0.035832011786623805
0.03628666360319087
0.05375900705026066
0.1533988471332107
0.3035244365088004
0.47182888804969547
0.6134569415300266
0.7429152114447534
0.8246012715251443
0.8828558445791173
0.9263724264454962
0.9501311416481153
0.9651240498612658
0.9767538704508811
0.9880685074477826
0.9924116854690719
0.9971943484729089
1.0003338541684723
0.9957886769675246
0.9723151601879947
0.8948060052455997
0.7280716247435013
0.51695237091031
0.3195907999907352
0.17993875045273344
0.10192891420504717
0.07817224063671147
0.06787178205015468
0.05685492010385295
0.05355441434486485
0.05227227864013525
0.04970815160788082
0.04742399603658255
0.04679894186796139
0.05390568142758811
0.058801309309103184
0.056181177196605245
0.05394721822944232
0.07136945569058631
0.13569798785234186
0.25681801396186565
0.3999270988246594
0.5399731442172309
0.6705899121259804
0.7817010626869181
0.8460051649059799
0.8858280694123746
0.9067056375704421
0.9227182560669129
0.9367147780966307
0.9538269569878344
0.9569659582007889
0.9532489588749529
0.951347732691492
0.9584218203108391
0.9610828826148421
0.9338756528803784
0.8243187000573431
0.63959297789467
0.44267072655548445
0.2913858048938878
0.17713952780708736
0.11220506468422514
0.09266064976750449
0.08374568930446964
0.07080078895449202
0.06748410160666818
0.07073767902190545
0.06139445591367631
0.049419079250839576
0.04466726660237212
0.04842316381089546
0.056277782926632366
0.058939867226338
0.05928197829934702
0.06032833599895683
0.08905152082048215
0.1813622564721605
0.3130088978554213
0.4344304820760254
0.540766656463437
0.6442189638636624
0.7469275192199277
0.8261804991820109
0.8865125155633422
0.9127608752272321
0.9236352533485643
0.9218655501452713
0.9237591412164923
0.9254631545143018
0.9293105158200999
0.9292026961605886
0.9310409713894342
0.8662925503117798
0.7021267322904987
0.49226847690220393
0.3143414355516017
0.18083465036150284
0.09460805281034392
0.07585918471676295
0.07722674886965192
0.06832175113637237
0.04946630454588524
0.0445947594207171
0.03927511390740465
0.030785051274805852
0.02721745898094137
0.03297430009760098
0.044006155812510696
0.05035655987013192
0.053478764101048064
0.06457305850916847
0.09352069281501615
0.1411262975177005
0.2654237721546232
0.403684703296091
0.515207973878163
0.5707379806970378
0.6714877317026262
0.7774035123945837
0.864094020770712
0.9011299154906643
0.9183980647071102
0.9261636088040452
0.9289191586335431
0.9272060805851164
0.9282247363855366
0.9227323362309734
0.9144590215810663
0.871457907492265
0.7267334172560944
0.5296755827834188
0.34284389060264897
0.20737520952395935
0.10922439213687626
0.07839797613140397
0.07228065486564865
0.06137457945111694
0.050426817494487484
0.04582661478706729
0.04024333150953656
0.030344471416612926
0.022773883761698338
0.024914298922461678
0.028941577819989156
0.03211508907162619
0.04256299044623461
0.05660884747507729
0.08734966422720612
0.16239203980185676
0.2833497432417699
0.3980144548074444
0.5066386046053657
0.6224396112907827
0.7414867261241385
0.8258809503630962
0.8746382208387125
0.9047092239822263
0.9261744262500964
0.9385587648289484
0.9353068896304549
0.925279216955174
0.917501237393338
0.90772183515216
0.8740908791519391
0.7439106254253951
0.5395457346594557
0.31127207653639
0.1645673940898856
0.09374850560286276
0.08380600199149785
0.07342716140696107
0.062070443344700785
0.055389301013180264
0.05260251314541779
0.04934585723712008
0.04463556259769917
0.04003392464052688
0.039319362493266945
0.043156287772792463
0.05041076703095685
0.06840264924158282
0.1155002909398773
0.19281265853440482
0.2931215200428626
0.3912855523781787
0.4983829287361124
0.6313067421198716
0.752977645443369
0.8294533501126321
0.8710694226179955
0.8992606201445301
0.9120158105251437
0.9188394483644786
0.9266243098426589
0.9276429952107423
0.9289173421359518
0.9340126460059338
0.9117610242617001
0.8101012796140803
0.6429936892303778
0.467794385648154
0.3076515764967863
0.1738320349744585
0.10057985859867988
0.07811227434683521
0.06699351621942363
0.055887368729679775
0.05273733413121867
0.04744847094602127
0.04868684052361122
0.046277970270887064
0.046104160513339626
0.049503747508798025
0.06271708772840066
0.06949426658285413
0.07244752795298282
0.11127151146806216
0.20827354769199935
0.3406221396811417
0.455935461303544
0.5439597034340562
0.6087383181899109
0.6915502143726244
0.781832604191325
0.8558421199041805
0.8919046073119699
0.9124113139598475
0.9273031547896441
0.9361072817631024
0.940950301836188
0.9366478052182532
0.9184970288822735
0.8971859407765659
0.8784480432943621
0.8553172240257643
0.7309951606457492
0.5459410204600258
0.3474291615710745
0.20290240872443022
0.12033624309765517
0.0972773376092746
0.08653322721165296
0.06036966662438794
0.055168921265135465
0.05099498104156697
0.047557167886954854
0.04872481410652433
0.053825230910142796
0.05658407918983916
0.05861213256562836
0.059156545898143446
0.0608561013880092
0.07057866436662429
0.09948378395784715
0.17557505037774987
0.29686136449471534
0.4056398553854117
0.5007475097604959
0.6164868537264352
0.7458306105054675
0.8310033129412027
0.8775011313885017
0.9002515572834727
0.9130244706879265
0.9176390344096532
0.9194675494782723
0.9122969194074212
0.9074837143671188
0.8954738409748244
0.8749645291530488
0.8270730404821771
0.7127832561512131
0.5409364531767396
0.35603524915496065
0.20883622411707942
0.12734584177625152
0.0992128159075644
0.08970378638463708
0.06856606161197465
0.056745751323726445
0.04294448610929184
0.033886351927833486
0.023795579895771912
0.017230253381762275
0.011993671274393509
0.022047505649840538
0.03889910585483092
0.05666080890783369
0.07162683365669845
0.08736512347744524
0.13536982427775224
0.2358797698049714
0.3661590639787339
0.5095027156346223
0.6368038222645753
0.7357921151585147
0.7940914908114834
0.8438285702200814
0.8724435632183997
0.8903082284380456
0.9000328547358616
0.9048681513419317
0.8934691375051924
0.8806381606986309
0.8591103219262399
0.7838199717913199
0.607882707393625
0.39677705130143825
0.21951004687583917
0.1240514520314353
0.08554519655091188
0.08754856254435668
0.08850790367138123
0.09913946046434562
0.10558206455740603
0.10235817491399105
0.09512403667154874
0.10198504414982684
0.10709597061909366
0.10246305259318617
0.1049117177460687
0.11205583434534486
0.11301663552443915
0.10491856844706605
0.1073307232668728
0.13197235298488927
0.18617327049677893
0.28007105577287184
0.38199566184149514
0.45159327724224896
0.49714921258020467
0.5360344548532603
0.5762107889794668
0.6035834130517107
0.6424317746212624
0.6801556484173321
0.7025799415233436
0.700043489317622
0.6839801805862318
0.6495769317444225
0.5888225108816428
0.510882313726019
0.4314978180247959
0.32103248476924473
0.1940876456836515
0.1147570278205338
0.09658855292292748
0.09263872381526334
0.07903662949578431
0.06791452449941836
0.05461698687128738
0.05006516813925216
0.04969749860947233
0.049956096023440505
0.05814574212018739
0.07802633819677818
0.09009878058677043
0.10166842230681514
0.11696739255315214
0.1608125377511545
0.24458769382522577
0.3305598563222122
0.39469406888070013
0.4477696601544643
0.5174710465330653
0.5853190758160935
0.6565871740851578
0.7135773214637433
0.754753080339929
0.7832081173871102
0.8037614141552409
0.8053895382636055
0.7970087014153031
0.7845055981653206
0.7741136144848066
0.7657219277409519
0.6718055689482094
0.5149524495461795
0.33521343939720943
0.21272312199074417
0.12828653318332547
0.10344126171113785
0.08813998112821503
0.07345249658843431
0.05776733474051656
0.04874703762432636
0.03990292501661077
0.039654684270162055
0.03572376577856384
0.03804647560258403
0.04805671377099553
0.05656624407544131
0.058873549929238
0.09846592408121965
0.16553133856304994
0.2731193954420478
0.3575300921511423
0.4205517539626845
0.46870577094177934
0.5512108356311928
0.6515552420501683
0.7393584439612739
0.807414560225704
0.8394371991940696
0.8605397423123883
0.8682455400031687
0.8699364326455966
0.8570236153298847
0.8287418923950232
0.7793036361379583
0.6790841577155102
0.5541639308378046
0.41454087573243076
0.27702243070887916
0.15675837203364257
0.10878018094324182
0.0931744671082973
0.0694069484674932
0.03980255647326068
0.030327873678812456
0.02969806280471928
0.031626444396875196
0.03142308918809225
0.032848377781741336
0.03796112901355643
0.043992859620745776
0.0510596136626681
0.051057118907188934
0.06030012517968083
0.10893034691924623
0.19409207351390426
0.2958427491507258
0.3668275790864794
0.4403996565690392
0.5281617108837076
0.6442624976387881
0.728289435604992
0.7799424447118342
0.8065901115863516
0.8274146375585794
0.8437559685105
0.8476150190121703
0.8360016112880151
0.8116244900971925
0.7222572674689645
0.5590542306057151
0.3704286897990283
0.22658098519306577
0.13973255775233018
0.1012023654219041
0.08247843084024484
0.06347501377585113
0.049071631399733334
0.03755799578284574
0.03335367563816536
0.03275943381079113
0.038486058214794394
0.03824590195214532
0.04352619606676515
0.05249846251967155
0.06747719789261247
0.07241437757148744
0.08649173850707499
0.12847935108096098
0.1939751662904024
0.2901931556819135
0.38316713359491705
0.4688466035148524
0.5381699740013836
0.648787147515706
0.7612669149289437
0.83953935059274
0.8645970240159102
0.8738185915811436
0.880315129118133
0.8894847094046299
0.8914789743639109
0.881666549320739
0.7870469154013822
0.5993873925377927
0.3787566678277308
0.2273642571583089
0.1337062925341947
0.09705900721886208
0.08097604100173886
0.07619865176592883
0.05504097620749918
0.041919011891770885
0.028447264388160923
0.026120639621738773
0.028117565557102712
0.024724224925770054
0.024093568980228998
0.03580651337010325
0.04918831806125154
0.05132975527080692
0.07627816337423929
0.12039782886849473
0.2011802963120603
0.27769796094057403
0.36159141156617824
0.4356825296419671
0.5236744945144483
0.5934142181208923
0.6737112652257315
0.7622233564931609
0.8300499597507335
0.8593956331611958
0.8803994750428632
0.8997835721822827
0.8972740156322011
0.8317933843588872
0.6829598038134683
0.5296000671668711
0.3781617685444315
0.2492059039477545
0.14094478815604544
0.10552979739558344
0.09431626551071345
0.09648578148433287
0.09110524722736918
0.07382174908452681
0.055612924318255055
0.048530974897557054
0.05130339376573246
0.049088464993837976
0.04719237943899317
0.05135874391278975
0.060112810789066794
0.06995237260722742
0.09807796221831727
0.14398603839496188
0.23754950459133828
0.34048023415999806
0.44163282449507013
0.5215023812339485
0.6206154428133387
0.7161413898942817
0.7982874625411693
0.844970470215916
0.8688137228696879
0.8777989338532183
0.8864291829198623
0.8885027182114783
0.8905049633436781
0.8729519058388007
0.7539787829071749
0.5515351915021782
0.42407574505546075
0.3547077640979569
0.2735247829045021
0.1590838450980503
0.11481545695501634
0.08300916272320846
0.06622531385060443
0.048948456376924326
0.03787876574568714
0.03184242237238295
0.028030024654255983
0.02771362034740862
0.030444445838478326
0.033968440073871495
0.036542601307883976
0.043032815092916725
0.04856782755904421
0.08462847913221277
0.13499462768162604
0.23495407727711717
0.33649005828064044
0.41780371841506475
0.4699425424648834
0.5535534765989919
0.6460820166028407
0.7134892646099206
0.7701324209487443
0.8203700745496884
0.8539577590627642
0.8559658469291223
0.840750560877701
0.825324287254743
0.8080814540950945
0.7565591537793684
0.6268574345704623
0.4693586396524244
0.30507726208523506
0.18913339857341122
0.10454075068553442
0.08673973586073079
0.07886356905929827
0.07528282388081198
0.05806685449355307
0.04716151985284693
0.04218111686695222
0.0406881428169475
0.0315202524842388
0.0267231015947748
0.03444873704004665
0.04815132319669479
0.05894136881414069
0.07345632582676737
0.09772944153172469
0.12232629905347137
0.18561372725010727
0.2749023680352169
0.369258965700324
0.44579034664321215
0.5372453320881355
0.6188857846440499
0.6985907633633892
0.7710251680411152
0.8271917570576159
0.8479804326390011
0.8569484917157144
0.8637490606306626
0.8656982392717164
0.8456142447766357
0.7856439448693455
0.6546129688097742
0.5127397757719718
0.39350795316152254
0.2672434594021624
0.16102089320066193
0.0939329876523462
0.08530556275528306
0.05527872085624247
0.04360734044914512
0.02626633809876573
0.020955907177371492
0.016565353589768395
0.01457635540328386
0.019267106631116106
0.02825890095763363
0.0417209911193851
0.0554765626745202
0.059647470090318226
0.0683790297972229
0.11448914324888632
0.20743179539387605
0.3097889198690786
0.37164078013962354
0.4304834175941559
0.5126895860846357
0.6117496152890046
0.6898000362024403
0.7619355532955308
0.8120980516170805
0.8332581706103414
0.8394482660255491
0.8488465253308782
0.8374549846139964
0.7996677069982179
0.6733953955495195
0.4849971850431644
0.29004202010289354
0.17333181577056456
0.12010490947608216
0.09853960209647802
0.07672787950061298
0.05194636410228771
0.039303995120977875
0.03346164216215457
0.031552092805749936
0.03280368950756225
0.03371032471687157
0.03789087029658153
0.04491125947271736
0.04958020262116343
0.052709465993461685
0.061171495793001206
0.12411086165799563
0.21370381209703757
0.31665066096405736
0.38645888973414394
0.4872933411359219
0.5802174890538323
0.6765206017957135
0.7508007952641655
0.8083966990490249
0.834911225117269
0.841538339288999
0.8518642182064221
0.8545608340736172
0.8451724692445495
0.8039839100183386
0.6781738056972436
0.503475977468707
0.3534886122062
0.2499898909702879
0.16394735942219227
0.11836844276630736
0.10964829775356441
0.08868750473153987
0.05752156069936543
0.03677495599375689
0.036642287440436405
0.04449661362524168
0.061236418083185196
0.06789168560666294
0.07546780025939352
0.0733012583955017
0.07114885643052901
0.0859466214260526
0.11568749030375702
0.18746257970910502
0.2689437426869782
0.34842609865662244
0.4155369838779779
0.4962382982231953
0.5736763284163102
0.6294368678078675
0.6852813732926386
0.7350823791891601
0.7790420597900016
0.7961391536011442
0.7868162309558867
0.7314460743398357
0.6251093088180176
0.5096195914378637
0.4382561713044011
0.36923132564369693
0.2806035508033011
0.180058898922774
0.12046511786569591
0.08433880311464187
0.07885882762697236
0.06931741288338598
0.054034827181542795
0.04110377086693494
0.042935930753196655
0.04659841996148859
0.04554858617481371
0.048050809383972284
0.050805180306841044
0.049312868733560875
0.060198287093353973
0.11638557896377386
0.19513087531704063
0.28087200184786276
0.35461574579610344
0.4103110934260233
0.4720296134749551
0.567005037319485
0.6869368071117956
0.7718014297837696
0.8268148640021398
0.8520795371493103
0.8699837907463929
0.8789312063953155
0.8914628324809564
0.8820108925304979
0.8102452766948839
0.6590181896605514
0.44668122939072
0.26266228827294086
0.16489129287323886
0.13199326109194692
0.0975540035481757
0.053746525770219836
0.02666061203961692
0.007285967651309598
0.005764710705458944
0.008549384181868862
0.01646841512919362
0.029107135866319116
0.03903859432908813
0.03818594689542406
0.038073116653018116
0.052550319960125075
0.1000904982530607
0.15752266780544408
0.23089905738719801
0.2999573856598177
0.3776884353442524
0.44948226334317365
0.5231882233586946
0.6122877083782989
0.7009618806082987
0.7730344309272359
0.8066097582648607
0.8282099348179384
0.8313255579885048
0.8156000955878732
0.7614376076332694
0.6627361484076542
0.5392287207036008
0.42898286921924
0.305793062853812
0.19539768742704872
0.12583950894726206
0.11352706906327131
0.0938910769922882
0.07329340583646991
0.05123581179797379
0.04665156499339719
0.05153404635707897
0.06343950571879217
0.07187454791651636
0.07382971270388478
0.07293341119702418
0.06995447425779187
0.07684532636857555
0.12203822745170077
0.18758364512398829
0.2637840285081717
0.3361708012956278
0.42538354111492505
0.505434665281368
0.6075353042231801
0.7192118104290572
0.8086982223624892
0.8507088465880763
0.8752838240116745
0.8900266718597296
0.8955018162086946
0.8578799571223655
0.76285329185942
0.5713945535574386
0.388984674305
0.2544123332930005
0.1881716777867369
0.13789353479850303
0.12287712192683944
0.1181494892616882
0.10024246799395202
0.07696135096563131
0.05882445789968824
0.06325081602935988
0.06575907106285858
0.06862756944029065
0.06642490101409199
0.07501174211772574
0.08431118482753648
0.096219844610955
0.09945171651437315
0.14745446808982493
0.20607981338677098
0.2625358789138731
0.3151320207457788
0.3872366336317448
0.4637285330796065
0.5351445048165031
0.6182780946116264
0.6860565907045475
0.7423674629299725
0.7710523766388782
0.7768715579687346
0.7637945416377934
0.7321379114193758
0.6518455215000094
0.5374201114997096
0.4136349512423012
0.2994861952148426
0.19365722994495865
0.13189361015652032
0.11460274192032938
0.10868401984051675
0.10182572529481827
0.09578623627310771
0.09148523710964533
0.08787548582406889
0.09703597526682334
0.0955491053983772
0.09264014919174476
0.0904824993744531
0.08819425973282774
0.0985192732474826
0.15244450021705105
0.20726508807562283
0.2599344080340765
0.3202466414053635
0.40490038711947224
0.49062635504469443
0.5918644004700467
0.6987060115541108
0.7809826508343927
0.8373715806452035
0.8664716024613217
0.8823492682857506
0.8894843269452226
0.8858759786239623
0.824082788762424
0.6755881730038887
0.5059251352260168
0.3702292852084946
0.26723213046760463
0.20212478504716272
0.17717573423147898
0.17357964322295538
0.15022323841127178
0.13127050549906594
0.10359068474721073
0.09362680844158487
0.0842053910697077
0.08689308770826638
0.10057123113351614
0.1059301155452839
0.10534909270611952
0.1049734633735108
0.11891882097113331
0.16155304652615332
0.21422002354861985
0.2588953999899342
0.30797523198369203
0.37701848770586566
0.4271974510655906
0.448166731642875
0.5102734212936632
0.56968481624968
0.6356997447793876
0.6823272727268515
0.7285689368474317
0.7422278955390904
0.7484219021798451
0.7497774911097427
0.7320451710756621
0.666562201466603
0.5640693035934305
0.44343407930334083
0.3373305645381105
0.24111653080794088
0.18331697518685566
0.15236719277642854
0.14238934348183493
0.12935295867628832
0.11947666697200802
0.11507708876875133
0.11918755913159707
0.11711418777227488
0.11333783083980412
0.11019311655104715
0.11895026659932027
0.1491040668515882
0.1850290734828434
0.19983564526522565
0.2224119735099322
0.26536680101784704
0.3194886639273449
0.3807005371062896
0.45905612867558454
0.5284352455017838
0.5803194611928997
0.6277394309767199
0.6615145181062763
0.6824813897196251
0.6985763060152312
0.6955133713965536
0.6427831256673094
0.5531462184179791
0.4638008220477906
0.3663692624777503
0.2744483183737555
0.19294031282998805
0.14673332943152265
0.12123647415977801
0.12252741289565028
0.11942995025171933
0.10433276436244492
0.08170163131427396
0.06277033768701133
0.05259924658813482
0.05547042664983903
0.06026544649908324
0.0737222977390262
0.09250612082822776
0.1162749688964625
0.1397437311928464
0.17508870077676963
0.21743268989227346
0.2917342472774719
0.3711728561216169
0.4389207543112623
0.4893478296048281
0.5646540317750904
0.6381306128855535
0.6961257393146829
0.7366230755329414
0.7725378482204337
0.788221057192049
0.7896073628188096
0.7748562776983912
0.7377274927338813
0.6421818424569474
0.47341523876905073
0.31562076467422967
0.20095077765425823
0.1445412675474764
0.12244298368083405
0.12956749524556002
0.12941415804360248
0.1256541992349639
0.1202444591123504
0.10296299252845209
0.0834638342897314
0.07460834011417698
0.07652686653999591
0.08691196078733107
0.11196897552173664
0.1155095461362853
0.11859711434664902
0.11519048765553275
0.17460141804996807
0.2452516061561519
0.32871096288027646
0.37995895193244217
0.4382953489363225
0.5103040811743709
0.5988613988245827
0.6758810508939128
0.738742796554666
0.7951306731528172
0.8301248496818445
0.8391006438181791
0.8205547034271387
0.7862678681953917
0.7272497600891126
0.6114973448029868
0.45718262167515467
0.30808852504998074
0.20655749226335846
0.14477039933897584
0.12233056288878563
0.09972304736582875
0.073213515862218
0.057506304967545045
0.050007418636380335
0.03808800446124548
0.03134178235802294
0.03414693074317722
0.04729453010730469
0.05708514430910801
0.07362735831685777
0.08022105451815258
0.10608266635762739
0.15952401095111493
0.23275801247853506
0.30667822163899383
0.3718155338038267
0.42263594494433065
0.47811839138658974
0.5521511617674395
0.632733151364969
0.6864215590533957
0.733409847160833
0.7531807920760597
0.7606637757465462
0.7516937276813052
0.7392736048867818
0.6655384870562787
0.5580948152179002
0.43416048357497705
0.34971148799853513
0.25148500486811753
0.18277394383204995
0.14541639297913395
0.1424470449845901
0.13724727069097042
0.134913321664084
0.131755473092183
0.11366108828888834
0.09968663137741299
0.09146413677620782
0.101269001478173
0.1105768275056637
0.12197826575961124
0.12584036961047024
0.13411643261560047
0.18551416345731275
0.25017843461792166
0.33484941455776424
0.3969150508686239
0.4475794472469941
0.4953606581671546
0.573027790190283
0.641882695810211
0.6748128670569862
0.701738143729384
0.7195197845114921
0.7236548774162213
0.7219561324359549
0.7061324084351563
0.6308317348909529
0.4863000422520507
0.3543099643175294
0.24025979976102552
0.17198547988529259
0.13161192052833523
0.14744442930869964
0.14001583980532317
0.12742969445757846
0.10879378303995307
0.09187524051194694
0.08432688077448412
0.09699045787678742
0.10204201511870101
0.1006925970460032
0.09029776006604526
0.08304942508021347
0.08144931518635422
0.1420815730756595
0.2161725671737969
0.2897487248958386
0.3456390103194096
0.4196597069843486
0.4824374248058594
0.55710783664811
0.626780327914847
0.6929558280588681
0.7454233601228887
0.7881872355157463
0.8028456566401505
0.7902558415612013
0.7667450281333579
0.696846026114456
0.6044652176548664
0.4502315695677704
0.34775306842270093
0.2451615685765625
0.19067673647211333
0.12689001928880994
0.12342917269861835
0.12473288094827084
0.12259695310484305
0.1086705441670492
0.09954615009869093
0.10245560460664485
0.10965204957917365
0.11004613133893502
0.11282750703635666
0.12721839335288013
0.13370877455551422
0.1368413016005225
0.18852660070104257
0.25029941370268893
0.30810017593939776
0.3569304338724931
0.4209546635857299
0.4769775180227394
0.5623650233871085
0.6713587429755884
0.7593290540068772
0.805112601486928
0.8276373477395018
0.8422259785869597
0.8431301322649778
0.8188676933715076
0.7677203106569941
0.6673923807364504
0.490751852337999
0.3208440270654645
0.212145805428403
0.18196025348743178
0.1582126897637731
0.14951065727231827
0.14831036764453687
0.13414993350257387
0.11387632898189484
0.09967533970862644
0.11290710307916071
0.11371299801314207
0.12400228980163427
0.12003045708770435
0.12302165085837231
0.12261398862645766
0.12867609248583428
0.16554695783868564
0.2204458036201242
0.26563383372016025
0.31999491175728767
0.39295943103817677
0.44739091776917994
0.49155899052817875
0.5593332737552016
0.6325094334407868
0.6920952717761334
0.7507267749507193
0.7830017713223454
0.7923615328128297
0.7842483202624817
0.7682809862930092
0.7044583989333992
0.5598041456313883
0.39837499325992864
0.2765748987358063
0.2165885110043057
0.17704118895903692
0.1577356963289905
0.15058479134266384
0.1586584692412366
0.16608561894231913
0.14847777641051624
0.12443906771264218
0.12337140912868433
0.12721242736636487
0.13280267359933612
0.12377572193494765
0.1287398768733916
0.12967822031460158
0.18392131066735373
0.25158553137643
0.286817977697713
0.29522539660748315
0.33283123969714024
0.3900185355251936
0.4234168587041332
0.4537161316711124
0.48023919347180527
0.5091543780468638
0.5359067104798192
0.5437862789727399
0.5126273856269628
0.45147303409764405
0.39541880010719416
0.34031384335867004
0.3173176101651415
0.2572215169127646
0.1934606975421524
0.15014167768047598
0.1616354564252666
0.16227763542944937
0.13859925810293955
0.12713857982096044
0.12365759129517635
0.13071206272389294
0.129830935406901
0.12935976084622228
0.12406328565134869
0.11861106957198982
0.1491538517838662
0.2047432303041056
0.2635734814235211
0.3160766524567747
0.3718456048294847
0.44601069061012427
0.5328730534438959
0.6395294973249862
0.7330009443591503
0.8102145637822273
0.8552873326262255
0.8791195271236603
0.8880249935753483
0.8902113520931654
0.8866368701302285
0.8769388519437704
0.8559160740667073
0.8100884470169609
0.7047682768710279
0.5662979374088009
0.397799238525001
0.2584559735271606
0.17156599499008068
0.1507455422582466
0.1331790673704955
0.1383594622132538
0.1617499735305443
0.17114086711761395
0.14457912834762163
0.12288559505084386
0.11505254131139953
0.12017978886033857
0.11977008826901497
0.11432701829172763
0.09739062751551429
0.08258766712109541
0.07931095639857931
0.09765050374062881
0.15745361913518222
0.22041896669910235
0.3053799834732193
0.38397094470246185
0.4475565371974841
0.4798527379432175
0.5170495022311086
0.5646119075399482
0.5913623259856127
0.6094888533173008
0.6147744790352676
0.61873294709793
0.5650707267778983
0.44311979845563854
0.32184289794779775
0.24363021174314542
0.18846544518973046
0.15238396237356605
0.1779136749764046
0.22007867601920775
0.22827939028329183
0.19156186790919644
0.1666486971614443
0.153454824705169
0.16314211373991877
0.15964805865855153
0.15709502932551098
0.15974000918778591
0.1845056519142082
0.1683890105632369
0.14375717133753957
0.1569112029457684
0.19635480810772032
0.23250939874508528
0.276840255899664
0.3472330503582842
0.40099673499793226
0.4449842445556779
0.4760099587870192
0.528800717305968
0.5676211762581335
0.5852443304112607
0.5877446960448203
0.5988629952528073
0.5455691122897219
0.43864566645167685
0.3299263751129006
0.28892950382082705
0.2604992504410125
0.2130543017768375
0.15483392209618624
0.1301857049398085
0.13945248599571286
0.1494175428304154
0.1356865251236813
0.10148689114066062
0.08222688206256179
0.08738262933542591
0.09333977084862846
0.09630708559810705
0.0924519337452765
0.08559283206014412
0.08345136783615217
0.1204237056528071
0.19809101524987538
0.2576788685880945
0.307979454445026
0.33996122473063434
0.386335669466894
0.42611336804346445
0.492943776082735
0.5455969462079251
0.5925331211847351
0.6237674863422998
0.6455708159471287
0.6398251014662023
0.6044705218174075
0.49690031764538956
0.37923928773545007
0.27493226562225564
0.1982952073652148
0.1416234329308747
0.13838524494080748
0.157657161200785
0.15836053618400997
0.16803658621980816
0.17241393938258673
0.17881876205576322
0.17048214908881237
0.1605954262570143
0.1383433338906781
0.12483819010360504
0.12364942801322053
0.16025279833332845
0.21274626232164187
0.25822969911869154
0.29658063099499404
0.3368154435134841
0.38179196689249023
0.42716582409329173
0.49191513456892577
0.5599605192549616
0.6208704959999405
0.6658140460454693
0.6901187111720524
0.7059712616942189
0.7042294775371042
0.6483492961893123
0.5400573880193628
0.4030526203904502
0.3111254962512654
0.24998098812789601
0.21441517819252714
0.17920486910635353
0.1671015612138469
0.1722008901785338
0.19502914693197054
0.20799295023246445
0.2009114441659534
0.17688536590393392
0.1685686475017681
0.16498521858341192
0.1581547307133213
0.14807226583239275
0.1521896358638802
0.19485147021855861
0.24377328421199188
0.28179010958455164
0.2979623825524064
0.32420465971689494
0.3697552130344824
0.41363825318601044
0.44939243388107253
0.48120510458735355
0.5214453507345571
0.5545625495974777
0.5605217631070303
0.5469440667692242
0.5079112161377439
0.45120146024504104
0.3875144812288269
0.33285479612319013
0.30153326643901873
0.253119897442116
0.2093079423945567
0.18054339664790545
0.18289483327296896
0.18341543345375227
0.1772786039980325
0.16526805443096193
0.15516026627038507
0.15837636216123602
0.1637644241994891
0.17700056462225564
0.20939630444223917
0.2342123240086195
0.2370534662198378
0.2490032318011335
0.2669809634875469
0.30484339222115153
0.3609346105528443
0.45247133851160487
0.527595280729971
0.5981968914101112
0.645717118575552
0.679094292234961
0.6965778830252587
0.6969889676823087
0.67372922822395
0.6310531255289598
0.5333749315595238
0.39824416019968606
0.308074040680655
0.25545812847154836
0.20430204494370602
0.15569465122403997
0.19086025157781553
0.21289896402746583
0.18952305889268897
0.12759721712308808
0.11516897828916023
0.12345873922472231
0.12277388968515274
0.12876812594486836
0.146078205410532
0.15467193278306682
0.14624927359063353
0.17182934571013242
0.2182275603112443
0.24714158534987934
0.25423890937644866
0.28472488764744697
0.3224675524992687
0.3622343213517061
0.4101002245753685
0.47734536861137356
0.5506073691338422
0.6082057087184147
0.6528042335628985
0.6665100499745629
0.669137370412589
0.6513302605500552
0.597559939516934
0.48285034217387773
0.36688256723513524
0.28167596605085565
0.22671407896683005
0.19479033936214538
0.24742893546795403
0.2981884402103191
0.29573708083856254
0.24852023354309813
0.21524835410447704
0.22065205546308267
0.20486750023862693
0.18855649445340691
0.1482802708619803
0.1521959641003061
0.1614813575258624
0.19983114036691785
0.25165277142872655
0.30979409035100297
0.4062307119480653
0.4794892079790038
0.5486411919006164
0.5884232002171959
0.6421061103155372
0.6693241696322005
0.6964138724537109
0.7080846449101447
0.6781502521320828
0.6193068551973874
0.5270773425438042
0.41847856977398223
0.3265602833501522
0.2585426676234004
0.18248963343544156
0.13100205823805589
0.12859292665187178
0.12463253011090973
0.08509614840835822
0.04929421763005995
0.026383301081642767
0.013408183304745292
0.004300882136830689
0.006258741787147186
0.012749601253668473
0.020852997979374958
0.03289647642499794
0.040723554967647915
0.10901457059945602
0.20248799084651395
0.28617337541206095
0.33839453822071075
0.3993054400349486
0.45346792442912864
0.5001883655632816
0.5578690470578942
0.6025981884560204
0.6268610035936554
0.6505427589929274
0.6599890801679841
0.6361342283274394
0.5789764113412139
0.44778390754205977
0.32360566973891275
0.22984532471269914
0.1739193796071738
0.14098839479460049
0.16098973058201183
0.17717733024883023
0.155255546412555
0.1394022245365064
0.12799731331960154
0.12216537380678724
0.11588007133462178
0.11309987398545772
0.11856560934716609
0.12460322645499908
0.1232854730300944
0.12202931918135827
0.16876199054073282
0.2292438722574225
0.26075498429607874
0.26302893589520393
0.2851658446968558
0.3454627407186488
0.3981123692676607
0.4359177493958207
0.4712244077925178
0.5172570845788119
0.5604968299854891
0.5824271965597061
0.6000786117094076
0.6086908354230884
0.6076221028556439
0.5763266848211515
0.5086304509849091
0.4003554774152911
0.3031679144003714
0.21630431015780516
0.16471670569674257
0.144541182071136
0.1782265422684821
0.20818436922066308
0.21200732529593003
0.17995302614015746
0.15346485554943481
0.14917186735131402
0.164583212089414
0.1635061392975876
0.1710449798568902
0.1796853919600302
0.16316574891779803
0.1877222932141524
0.2211522600400977
0.25748690447265826
0.24161132490408585
0.29006522372207877
0.354407397393162
0.4362142325784103
0.5145781294686341
0.5780407703763408
0.6253648675964605
0.6502667295951567
0.6717200393956528
0.671642627858672
0.645214674827266
0.5891067753280519
0.5165527334263349
0.41289258203356155
0.3208402448028754
0.25035371783982646
0.21024379190451434
0.17273238768675547
0.1685989318161332
0.18496197964350494
0.1915038056129167
0.19525381864731858
0.18729396351737604
0.183545774584342
0.16803535471761322
0.15954703981511004
0.14017268480044048
0.12801428924264446
0.14488228993522795
0.18656545197580854
0.2007709596150391
0.20087569352208218
0.226606632542459
0.2905959723706289
0.3509091781831346
0.4107930477009083
0.47021310558001733
0.5470000973435643
0.6291135871237229
0.6866212533859164
0.7124257029936998
0.7193783488464044
0.7208974749141543
0.7061706663612579
0.6518868604018633
0.5506993971750207
0.4026573602452077
0.3192703996329066
0.2663532228087466
0.22682324163826126
0.16488963534815415
0.15093902133617731
0.1686074186418733
0.19890860438808855
0.21384514966973417
0.20344757047632148
0.2011218838414589
0.1950530526856488
0.1748608003515852
0.1414771160209918
0.1345338105971352
0.16253576734964123
0.20859840636643315
0.24180144693754962
0.24876818764633496
0.26235288252134426
0.30319395907245017
0.35684781875239335
0.3995490214118851
0.4179078596996042
0.4322964947466062
0.43609655552824866
0.43715241536651406
0.4341867518704987
0.4342119521664856
0.4147171931177073
0.38456165629667566
0.36851345402687974
0.34950465626802507
0.2942960343379164
0.25551605000971034
0.22884557564603555
0.2018738584731958
0.16414494728297727
0.1623746436783378
0.17177209143987787
0.18341784724065266
0.192363956758219
0.19821798950811564
0.18173599014236613
0.1514401875136341
0.12448152095917195
0.13984823380389072
0.1633389386545929
0.1963645003448369
0.20989419461861744
0.23055508176164438
0.26667067593434207
0.3316993152744824
0.39879895687766553
0.4644086613193962
0.5281052679982154
0.5822586262248697
0.6130319129581092
0.638837456284573
0.6589255195993604
0.6759887605466818
0.6791980992041309
0.6523268234673937
0.5915607467156356
0.5055225358864688
0.40409417883914894
0.3169606559589928
0.2582719110111068
0.21332550555926758
0.16332790092272564
0.15835885138608363
0.18107334587135812
0.2040752213389406
0.2027807706159731
0.21058026256120072
0.19690049003742585
0.17326247015683527
0.14304157581016003
0.12747634770916622
0.13004297016919902
0.14326275018886336
0.18536572845348634
0.21228364408212302
0.2514046470129729
0.28725581498767505
0.36221559394737746
0.428749482635547
0.4756093540294546
0.499993996848664
0.5419399749236797
0.5894785595044005
0.6251787538284734
0.6406467049348448
0.643370686469468
0.607714794825386
0.5487898674162511
0.45171367801695184
0.3608384778940041
0.2893880008714031
0.27012082903806117
0.24658283026786382
0.2153370025017242
0.16918472401261125
0.1436974049020111
0.1282732708311632
0.12722644877473474
0.1287734128953701
0.13104896696896834
0.1305636049614392
0.131280599034019
0.14035915192948506
0.17029242939326172
0.20116848774110888
0.21584271639212255
0.20804708079239864
0.21529504887698397
0.253062658032566
0.3133389742925702
0.3571402520854342
0.39460613458675864
0.4275382312077901
0.45338153228988964
0.46149944132469556
0.4619295653303374
0.454939040618957
0.4499538470436019
0.4162133035054975
0.36563596437168133
0.34629039788854066
