0.6908121964571144
0.7824732202057716
0.8411078535477066
0.8816558414952018
0.9118312468801136
0.9357280851729529
0.9469172454823854
0.9485774288944377
0.9467947269739257
0.9460335097382732
0.9495007932354482
0.9479472917838936
0.9409225858485403
0.9319563254124467
0.9275861068650313
0.9238509081673352
0.9229158376056122
0.9192122247684029
0.9080428358603699
0.8855692822574431
0.8560964064122547
0.8210182488859571
0.7867025438470903
0.7439475845433293
0.6573935967252643
0.5259378702697908
0.4002809968408374
0.32520233105641516
0.2825004603411756
0.25444304009002594
0.23115783402909607
0.2082679313176535
0.17421574908572252
0.1514517778346931
0.14494008459429725
0.14169253459820982
0.12481824116043612
0.10940117642548759
0.1063703975175583
0.109279137798151
0.10907863909821722
0.10642628876183105
0.10153254386671413
0.09784010500696208
0.09646377571847749
0.0990090389821747
0.09895978135206189
0.09271348676127386
0.08845644539957893
0.09835562414075295
0.11131686777450037
0.11921813769699022
0.11807165489160146
0.11897518881667682
0.11465114281862682
0.10511083679607128
0.09556527770018577
0.08929788233328184
0.09321768908410427
0.09035822447605707
0.08843991781099447
0.08243247916175042
0.08277798773259601
0.0731898709391244
0.07163718560444474
0.07546369850032603
0.07534843078642528
0.07527633249368457
0.08402583274004263
0.0932035127222485
0.0926125848949715
0.09097648019275868
0.10305640041843257
0.10684706807326369
0.11106286011831384
0.1052729791405719
0.10001353618025896
0.10455915703231378
0.1345057206255133
0.1946728697361393
0.25424447418920737
0.3359014809019426
0.4444175174819586
0.5504170573519213
0.6094153892361478
0.6370892102171785
0.6665276647397105
0.7026039727875741
0.7456826376038472
0.7870283931342125
0.8200223740443089
0.8477400265517044
0.870640902557345
0.8896829749777005
0.9001926067493686
0.9073380493064483
0.9140495873357973
0.9253231377859052
0.9259728327848302
0.9295588813663739
0.9335193290910677
0.9422898039349183
0.9396978439970591
0.9428077319121696
0.9442060001429737
0.9480289340339647
0.9454003211648099
0.9483511077721057
0.9485083642531505
0.9517180485375162
0.9468579596972567
0.942302580793596
0.9333032248201891
0.9280221997359864
0.9196617735417677
0.9030007441770489
0.8776049055259536
0.8270605229799204
0.7639251482019277
0.6900737007223139
0.6094825423034798
0.5214267431797028
0.4440669928538687
0.3826462915975381
0.327490045527562
0.2906954758806439
0.2727583352513677
0.2656352489229624
0.2445130719344005
0.20024329605294
0.14771491619982186
0.11435195732604486
0.11493167678621254
0.1269388068234857
0.13238285386789972
0.1280363658724199
0.13007415488773114
0.11864768780676285
0.10731547188383984
0.09919283588142826
0.09743571320259885
0.09535855084803611
0.0946615057364526
0.09422591795657
0.08625738652103374
0.08445633506393944
0.08130844292156797
0.07716906967350497
0.07504226413961818
0.0771492719422516
0.07073400089048677
0.06211522319348413
0.059683367082498925
0.06368835807575303
0.060795817931966825
0.05660410743030345
0.057109390336699324
0.05968973560617421
0.06164858204914276
0.05843463940482328
0.056700598302771944
0.059064243758991344
0.0733242611677379
0.07743256874967495
0.08901399103213117
0.0911197330618444
0.10986402771185734
0.12520045287763712
0.15951764750980513
0.18769298886479857
0.22989757435019523
0.2815988065842925
0.3350607969663648
0.38907166516475433
0.4552000928086312
0.535807711180676
0.5880440204771535
0.6199758068188879
0.65218920327274
0.7008246405568662
0.736666708070724
0.7627421312542024
0.7916507061089408
0.8239271968837991
0.848397015370549
0.8686287023600826
0.886372672627556
0.9008196743721018
0.9136920120347478
0.9219254924206638
0.9313934564852491
0.9356370841020853
0.9462280720870894
0.9498902902110559
0.9557422339018781
0.956994605828137
0.9669681530878659
0.9727376695614154
0.9767378863264242
0.974414287033453
0.9741885048014681
0.9733541667706311
0.9717828680184247
0.9689219721635757
0.9654345269170121
0.9631711105838727
0.9626094926144819
0.9641642321964154
0.9651962234771001
0.9661409974501237
0.9692833280493357
0.9697120385277365
0.9605214165531452
0.9390578620199888
0.9113858516969102
0.8831289839622762
0.8627019906892485
0.8362619745067461
0.8014756080786185
0.7458313985006289
0.6381584254319668
0.5090790211784374
0.40900235931015916
0.35270605449032066
0.2931533461074356
0.23626429102984686
0.1982536299381577
0.17492630468648898
0.15958596316492216
0.14976892925616703
0.15294770237702687
0.159414902091679
0.1609061107474533
0.1547422218407512
0.1444794189894687
0.1303492894861965
0.12172908669641606
0.1206856562871989
0.11478852011443676
0.11553268374269329
0.1170586418810268
0.11809506944008874
0.10632067329079954
0.09595830615949973
0.08944926421402567
0.08212339073250864
0.07309743953441403
0.06452675995912419
0.06642409114158247
0.06874409270264685
0.06688817847837887
0.062147399226271965
0.06630108877445347
0.07440245997960171
0.08564244573264562
0.10118812785334214
0.11791365743016363
0.12868030507517472
0.14427731349707484
0.15431986060030478
0.15590380115126756
0.14657005963007552
0.1429779330489168
0.14106157010104348
0.15753968574818286
0.19232586798400245
0.23518526193048012
0.2687498114750355
0.29003720344609724
0.313776548984506
0.3449621723112791
0.380141890385387
0.4201718180250464
0.4614075269708923
0.5047427376470561
0.5514546342484894
0.5924643337913587
0.619889431628044
0.6459655038616943
0.6854778085861643
0.7244216567981765
0.7516449881124927
0.7694772369129477
0.7856426777713756
0.8071614671805323
0.8254206335062837
0.8443846496852339
0.8609462546735511
0.8822480114127534
0.8943556221454594
0.907820349740019
0.9128757267513716
0.918252895425727
0.9162778397326469
0.918456506977327
0.9169713675426503
0.9201436254003778
0.9226765442690286
0.9261248209363228
0.9304858275713386
0.9353328423831806
0.9382439075540723
0.9378759707075504
0.9295899067871589
0.9135058596488521
0.8929323335246905
0.8756156840899054
0.8604805392887855
0.8505133374491612
0.8412643927140563
0.8376424206579919
0.8321637695675694
0.8175775449322803
0.780084226258451
0.7137256902491231
0.625733098753873
0.5449264311301913
0.49212711672932485
0.46033874018281484
0.4315164627903043
0.3903766335951838
0.33077600193366985
0.26869650687919866
0.2249497028837418
0.2021422409202393
0.18392199714782645
0.16137032743233956
0.1363197716563575
0.1219309366749848
0.12152224270017188
0.13551502448714073
0.15004195176111287
0.15109010186233546
0.14163877486730586
0.13578201612091162
0.13145037829001455
0.12025094811237688
0.107588497440401
0.1031839967527913
0.10524701214361926
0.10467117032310277
0.0970895758084493
0.0954684956398564
0.10456147013737468
0.11129469662281591
0.11628189851643009
0.12212995137222758
0.1244296149433774
0.11463814267298932
0.11347009751227585
0.11255705625886547
0.10318218147297523
0.08991785448478444
0.09466670608060096
0.10286564876944393
0.10845966630907865
0.11205927972161137
0.11897673383541084
0.1227545727530234
0.12942391677453624
0.13054676294148831
0.12224263127521226
0.10567734655595225
0.09772814087564513
0.10105957138892871
0.11917616692940453
0.12288009836914618
0.11583307791677072
0.12056658341736624
0.15215936883155443
0.19186406633042796
0.22161494688033828
0.2528400909776095
0.2858121179394362
0.3203832936658696
0.34970502576073076
0.37534736833229043
0.39536210357438767
0.41479537622432827
0.46546845188366337
0.5246276373300562
0.5635085202669592
0.5774604291525129
0.5998478384002252
0.6259201698913898
0.6517031656211596
0.6640503679698098
0.6715152167602121
0.6797674550368036
0.6978231891840752
0.7167230838258837
0.7339737277449165
0.7462574730725585
0.7546409150284885
0.7690235425849186
0.7765975505085243
0.7860035085321333
0.7943646211269574
0.805871849033934
0.8105666723920513
0.8162811438661227
0.8291369276274788
0.8373495569836751
0.8472752324502634
0.8521555048544404
0.8657179389970091
0.8706319124770892
0.8708848205137488
0.8603224875486135
0.8496637491695034
0.837504041786323
0.8247478710170518
0.8188459432978019
0.8124044836840986
0.810405454543627
0.8040538867556986
0.7948535480359855
0.7643287219736257
0.7179301366479868
0.6651481355519988
0.5960809296297422
0.5138404529806663
0.4345138694656622
0.3800543484576411
0.33842309802481296
0.3044834851869964
0.2616778062597174
0.21889236949230673
0.18786400492988656
0.16734196293523784
0.14456476422087974
0.14410959695963094
0.1630437290615463
0.1724726995400173
0.1624686684861417
0.1563547478181065
0.15743637428820512
0.15661837720120947
0.153949011887965
0.15102431199855387
0.15216835961270292
0.14891009219164086
0.14278191032294923
0.13133323409715045
0.12358485465850384
0.11355554556362654
0.10375750789091381
0.10040570482394746
0.10056456659974372
0.10144408948155817
0.0961354749323416
0.0954954459599816
0.09296543016710604
0.09509736041173997
0.09221607620613143
0.08539012485765639
0.07820252057477357
0.07350099624442118
0.0801915587678112
0.08000975230805743
0.07451999042224254
0.062484386954514616
0.060007515490366314
0.06163925953477476
0.0666109414322346
0.07122875748069094
0.0683528549790674
0.06472603455526439
0.06004792205327095
0.060216621857314315
0.055926072398963834
0.053397713625961435
0.056289843089310385
0.06194476072451964
0.06689885986356137
0.060747176912757446
0.06239288070849516
0.07846256782017105
0.12461243149170548
0.2076875160335254
0.30836938472876385
0.3848593811033353
0.4226274329351602
0.45461810285669535
0.4827970429469195
0.5027340250983603
0.5271938938950446
0.5551223160908025
0.5819165116768061
0.607160252075162
0.6337045306343403
0.6561296168032225
0.6733635678688316
0.6835165893687711
0.6903215480290791
0.7025352941045744
0.7202151631575622
0.7361964400560569
0.7513370223789301
0.7578256199254771
0.7614093731856026
0.7626147118291222
0.7709569895773973
0.7752084424158201
0.7827887437056902
0.7870430881863257
0.7892854975194157
0.7866119901542137
0.7872093192958026
0.7895163159715264
0.7911876361020986
0.7968962799935976
0.7971792352194649
0.7986221828209427
0.7961335696263447
0.7865351887449136
0.7612446493109353
0.7332595308687443
0.712870515625551
0.6990999843257487
0.6878284198850217
0.6780162280388148
0.6685079129032334
0.661575253868967
0.6481213452993904
0.6017404440705814
0.536717401492188
0.4744784537359712
0.43575981663770874
0.4033431085794248
0.3726124561647119
0.33451557933526366
0.3011166676070369
0.2702182098152354
0.23563837928225248
0.20555650161015687
0.1845700958229017
0.17343519853648373
0.1560718832556996
0.14408563225979995
0.12849266295194647
0.12447099575819558
0.11662475440477067
0.11628745636308005
0.11991400450062242
0.12625456129645285
0.1263890472838901
0.1249285060315935
0.12556761490453774
0.13097415978468094
0.1276097776914174
0.1181649986897397
0.11182171281075876
0.10504196138004118
0.09741678633830925
0.08842879239042897
0.08879882138407387
0.08720348058880012
0.08803181633056258
0.08258483355032015
0.07415629206369312
0.06546668830964024
0.05611326802207354
0.0522293104230949
0.05239240680098044
0.05105053108228835
0.04379483595966822
0.04241168257892347
0.047904354623527615
0.054421428627856386
0.0508639407249996
0.04675734493560217
0.04886673898880184
0.04878200708932228
0.04585415444218192
0.038974857499877946
0.044671229866403844
0.04878414686607961
0.05493157540014296
0.051027416080587265
0.04544533056160871
0.03855900235471695
0.04079471887029106
0.0467018630861965
0.05405750821365886
0.06251778579277978
0.06113724981665314
0.05629532683233849
0.05749057607029977
0.06474426335054909
0.06475876771755676
0.07111919000180282
0.085228506927684
0.10917849543923097
0.1417829996706311
0.17546189335687962
0.2190919458141224
0.2725799080158942
0.33665822215677366
0.40291159583427943
0.4642412961974765
0.5002991057073359
0.5171716495221407
0.5336222154466002
0.5621387008583916
0.5965963770179032
0.6325665068038548
0.6540148546482132
0.6726178009009433
0.6887950764424303
0.7039808096696293
0.715856957710854
0.7348207503425951
0.7586651059546397
0.7775793927751826
0.7892329576294683
0.7991439755384837
0.8109759919802879
0.8198809253504844
0.8247779235227516
0.8268723806422181
0.825865561420898
0.8183739869450979
0.8111863210749364
0.8054346326449013
0.8055549041717103
0.808359897092155
0.8106746734778195
0.8073738221470169
0.8022485797952902
0.7973369164188808
0.7899920878558543
0.7793707367065994
0.7682027107124124
0.7575349059852095
0.7394203485627817
0.7117766542484218
0.6727188947007832
0.6216046772463291
0.5585558504066347
0.4831957394052002
0.406309217873121
0.34604604635384756
0.3061962362351377
0.2660595552039329
0.23179595804343525
0.20107672299590595
0.17085590088386188
0.13800060194608757
0.11460222578482193
0.09439216567479988
0.07535501726583572
0.06323205011633239
0.06524612090046081
0.07210740582930451
0.08377143733454884
0.09933701496418279
0.11777899497025604
0.11765361214313902
0.11275068186031484
0.10472482270460895
0.09975161045167233
0.09462315522846632
0.09490650664542041
0.09468321045716938
0.09192993232575897
0.08968507307493846
0.08312308549584703
0.07778298909649124
0.07409912705374683
0.07447802945619378
0.07397463428973225
0.07331301117245421
0.07278901886728929
0.07067677046478764
0.06937210137990224
0.0667376440205085
0.0646272128936794
0.05931798414458578
0.05798820736327402
0.062217948919551715
0.06822947425252042
0.07121848861793421
0.06759962289956434
0.061506566153392804
0.05116146392779542
0.0438454824103911
0.04113605171183941
0.038548562295347574
0.04128655847584734
0.037986734827282195
0.04279912150137988
0.03976592431451545
0.03537585143533766
0.03099735039699971
0.030485171213985248
0.0331559871020428
0.030022627924505774
0.033794271653757965
0.03648568889457439
0.034646386051121886
0.03559647987235445
0.038128634528477354
0.04598180205054653
0.04411877736122918
0.043057044606369325
0.04989016043015223
0.05911433175855839
0.06568852622458542
0.07271920830615496
0.08350843955440225
0.08851646420634766
0.09881447069126939
0.11676970767285183
0.13954195072178643
0.14348927086775798
0.1447105195435967
0.147420650769026
0.16062073757818301
0.17417013465186648
0.1951635577709708
0.22324954299625532
0.2522127781930205
0.2823078747453277
0.3180050042242287
0.36869574333272354
0.40255754022878054
0.4305993345640664
0.4499635743233735
0.48431145928390684
0.5075696033053924
0.5312066993887293
0.5540089514917033
0.5741246221448647
0.5930095432501951
0.6097027394887213
0.6275696598978677
0.6417353638839682
0.654951627515685
0.6621204475075226
0.6675516658853031
0.678940323259509
0.6918064931202574
0.6969305878124487
0.7001571846655014
0.7003231717916147
0.7000228229214824
0.696750090904293
0.6929066351257653
0.6879402019354529
0.6860532539770617
0.6836640169071045
0.6727228323630496
0.6283549968626803
0.541934150058428
0.44653904807156053
0.37987707528070963
0.3346378587899844
0.30158513268705633
0.27733903446517116
0.25839487030439817
0.2300198224162454
0.19857288227190528
0.16843334747335303
0.14893270164944625
0.13957454842245096
0.13342729393106084
0.12931469581976424
0.12191636020782096
0.11900201023530349
0.12048762133391548
0.1327216871595087
0.1399443507060605
0.1363649439539368
0.12945741694181184
0.12991864117383745
0.12772901937257009
0.11374000363661463
0.09919560331927335
0.09431205342812177
0.09264976420574669
0.0899208895006787
0.08507573407190577
0.07706883401124487
0.07002674524992769
0.0668027847112449
0.062357368070887424
0.058758294587188335
0.05481655433454566
0.04777503871595733
0.044616498503176366
0.040004512856043985
0.036561691227950256
0.03108264025105669
0.03606770644767629
0.034818527843523364
0.029562767531414222
0.022930535823966345
0.022680872453611778
0.02834505934062428
0.028700376770584853
0.02946748672194556
0.028578349368156872
0.03005151085387508
0.02515471376074967
0.028543916077239332
0.03306244966980691
0.041816906148093025
0.029277011702547637
0.02203913226196615
0.009324143931588843
0.008319897414646185
0.0035672702353831353
0.011493406654992894
0.016694441454589624
0.017127063622046683
0.01485659695853431
0.008255345467716911
0.0074694134090989225
0.013187928133106708
0.02783062551983049
0.03304254286880387
0.028649665599410318
0.02216841292250552
0.02251474868068359
0.01852756653339549
0.017189750352202392
0.016381619783270303
0.022345577041992838
0.02868954886731063
0.046355230725223934
0.07178733706647153
0.08395318321417031
0.08965097867989896
0.09700938233218327
0.112953256180792
0.12500720529024775
0.14441493811865466
0.16475917381830418
0.18574159750816274
0.213001162393207
0.25245031400824935
0.2916517837871502
0.3270533750021016
0.3656095150084926
0.4165538685000023
0.4882447979144341
0.542281943417724
0.5751662642677197
0.5905125538930006
0.621478867489532
0.6438352233784828
0.6716780229628514
0.6984758967290808
0.7334860649337479
0.7616444115575585
0.7985101429469424
0.8297175848358935
0.852436050676335
0.8616138877463617
0.8665305436524819
0.8661734699058595
0.8703361806380812
0.8813390454738221
0.8927681264065825
0.89979936799969
0.9070898548122956
0.9188023695041266
0.9245080641348871
0.9253802843802152
0.9256375451193468
0.9281505201737065
0.9288854449488309
0.9269508401211999
0.9213063103190445
0.9090785313049146
0.8948598682982307
0.8829675922105971
0.8759219721413725
0.8726901349772411
0.8674418850758038
0.8520016230760727
0.8217610047721635
0.7834432157746063
0.7501917591191647
0.7246365267923509
0.690805802555776
0.626586209069558
0.5450819575393213
0.47280676308568004
0.4244177568593504
0.37960763052043756
0.32954937415584257
0.28126038830399797
0.2432699156148252
0.2193604610924988
0.2090326778248618
0.20066665784955606
0.1919959406433577
0.18377129825918503
0.17822987189977682
0.1664347384516361
0.1547823276396355
0.14641301170796112
0.14580262320594545
0.14531127571109378
0.14887728308880893
0.15663045988321664
0.16729670815026332
0.16596517624730403
0.16652022540747916
0.16640496551744424
0.16002785955660742
0.14828544899617854
0.14532787444767253
0.14414831921418686
0.138410916186598
0.13651455080028435
0.13423855962162523
0.13091923030707175
0.12660785051265383
0.12387824347252162
0.11807021281509929
0.11924019902984119
0.11935888495124887
0.11846933332608196
0.12365399192724467
0.12989935643117467
0.12835578377565138
0.1242409239995664
0.12145825744642386
0.11299690163079001
0.10846655733225266
0.11274538297856773
0.12090854601427138
0.12318828870232426
0.12513617553658457
0.1286615307128985
0.13539167477538772
0.1371811092084545
0.13698857299380934
0.1361526485952422
0.13915852410489782
0.14329392669659058
0.1512906937049489
0.1564877397237429
0.1640975097387503
0.16654534683852845
0.16466457779110222
0.15785817676230507
0.16643816230100067
0.18463490392738932
0.20336286184553273
0.21966005231860836
0.2403067864632477
0.25744474599464806
0.2698092597713869
0.3078355299691218
0.3678534683412199
0.4325551899235819
0.4698897121825588
0.5053487986507569
0.5258370638472982
0.5395226042508963
0.5444300986883261
0.5607857754329479
0.5743343325760575
0.5868183632198631
0.6065375220226339
0.6330652853103673
0.6532990549787943
0.6731636980218829
0.6912584891306455
0.7106596995950644
0.7186716538646604
0.7276887456608284
0.7369992002940506
0.7491141130966201
0.7592695188537996
0.769704378095628
0.7825860833760748
0.7936804083616243
0.8016083356714158
0.80522887125848
0.8072811666561488
0.8103435218640174
0.8128395327477941
0.8166539103383155
0.8180038583271834
0.8164766280396603
0.8141730474593324
0.8143612137632517
0.8133389148330251
0.8092533766449426
0.8047779349016292
0.7943486028388484
0.7749698707449711
0.7408029913415837
0.7106666462600637
0.6905471313784337
0.6555642857801367
0.5989092083954228
0.5306740122663107
0.45265439448059264
0.3690467368540692
0.3051504154502783
0.2734419181858724
0.25999258459944397
0.2562647165502788
0.25317968433956517
0.23780768082245288
0.21926754730263265
0.19599445874288468
0.18119007975987036
0.16582296961917536
0.1587034852061382
0.14851982914179904
0.1434542840258483
0.13648873510270845
0.13699616853073257
0.13549544397362798
0.1366906964659061
0.13360620136574017
0.12475144456651416
0.11409672218431739
0.1141902461276072
0.11893613710339102
0.11658095357968683
0.11521739802515474
0.11150036257435278
0.11047646695033972
0.09704296625943826
0.09866849395445815
0.09679748664905263
0.1064324840452634
0.10269858073401314
0.10621837090579209
0.10676862097689138
0.10631985733287791
0.10583919933092278
0.10792719200867534
0.10925468991081357
0.10617850488692607
0.10316642699633397
0.09967426109538945
0.09372250543869205
0.08638731427670834
0.08201646663220896
0.08100604479406799
0.08149681890063033
0.08060451781968703
0.08443453317530114
0.08561846003208579
0.0837631064538744
0.07885094186654243
0.07480937157353053
0.06697669737699884
0.06467784830955142
0.06978587140797593
0.07294902524568403
0.07226041148427638
0.06121198463942973
0.052987923181883924
0.05336059181065107
0.058031044570290014
0.054124607274023066
0.04443508195756975
0.04068219542647507
0.040793089989110756
0.05359191170708894
0.07536920909169459
0.09521665493185322
0.10975669807941893
0.11444752731052038
0.11582323266194143
0.11512916826489664
0.11888607460530787
0.1293258185436936
0.14280726640672387
0.16236818634351602
0.1823411680476352
0.2104418328995048
0.24157685211730476
0.2777874329848691
0.3126471090658812
0.34035551594331886
0.3737858419507088
0.414391605166863
0.45909315185100835
0.4927378280769411
0.5220507253745855
0.5540251513144067
0.5823444864099871
0.6108355647775998
0.6285162229958533
0.6496748327749438
0.6734954090436969
0.7023262189835612
0.7297437139662782
0.7628812864704589
0.794861291555087
0.8199287099681577
0.8392490703045492
0.8602297758854278
0.8741497357101334
0.88960352201221
0.9036109779821413
0.9226885210044001
0.934858616578037
0.9447161429127052
0.9497404988440799
0.9533801918615918
0.956743439851639
0.9618579053955453
0.9703021793451587
0.9730283243879857
0.9738017895325666
0.9686268608640767
0.9644039131019171
0.9652928631446552
0.9693667320227503
0.9706729315393084
0.9701161696655132
0.9699894405195894
0.9709869608171035
0.9725881731268603
0.9751911449554318
0.9746406350899033
0.9765343906359524
0.977957692722054
0.9749288108383325
0.9687347761447889
0.9648254025737856
0.9595634273248099
0.9471895390945708
0.9336749172644052
0.9303597355829194
0.920226190296756
0.8918403269815187
0.8372760704682032
0.7817563077834832
0.7196388486742697
0.6706014599049057
0.6202848557377174
0.5616968634312459
0.47341088280404225
0.3773178444538259
0.3125884188232114
0.28799034567949644
0.2997121440270234
0.3042583826301608
0.2890037345542022
0.24503886332430636
0.2174957755740611
0.2075889912919024
0.2028922129198481
0.19488669041941434
0.19153719997249938
0.19291962012522967
0.1941708863953085
0.19700854580990232
0.2065664329666058
0.2063853696837291
0.1994734057182324
0.18373364213278712
0.17763156125180593
0.17112983600638842
0.17600325574586295
0.17349092652392623
0.1719676522881401
0.17188785579149185
0.17816031332797228
0.18141298216169977
0.18329696773100973
0.1867662023460988
0.18567435682176295
0.19173713534357842
0.20042720166572292
0.21277539999266656
0.21452607530230264
0.206626734042755
0.19616715514935978
0.19548324203303524
0.20978488810104426
0.23030359789158492
0.26277533353424654
0.3078959599914225
0.3502227273444711
0.3872565014178324
0.4394421473807539
0.5194023489695857
0.5856875566420107
0.6311911802341628
0.6627088516995954
0.69885809028565
0.7292822987857484
0.7536292663170302
0.7691522009397379
0.7864573095364737
0.8111662051513995
0.8380734381337528
0.8622485130510096
0.8808744595465575
0.8930719572659315
0.9038037731081887
0.9099872863066246
0.9176296576849355
0.9220569438935766
0.9278394792049239
0.9264304950234361
0.9246830598140829
0.9255311209743486
0.9282124324269059
0.9303430939683187
0.93231851906733
0.9322796628462182
0.9287727016818763
0.9300087766175877
0.9362729858696645
0.9409367962926777
0.9400947385314431
0.9401634370739013
0.9408777432012718
0.9448484795120848
0.945668149148077
0.945857463267442
0.9447822657916768
0.9450271826521202
0.9469991860675415
0.9490166687246806
0.9474366933661846
0.9497077172981018
0.9568090298679732
0.9625299760474598
0.9660974723088867
0.9673834209073713
0.9675291977282753
0.9608378209039445
0.9551402063629624
0.9449346447229341
0.9369242687141484
0.9269821825615522
0.9173051854116938
0.9074279246433905
0.8970097346696846
0.8859530446175429
0.8769880929457815
0.863598939658363
0.8408513003623994
0.8029491287687628
0.7516206637986138
0.6991779258727002
0.6601181298785546
0.6100733142277361
0.5391933580191699
0.47314712770335343
0.4166316455675661
0.35807843444200393
0.3025093027092113
0.2635524869466238
0.23083986956123503
0.20897266902533518
0.1873280514296502
0.17488003205731456
0.16277328604386773
0.152803755657838
0.1472140208487986
0.1516599473485896
0.1597918682413399
0.16546193388401742
0.1799431056506365
0.18681434605427194
0.18727020095501093
0.17756566127459955
0.16800685252825132
0.15651948115026354
0.14740927345614163
0.14585127410857723
0.14519581669455273
0.14585252793196085
0.1443266902144647
0.14385521435037324
0.1353450018231987
0.13186756690424384
0.12726931199032387
0.12330188393988677
0.1234900966292564
0.13102651026520545
0.13372412963411673
0.1312012806189409
0.1241663029853263
0.1161018568931203
0.1075812937813421
0.10971855612953754
0.11430647591087548
0.12185460790928723
0.13583517738319398
0.15620075882394216
0.16505513488699008
0.1644523143703422
0.16607049172320698
0.16976069514649436
0.16378615343592387
0.16945851294894454
0.18858799267425969
0.22197609424160558
0.2502033152192412
0.2791130838493983
0.3114370986183345
0.3467123284845511
0.39215607842617767
0.4438469025652968
0.49285112061198083
0.5195120259249365
0.5315597070679576
0.549458460114417
0.5728209067146063
0.6111971355845539
0.6457369539878541
0.6757425449545902
0.6840948451501991
0.696962142271243
0.7145106117510323
0.7308411392658893
0.7357450783705433
0.7459644691919175
0.7654019198967105
0.7861863298367493
0.8059262912244529
0.8252328193281535
0.8453340919744328
0.860964496781046
0.8725298054078452
0.8752579235956469
0.8825946736592898
0.8886643494031372
0.8962968129664758
0.8999742632231318
0.9081603333859944
0.9109588974711065
0.9108755190247364
0.9139767755160396
0.9222134332713723
0.9308439413126832
0.9340502909219381
0.9371028372327472
0.9380978059240184
0.9418920042242388
0.9433977835719406
0.9447532802690408
0.9429004275613928
0.9420470803266672
0.9391952707083431
0.9398225206919149
0.940792740637721
0.9440077660959079
0.9462008281442839
0.9481125120901677
0.9515282028845929
0.9543183721661863
0.957944552323829
0.9597068514236303
0.9637812525237338
0.961551762004887
0.9598085805531373
0.9561655232051347
0.9518380790574437
0.9446644648883895
0.943337176775428
0.9472957649631688
0.9527427975609088
0.9586620612413553
0.96350610222254
0.9593924658674531
0.9459628044026179
0.9300678625491174
0.9143030494630484
0.8966880456976256
0.8739486873308593
0.8514636971527314
0.8157155661954288
0.7580023452534483
0.6575734042333194
0.5515939894950244
0.46773775216934543
0.41046910794749414
0.3639818008930592
0.31632834533696524
0.2679057442252338
0.2273762351276324
0.2004544968551321
0.1823938884052477
0.17588975340501167
0.1849715683549773
0.18793331761424642
0.18451422176287774
0.18028175201590996
0.17513150469683816
0.16890245046022948
0.16735576641457317
0.16238219583502164
0.1530466573101023
0.14638501353868028
0.1476345820937916
0.14629012761834786
0.1447427784098954
0.1451594455999564
0.14266513462773656
0.1329436685111609
0.12686427098291714
0.12780610499066064
0.1283231546788045
0.12673484216463976
0.12727262741150266
0.12798166003816153
0.1260775403807108
0.12375690288081757
0.12053522528818644
0.1167484658434592
0.1158536655946357
0.11844557728801974
0.1200291918877372
0.12005555086469663
0.11696727426281321
0.11703863231835149
0.11710300992950526
0.11776308847368772
0.11589131498362393
0.11795616967766312
0.11741483639358438
0.1195450934850813
0.12002972552065426
0.12363459381066308
0.12454207638557593
0.13126604421330107
0.13518638195250182
0.13714792302249532
0.13745204958016494
0.14294430851333317
0.15068901137966745
0.15828989675325952
0.16270127842623766
0.15135881381769364
0.12333037118663982
0.1030819716596774
0.10889998050148667
0.13087676753016664
0.15262284376703555
0.16314610400600324
0.16830416185745922
0.1773937289695879
0.19516643653532817
0.2136234666671771
0.24593620389473073
0.2923146756524037
0.3466523448173784
0.3970570888185595
0.4597123527993256
0.520636551194704
0.571570889841251
0.6022516097592394
0.6340127713669573
0.6694404252396331
0.6991516906766262
0.7261156287294903
0.7633252151280914
0.8156302751007888
0.8637382041494868
0.8950524918403213
0.9135346641343471
0.9253676322984504
0.9339571587258289
0.9361631345787518
0.9390277733906592
0.9439460430037155
0.9492221790347295
0.956439445185827
0.9659870786794834
0.9753816921079196
0.9827178397194765
0.9876331146975366
0.9898307811147712
0.9905444284987404
0.9918602330342805
0.9905154107506491
0.9924902322897228
0.9943077283182236
0.9988800474726429
0.9951011132069622
0.9908972240600477
0.984245144167255
0.9856861776875032
0.9889993773534291
0.9918315002715299
0.9879210578587487
0.9820079948148566
0.9743526163861989
0.9679192005628959
0.9567125951955312
0.9425828879100014
0.9171095627216687
0.8962366990853583
0.883438376222575
0.8645650772306405
0.8041022645909266
0.7054841422458026
0.6094474377556071
0.5493398310519464
0.5053028882442023
0.461814040634016
0.41304690807883915
0.372539994984747
0.33667279527155786
0.3010206122679677
0.2551469514656957
0.2132639116383783
0.1926789425289864
0.1859808645626551
0.17266372428953408
0.15565621540961175
0.14256847888477764
0.13433290697088374
0.12767559356044764
0.13022511645848633
0.13516125809400148
0.1267019986219551
0.11773114579166388
0.12187231531351078
0.12813086150398667
0.1224961360281053
0.11543083662049647
0.12267886059198246
0.12715671843720544
0.12200323597273739
0.11406610689821292
0.11158606783760332
0.10743036106224578
0.09501208805887486
0.08890644517219154
0.08721644307701518
0.08520097745144639
0.0817320580084823
0.08019607703100404
0.08194274575430185
0.07494579548360021
0.07091757021451467
0.05997929029742616
0.053001527787593386
0.04574856187002095
0.03831030731992803
0.030761996858735405
0.029100557424886805
0.03164867433573578
0.02932553266844694
0.032548419396746936
0.036424785806361853
0.046548109535096666
0.039605292776868285
0.039981047926565594
0.04111072080922918
0.0496454287493897
0.04795840565946305
0.044327178791825295
0.04450687191888471
0.04657996572457131
0.05583838534385801
0.049305245061345496
0.045361618301255145
0.04359659420117778
0.04652912474182573
0.0487103005304807
0.05048702032914658
0.05541870184350816
0.05812548341838264
0.06138705536698332
0.05775926361747353
0.05884714710120216
0.05667177420282106
0.05203607629311569
0.053886058181446775
0.06155136734281988
0.06727805722422539
0.07390817105449848
0.08167844863053936
0.09037373805573504
0.10485904982083682
0.1263493989485414
0.14771012599803388
0.17034443454152057
0.19531718252190494
0.23162332498967747
0.258029105249035
0.28048969282133773
0.3126409226823245
0.35886103874109454
0.39908219898728914
0.438698795122846
0.493660512218934
0.559910612997789
0.6120596077542555
0.634421735403474
0.6425960177504445
0.6632151168700713
0.6931018694141293
0.7241255016906133
0.7485319748393884
0.7651083602254531
0.7849219853957592
0.8078129370167287
0.8214969970511348
0.8336656828883687
0.8487277444340865
0.866541839368907
0.8853048765894986
0.9020636498183743
0.9122477994496212
0.916729235055659
0.9256950170276751
0.9362830457791758
0.9509058595585609
0.9615473247405478
0.968125837107292
0.9674761178473583
0.968467324738704
0.96846940425099
0.9697430407596701
0.97047057046694
0.9707010630310161
0.9669633237224415
0.9675642419318535
0.9674484296087358
0.9685964776777429
0.9655506021252226
0.9622007841120144
0.9546982360347631
0.9498450848146109
0.9517710870806886
0.9531805326046755
0.9530846324512594
0.9487858583193767
0.9436916841073663
0.9369369768893518
0.9337239259010158
0.9279432997629393
0.9222160821463092
0.9099683325674087
0.8906757252728567
0.8600538186558282
0.833110973738927
0.8182035608513837
0.8104754957030603
0.806664872152412
0.7955663006664977
0.777237368104039
0.7480381373651432
0.7129449839003212
0.6819365632586089
0.6653290269353895
0.6512834593349672
0.6144171400291468
0.5344787117203764
0.44294405655723024
0.36026698373969834
0.3026027153188059
0.25738381729505716
0.2319327976903718
0.20817609084044927
0.17758413448075952
0.15719830903007287
0.14055002028475927
0.12456458570954763
0.10534337491789975
0.10291571762006284
0.09670621505547558
0.09883580894876168
0.0971789895040121
0.08273862965535984
0.055537844627032464
0.045304213838610274
0.05312757874391347
0.05284740219467398
0.04645488804479893
0.039843015262895146
0.04028554685060108
0.0362292238245556
0.03299538010718238
0.03259606941683353
0.029627634287174073
0.02272818774607297
0.018948304393026905
0.020577932577655916
0.016363043477378048
0.012399434375929295
0.011116938929167703
0.016191817606723374
0.01759342363653207
0.018852261404428205
0.01975095401577478
0.021595257353570277
0.023355017224720907
0.024471835225400855
0.026037098521302857
0.02825774384008145
0.0291854843141491
0.02732475608706176
0.024624703730380365
0.024280653415418428
0.030991020742724598
0.03310268624891606
0.038834198701141374
0.032332977878580554
0.03193072913860655
0.03201822219957632
0.04834328969624699
0.057411757738187116
0.06359993510959336
0.07287357870949927
0.09508422504300074
0.12400428927719745
0.13910239724179269
0.15005207820553437
0.16414856759860624
0.18681534365231567
0.20488100937499013
0.22851146771128378
0.2642034609989373
0.30413947500566496
0.3494094360392038
0.4119510811946156
0.4803169584547339
0.5351417316944929
0.5663941019582182
0.5945198503974111
0.6312827183143377
0.6797061801037765
0.7080240667522781
0.7175233419037405
0.7195792383889623
0.7270658663486397
0.7311665810638224
0.7426189964357285
0.7611881226057116
0.7806434151581227
0.7976810297505517
0.8119082357996067
0.8235451910420729
0.8339654791136578
0.8435947203152258
0.8536163474990858
0.8654884588515919
0.8794402181225932
0.8895546905102971
0.8960429307329529
0.9069245419036485
0.9146142096272228
0.9150945955505818
0.9113406129967279
0.9148309544421542
0.9175025234992055
0.9205304104343375
0.925615932373653
0.9274816751512204
0.9249283436530052
0.9231106310553829
0.922468198473965
0.9189855596366611
0.9132059669260274
0.909863027320969
0.9059724769061357
0.9078642776089547
0.9092752493577638
0.9077877617635742
0.9021750634122833
0.8993794456477816
0.9000519142904055
0.8992046783802629
0.8903199071846056
0.8811400641669827
0.8667227266589983
0.8355587306604447
0.7721200899220803
0.7014906346894489
0.6394831922800228
0.5812784480873763
0.507790313356749
0.43022699974659956
0.35928932240531253
0.3053253309011375
0.26059665464248055
0.22501175958559463
0.1993116444737785
0.17958773851730356
0.15628410763124445
0.13976736283065533
0.13780261228388324
0.1318232360265656
0.12265520640384206
0.11241352012304429
0.08915612307456398
