0.395604395604398
0.2914979757085044
0.3956043956043974
0.2914979757085044
0.4755244755244782
0.7252747252747268
0.32432432432432756
0.3589743589743601
0.10256410256410502
0.2914979757085052
0.2914979757085035
1.0
0.08026755852843064
0.43438914027149605
0.7252747252747268
0.03846153846154239
0.29149797570850183
0.3956043956044005
0.29149797570850183
0.6153846153846174
0.08026755852843183
0.47552447552447596
0.20262664165103395
0.358974358974362
0.3243243243243257
0.23076923076923725
0.2603550295857973
0.2603550295858038
0.2914979757085052
0.3956043956043925
0.20262664165103395
0.475524475524485
0.23076923076923112
0.2914979757085052
0.2603550295857973
0.9230769230769353
0.0
0.23076923076923725
0.5657568238213345
0.35897435897436575
0.3243243243243257
0.15026833631484754
0.2914979757085052
0.35897435897436575
0.23076923076923112
0.35897435897435825
0.35897435897436575
