1.6630674652255162
-6.618481885477331
-8.236335526834058
-6.980532970644523
-5.648923160399412
-6.329962174278542
-7.001450486735314
-5.293656010805053
-1.15151210386122
0.5447986690661365
-0.16106258523364508
0.3232896883428974
0.35969556007212555
0.44381617204307455
4.877090949365017
12.557359104198806
13.001113416100335
9.260469525707535
4.17736846165596
1.6903402887221746
-1.1710095902516306
-1.034338542222172
0.19929378175817197
0.4757002331965344
0.921129606820488
-0.6123626890710089
-0.2565099643979752
0.2973698401636549
1.331610761623663
0.7230393622068054
0.7035001416384293
0.4642129037310124
-0.2588276001074972
-2.7482204356518207
-3.6036381947658565
-5.571083848682893
-8.221614898642567
-9.435433503242827
-7.76680168306991
-5.700265260718067
-4.546670880759495
-1.7842320535793208
-0.43456653622040614
-0.5495727095157197
-1.1138781004753404
-0.503689569489886
0.3255843435379132
0.5707452070118871
0.4249804005968491
0.5597131897581514
-0.3069920576636062
7.99803153383103
13.3361136417158
13.540502496338515
7.144623696285814
5.3168719886498526
2.8098923340859105
1.3044547018597787
0.5094653146466761
0.7007808593913458
-1.3735169624669163
-0.2950929592291895
-0.43896455623401764
1.8154507545658058
0.36633879098075894
0.8707339624302866
0.2760184294636324
-0.20444857298476854
-1.8538117470417688
-4.214248647007921
-6.44603287005449
-9.58230118599772
-10.499621060491569
-10.249985583687126
-6.25430751002137
-2.9473815970530874
0.012691981646231521
-0.025218494095056533
0.19068602734851348
0.4448773161459783
-0.4577381196094057
-0.9918583232612763
-0.8920546102218391
-0.035986527663531755
0.3949711297270697
0.12703138212746812
0.1452329403169404
0.34386080309015893
6.74849509937602
12.628372271044025
13.055451583401743
7.656357003698614
3.283843267590945
0.9518308552792221
-0.2924305817673261
-0.32264143689293984
-0.10262526446604561
0.7168903995064361
1.2937093837569076
0.8993702206299036
1.0038254390820458
1.1389646890170408
1.0466741965448798
0.5764809143072622
0.6307868185290033
-3.731778500186781
-5.737697345228403
-6.817981501586525
-6.672302390620792
-9.152588577089078
-8.261326950307003
-5.609631200831539
-3.040970753779115
-0.662237921197733
0.41981607296811035
0.5876804145182047
0.12191299915796887
-0.2623335788637251
-0.25678363084834377
-0.35626457939553535
0.08635394920229747
0.2872142358948994
-0.5984473963807638
1.0819526541075513
10.60156268971431
14.81650518285656
11.66509277367843
4.043659540674377
2.2362781963724734
0.1316835909444696
0.8616718843648031
0.6714209331048472
0.8465794480436569
-0.5449504278362679
0.03108312791653367
0.3108158827289509
0.8066449945367344
0.22517136191229006
1.0164816014145797
0.6858735840748722
-0.58169347338199
-3.495025068297798
-6.132059710032844
-8.030849881424679
-6.01957995708663
-6.154931804812506
-5.843223544043343
-6.355188587089777
-4.702150886465703
-2.4511795749095366
0.1744728270267732
0.7760293001516496
-0.25293796860096307
-0.45154911099716916
0.0033353254507345726
0.15744877068558094
-0.10692292899188476
-0.5775776937266339
0.4210942614196615
-0.6945871270937232
4.209963749568568
11.825347499925856
15.057124872707718
9.781269422394558
4.298941141214409
4.237822661761427
2.0920008892799467
-0.2813696009241153
-2.64994863387549
0.1430259696912089
-1.2275731931196443
-0.38864194846644967
1.0617455017397341
2.410485594084319
0.8795751481608969
1.5624116941842288
2.31541822815229
0.004498773982648545
-2.995676447716515
-7.966217317950652
-9.626410556082957
-9.11502763192018
-8.277569890904644
-7.829379460740756
-4.390103415415027
-1.1082059002420248
-0.6900356587015946
-1.6496530695207885
-0.5946574972068196
0.18556976168376743
0.08612887961697703
-0.7322878074553533
-0.5218520284643735
0.01969498951943753
0.9205006185294261
8.973891477268923
13.885100578673892
12.905542128979818
7.559190961560844
4.376219153499887
0.8701744704197187
-0.750021783365205
0.12847785122313038
-0.040567678527980856
-0.021805893924278306
-0.15175367396177958
-0.2419787475796573
0.2837453737208683
0.6026347028484812
0.28499104054451874
0.1690316851486135
-0.10008035001317897
-0.8904717444126414
-4.683483102845995
-6.518971552161013
-8.842744139103234
-7.8316683854805405
-10.406533851433258
-7.425827790912348
-2.1940548615291324
2.72768021051743
0.39802751761403826
-1.7463878427195183
-0.4024834430758129
0.15071997614876706
-0.5580129401162948
-1.2719652521169393
-0.19834386620865854
-0.20781274558874302
0.2836251499699587
0.4844279061403691
5.665714241719962
13.676116594640014
14.731349996341121
9.09867663980433
3.577757921744282
2.421504938201406
2.773171912403277
0.5468778962076313
-0.8850066303430202
-2.0086794178087257
-0.4201219605353194
-0.9782014821009922
-0.7051209381448434
1.6023261057556883
1.02812284115705
0.7675030983621474
-0.1447666512658424
0.642480499029643
-4.397591862875981
-6.702656437905498
-4.638232684936571
-2.583727600122983
-6.572199845960359
-8.556836604944948
-6.632144086271061
-3.67395787720253
-1.3147249846158973
-0.5032584527412316
-0.9147552191876994
-1.448120510838409
-0.281007252475287
-0.7474372955451069
-0.3475561884312915
-0.9574012938942015
0.6844668443883608
0.23420836697431058
1.505878337549661
0.5932395417177782
1.1130302613141458
9.304659782857753
14.728477930299729
13.13651909381665
5.89917613165266
5.183486943594174
1.8751912543698213
-1.0515974505695422
-1.728016240305403
-0.5933821544800043
0.13871194236239553
0.4827354542951329
0.918360743911265
0.801961423834699
0.25615758287125123
-0.9399263937861424
-2.1029217139099186
-3.6722060563899124
-5.374991724670638
-6.75529736329145
-7.971081450372756
-7.828435654646929
-7.482668434073242
-6.2017215346726315
-3.5351799466441585
-0.8602533434473623
0.9193110366556758
-0.4473307092959005
-0.8349805015046201
-1.3170174362829254
-0.02196989937520496
-0.3941301830841798
-0.06908547272623602
-0.16435354920275067
-0.13072459982086815
0.004220179715946224
2.569988356152362
12.243601753774836
15.809031731182564
12.369687144654963
4.950689541284656
2.559903711385665
0.5707196465620277
-0.3147603299063684
0.15493837041955782
-0.5384607364114254
-0.9714267739318639
-1.6556871735518444
-0.8164006402944597
0.2711370656570487
1.0565860079314542
0.43035891859439945
0.2338897191959405
-0.5103835500123228
-5.675029648897945
-5.026442045751454
-3.6848347904091323
-3.4303957793399285
-8.337310166208528
-6.807276234741801
-5.258174056879162
-5.07706174500552
-3.674120035720037
-1.947032754460953
-0.7034369359933436
-1.1003196619492053
-0.5843260482876556
-0.036198484500872166
0.7815755948191594
0.4839498710651373
0.43881787342199097
0.9117350950879565
2.3938358762323233
8.62890876092348
12.820938761530297
12.36844025667489
8.026708469897386
4.182715436448758
0.38680885777437807
-1.6159251670580779
0.19682682296342804
0.09658561526000788
0.5903938638107649
0.4987131035894383
0.9152206234105963
0.271473432260899
0.4288233704083548
0.5632858441893849
-1.1765336360166099
-6.384522940128266
-7.425509494421467
-1.7496620738126474
0.027357660148368365
-5.240980054549383
-8.56788012540686
-5.567099742124356
-4.2842437655861945
-3.292917248781527
-1.1568085356186273
-0.17849936337259184
-0.5614864203155848
-0.8471610940504223
-0.3442528901633253
-0.05264657904963573
0.13504604640713533
0.4887549724934507
0.26859021599854466
-0.21439814358306794
-0.6719398425912664
-1.3648862964418464
4.1575339829999525
11.88833099300418
15.660109671550838
9.337635262025733
2.4012849207202676
-1.0530989284823205
-0.936097723030388
0.2273945379286965
0.40898949901738624
0.23085494820217572
0.02570472688502532
1.591166337299218
1.6499543196536384
2.233410397078696
2.083955422476665
1.7831836864796966
-0.22690377653134944
-2.266429158600374
-5.335867024795483
-8.96655165036753
-11.852283382610487
-10.369592860468689
-7.8594964308761215
-3.732669965273711
-0.8558141054554086
0.2822528734752726
-1.0358921583537923
-2.2061702836409176
-0.8844682321507703
-0.5869892731710186
-0.00552406794989061
-0.3734797891076746
0.19419242209612336
0.248224066986301
0.4267240563611514
2.2569962092762124
9.701961403720404
12.622980751395636
9.953676013253387
6.1139267440845675
5.630317766783399
1.9780794861800803
-1.6342693479618267
-1.1254821110777065
-0.5333095439145371
0.04646456907431834
0.9627544602433037
1.5124924330882774
0.46220170317320786
-0.040721061669768556
0.3472684921720116
0.48922716206296796
0.5795510263959635
0.03030358618867812
-0.8646314735610225
-2.7887329017733795
-6.510479370198889
-7.759732659999136
-6.73195446666015
-5.102832723412747
-5.718602804254503
-4.391451603982895
-2.551306288155843
-0.9847367611635313
-0.6771167487888218
-0.27454588191935125
-0.1335697057973991
-0.24544239559093436
-0.2553107110435885
-0.031123087857925336
-0.6255206426372237
1.9890066035707896
10.141772012663031
12.935764260630897
9.702905679339656
6.297284652740713
6.4231066735697855
2.6357794478879115
-1.067824478344756
-1.4461842000790488
-0.5200218425436783
0.4267323026655016
0.45853435497403333
0.40697885911342857
0.4660117047553952
0.3618202526059124
-0.4595491583456484
-2.091158536005747
-4.101328255333271
-6.692295176080278
-8.804060165310075
-9.380930708869167
-7.279949428582189
-4.865939895482184
-2.499967915519284
-1.6722123528958242
-0.6410983761663006
-1.1562572724631002
-1.2330733720641902
-0.8279158202267372
-0.26173255501335035
-0.5305318000928777
-0.7860299780129254
-0.10172285096257848
0.7035423539579241
0.5668203213835935
0.4016516159553567
2.5122845911112295
9.120485849468434
12.521102145037265
11.364706122104524
7.80007859024403
5.988954410244132
2.4302021437955594
-0.18569772988662434
-0.49928083339268753
0.12695823544892904
0.2988995155934233
0.14364003194433578
-0.4931365115787488
-0.2988316118062021
0.05823347465222883
0.8677536988884742
0.19509234552617466
-0.7247739539584764
-3.7219807017308617
-6.761870127768703
-8.378208961602468
-6.135203105161019
-4.706678126233157
-5.2521517929375126
-6.064047945523223
-3.555789667944447
-1.4458898086050243
-0.7619183363465636
-0.7349876295553721
-0.6114637828877721
-0.9451419088131834
-0.46331078798001635
0.3666772439985569
0.27478672902568524
0.01730531107110815
0.3282151893906233
0.6395438718573628
2.945706494662576
11.939517526286096
15.513547070433926
11.83664875767951
4.482440117306414
2.1240719199097144
-0.3408302188136852
-0.8253347555322688
-0.2988077524220737
0.08435198407108294
0.3887550287555229
0.9089464051691546
0.8711802880077164
0.3971095444489017
-0.463164140290628
-0.5019381654882821
-1.5340651156073606
-4.476333921775225
-7.692570426797293
-8.18573158096222
-7.345566304424362
-6.675297803464186
-5.23535401053285
-3.475968572228506
-1.8669032565728436
-2.0038659473369456
-1.3119925863252744
-0.4834000689670598
-0.28343488613642864
-0.8308402902686124
-0.21043297978993883
0.6989730007552307
0.9204348789412354
0.7182204218647823
0.622343750959798
-1.4344628793629337
1.0470759423771894
9.415104512228437
14.905439749681443
12.57260858678692
7.12863592227348
2.9850958587174063
-0.5329840960190394
-0.7709874059287442
0.22519748364482509
-0.007241532224786158
-0.31983230623989073
0.26844729749566837
0.23691265396606973
-0.12912975596602494
-0.1974191560526885
-0.37018729981084125
-2.9951272348065783
-6.229119468219672
-7.428019576579436
-8.609304853290286
-8.383256608907265
-7.098922839188601
-3.4760535468681466
-1.6628469256625706
-0.875838468000044
-1.162691010479833
-1.027613261395823
0.14322443791679693
0.055232473680444316
0.21842709940509142
0.2809912105955008
-0.11548452982220397
-0.4522764198136027
0.06145374488441573
0.38661925215439946
0.2444317454450496
0.1565318431848756
-0.1311437673666381
-1.2772822192446796
2.093251297477321
11.240356235988214
14.764328695897689
11.86417446105144
5.917306673429495
3.8056136248251367
0.7837210641363647
0.23286452961338086
0.1638127348477196
0.21187641637968213
0.6338081670032519
0.7548904482527388
0.737339024496164
0.5521524483465116
0.4091507857251308
-1.3125446953642363
-4.555146445552403
-6.923932347931483
-8.717322719002047
-7.703060296734811
-8.466200527256092
-6.244874574259433
-3.9788564921762157
0.34158414667510795
-1.1348698098883487
-1.7620862979983718
-1.4798484911004637
0.4973598155458086
-0.014438151515868528
-0.3395018247065711
-0.5419558516721997
-0.34863235070917475
-0.09385082543570544
0.17787121564163402
0.10084680639805906
0.12572245151971126
-0.05093318891568483
-0.23802653702437984
-0.5668677371529451
6.935526306533189
13.235747486322204
13.25881758144517
6.3827829982105815
3.572948802237912
1.2716307200260193
-0.6840469815402155
-0.3242346100882714
0.280474990294675
0.2292702326188453
0.054646768488882724
0.5580956855594132
0.771617793346499
0.3161576650037022
-0.5666125474752126
-2.5369899617011553
-5.002450162310228
-6.697718741332066
-6.519328418737101
-6.442375630010362
-7.762569637637625
-6.230349903745311
-2.533117180421153
0.8117660908008252
0.26518708156332516
0.36813091924167135
-1.057281715543887
-0.06661747776554446
0.08875233368112581
0.18380478779768966
-0.5504470569197903
-0.7917159092418888
-0.26560165230503346
0.7706069862721138
11.247380995325916
15.359824566569182
13.347471308763055
5.919347649105956
4.034756196669174
0.8405639007673663
-0.71624487650317
-0.4231344355913514
-0.036757723241003105
0.2544925769258872
0.17638936641377503
0.08363510971872296
0.4709302847158693
0.8971451956468821
0.29942100213849504
-1.6402567823147758
-3.008191755823113
-4.896362839311779
-5.6404064085665775
-6.775986158343285
-5.803924116824761
-6.918121313464242
-7.563111604538071
-5.74968606662994
-1.0527285160791342
0.6932889210252757
0.493797063121481
-0.9279341504985222
-0.8448177633872497
-1.1290589806234408
0.30527114886371226
-0.129278773934738
-0.39296440368368923
-0.38414988884556306
0.31605630323011386
0.9282874348178104
0.4336149629926716
-0.08310746387362236
-0.8358056259965435
0.6853124480181344
0.7952047756807997
10.907319710479994
15.131485390587363
14.224384018861667
5.166330020620676
2.325530842059871
-0.33824401127356885
-0.7574002983693041
0.11051668565432388
-0.014698468436414595
0.6257087796270633
0.9104399327471697
0.686562341121745
-0.00017524324152474622
-0.8141565796837819
-1.5253705320403421
-4.245228194503394
-7.05162981941645
-8.099891174619025
-7.282200912606184
-5.0499896656592025
-5.369298339733534
-4.372374476224725
-3.381762276407166
-0.7145831025381628
-0.8331230807940501
-0.4976808638655103
-0.4645644075315105
-0.795244646947398
-0.26221422553065615
-0.0055659330530336395
0.32651019582819946
0.030229700471174677
-0.16776942050035185
0.44971317546901984
1.2213570085454517
1.1348848302496213
7.34109807418286
12.440061826425175
12.55606736105198
7.122282649348214
4.818384653322823
0.9424517071183123
-1.5206547911112642
-0.6419670627170428
0.5947647418194718
0.0667144893570082
-0.31593565513865074
0.2297361479083545
0.69987272370829
0.380013209635891
-0.05863284216069187
-1.2549610686277533
-3.0723679618303006
-4.760728175412208
-5.404093654458657
-7.086946699684061
-7.366914909130221
-6.8895291291805405
-4.685619260234195
-3.008853929947436
-1.0331528954462452
-0.6363548600720832
-0.9868673797786424
-0.5090754517968167
-0.20181331443207573
0.08375114118073211
-0.247693437406384
0.07527906970517348
-0.39816830089885696
-0.14128697521248004
-0.12195085984134713
0.7992318333520478
0.24311129672582915
5.544989767973005
10.74237211920226
12.88700458568578
8.786107127492741
5.645429373339806
1.9414901865833671
-0.520750693666406
-0.6643961998110637
0.203415694063772
0.35615022089834364
0.42726514551905115
0.8852112083342337
1.553373847111858
1.021602145229348
0.1278843539878533
-2.509746017264329
-5.681791749354962
-8.303867508570784
-8.730817268723225
-7.105578462045018
-5.785394651295252
-4.284057574085597
-2.467032880326079
-0.8621832836075998
-0.3573218895297503
-0.6954510343891952
-0.9972946757454618
-1.1727987706314842
-0.5409241794377939
0.01831491686940738
-0.2567018878435576
0.15487094321542097
0.20068569207131653
-0.7712059438229207
-1.6580796845900845
1.915562501810296
10.313398045605604
12.989382070868421
10.17701243543894
6.383315930744751
5.918847528301191
2.7496638329589893
0.19096843012738704
-0.16384951518052154
0.41266300458898136
0.20155022309054413
0.19070537085459557
0.23646843423600283
-0.407705095171421
-1.1061325816856065
-2.3230052618890737
-3.5274415761442657
-5.545353501502907
-8.18668034949763
-8.264904480441775
-6.983828799879704
-4.877964533468141
-3.74303323248625
-0.9875010001108878
-0.4186532096437445
-0.649287256280988
-1.5635710755543495
-1.5045965634340657
-1.0613093761740233
-0.41117160620342413
-0.23410506759339475
0.3394322586842289
0.6839212990644133
0.38371971378951575
0.19816798268229088
-0.7568706703752002
-0.6110182200469084
0.8072047264670077
0.9906246258601175
6.9275910722773855
11.721579319000284
12.935205713817425
6.995774070351384
4.369433492904613
1.3387144494130765
-0.3203947788782173
0.14000190397795956
0.47010666971313736
0.9829004699061361
1.1570207197747842
1.2801745413183037
0.6788789703822502
0.4336016065102457
0.09963143223419683
-0.779682054131685
-2.5508688521772234
-5.789530151293417
-7.66432333763025
-7.504410252659091
-6.622662771030258
-7.284011845952807
-4.970913036489149
-2.1414774202367215
-1.0475979545211518
-1.4350564454173473
-1.417508060259873
-1.0737919934273037
-1.088358245468561
-0.10956005293442812
-0.5562064045771503
-0.01622337160781989
0.7661247867283983
1.5816745880735577
0.19020083814499045
-0.033648426642221556
3.562825059022439
10.076460455480227
11.56220903573021
8.54974515392375
6.54927134697277
5.611111770187193
2.0560481671504727
-0.8682987380313861
-0.6843993450377687
0.6445827005520754
1.1419979371396414
1.1850897749314788
0.9451703809274489
0.5547328302563552
0.1273408711796823
-1.3267148201106926
-2.550332945480884
-3.186203857757325
-5.627363914580383
-7.373797209475335
-7.652669625099575
-5.362001178790277
-4.748113298424529
-5.266162327016108
-3.702544598970201
-1.7876379360572718
-1.2497460318772555
-2.0454244840807965
-0.7307393858330465
0.2749078843912919
0.26232997576580924
0.014721119649339188
-0.26928856964442643
-0.37458031517682255
0.841567475266104
0.6222993079911994
0.36993350648216067
-0.12339979213964548
-0.25703885884550526
3.9647559369145133
9.636155032198438
12.511720678346617
9.420668232754576
7.253345953069118
2.8752464864567853
-0.4376918957616409
-1.0494024535229796
0.674415985365831
0.9548644058014779
0.7287688456688006
0.7653445412748097
0.21224088354507675
-0.5254259274784122
-2.2227153187144593
-4.860517482430394
-6.602308715576799
-4.81283053313361
-3.3278552393679592
-4.469962861371876
-7.012043558947604
-5.327224109177458
-2.487085960390141
-0.5161776007543089
-1.2436647792838371
-0.9295363683926279
-0.6003444256207707
-0.21454142702698073
-0.4108267651424067
-0.24253819825709197
0.024448533557094372
0.23729913624567878
0.5016583064807516
0.44025888685152287
-0.31559118522214885
-0.850922709756441
-0.1259318605379805
6.511057476499568
11.811275206437239
11.552546926599053
6.374071665351327
2.999364275149385
0.4084320943521301
-0.70419952996027
-0.31026068888027936
-0.17691388586961299
-0.16389260391424676
0.5720862869408153
1.1343849858310473
1.0703435289951915
0.8947304026661083
0.30341647586488557
0.13131372444957182
-0.5455662220026394
-2.270537970649287
-4.384712018233439
-5.4695770671578465
-5.181759333028799
-4.285739982366214
-2.5139245209556114
-1.9216766497252118
-3.9680772331016025
-3.1223856951960447
-1.8760957621240888
-1.02289273913367
-2.0767174817974587
-1.0027831913112992
-0.5359455907377374
-0.42046298407922433
-0.1737743629080234
-1.1373642999173237
-0.20251988799998452
-0.10238287522713495
0.9511686169757254
1.1122269417263302
-0.498001107890753
-1.0922509055544665
3.4033795821413473
10.989282737448239
11.14517115623787
8.159697278613088
4.475294495646903
2.242752057683569
-0.546173289574824
-1.6666498828330327
-0.43251733356652905
0.620979071026347
1.4072243804592044
1.105990471380301
1.1310993100215194
0.5499846630573375
0.027021725283530734
-1.148073285078158
-2.4025415542022412
-3.7441638325129976
-4.747349528147132
-4.867990249043072
-6.104966781653544
-6.203030971707848
-6.299307157296047
-2.9474316559853886
-1.1717725900944393
-0.4772333907627074
-0.8712153262916607
-0.6764265087501615
-0.2473165244459676
-0.5349117252425077
-0.043052021021120164
-0.41112998005096885
-0.375526923512093
-0.4824267293927769
0.28891867658997433
-0.5144887731308831
-0.8330039019253906
-0.7408435832156872
-0.14885476200888995
7.090607504947354
12.939621451602894
12.498708094127887
6.90961403718892
4.036328822451751
0.873770115331259
-1.391015738916769
-0.051324552738235135
0.6841191734000326
0.47836450299526156
0.2989347477971497
0.0360218617052575
0.3623647869624469
0.45649248479067744
0.3698507277758189
-0.7345319043352345
-2.468984663350178
-4.481882410335529
-6.368747718269994
-7.67003316570128
-5.736162464280003
-3.165910209914098
-2.908855762293583
-2.9157710997277375
-1.5776264336120474
-0.8730534472288095
-1.091880554285909
-0.6888411040544051
-0.12783609545017066
-0.9375028058944568
-0.6295804581987273
0.12431360932747533
0.2717308343870638
-0.7427633102497011
-1.6748360024926783
-0.6165696438100161
0.4786528703382334
4.846192402327459
12.455977332328297
13.800472257346833
9.39888224046339
2.2734904954713446
0.4350968828284771
-0.658678742980425
0.2751059896935605
0.5119183120126091
0.035609438674064436
0.2339563988616344
-0.13764856983077395
0.2545575171422178
0.4889817994715829
0.7757184197570696
0.13559533160503284
-1.2059659719784113
-4.051069905321775
-5.998258166095448
-6.759733460861819
-4.649581001025281
-3.5212802215900476
-2.9904759585822074
-5.639465271093322
-4.7415583598839595
-2.587548516142166
0.2363832533107647
-0.6067614676787099
-0.6748568917283219
-0.9512229390457568
-0.5255170475097025
-0.5675695965909756
0.06262410438354567
0.36345063782452347
0.11923665725688659
0.20683585190613404
1.4809874324879484
6.9492758608041205
10.813546288662076
10.760869269509847
6.912284856718212
5.848198214163797
4.5649761304229015
2.382257807750061
0.021346741346214386
-0.5257855980308933
-0.14226893120153014
0.7580639293998535
0.8463830358670524
0.645001489762832
0.3317788900733568
-0.08448990730531217
-0.7828101831886959
-1.6809286773389014
-3.376709494274631
-7.038298042097759
-9.398609842945854
-8.419779540303324
-6.257033036575964
-6.262697693546436
-4.707311252254944
-2.555171160864161
-0.2787469477634566
-0.24097373392839444
0.20068642576812626
-0.008037144850508292
-0.27667235218539465
-0.012747699233538638
-0.0028874734770254966
0.40524608243187765
-0.1838160023621484
-0.5424386170842791
-1.039563643442001
0.542872459359429
1.5593259282955452
7.84615032690839
11.804418688991786
11.805695377063595
6.004868311918933
2.810250775717269
-0.09699532424308581
-1.064092495484768
-1.0273010390114707
0.1261189351009409
1.1728173210248838
1.9496789836811288
1.2055824061668694
0.8256148902118607
0.6986202625114488
0.6165231621798846
1.337023833729139
0.5717926038851656
-1.382688528825747
-4.935044660588497
-6.882602429646781
-5.987303227230808
-4.24970966904377
-5.165587206396013
-7.340528062226122
-5.558429478935668
-2.2559334747517297
-0.05861734427681731
-0.3076166636645352
-1.0128294167641043
-1.4145362593520463
-0.9177206190995559
-0.1284462034834726
0.08546925016976334
-0.006766546904033273
0.6564759255920428
1.2191625603703364
1.8973886290674342
0.1139839369626137
6.506087861533239
10.522140412021402
11.206656617241318
5.958662829625575
5.590920514649374
1.7709615018703546
-1.062836654765145
-1.5140498339995063
0.0808919609517307
1.188332970253486
1.3632749618397308
0.43513270891769185
-0.45094605485195116
-0.053758393837773644
0.10006646494010632
-0.19818558787712004
-1.7522838887679135
-4.575736661150702
-5.694676385947707
-5.995584454594396
-4.9803976229461835
-4.725144904957634
-3.044909124558216
-3.506482108331808
-2.5886678787226503
-1.1624845296013142
-0.7052581446301527
-1.6129058750563157
-2.0756566614167054
-0.9226136454338193
-0.48757073676570656
0.07794452078419443
0.1280557744628547
0.22425533474064227
1.5202413360390277
1.316730154441435
4.23989260842612
9.141933623521908
12.137551321557787
8.678464271893574
4.3364889771717285
1.0173609766705538
-1.6355390415512325
-1.7977706862647969
-0.21164820677224008
0.6103202321091806
0.9714086452448775
1.1515841447676356
1.3029993093409273
1.3229979439227655
1.4423078813381005
0.6669457390699819
-0.12962690185205641
-2.019659800585189
-6.095624720727697
-8.571359722774071
-8.034724337547686
-5.50968614003838
-5.3163870985195985
-4.049529851017159
-2.7376431623651225
-0.9944199199099045
-1.0274466858407811
-0.4313228377867624
-1.2664608538779982
-1.0946809029557893
-0.6297604541888169
0.450337465491941
-0.10546136570710535
-0.8864242167174468
-0.36084041687181795
0.8495743773588657
1.1361554458902243
4.9572783370374385
7.489299564422918
8.37685131383423
4.86741305521438
2.711662521237953
0.5104171457052443
-1.2641907674019714
-0.27727931940526385
0.3286180836497841
0.4930221579529995
0.483895123698128
1.2528817600663358
2.331275654158295
0.2185570580970988
1.0540934701246591
1.4343299321850693
1.9778313732140531
-0.11445261530540472
-1.0201143153431238
-2.857578899470095
-4.5734059565203555
-4.47454262977486
-3.732417938541339
-4.31028010204682
-2.5033216425203744
-3.967590299060271
-4.827395586915987
-3.4392023854087865
0.20722281220456062
-0.03719412488711689
-0.7302123321604835
-0.2466261840641061
-0.7924264790545986
0.05465382043589906
0.5047042766130747
1.3593458448058944
-0.059101013632612755
5.080020543632865
9.46400803971052
11.568111979708268
6.134399299725795
3.7141947983601975
0.4338880269505443
-1.10941749046464
-0.32092204630454235
1.2651229075895185
0.7966288851714296
0.23009613670269058
-0.007879509908455432
0.40923627035916893
1.7791957422236815
3.9443949929591757
3.107692308083775
1.26492235360378
0.3297471265500761
0.021523091916336688
-1.6518085022914282
-3.467180445055453
-6.396236222271236
-6.26425853808034
-6.9507499969738085
-8.36949061976521
-9.471119437172666
-5.309856780751005
-1.587017963709039
-0.6416324398097557
-0.7673690313488046
-0.36277920329897967
-0.001190817535619072
-0.33429524138797306
-0.6492545225458131
-0.3423369301391838
1.2276124663432413
5.868534149801376
11.410157248650021
11.481747044335732
8.696225906410687
6.072650562595489
4.459650075735711
1.552962706813385
0.1247295177783063
-0.28078377227464696
-0.7800740506710534
-0.1886606816273902
0.10945888866159725
0.39972971342695696
0.13268257242067794
0.4741883807247941
-0.31975677841990663
-1.0820873717521113
-2.462193240944821
-3.313464501014482
-5.320552009469176
-5.987504583436688
-6.742309968737804
-5.144030238689165
-2.844831563518589
-1.4297569385504263
-2.070501588956646
-2.726005072104554
-2.4975274139677865
-2.20907788890904
-0.9901280242598356
0.04602684670457031
-0.5955293026438958
-1.124834617267721
-1.2699848201408368
-0.8084347246558962
-0.9827279829264541
-0.8387810825364449
-0.9172131509030776
-0.8535328989217426
-0.4427007261742164
0.03161838095754626
0.21676310011674357
0.4396595443313365
-0.10522612747199041
0.05373802378892553
9.239828447744449
13.852733437685337
12.41732919143761
5.800026395552661
5.776566959151473
2.4661291778184906
0.24364712636905148
-0.2741302781064748
0.43658166802752757
0.49928357903877124
0.6314888863430749
0.8308452538129713
0.6039675932312238
-0.07014169385578482
-0.680647977511891
-2.005621162379719
-3.6075751357169428
-6.114649134550633
-7.4440061165880325
-6.69762343600687
-4.312511500449596
-3.801553020240359
-4.992996094591111
-4.174880007808053
-2.471831489197631
-1.2473507091620715
-1.088173128571108
-0.29934857641066026
0.03933460422819031
-0.43356185827601834
-0.14151906170272122
-0.3787508113284792
-0.14388828636669085
-0.2835875928473594
0.16288658237637374
0.5894157664480167
-0.5339696645567674
6.2519507009178135
10.346183600698922
11.374179377366607
5.893509952259459
5.9954711745111275
3.225022782260518
0.6968211369317331
-0.7551608935995898
-0.03356417037561479
0.5932733629407855
0.7625881071429641
0.4783671468686884
0.0736274398107613
0.403209538325396
1.0766659823065585
0.8378442684043496
-0.5322120175301438
-2.1160437506871803
-4.844738336745897
-8.282880294586557
-9.774631882689896
-8.626001332909516
-5.559989041611122
-1.9920430980818586
-0.8316213331574595
-0.9424069466963939
-1.264911334484433
-0.3765598038387616
0.0853322475859998
-0.23424887476704903
-0.3487067372374573
-0.6428960508118022
-0.29206433257089237
0.5402546078452666
1.2009444740494402
8.383306648434587
11.363343404265825
10.145537762996149
4.678779593066146
4.3626571861588355
1.740428295450959
-0.6574476175964336
-0.46421789934654917
0.35755736205106003
0.6824418545799015
0.6643272803030698
0.3862123770978383
-0.9800047087705346
-0.6773432977531687
-0.14903837106078746
-0.1474643928109334
-2.214348698096559
-4.051001591900082
-5.937642133855472
-5.865936492163746
-4.198301729348216
-4.154850967974794
-5.491740814594275
-4.142464778218165
-1.765184032089903
-0.24825645727878842
-0.8768145928096088
-0.44712447853276593
-0.5517823198010677
-0.04401857524126613
-0.19584401883687533
-0.5466706860903949
-0.2961669428281007
-0.28310347788224693
1.2938545565309807
1.496724743177939
7.931925337318192
10.822055218007211
10.413275908860257
5.666549621972652
3.316249940475999
0.6558220104206433
-0.4770874566038335
0.5438808352897582
0.7757726733837275
1.0135261321707802
1.2738033641875592
0.6233790850322517
-0.11841231537608195
-0.08849265627204066
-0.08315354769027146
-0.413738645422165
-2.0572884412951202
-5.178876248858683
-8.589047178900081
-7.940978692901345
-4.841332555779363
-4.480153156176429
-6.0007752738594204
-4.157604849773042
-0.8219157414656811
0.5469027301310297
0.2114983675237229
-0.43264292587982994
-0.4947802800435498
0.055575610788872847
1.3381208579176491
0.6805156551172028
6.733742217965817
10.398263227692626
10.325478842897379
4.675077743737228
4.886792900078594
2.2880523459287563
0.24558099081215376
-0.5140394785318265
1.084060133030957
1.1126895652398028
0.7378050489417773
0.1691932968200984
-0.28763057402365483
-0.05506342106493014
0.45972238502171164
0.6501231081176654
0.12427870512415269
-0.11824844168784937
-0.5195045097443628
-0.7299025701938382
-1.8643036766307024
-5.72275746358002
-8.784310349959682
-8.441646734932734
-5.7500971959712714
-4.601773947014121
-3.05826245864296
-2.810936228708005
-2.7719571426111544
-2.062960162674918
-0.3316032388486656
-0.31638782092419293
-0.5548186118716891
-0.1827500298864042
-0.020318020947122557
0.22652097393642764
0.2981828357447791
0.5412872262818328
0.30440491613291054
0.4498001788895612
0.46358857026289335
-0.2538476839669851
-0.9186108765813372
2.1388711855158924
5.592192930284974
10.073007004999189
9.92974033432236
8.942816653985385
4.452756902439025
1.5355604432412202
-1.0923728968645752
-0.4201381506049401
1.2984733136292839
1.4275213588611135
0.9403750696037118
0.6177234030845753
0.940586612918783
0.7691525217604738
0.7746424724063213
0.2680931951056345
-0.4479102204023066
-0.7552929212880718
-2.033120632849441
-4.825376571416583
-7.803001519866976
-8.425357319474713
-6.343480825960499
-5.399651372139727
-4.563774194567077
-4.310881996980556
-2.039393868106714
-1.7343883986158959
-1.428644128039191
-1.491106259078434
-0.5914466856571408
-0.2071147532990891
0.1418361607328928
0.3705972034947478
0.43996400963751625
0.09888027332220582
0.4094692525753576
0.9782374820983232
2.117709614090485
4.74907387215689
8.971005046059775
9.292387300917545
7.152244241018716
5.347724052841825
4.2754109991465485
1.7718238029659912
0.04923767083652888
0.2632703576963963
0.48017702948141516
0.8049572563387816
0.628265462201534
0.7111625141695304
0.7765018692879397
0.5199393650857385
-0.5579584309095138
-1.4295507122067543
-3.5978537018922734
-5.1881523931110936
-4.642907188276912
-2.6640623300260518
-4.879980471672964
-8.749170704562133
-7.90983886687507
-2.962773264793903
0.5167298985064475
0.044955233100235414
-0.7290058246384427
-1.064806117718164
-0.751799949266475
-0.4404627148789709
-0.17295750651990027
-0.4341701288565411
-0.355745700770591
-0.6915737643981582
0.1341628167251821
0.9503843993221721
3.133869169329227
6.898712704693314
8.788005658656957
8.045264777155891
5.93883252662796
4.548403913119995
1.1304569153827224
-1.612856897382201
-2.053540712866192
1.10714608825157
2.886058077628459
2.8883326762658648
1.1489206374813818
0.8770693292682662
-0.17821572622758064
-1.051405989628573
-1.2252851903552928
-3.6516175131627624
-4.331366662239129
-4.331184491713442
-3.3473348021168183
-4.3615162515436685
-4.566731259006107
-4.265838930113921
-4.98202574664139
-3.4843210260538173
-1.5583646154546367
-0.04982737087142619
-1.5434383151068434
-1.5420562484995743
-0.687454164048392
0.09340389267178635
-0.28771238025227475
-0.5455773755338501
-0.40073245928845536
-0.07766302079872858
-0.3041525399671574
4.805106965246946
10.39307989989098
10.947414327084584
6.418773898359167
3.715053012791006
2.278557022896933
-0.18623836737801938
-0.37206497380108683
-0.029323985040021205
1.3253957112426427
1.3601563528633571
1.5251072034427429
1.1233000339079187
0.9489955843588833
0.26853059811938723
0.3878979992871805
0.19224204403842188
-0.6089822932177671
-2.205879610996476
-3.9617241669121994
-5.793209024119764
-5.524743805984303
-3.3527648014679357
-2.981942483609727
-3.8813926807488905
-6.131673694038139
-4.434742031874581
-2.7368588657771986
-0.5267830438011673
-0.5992716590622601
0.3256027954645337
0.025208413363594962
-0.8051424009975978
-0.7078543926553906
-0.38695557123304514
0.4589807500060475
1.30162091851374
1.213400774515575
1.6713674984758364
4.611701327840339
8.735037881769461
9.508563626652897
7.378173901296329
3.9264576992132407
0.47463722050435064
-1.5983098831764198
-0.8656444694642954
1.7283122417848156
3.019122801824801
0.2883627797402515
1.2191196986088797
1.7694249364013788
1.9436179660897417
-0.6320822600370817
-0.7215749226844214
-2.074405005061058
-4.260159221747597
-4.887930582718283
-5.914222602568397
-7.032387451512196
-9.019170817588368
-6.796003874704235
-2.518932428589566
-0.4861813168167857
-0.8586932060933085
-1.0922187190280157
-0.13408926834484317
0.23203737188192472
0.3307819991062771
-0.06261023328796808
-0.12993824550908128
0.3334243472835718
2.7890082809412364
5.246463191010149
7.754338563599146
6.645509112487316
5.608398666913788
5.0604984317017285
4.4121884476513085
1.9302433269502675
-0.059235178281159574
0.09463774111190132
0.24772864193069247
0.7095074653948744
1.4547924707145659
1.4205796198002338
1.2669219421647266
0.8778067052346127
0.4443298619340705
-0.11536970927478842
-0.392725312384142
-0.44489961608575523
0.3042126364361759
-4.7918057897314705
-7.2767655102760616
-3.5276689966347416
0.16383199817276806
-4.2449391066141375
-7.43020677068262
-6.711361661208294
-4.793690810965063
-2.647585815280084
-0.23537507631009902
-0.4832115954270125
-0.8180015913566129
-0.39737174653849133
-0.014631595682101371
0.12506741860554493
-0.1266695605408313
0.0789591007141459
-0.20408923495124737
