0.24363131117259645
0.29041362353638617
0.22636260706657568
0.18225758703955147
0.20568203768817006
0.2665013691521267
0.3995460702258129
0.5628884207096954
0.6764265365892455
0.7410291900053299
0.7937316765514539
0.8445585871997157
0.8853504241209618
0.9055249842471189
0.9081075405699972
0.9248522212358457
0.9358275761075605
0.9380935816474895
0.9329508700440794
0.9332916056823397
0.9535716574774973
0.9562486610663335
0.955292076944805
0.9334027871920445
0.9462681499149244
0.9289984671362995
0.9265007601961524
0.920616748682862
0.8852473355803046
0.6961948462973429
0.4349924691606815
0.2509752303071745
0.17732280073017645
0.16896213680124741
0.12774370892460185
0.09009553003179774
0.05329957686807797
0.06827281401267565
0.0750125051125961
0.06051605982413976
0.043795178304177125
0.056688165607509625
0.04644178319141491
0.029225203868732827
0.04501256641366518
0.08831069648158418
0.06790329101680051
0.01659048941973236
-0.003200303036924137
0.027904847297466628
0.05109262568666277
0.07777520031936547
0.1852220987927595
0.4004111319343374
0.6368559047631492
0.7722704157755012
0.837221222293077
0.852152606454222
0.8962101684450375
0.9164570611558498
0.9249827379303993
0.8973573585493995
0.9061290189731968
0.9140770533485709
0.9166397503765694
0.9024486870718126
0.8931965663876764
0.8919732106604824
0.8979983552833413
0.9034701928777529
0.9037650248837669
0.9080011318464417
0.8818399348363513
0.8162972754994604
0.6958190274384735
0.5143349149708925
0.32832373258175257
0.20055448391046027
0.14195436239011208
0.11737437954183944
0.12429091709443357
0.16634725573987086
0.22656516145329386
0.22926364962746684
0.17657824049516727
0.1355235334511769
0.1399367764842616
0.13970663001446687
0.13731644217680256
0.12964539019087706
0.12232761090523489
0.14467549650451172
0.17671590161139883
0.2120078759938785
0.3255630362552721
0.5125745922178253
0.6535020917942294
0.7279962996046212
0.8087685289900095
0.8662736606046595
0.8889197945852143
0.8861132587026221
0.9129683192303587
0.9282911498476979
0.9456462438593642
0.9275054152989861
0.9329982200128151
0.9393071065170395
0.9247558593692599
0.8991377841141481
0.8994182623673281
0.9069750500371306
0.9168427317747156
0.9256349710600662
0.9329355952810017
0.9315127301726112
0.9454718794445225
0.9594058175115943
0.9630476616424085
0.9048009313904299
0.7455737169961181
0.50299406972018
0.2658836435844532
0.12870736644752337
0.08456307646007662
0.08943725728853485
0.09873815340699837
0.12587771408569948
0.1313130481066253
0.13773105835441396
0.1500154819949602
0.18374572007838874
0.17496406240991047
0.1629090054501013
0.16819567169227784
0.18439116727936616
0.18130226115776862
0.15933418368166002
0.1789892293240747
0.21148155853388684
0.288008374646828
0.40350158504075273
0.5594127344839476
0.6727194858644867
0.758313781191646
0.8107030789154593
0.8364477355471165
0.8333015959672447
0.8543325704054628
0.8670477506347121
0.8774130986315468
0.8632114592888898
0.8639523532543274
0.8584290928864834
0.8590787125147029
0.8584326173834576
0.8801415535733541
0.8979203951117547
0.9089240461306662
0.8794000632063508
0.7899576128853927
0.6255542407084547
0.4189119075843091
0.21249649367234458
0.11389141211070754
0.1133948221075014
0.13865212333594862
0.13779059544081057
0.1448833271461798
0.14472706786691497
0.14609198393661063
0.15062003867824833
0.15386915925689015
0.14228543883871778
0.12966562365312856
0.12951345077248896
0.12914822046386415
0.11748701270397968
0.10281920927643953
0.11371273826992984
0.13581551124210284
0.14007703965867563
0.17116207930524374
0.20807393867514368
0.2481723881868585
0.34824377742837365
0.5180119682158193
0.6514794681219954
0.739211689697356
0.8065765851158131
0.8487037179349562
0.844522314484675
0.8721374006395038
0.8817339893841316
0.8884790087341574
0.8770038295471554
0.8894314897836846
0.8803910831722301
0.8594823873421892
0.8443051686154576
0.854001154575439
0.8893200379875815
0.897298878174393
0.8435840839578873
0.7015598902364939
0.5350732221484095
0.33689520682893925
0.18136227716801326
0.09982102707655245
0.10146089952903589
0.1090812563361663
0.11811776059315236
0.1195913785627773
0.12252562008299964
0.12528570811118195
0.12090612442238263
0.10924447001542947
0.10703957433119962
0.12093458122074477
0.11753485138958017
0.1527772473999284
0.17092116449985306
0.17401589824477903
0.15630663445371884
0.1912285166555179
0.2747940088019595
0.4268512300813978
0.5624475075711641
0.6722601694751853
0.7486440960402893
0.8207356524880083
0.8424456035443618
0.8495660515458076
0.8642009948775733
0.8846309558555641
0.9177683793372883
0.9289758910031205
0.9184868890719751
0.8999797035691339
0.8998809120115715
0.9084427351401456
0.8576764544376698
0.7715925719955019
0.6188849543745794
0.4182330675445795
0.24679279450082126
0.18146063904224533
0.1752022168139596
0.15767315570076504
0.1483382438884439
0.18230630736084025
0.24907363926257503
0.24715594898116044
0.18620617032956652
0.16513041345656
0.19960892704682964
0.19676065000176313
0.16438590844932074
0.18615425196635538
0.21894192550253636
0.249680680405202
0.267956201265907
0.38584920522754274
0.5345523328408308
0.6848467274567469
0.7656009611333572
0.7925631918975145
0.8127820842679557
0.7812436382574052
0.7917590352210426
0.7748179721929596
0.8232194866708918
0.836084742938449
0.8797170374689787
0.8910880058998794
0.9152597939498355
0.9154707543200693
0.8903714930116837
0.8611614511978524
0.8511467618425632
0.780678444954191
0.666454718574667
0.5348961536663227
0.36721687673821896
0.1747857952150939
0.09889654485460467
0.12165398861836779
0.13310994101383097
0.11045843292841613
0.13324771231763388
0.1470696546123738
0.15051654647833446
0.12984499526704796
0.13286464378135893
0.15702406999286878
0.15894984702947254
0.1768572730529168
0.20153178048256382
0.22136683379100935
0.19884092804624004
0.2346368808491751
0.365112421922372
0.5207553095866446
0.6521975622483398
0.7373925465360278
0.7751086958268338
0.7829492931121539
0.7953553382607597
0.8378923618649967
0.8604690236608459
0.884227834848536
0.8817282906734312
0.8802704512411879
0.8815304312408624
0.8869728605311086
0.868673305906812
0.8253917433897235
0.7210122981856391
0.561636848822004
0.3772727226206068
0.23823351944772275
0.23096401217901835
0.2760055446051062
0.2986660118787875
0.2801338344321132
0.352935525490344
0.3692760358182555
0.33555269948106486
0.32323723086471035
0.36054877594942114
0.37814198430987805
0.33843168326409984
0.33852408371631193
0.35211296249482177
0.3811154398006913
0.3644093843342705
0.3426870941883912
0.28625467695182166
0.23790101485548873
0.29405457957360015
0.4791214461813149
0.6355608237347193
0.7211562811741936
0.7838708537653722
0.8182120769195329
0.8254375778037442
0.8318399954854945
0.767956490039861
0.732879641073283
0.7788338742480326
0.8862881544842863
0.8859338188842432
0.8607557511140616
0.8002469695973515
0.7911079831280688
0.7423608293567243
0.6394399681066456
0.43241851034006973
0.25530820392732406
0.16629147591800042
0.16214992721818716
0.17111444193187614
0.21718202539466772
0.23694507098861106
0.24738059461148815
0.25630532047194965
0.2652870186354901
0.2821325540611433
0.295244304921923
0.3079271074017333
0.23815758996254235
0.24654990674672703
0.2687289045640219
0.32325727201121685
0.37269523775606767
0.45213367139271354
0.4871059711661099
0.459029070039467
0.3703450399351666
0.31367605237780044
0.379915948265768
0.5289091647031119
0.6593982175598252
0.749012106512247
0.8125561473934184
0.8487852350642615
0.8598926764624636
0.8655169965901127
0.853562440182784
0.8387841500578108
0.811569790041868
0.6989144208322882
0.513146495145242
0.362427896862779
0.2855157141612639
0.28788553178100695
0.2627922252588079
0.2650938336244776
0.26774817782880955
0.33070915563432124
0.3320680748006842
0.3365991750906108
0.2902801459877663
0.27348820027979903
0.26948784756696215
0.3305285835711713
0.376860888509701
0.3791356289588753
0.32556367125279784
0.26044779056375245
0.20427595837275334
0.19570490660756068
0.2640374802088144
0.41812891109021044
0.5525984143773717
0.6686405112337124
0.7527361718672534
0.809250129236539
0.8541384317122793
0.8357506148986484
0.8234700151770284
0.8278957285808675
0.8733919776848208
0.8455053180226206
0.8034507704978081
0.7424495978237095
0.6583183770035362
0.4952826911224919
0.3041492572602765
0.18703753747356838
0.13809258702017402
0.11899509109821188
0.10031739406575085
0.11258884131055827
0.12034186969946462
0.13064259046172394
0.18152762932406258
0.21917043182139917
0.28618105540537764
0.2801678700760847
0.28840469400279384
0.2586533522866206
0.27653910573149765
0.2656561837134118
0.24970437518730476
0.23103133890882904
0.31200478938647436
0.4655778977148288
0.6115968771344951
0.7172874915056324
0.836528156849166
0.8992520785316094
0.9313905230712227
0.8861804104704164
0.847504368031298
0.8401324379150998
0.8018503719269876
0.778902577153781
0.791279215837089
0.8625912156631103
0.8267761474507667
0.7822343354089458
0.6785273268067091
0.5461719748084037
0.40673555461621563
0.3152620820198081
0.2841542844734557
0.3338288426579513
0.37519094194076213
0.3688269752924559
0.3087580980098959
0.30391416586256736
0.3226839691624297
0.37321300834240534
0.3523913018422996
0.34622256803884954
0.369099019626319
0.37887083750063455
0.34224530849853746
0.3056369101602915
0.30283540574532725
0.3821221993605529
0.5326759120395816
0.6593145015029729
0.6993763705927383
0.7730963893218467
0.8238556520134219
0.8616938739656147
0.8606160796594746
0.8801173164296667
0.8683306803375793
0.8711648730439364
0.8754357193810524
0.8841110904804326
0.8841521015429394
0.8743372597315533
0.8397792968579442
0.7326663032939477
0.5414126643170777
0.4380788166702203
0.33700455971661203
0.30731137488666893
0.2857142242131362
0.342409795447279
0.3396955562190562
0.33472695895687754
0.3471236735574912
0.354055882922755
0.3846538214072554
0.3999458711046491
0.42715973669481117
0.448686792773563
0.4326836651533921
0.40365158819796243
0.34442159310942455
0.31311010347823826
0.3095238782205465
0.3954224630684477
0.5129555677299112
0.6133100138542419
0.678278661922852
0.7226559622624864
0.7832814616997015
0.8183009589508978
0.8252347923011963
0.8129475339844793
0.8261788205496904
0.8397333904777731
0.8445314830752516
0.847297078753515
0.8564645122843179
0.819950133562378
0.782168657440089
0.7136082726765778
0.5826018593601353
0.4392408295296085
0.2975032200772202
0.21002644937799558
0.18368771394859354
0.2848861443246555
0.33514060796539064
0.3423696239473005
0.3388864168243776
0.3729341137300992
0.36670391207773384
0.34987412574162374
0.33635450569237346
0.3395088621671949
0.36474000571935195
0.38496028523689285
0.42993776559964425
0.3847837562003237
0.3669487979578048
0.34123141953579217
0.3554620908206112
0.3395719112252062
0.4358596321122363
0.5762954579882218
0.6821299431694217
0.7402026359236124
0.7925673096384347
0.8380284918906704
0.875578524715081
0.9100345029209781
0.9159203925843845
0.8820009622435391
0.8315228956661385
0.7920858194479046
0.6990602824831382
0.536881174079058
0.3462633457607861
0.2360921965384987
0.2026965428472302
0.2802027469026775
0.35523014823359383
0.40307405343360364
0.38566269718426993
0.41046749528495136
0.3920239894390365
0.3780632675621398
0.36163054638362613
0.37420594645787447
0.37550591328413685
0.36987354409323553
0.39387259595618535
0.3903024048167473
0.3865915159338207
0.3454755642426466
0.3207854323048308
0.25764076234918576
0.2969777296590375
0.43299558765977186
0.6042187839824322
0.6871544325328697
0.7896463577922603
0.8805753851207049
0.9180911688087646
0.9032357926460545
0.8984687603634565
0.8971207955110977
0.9058124081246923
0.9308177986394174
0.9422993817550496
0.9154143628908595
0.8636431718392997
0.7741559483770224
0.616309744121013
0.42982499070899755
0.30724307470703494
0.2567180082617966
0.20709970788797455
0.17940778070134875
0.17592303740509635
0.16190867251397464
0.11949723316730726
0.14140009255513125
0.20060896560859556
0.23889664384674655
0.22146189108822945
0.1768470624081024
0.1721316278676776
0.16222312222590118
0.13572036970663337
0.10160168171930509
0.14502728238530982
0.2467570640819354
0.40470206973514533
0.5630886919914567
0.6662210878330022
0.7209995552773751
0.7862418034234988
0.8560656691762232
0.8927204958282399
0.8750983897790596
0.8473764207537043
0.8397480909909301
0.8490059858199421
0.8530330195366113
0.865065480767207
0.8431938463212423
0.7796214371201654
0.6781338190928493
0.5293743164546101
0.3665131710697249
0.32061722067225024
0.35531978475406406
0.35091020220386215
0.30319013471076584
0.33284231870276443
0.38052677446408023
0.3622236813267698
0.2919365628171969
0.28557096509490226
0.2813672692879101
0.2771046061194591
0.27309261858088696
0.3231296690015608
0.31935834371096905
0.36396536136878943
0.41833409821976864
0.4611558793920262
0.3927598110805336
0.3352345113283061
0.2847719696616783
0.31833224900092066
0.4022328169907502
0.5422427217307426
0.6498176177921307
0.7263952132319975
0.8362122694300205
0.8992094023525766
0.9229387603939414
0.8880668431775804
0.8971994465715383
0.8893352342376519
0.8956165702985003
0.9157421987928871
0.9219351895485097
0.9421388851990539
0.9200584395405659
0.9232669619604037
0.8820642532699896
0.8197516665561191
0.6652656642007091
0.4854979174956061
0.3529710487895906
0.244843008922107
0.19304618292632508
0.1793213747289792
0.23657701969529799
0.244524517768893
0.23952442765085438
0.23065033749528235
0.2365952338917542
0.23423216596183427
0.233510611016535
0.23359321539071937
0.2314159272999228
0.23943655245686207
0.25345407968610756
0.27338236311785985
0.24873245360523139
0.23759196849560765
0.29799339641147343
0.45102748680378285
0.5801797701545335
0.6426783178341284
0.6765568209206889
0.7133993445676841
0.7523346810833587
0.7914959708347508
0.8373958219546701
0.8766610863669122
0.8980479211062655
0.9079981817159347
0.9083712253436635
0.8636242325078776
0.8013465606417456
0.7109663178565817
0.5617924121708705
0.40458959190755983
0.3215830231739276
0.27560904547096776
0.22603155878445963
0.20210034093708512
0.192235736173363
0.1999283316378458
0.2372411673132986
0.2530546722259447
0.23016405617715657
0.2165072213459383
0.1800218114844191
0.180573142744805
0.19099434424389494
0.2251740727925008
0.22571293000546877
0.2762462980396887
0.38506634783655946
0.5276930956668484
0.6460974730246911
0.705483889143987
0.7582017781355224
0.8168101309609653
0.8600647208618587
0.8660249628560246
0.864249497709592
0.8772919473548687
0.9072699023319921
0.8998480073771739
0.9122663109933254
0.8574229360774246
0.8050974640911976
0.7795621886770538
0.8544320771654645
0.8080955530856279
0.7276150211272918
0.6736028341800769
0.7090854453730676
0.655681982244074
0.4748489985277605
0.2580603820257753
0.19366687547810754
0.20800899825381539
0.1720859386879181
0.14872276056977984
0.22422586020243718
0.2548312664233722
0.21883801113257087
0.19099032244021763
0.2088325216853379
0.2315347344197788
0.24064385855660486
0.22645608364246567
0.18247565572681385
0.10802916113096196
0.0870720923245869
0.07870175516893901
0.08247541668875095
0.19697887876089293
0.39390728045408174
0.5614740176336059
0.6321726685450688
0.7622536340999456
0.8375992968372726
0.8929305147622255
0.9052886545498742
0.9470782360540148
0.9575220998259459
0.9539297079930115
0.9335329782250699
0.9271328126583909
0.8884377041587579
0.8253299640941252
0.7314329742559962
0.5990559323805834
0.4391424319228047
0.3343896104494526
0.2551090037973543
0.23761303257340347
0.2660011258107805
0.28561556218578743
0.23551414473914808
0.18149134455805893
0.2099660978827927
0.264332508344156
0.29488824646264694
0.27878059839907515
0.2630460239807052
0.26796726654160286
0.3171051507014686
0.3637122905656745
0.32751844384203627
0.2690975453006935
0.32311204533156834
0.46478777984682806
0.5867637394579983
0.6733507621531517
0.7396901422922944
0.8288407274723286
0.8957494257079733
0.9068800428764797
0.8975218207464828
0.9208215770853885
0.9727476171738187
0.9891614834559843
0.9833388823675602
0.9548244070954741
0.8874137297876594
0.8128326687833174
0.718854960386402
0.5866773001215273
0.42587508972763133
0.31383456750015887
0.2585013136986085
0.2183384220940284
0.16319456514650504
0.13926091586852557
0.1371683573739101
0.16037764580057984
0.14214483372043457
0.13570584442274414
0.11153168903154868
0.09840718786792688
0.07630555658933783
0.05327181721968155
0.08536260359674805
0.08254671128197351
0.0724290317948234
0.06566393605846643
0.14170632556784687
0.2606959902851124
0.41785341825704647
0.5755105778471392
0.6597158889411732
0.7143009218230196
0.7573929399668775
0.8136563726112435
0.8636674232969994
0.8863932873725127
0.8857759376242481
0.8849986868265998
0.8671253244578025
0.8125762066821772
0.7424721830377539
0.6427161837580415
0.5260371932775842
0.41410385185048104
0.3247310164780295
0.2282731764848981
0.1614655965472776
0.18244141926800958
0.2152950952092091
0.2218783375195406
0.20738457874870275
0.23812303644388833
0.28121420859050533
0.328381848936788
0.289874629969894
0.2378432239871896
0.26736781521139386
0.3128136962853187
0.2981488362120426
0.2800836462579485
0.342313928245054
0.4278009723226146
0.5346383511798173
0.6310671886798718
0.6928358931275846
0.7379149153294736
0.80534302523354
0.8669328358452016
0.9119722496064729
0.9095561035497677
0.9101145821720719
0.9128181191719524
0.9271022491386951
0.9322148768216622
0.937007371459351
0.9266555909830951
0.8745755392685108
0.8075234836245971
0.7486209779705042
0.6380414796484142
0.48785745445352663
0.30410391420205607
0.1915189954854794
0.21616419913046753
0.2873277196026479
0.3235351963745118
0.2932061595557161
0.28333290369826103
0.2679197355873633
0.28115304175763445
0.31689029835080773
0.3362009489981806
0.3508105648381199
0.35615392053043016
0.3889641350118134
0.4305787148411686
0.43718730070517353
0.3765789430138434
0.30934011172955844
0.303934738785203
0.3838971674875826
0.48373481072495705
0.5973860485450646
0.6741620491731651
0.7160765067018604
0.7256414700780817
0.7637845284683096
0.8110658872872796
0.8644511081212785
0.8997642686496871
0.9114016052342794
0.9031367113316503
0.8882964668781855
0.8850263916404286
0.8813901939347615
0.8726813080593614
0.8491955861041759
0.7951378139234668
0.6974112825620641
0.544250528632932
0.4185621008049541
0.3392776116347866
0.28973532011815434
0.261703279359217
0.26843611958569413
0.3071153733104201
0.35843672563229584
0.40346758085221796
0.39666233679501284
0.34103114153240255
0.32819717246556385
0.358931424765421
0.4047556362710278
0.41198669908269525
0.3878420422728061
0.3828910686116682
0.38807487301321203
0.3912028268235958
0.33361874146693143
0.31366387142923124
0.38340845969543935
0.5254641448748664
0.6351064612527542
0.7007082019904001
0.7637619002803145
0.8486702785394017
0.9027037033298191
0.9049536979972009
0.8992788637915293
0.9068326183742809
0.9103038073617696
0.8982980088405683
0.9134703792376587
0.9140087879664899
0.8993241322534673
0.8786672910308918
0.8543890533902074
0.7715735557668152
0.6191429153889317
0.47063488438323076
0.3669319311482608
0.3072495931072448
0.2374714425541537
0.1717747535086647
0.17181451627073546
0.18637291810983467
0.19429166903941686
0.220976260928707
0.256225767779836
0.2320477257795622
0.22325310843258406
0.2321138532065368
0.23376901257204807
0.21309340442347433
0.22422352373828836
0.2273195970421637
0.2556727748474757
0.29180303388383194
0.2546935568089624
0.20754746623700374
0.22981159461880035
0.3714776324433656
0.5002900604985229
0.6023726911235232
0.6720110512740894
0.778057643868786
0.8446613930662292
0.8789679296669483
0.8757776318025122
0.8802120760931033
0.858124972153242
0.8875623059131643
0.9110240909959739
0.9179978993277677
0.8901368291877396
0.853376360290098
0.7909655485638715
0.7218914135559584
0.6312439649052183
0.49805811869153216
0.3905280954054485
0.3260717245698736
0.3059523356113394
0.326655799701965
0.36039540871382847
0.35272213060335544
0.32190784151482177
0.2816066663990084
0.3315653149010809
0.34276201158395136
0.3354208385908207
0.2942386086533584
0.37985513315403996
0.4074261969327042
0.382918796136701
0.33293778918829314
0.3678411354332231
0.34698269397467657
0.29224724922395934
0.2938767287639227
0.3864082047712577
0.48542673715355733
0.5624727001756009
0.641197490530216
0.6945424311024018
0.7566406814455648
0.8158397678647736
0.870434955150847
0.8970044291109195
0.9149499301378455
0.9025205078432248
0.9001813648384533
0.9027977729937819
0.8994761251439259
0.8435413391958202
0.7442793428465104
0.6111752487457786
0.48967304627828234
0.4008604424266328
0.294425688716376
0.22064954526467812
0.2254473825024623
0.2809536511570375
0.2732412361023112
0.25116557129467126
0.25294577703805365
0.24802891377340305
0.23187042632516341
0.21281467186911335
0.22623781947606203
0.2259157609591593
0.22280014449507238
0.21436176983145627
0.25006279059064085
0.27175456245047835
0.2584395457855441
0.27157668277216357
0.2923702634113182
0.3085823150565652
0.33982700846348274
0.47091070904289506
0.5924560096805801
0.6772493911116595
0.7272132362240177
0.7972869575432632
0.8651540863568139
0.8996700824967219
0.9194119774611085
0.9247416029326277
0.9337811546298295
0.9092827873218942
0.9034322423659497
0.9111180194394953
0.9298506777108397
0.9059044965163839
0.8283246734282562
0.7156483707041078
0.5729308611448609
0.43239187100467713
0.3036858070966184
0.23581344279217367
0.22504734504356091
0.2189544210869852
0.19368928696817622
0.2211882989914408
0.27520025427866224
0.25727999326426054
0.2625954232612949
0.2600661828296469
0.23604683360518505
0.2523256104369366
0.3269166038177571
0.3655886123515147
0.3254630689364833
0.2924093244385754
0.2949634942650535
0.2886823662293896
0.2779305364703837
0.2800166200743577
0.38377225825147554
0.5042704723997182
0.6239441852209622
0.7080720405408196
0.7657191658577817
0.8315159518081598
0.8993767110761595
0.9161916575418512
0.9010008841984012
0.886452921546608
0.891098294969973
0.8936813963520257
0.8993870433342601
0.9021402215652868
0.8872230076650075
0.8353144916529225
0.779448117742966
0.7179121510904806
0.598402515793097
0.4599222047820126
0.33675044736632764
0.28992983787188437
0.25371802235449037
0.2502095963137714
0.2503689641341975
0.28769245132198507
0.28797977688577386
0.2860832748428996
0.2784286382816242
0.28179678697821364
0.2592977820934872
0.24013289917507713
0.2680983242945509
0.2987714201009771
0.32097201953993393
0.2813607986994981
0.2712008085445215
0.2895383453535705
0.264848901109369
0.2420633697987406
0.27621586463683745
0.39590985293553926
0.485171791574592
0.5790257391518694
0.6719571854360409
0.7544949402299577
0.8241109121790252
0.8512569231313525
0.8654978361911503
0.8718202852648999
0.8971497590595359
0.9054074126217493
0.8981263594650193
0.9076746804480718
0.8695750699270934
0.8050745842055501
0.7088599737750663
0.6410103003607694
0.5265545893776652
0.4021104467538429
0.2940775333607949
0.25146714656156977
0.25041319556316155
0.2573342155900306
0.26486753055732215
0.3156728236783904
0.3329838236361297
0.3774642769138255
0.3921504841360596
0.41493409509527307
0.3868129200591234
0.4081554709994761
0.39360972067521854
0.3448769590252495
0.30849165375559456
0.3189169293517039
0.28066152540319295
0.22252585881598846
0.22884853739465105
0.3407773120129466
0.4375007644269981
0.5209316129231365
0.5940667897713994
0.6729700867133886
0.7239606548984149
0.769562061179953
0.8189910106719356
0.8573581465142498
0.858482546424197
0.8438264138027458
0.8334622300580344
0.8325967791577433
0.8322489484961162
0.8289918839751251
0.7787169857775635
0.6709685253325103
0.529557890498308
0.4139687134994944
0.3299836245969744
0.30835793425715247
0.334269583764164
0.35482993791407114
0.3788212776065967
0.41502970089882596
0.4161378942808422
0.3534616536788079
0.2920528893127941
0.2735499206367237
0.2724751963520118
0.27502478210722303
0.2960854314606582
0.3565210476212461
0.37296366957000965
0.3399981214182587
0.30546734502088624
0.29031558156241355
0.2904048619375428
0.29481886575236416
0.3159323244591191
0.35150555563385466
0.45433361926362986
0.5709152355316198
0.6553548747051847
0.7277407770162609
0.8024957012212337
0.8524692844664236
0.865297098062608
0.852786759974631
0.8483977157978695
0.8354365229717271
0.8144407775255103
0.7711773960713267
0.6907096401379011
0.610821521740735
0.49606946051468126
0.3667352530564059
0.2403097895415992
0.2144145277718241
0.2701972559801264
0.2813413759235823
0.26196815745960095
0.24076569949692853
0.2576080905649145
0.23852007451434537
0.25839176397942004
0.2791902763574007
0.2716213741166338
0.23676857239410082
0.27471466077351464
0.3529554871965983
0.3971934260687894
0.37690520704534214
0.30074718650393567
0.3031804109452504
0.3370114913694389
0.3355814239990956
0.27351112522680765
0.30529123932495383
0.43039639926599466
0.5563381053171557
0.6484187775674308
0.7032222426635639
0.7712551367865482
0.8293503583854483
0.8731328219463225
0.8700468048187339
0.8649115225781692
0.8586418283812327
0.8704671002546571
0.874586829980325
0.8751310615599458
0.8501356240937039
0.8118312183604527
0.7403818504427158
0.6425750574382558
0.5279183980231968
0.3832852990924697
0.2863749840701365
0.21197536666598796
0.2143111617140754
0.2037311742631811
0.2409407066786148
0.2409814247180937
0.25738708538796873
0.2720577837726534
0.2724188673481934
0.2768917564474509
0.2836223453055488
0.273130036789679
0.2138669764968867
0.18552657430852185
0.2488674288481914
0.30075843542249014
0.3067840369997492
0.2965234039161872
0.36640961826922835
0.4265975455757308
0.48121628847123243
0.54277088446432
0.632675877775394
0.7083368146493324
0.7510474991076055
0.7766176333357733
0.8087232553431537
0.8462136229655578
0.859578355291889
0.8775292929275919
0.8512090489893153
0.7809578621873028
0.6827854726418614
0.5732793006085359
0.46162415618218733
0.3112258432179713
0.21062724040317568
0.15058137256239165
0.18709590277279156
0.24484269543051146
0.2752106965927662
0.28395293787593967
0.3177524315460166
0.3727448825731489
0.36156809520072886
0.3628210251851748
0.4024796278796898
0.42323595912987977
0.3735559962838452
0.3231612919587702
0.33282728033241454
0.3625547179455577
0.33983398556590627
0.3089161542723019
0.3604550270768594
0.46160535638035777
0.5542040902164511
0.6280075020522318
0.6974513595595586
0.7351038850688857
0.7799383728571041
0.8309725465202062
0.8801763105021818
0.8893871107968006
0.8946412078401659
0.8933861370226668
0.8571875684609589
0.78470588117116
0.691752618638401
0.6102622618757403
0.5120943920494445
0.3693825148752528
0.21248124700201915
0.14746744831902794
0.1821905471865881
0.2057248746027033
0.2073907760546753
0.2063294477260897
0.2252501492218688
0.22419035593675224
0.24813081527462139
0.2481106185346281
0.2961288438070276
0.287975912665855
0.3008981227306691
0.30139645977419594
0.36512336688518077
0.33316041252202955
0.2937056380568187
0.3067853130289458
0.36420946653388314
0.4181921053684378
0.48030127148563595
0.5763902655055159
0.6372869677526185
0.6870374574976197
0.7347291084747692
0.7785848656027543
0.798631263071758
0.795995824405425
0.7814791238157973
0.7536134378047961
0.6969735996450909
0.6095423227136484
0.4986437632189155
0.40396796178730443
0.33330309807803427
0.2588696591178258
0.22012002911155923
0.2089646935824664
0.22627482802290844
0.2461342819385939
0.2819867432723002
0.2876506251351846
0.25187375258496314
0.2502241837827871
0.2837961156705987
0.28280730079330574
0.2601686475746661
0.2616642415130399
0.27874245484741456
0.2927569179873109
0.33685473133611166
0.36304502745948086
0.3418721090962359
0.32517954731934917
0.34311268545796597
0.41060962758230257
0.5188332223950258
0.6371400303133927
0.7192771768214414
0.763505981507759
0.8209675105032163
0.8779582450745969
0.9202250610251418
0.9081335797225406
0.9056661046056076
0.9130670768899036
0.929042175049457
0.9324796047395962
0.9269764787236199
0.9188017589386923
0.8688166399715834
0.8143976933436524
0.7360492080927403
0.6357640930427323
0.5005017959654379
0.3285890659145038
0.20337312619307352
0.15700396330256697
0.18943849581913413
0.21081843756804602
0.2269754326877308
0.216832449130972
0.2074617734863426
0.21478341386322913
0.2329235117263706
0.21755056684798793
0.2535377213661926
0.35981151045163173
0.41440341556740645
0.3632977871417772
0.28210721107082065
0.23646356094917043
0.23167553869886745
0.26604637471184894
0.34060331376796193
0.43190820226138105
0.5418872974343313
0.6285942448977443
0.6958102436906171
0.7729845394852042
0.8035821101725397
0.8350218971182359
0.866179080646293
0.8939832177346188
0.8812332169408394
0.86250081343002
0.8387901139286448
0.8034979603805559
0.7750538015932233
0.6908982836970476
0.556075000485406
0.41456302102778764
0.31940776229020584
0.2568664650619392
0.2442770099892396
0.24035974837472562
0.26788299211548433
0.262055053057445
0.2832133389657114
0.30984806847619106
0.30506497697502855
0.30338009144708566
0.3258287528394054
0.32576253599850374
0.2646952015490612
0.2587216187196926
0.30060303206952593
0.33385382081209974
0.3269687783170308
0.3124520390910619
0.2588250250306449
0.23268431457766345
0.2342807918000709
0.28788329076885716
0.34134140403015445
0.4116281427611608
0.5138965099128905
0.6210744337861032
0.7100035632134272
0.7612762070031985
0.7913689063565686
0.7972431760957324
0.7917903141842537
0.7921572984985124
0.790421955297313
0.7363597804087791
0.6274423672432587
0.5194853542082585
0.3749157726694037
0.23241978685552764
0.16175635674585742
0.2033984762762215
0.23199170668794467
0.2251731408863823
0.2125449394455226
0.20762807069238848
0.20887980891209995
0.20945893488254053
0.20436275014551705
0.19721493172210025
0.21046095758119432
0.26264746165196823
0.25956874030977173
0.2243195047137279
0.2366819841694725
0.3114425635703312
0.33345668634555714
0.2692168964414884
0.23820215990869667
0.26049514821487413
0.3199766573243738
0.39873728146749265
0.5063581660885297
0.6189512534159867
0.6934962410669103
0.777248161106024
0.8523104784553441
0.8919955031760236
0.8725979292173398
0.8680678234135001
0.8513212591771412
0.8288502329935257
0.7968641720397568
0.75525401289816
0.6484564765976095
0.5136389742201816
0.3342986818499508
0.20879192188786824
0.19105098593209757
0.27125676065737153
0.27511026954124274
0.22305005671568134
0.18249758925583653
0.19172570110218756
0.197297224557541
0.18951529346985485
0.17752123491880825
0.171996572762649
0.1923146702204922
0.22197841435191937
0.25086293438336904
0.2585613524455414
0.2990892477546164
0.3179988050083725
0.28282406576379365
0.19656419173832212
0.1720813415226045
0.21323493279043432
0.3339766007821233
0.4784852619668358
0.6095873374257142
0.7149602426816235
0.8057060753374914
0.8581720167523545
0.863896868366696
0.8736019784924415
0.8702863479850131
0.8511785204764283
0.8363347837455041
0.8245843532940613
0.7974372206240996
0.7803911089985827
0.7134241036264148
0.5902493311285071
0.43714849150451407
0.3724541170806694
0.3264337256583961
0.28152608228721393
0.2265800798201251
0.22149883726149802
0.22793125035394898
0.21238955511124416
0.19909731412604695
0.1812447889442603
0.17328850753245834
0.15883896343237477
0.16138326591032515
0.1664465053270177
0.1711840006481538
0.22721745512503908
0.26145794517669163
0.31051690355514616
0.25126675650022157
0.23292346855159446
0.2127743146697224
0.26789878705636677
0.27680421600342114
0.3256391116815448
0.40640978205651274
0.5172268599696743
0.609044806308631
0.6853315035790057
0.7520140151266594
0.7995432669325298
0.8259231657421853
0.8354327912180702
0.8436180269548803
0.8265957455467478
0.7884119286800491
0.7157336455886274
0.6171657523082039
0.4937316768273189
0.34011859505281394
0.2201591942723073
0.199582112565153
0.24541760561095752
0.2662110733714828
0.23544149386281316
0.21286053100204044
0.19297852395742504
0.1905904533086778
0.18959857214682543
0.2063842874430552
0.20379752980524246
0.2009752075012761
0.19248357896933999
0.18920551271169225
0.22623305858707904
0.2693822881028939
0.24202692249103291
0.24178433145321387
0.23922004182263573
0.2513920387455749
0.23879023175193134
0.3249447371976584
0.3991824570262907
0.4978285962239988
0.6034332139933045
0.6866372005034358
0.7318064513054767
0.7692691400676286
0.81315702642452
0.8437443749028267
0.8522041836096705
0.850551990966909
0.8275355082220706
0.7812853918218728
0.7022998349358032
0.5969319688456776
0.49661058276887365
0.33933332952224793
0.21814264653804163
0.180110510460479
0.20481043062140103
0.19449623472747407
0.18634030322535655
0.18029492395014063
0.15717829868325203
0.1508022915894127
0.1561521485294271
0.15512626080093656
0.1632985627185028
0.17364922256720855
0.17495317121455306
0.1677910456321873
0.17703200397182028
0.20559940178971703
0.2435136080479699
0.2432864383463858
0.22077759491835827
0.21355091859126277
0.2512819475129923
0.296923721135425
0.33604645378733355
0.41042501177633967
0.5147767147272713
0.6175849292281517
0.6782076550100319
0.7333344809797591
0.776732833589233
0.8128573965209129
0.8389392738337971
0.860626238024645
0.8351058450757856
0.7918123720657869
0.7576633690342081
0.6910708390225785
0.5744009645351741
0.4398635174013412
0.29704374383078697
0.19958243880907195
0.24923328773991416
0.2906232402048805
0.31115126617166183
0.27352001030461737
0.27274617721890415
0.23781106935553942
0.27065327924745114
0.2752703472665745
0.2731635937731056
0.2504580665986813
0.29344955317406374
0.2785942777157261
0.2569110256693983
0.20243684161586867
0.21282687123754962
0.2450020432641037
0.28595253289775346
0.27856898083100035
0.2765247839037157
0.28350888572128696
0.3103958487208376
0.3178045104723159
0.3793713105313929
0.47890229527395756
0.6075481428694988
0.6991454776184677
0.7488455654895927
0.7936379729219722
0.8271788193587095
0.8562405613490192
0.8680787331634137
0.8459111735232755
0.7817061069475981
0.7046130741767038
0.5914783300971542
0.46370625031700274
0.29293481943564237
0.1960744641588141
0.16781430754722523
0.186840277003119
0.17162861437304353
0.16423786545189373
0.16687212472148377
0.1722535641663478
0.1828195605320867
0.17578729386375863
0.17094899130932878
0.17483421440953562
0.1757663929650108
0.17009588495282846
0.1733013753625348
0.19670547919664355
0.23712133642740887
0.2735369826863713
0.29515509679451074
0.24646645089001754
0.18807883257120145
0.18597014943761428
0.250666646596335
0.30801387307287875
0.3934388035888838
0.5252721120714599
0.6438103316667625
0.7177748399422188
0.7985064113959326
0.8712876951913378
0.895654841934342
0.8671356189092927
0.8336187619838221
0.7822089205795906
0.6913587255285184
0.573274353321469
0.4685540417691648
0.36408776311950236
0.28930311069635195
0.2455253011869007
0.24412776276269432
