2.8069387418273823
-3.84306098818863
-2.646301201621453
1.4054670389171144
3.6491598878373983
7.982682064421175
9.80054102903295
6.812286952773007
3.876159204965065
3.1621491927674406
3.0496146388957044
2.4475102152747668
1.2104736075694291
0.15495337937269762
1.0046808399509068
0.6585212923028917
0.13596033239573704
-0.308562696204604
0.020444138295618867
1.2168031077094545
0.16062021533017562
-0.05739504729171287
-1.3133573851656302
0.7719217633727917
-1.0361809667174906
-0.14986241640883027
-0.35304069079741934
-2.122164786153449
-11.343149356977667
-15.672142628199735
-11.041034331210387
-4.419145774619899
-0.5016398357357406
-2.473105672598743
-2.2588907335682396
-2.207757189823194
0.898394228675858
0.4043814659952286
-0.869786717307378
-1.0032528911977616
0.7735792381999476
-0.614782944965685
-1.0329947593609219
0.9472417526959384
2.597887804075149
-1.2244443278870165
-3.0787680958241
-1.1874475473993862
1.8663090200634525
1.3912667033517643
1.6009544779621674
6.446813908403622
12.911341988494721
14.186686369728665
8.124870660741143
3.897048391054542
0.8958830496686986
2.6434537194489254
1.2148135626487397
0.5115406064729661
-1.657522762859997
0.5262996254278393
0.47688206252245186
0.1537618216799082
-0.8514637982854131
-0.555127241048172
-0.07340134363164079
0.3615086773715279
0.3283102556646978
0.017689920360839446
0.25416641776049165
-1.5696718206054119
-3.932559560213465
-7.228694883659243
-10.889046748054755
-11.160670943348432
-7.666154920277565
-3.5160072912209035
-1.4747989708963445
0.41499225315564975
2.5233803187262462
3.613074342805393
0.16190929045037725
-3.1611245479379857
-2.4632824226394305
0.26479458198508204
-0.013808788187682917
-0.1434112702598594
-0.46026311915553114
-0.4390667571385261
1.3408731359566148
1.9224243064132331
2.1175184629487873
6.813309615683551
11.220693357753232
8.455649974584272
4.469652468623527
4.846333763123251
3.4503078968790115
1.358768038833294
-0.1683921529555305
1.611303631664178
0.9193698370403546
1.0413056406999848
-1.0884497136226772
0.32956828282973866
0.37853319025346854
-0.8730748288667831
-1.5370845153066885
0.016828695190800384
0.45340726018815164
0.5920609042551027
0.5275343571210283
0.43803745325612975
-0.08537190650343116
0.8375489563146828
0.8360362840242981
0.218510647848856
-3.494803815118727
-9.553632863658747
-14.554778836556336
-14.22662556814328
-8.23057662821582
-2.6486573992468148
0.29245084970749535
0.5580537671078132
1.628373640722072
0.326120041255551
0.38508061486732054
0.7370654184327576
2.0238142850057192
-0.5268994601086981
-0.723303417588552
0.31719997453059257
0.971729735225303
-0.18533436729585306
-1.3180846485664854
1.1793027385448853
1.9495397525887346
4.5916089667764854
6.929592623635509
9.354668966591724
6.798405082832373
5.135657719629579
3.143357863428725
1.5446793978994344
-0.1887683747923059
1.261858466293091
0.7629108137549561
0.6219208798100873
-0.8520983605594264
0.04445363792625731
-0.3313956220706416
0.038977177693171466
-0.038765707874721805
1.302536171393798
1.0667304923040393
0.6602190611346949
-1.771438975458934
-5.366547019257362
-9.864202330616315
-12.39853998744878
-12.384924834717914
-5.916304893698244
-0.0297954001923682
1.5154380737068383
-0.05169167370828168
0.4255639023221551
-0.009375556755889558
0.08189496418173987
0.2716832844982629
0.19494723471851008
-0.6950232250903451
-0.7571889111353557
-0.009130372838375488
-0.021913818517488935
-0.6996724655930705
-0.8800682056524121
0.6536117396094205
1.3261663783303848
0.25569170499436833
1.8651023787940437
2.214711562194004
2.4059069707028975
6.004283354490931
10.186091447246776
8.008049994370596
5.263933294521651
4.0418937251074425
2.527627969148531
-0.25088420701687797
1.656905169289739
0.5757953246776679
0.40470116100154974
-0.6885107512201241
0.7456596141917542
-0.5424243966872541
-1.254521749802462
-0.9106331236038999
0.5817591575988889
2.119133004728558
0.4787304112086916
-3.2228876529903543
-8.521451623283635
-9.989200085284835
-11.890680919168256
-9.331975779655593
-4.892475005487666
0.09839234714900676
0.4572214084278264
0.5421902554191654
0.0884170781774939
0.17605449121334113
0.16560528169093927
-0.2627750213279599
-0.699699264417192
-0.13229374105379157
0.8337004133727118
-0.2039837898698767
2.1145437606208453
1.0886350259954836
0.1856840246955589
-1.0625558274636153
2.0953129321079516
5.013929528786512
9.123433276766331
8.135776649385791
6.588759714241293
4.583035593906254
4.325493386863157
1.302597063381217
0.42722688008674553
0.8780965999059474
1.2257976586794506
1.988245408903407
0.672450699949936
-0.6293401158687284
-1.1104311301704723
-0.005927493453745679
0.513709387714449
-3.0459768421485585
-5.1650329465300935
-9.162457057255386
-12.039113209800034
-10.286416382625532
-3.9199293275143607
-0.37550533369714556
-1.0517436667916766
-0.5600947087392697
2.0380838083437873
4.006039914104101
-0.11506141688487555
-3.6569867190956487
-1.2645454123803963
2.068710815416187
-0.17089662270399159
-1.94248449314655
1.3061006110220825
1.9672604121708657
1.8443252941599453
1.096531251642247
7.073580237698168
8.922187656797316
9.017663676954998
4.8452540205966335
1.617733845849442
1.2131335422264808
-1.8923067606330402
0.6309238178182497
-1.0164637816849877
2.9040908686759472
0.7719153760534342
2.6179376718317875
0.6822581058540436
1.4503072829973724
0.012657622214028922
-1.50595567850314
-1.7526025088298876
-0.6008813613173513
-4.228099013302346
-6.853423582771467
-7.893513894500685
-10.06075661568626
-11.545864891387543
-4.553355021629371
1.3654466258257922
0.6873571437277933
-1.3590904851248953
1.3673567633530699
0.8293165376843988
0.20681351195762834
-1.2402930726771944
0.18117891085865875
1.449565572690596
0.11554662219622633
1.0744455614066588
1.4804704457788267
1.1901031985067365
-1.3515543446861638
2.147757168176112
7.82853246439184
9.338573259856393
7.886535159701739
5.111699057261299
2.2629689574483693
0.4704358371191796
0.7443627089163489
2.5522214162542323
1.3545997077509546
1.4255286712614097
-0.14997265050628758
-0.08747036593459909
0.07559879998047218
0.3265457574147724
-1.0979732774577973
-2.596893751025318
-6.262766712245091
-9.562526961818135
-11.061847572083874
-8.342352190373072
-0.4361704361222423
2.702491945565279
1.359628036420884
-1.1119306468004615
4.368101463493864
0.9804306196746938
-2.0234001802314467
-0.7389281169812738
2.2386927050826557
1.0555925016274186
-2.3826180627467015
0.005544027132725635
0.8153327267105932
1.7401486383521776
-1.0023633279852509
-1.3033374087526923
-3.3859450341941852
-2.901219725779986
3.3692138830866973
11.104011996462924
9.3863626532043
5.135727446368475
3.762874355470731
2.0604733892496467
0.4335300530526769
0.3841450609050204
-3.8330103267380227
-2.1046109379946896
2.75725399048499
6.447256814175245
-0.021260136002588855
-1.510684066210902
-3.630526891002614
-0.548339188156963
-2.924829226280682
-6.175251675004745
-12.421287465994597
-10.626618384764777
-5.341003680559438
-0.24849292198879636
0.5378708828213404
2.7640550077675043
1.1857827356366049
0.6261314173726273
0.535483551627692
0.5389018898123997
1.0107321255391957
0.786705051646785
0.7609681487886204
-4.186171046351471
0.5035390070510821
1.3307398690376957
3.27170204683171
2.96627794469106
4.76630601819877
2.0983379864037874
-1.684614067598577
-5.3210418062580445
-3.4001392534419814
3.974393753278069
8.939592986240187
7.829343171402826
5.37683333714533
3.8126424528702967
2.1737452602505933
0.22214882796404234
0.1687296038294745
-0.7172733844397231
-0.8866974074983967
-1.6328616009565735
-6.759322152574816
-11.146075541222809
-9.043115896947333
-4.6147309620909205
0.14218905718458236
-1.505598391331948
0.1380965019401808
0.1592606522599188
3.7776586683307145
0.08153514998177654
0.27186601739559985
-2.7791417461706813
-1.0075167424780398
-0.24002116277021399
3.6624441602525635
2.779938296311791
0.13648442695045884
-3.214317462364489
-3.9069528413427372
-3.3703099314599587
-0.5142631059115611
4.099954416075238
9.245485852883796
8.068170197229703
6.962525811380467
5.045739638012479
3.3908374421571517
2.693298148544426
-1.1032690088178572
-0.736835983297202
0.2655428042303419
2.72977494623721
-1.6731995797319266
-2.5232728514887603
-3.6600703604459324
-5.047873249210411
-9.782141152862694
-11.468006031732967
-7.026703187202511
-2.9366970272036723
-1.1458497553177323
-1.1206618219476656
0.7362868346884476
0.46518170333438247
0.6180432457355617
3.053102331740329
2.2585681498402037
4.020637415038508
-0.36079111975757877
0.49420943560255126
-1.7850805029703996
1.0731452066926255
-0.652975321085152
-0.957108511566427
-1.1203821767085471
4.858407028658736
9.2143864997013
8.761138765180005
6.341436862268264
7.154439920612043
3.7634353009466137
1.9283066723768074
-2.712606756048244
-2.320562546347111
-0.4423158069718929
-2.296923959286742
-1.3768676863924028
0.742598320998487
4.278719989561288
-2.148904092740623
-2.6725087225092596
-6.222420516134224
-7.941321119898352
-8.366185211531317
-5.488408355784472
-1.8664678527811507
2.980473491069748
2.4817259569685257
-0.3818379988983758
-3.6041326369536124
-0.29063592883971306
1.1261881979917439
3.0317423507985493
-1.2493023900063482
-0.3701240282070053
1.3725870952481007
0.5863090724589648
-2.197531740125716
-2.1965039002948834
-0.16809026489784604
4.757207616913811
9.033222760741275
7.598315367803906
2.403712145385804
4.423201123746755
3.0455557614943647
2.2702933171316957
-0.06466765836840149
1.1700742062115932
-0.7071981655252094
0.17005156238141736
0.256250780226971
0.520522265962787
0.0024606637504122355
-0.5888905086831393
-2.0734777724166653
-6.426779613839471
-11.475218338612851
-6.200030858811134
-6.064455417216841
-1.7815910897964973
-1.295829040412038
3.4017342740484
-0.16285435369337614
-0.2981158357307064
0.7438028760367817
0.41593256191585415
1.8358763090699313
0.9175229818436725
1.632831935409644
1.2916233647251831
-0.9601876572102042
-1.7419246173258809
-3.553799705312096
-1.8786893778712845
-0.2151735154614946
5.1539150908743645
7.051986279687462
6.0212667674601805
3.898118884116414
2.6626380203779307
3.637529966233111
2.1011698350716768
0.4160300010179344
-0.7372354990029872
0.7938771939127116
0.8132741956849205
0.28788555584872894
0.16593574069579572
0.5500460118482022
-2.1908627233162825
-2.2668885673374684
-4.113623085810469
-7.8603847989869955
-8.60166178983118
-8.504256567142876
-5.248606241953775
-1.5803241257640441
6.071905822564061
3.0152678184439594
0.43374095891461817
-0.20899242737536586
2.0428618143434134
-0.3738120991419039
-1.0097871801666634
-0.8111772029549765
0.18926138848929652
1.513868613129348
1.2132167710525235
2.69864882176495
-2.7092405639590997
-1.0700974945511952
-1.5430427053206794
0.8538402770891903
-0.953410775724253
5.7772632532221335
8.426149552558712
6.350069110872353
3.4843615652512683
3.141880422889519
2.727670935134008
2.2530019694647643
2.0673586923537215
0.3531533798044052
-0.29073797435010257
-3.0286839946438864
-2.366224573094168
-5.5815322178857025
-9.730746504245367
-11.437069699095746
-6.61026895333762
-2.0037392214760095
4.6503722433271015
4.501644079854756
2.8706343120004454
-1.0446813749600818
1.4882878860408115
-1.1066103507549547
-0.8376433126137589
-0.9859632707108773
0.7545240044548631
0.07799800957574708
-0.3379421514540624
1.439943111777071
-0.2142114683662737
-0.22265333297560796
-2.4669571014703235
-1.4814079162690306
-3.7886801973385147
2.360218038590988
8.161071480044525
10.27339177935911
4.97613891302653
6.149515515563134
5.455741639706983
2.250947021283473
-0.8913225697626599
-0.2860219369558661
-0.08087789114153103
0.5214967568156521
1.5003234308835887
0.688894986937897
-1.6131011318514938
-3.106271463093434
-5.369233407736373
-9.470772255361101
-11.189085204720373
-7.354914960118174
-3.0315039867141502
-2.9770980224294914
-1.6615156311974655
-0.20908459777515565
-0.8408618934672605
-2.5446863608001875
1.3141715632693742
3.5525323832080606
2.297260694288945
-1.0460851655110859
-2.676889720807489
-0.2829260724254743
-0.594510338506619
-1.5901651511559898
-2.0471212792398132
2.605536039960154
6.103786901797882
9.476700339192124
9.503197335379223
6.187943750492418
3.2867080466625658
3.9145348887672258
4.1894319451637
2.1992895991208923
-1.0573263629508747
-1.6633181415212344
-0.4576997857664339
0.5554736897407557
0.24162202300013555
0.7219476738357866
-1.312298066757819
-3.814344552064829
-6.089257081638663
-8.92557015829486
-9.771668723092624
-2.7537570238486375
2.082153844908726
-0.26457495301212947
-2.8632040495856366
1.7791310395200166
2.861067345678806
-1.0981855882385714
-4.217227110574615
-0.38193586333765783
-0.25222174841954315
-0.25575979010704913
-0.24071925231434124
3.002223025240282
-0.22627951743551875
2.6764210594690896
3.262124211058938
2.569306870335325
-4.103764098689789
-3.451517985133477
-3.0277524999978422
2.013616760354443
5.034034079389522
8.400594284400023
6.454493763682962
4.594655726392273
6.58902337188105
3.779827975353584
1.4237614824818159
-2.0923150329817766
0.5479562036374425
-0.4718527400332075
0.3768801636508824
1.2075377096632776
0.3715794453373393
1.2122217390327172
-1.3248267395092135
0.19251134519025978
-2.472162521424986
-3.738755202832045
-9.269160141325127
-10.786064802305642
-7.951612122361381
-6.487682392048694
-3.107809559747092
-0.8234884918407127
3.435338697979323
0.47684988441567727
-0.3000054070823342
-0.5324454093342952
0.3566937837883302
-0.14178407579518787
-0.04329329671795397
0.0049562624510621255
-0.13063728544778735
0.4812375094163836
0.8410516337546873
1.1956970059052054
-1.4789945707576344
-0.6684291065774619
3.6240856749517665
9.182045423539087
7.7491370010446525
3.7499128607759102
2.032710185193528
2.210551418819834
2.3361201909403597
2.3496773850834094
2.7539910671953174
2.3559158647344085
1.2832100843612724
0.5970156365801219
0.022382617663731116
-2.684819570147025
-3.736660311968131
-5.422814567109563
-8.95043434114318
-9.43216921579817
-4.980394124018216
-2.758438662177454
-2.974649201190657
-1.435873070842399
-0.5918762858232973
0.4615557278689932
2.238770140527058
0.9488102947588185
-1.3734369629272185
-0.8194100898731427
-2.189124591691044
0.03307987562315561
0.6252720899453662
2.0507837129164677
0.03233143277807721
3.032002082053368
6.529202987811921
8.557604869817823
7.104262641470209
3.5631849671575737
3.163073339492304
3.516501169526403
2.5952753940537496
0.35761451964993585
-0.10652790878595991
0.7825469787165616
1.7986772986275068
-0.4453136972890737
0.7450982169691379
-3.2906024949538875
-3.1395283191737953
-1.5321165248485518
4.492193309304898
-2.780191444790063
-4.828831917499922
-3.240731216833077
2.128956671579335
-3.2042077877397968
-10.849979022978271
-13.007316990119852
-3.8636103928598735
0.8605273665425196
-2.1553835739537295
-1.4017906870883754
4.530185977959214
1.8363243732562073
-2.159595317447974
-1.6708613215412893
1.0705319547071623
1.362132764066386
0.5465474482095956
-0.8512664948483094
-2.6388256749392593
-4.466789675750891
-1.2574241283825751
-0.5022202293388484
0.22641969118872934
6.870207724328177
11.815704101592
10.054004230770952
4.2419190546880134
7.80485793329222
4.5207397642398774
3.3198730754970076
0.7414883872588827
2.5073748902485775
0.6266318263158398
-0.21554350997608054
-1.2238037860764353
-0.3840099340007615
-2.3217065099778633
-3.786464403878178
-5.63381939028746
-7.942622512525218
-9.594810027466243
-6.285169288401486
-4.756836399125661
-1.0497582734371094
1.7032855942425376
1.176866182500357
-3.006085046798532
-3.241368010865188
1.7084851994841226
3.2619846276816364
1.8333442871095604
-0.9664588838142593
-0.9440744651022507
0.29527455365384453
2.9482730495921126
2.7964283918522144
-2.1716308034184175
-3.5052539124803905
3.2408700018526737
8.50054407091516
7.318557576669851
5.195221361709499
3.9803628083483606
5.34903511080236
4.0145218941384835
0.6678370301104211
-0.5614933277997878
1.3979853803344207
3.115562405305661
0.98483197692999
-0.349356065305431
-1.7108685163252608
-4.044640638468681
-4.474863660260776
-5.638662503814646
-7.930659615892084
-9.648132623634307
-6.7224313336480135
-3.3199952280932097
-2.409773496274687
-3.3086314168515893
-1.436018956678697
-0.12555350967693604
1.3925573056001157
-1.0939687248087782
-0.38633935786140683
-1.4504493234718097
-0.7874700698172693
-1.3260978767154183
-1.3820243621793078
1.9254471826238941
-0.168953538886482
-0.607060769228976
-0.40590574418144154
4.5625433705626
7.139379883036339
9.429445678315574
9.459429575406102
5.052318665641786
3.275101972910974
2.585521088631344
3.375805958662149
3.000663041145208
1.3635518445308723
-0.037040984895871196
-0.046635047858898285
-1.0724017421278942
-3.2729470665373563
-4.206241418665641
-5.985359956782443
-7.000739428827834
-6.716000485625858
-5.362370122347398
-5.787470399587596
-4.008454796257457
1.2585493632438562
1.9712205564720824
0.394994538619872
-0.8696255262503211
1.8443074617110427
2.585470328796892
2.8300584207771218
-2.310433138013526
-3.121884358962441
1.7714754734521672
2.726752864435645
-0.8798916043965228
-1.0839113972457053
3.7338169192261446
5.129222644653926
6.410242731431842
5.785730250003598
3.706122266862588
2.704741332113492
4.0456865942437785
3.6953886366995174
2.7023648256764314
-0.14496876340230835
0.0335087173382528
0.16221221999282634
0.8570477980046086
0.3067576609780079
0.2875496782613459
-0.6211068285753198
-3.1248031028752354
-4.023123338634622
-3.534150339245777
-6.634769899325071
-9.011041511693765
-11.025212415087685
-6.7550951229942635
1.4787122186993715
4.269811228330611
2.1724486063119555
-1.8197422091276498
-0.5923953514473382
-0.9247900866538168
0.793998370216313
2.1442353955902904
1.1586390388424377
0.8765769503963147
0.32060134153863373
1.968612868882895
2.4968747897614563
0.3965151518402757
-3.6365014614796256
-4.034329877057329
-0.32432237666131064
4.79774572214305
5.990258594242168
6.8190742692068405
4.606560037685803
2.514867451721859
0.573897802573247
2.288583503413805
2.8368815291380587
3.203113250040115
2.118789631704411
0.6982401950755787
-0.49589363415772003
-0.8904146672078418
-0.19620451426542568
-0.21817186234001776
-0.5225331525240349
-1.40914331731106
-3.243466330842728
-5.863591881683873
-9.189645235748447
-7.541305669678299
-4.757069350210321
-2.9725374909977873
-1.681922445536336
0.40397041358860786
2.3207552234836903
3.079281139312391
2.7018513131954807
-0.4083146434322432
-3.337871715756807
-0.7700381440103659
1.8440551379915342
2.749452690335977
0.4338637687000726
-1.448679408593431
-0.2970584196682904
0.3110282640925801
0.18767722862303726
-3.4550451214000586
-1.1972922022620796
4.184675295971832
8.523341110766106
6.578538982673642
3.936104444258139
3.7832218973950833
5.094502695545518
3.242005487425228
0.13499968004288987
-0.3404900523403159
0.453225274965118
0.20827133924933813
-0.7203479112719664
0.9103422238254761
0.03230452372987098
-0.8810793427814047
-1.2394104733543359
-1.4566942584411453
-4.968929857403817
-9.145838422671577
-8.910481860342566
-6.222177194098552
-3.5809402824611616
-4.186689033184813
-3.941801342729564
0.0023857657242461164
0.873504110346002
0.4751250557748572
1.6010755133574999
2.114970411067861
-1.4506825200165117
-0.5276770408186062
0.5316446864371945
0.09930956193068229
-1.240536488914231
0.6678071588888798
0.18576439823253132
1.7011906683188163
2.167815542181036
-2.2265686244923
-2.82876543431768
1.3358477029078728
8.499962269472588
7.728745683309874
6.124957837500368
4.178301609034212
6.362795555680796
3.996224951846824
2.0583921960432585
-0.19141787186613196
0.2660666574354771
-1.3252262363917497
1.7662400255954385
1.4077071049683563
0.4184284999076475
-1.671664208401777
-2.2056281338586223
-3.7446487035730067
-4.144448100475018
-5.438846919044718
-7.991150772821621
-6.451801397164009
-3.8673822501347157
-1.2071633375121213
1.242207845437343
2.0243765407119225
-0.46039668662840766
-1.8488573453121255
-2.4180705069484247
2.9975189101245197
0.6718018009722675
-0.44047037958786345
-2.4709337962473543
5.1369914700411865
1.654263826719949
-1.4704440477602767
-2.998860416904002
2.094200774695917
-1.2515064875128634
-3.2841266850425206
0.09776877239780601
5.551888560440417
5.941111942938315
4.6227577813218925
4.7234874212771745
3.200696434331327
3.7258950205899963
3.5519451851519723
3.2757112371645887
1.5941684376044392
1.0767300616156241
-0.7457653376771278
-0.1403485802862949
0.1569844893197248
-0.19929887099132898
-3.356087156886536
-5.955719780958924
-7.986245646044367
-7.290132148048633
-5.328756231099274
-6.386085222615773
-4.426568607102124
0.2878702342670058
3.330376119274703
-0.46274490328360474
-1.3245398884584723
0.10681234460292673
-0.2950117958790528
-0.9695092468944334
-1.1433452673628253
0.8053888564169667
-0.01932351101416484
-0.18693698784522603
-0.5063024798168871
2.1420612455511963
1.3015063115903243
-0.7989009998960993
0.7882282191970436
1.24761483834935
0.9727230987148736
1.8746816044151593
7.86502203476351
7.292718038261516
5.087602885865053
2.9978307067410226
4.204423279154969
4.072027728813275
2.0709597683945957
1.1845136978630113
0.3197775282911745
0.542373101832134
-1.469902038476202
-0.3510326973566153
0.46114662441276666
1.1239594962807282
-1.4367708716674295
-4.654789385286936
-6.760578163449289
-8.5630505735553
-8.432339408409709
-7.7223638344839625
-4.072341858266916
-0.6459658649168022
-0.36557543739448534
-1.5159080471286253
1.6499407213959683
3.2407173172334707
-1.0752156608639336
0.3189257998220811
-0.15175442589889096
-1.4411609534677918
0.9767266099049388
4.475459602849487
2.3203205120255865
-2.407532604901507
-1.9832246698745855
0.1532501895886949
-0.3768676821398579
-0.6451097855402534
0.125165016238447
6.225338290627425
7.2298928488949725
7.180422769273514
5.047671319191734
3.4588275190179187
3.9478071570229156
4.07164555607934
1.0088967879415596
-0.9114464006070507
-0.8728777591074522
0.27872240540191023
0.1549860829231741
0.3423388189340843
0.16519069386157742
-0.895032834016811
-3.114510960725278
-3.351982434597582
-3.6921579991485465
-7.170578117843421
-8.308818660665535
-7.390305444941519
-2.8092365696661576
-2.1727089310437635
-0.21050556244315152
0.009562069225566742
2.2394092312673806
0.01723953382732888
-0.11379012257246338
-0.4592781936764527
0.20208892179537957
-1.3499402930836637
-1.1498929751046691
1.677925507168163
1.8403857483856791
1.332035966337484
-2.3766732504262853
-0.6095994092985004
1.1002522085430015
-1.481366654652174
-1.3671318786374893
2.0491496902859274
7.181639297922517
5.355716318343469
5.6312368546357625
5.575886777050607
4.952265287635289
4.17695831694429
1.6287606571393816
0.8544547835879165
0.3793469444249957
1.5197684276782473
0.49545921373272767
-0.4368631894038248
0.5728992589831808
-2.285976631258342
-3.870029143292819
-5.772876625829359
-4.070980404858041
-6.867342658985182
-7.466648557429763
-6.481974803583248
-2.556623207953653
-0.06323705990448303
0.41526120161216734
0.45199889803751797
3.048317587264268
1.0386599974641972
2.668827196661899
0.8811724333340943
1.3670166575525962
-1.6872705021690775
1.2805530564212348
-0.8727450194555016
-2.923965698997685
-2.1831183161794208
0.6255165357665959
-2.295324236910788
-3.4881399952317236
0.37936071471977684
6.715726477098114
5.80340714484342
5.005850909767522
4.388110610896022
4.734197816519625
3.0594340911010955
2.7360843768924403
2.965736969519126
2.302028150538984
0.06746399459681973
-0.8793679572871194
-0.6218510246827178
-0.051927054017469505
-0.020869839697624862
-0.1954238712594747
-3.016493891853867
-6.464907626703563
-8.484638090050808
-6.935350619929213
-5.039105334151486
-1.2975414203891127
1.5546989704207799
1.2336212489944989
1.4394803815516142
2.1725053975334174
0.06649160292097767
-3.760574436122272
-3.684525861961036
-1.1101781205640522
-0.06448345708271719
0.15297514531268355
1.2636389612061811
3.6261369696347074
0.9865573169258696
-1.9779328891051697
-2.0718465838420235
-0.909105807508413
0.005356822507754127
0.26484022888929765
1.2668075224050996
2.1343938704842538
6.169683817786863
6.994896976079795
5.0663783504131015
4.34315413866482
4.485295452298621
2.998414994711562
0.769668815770947
-0.7506202852786608
-0.2633426506057085
-0.7776715695684217
-1.2597447267730826
-2.5958028872511583
-4.828065356005809
-4.793287103829219
-6.8851236735636165
-7.760052447496961
-7.585527810888834
-1.5537157061862636
3.346963692498328
0.6686471966073939
-1.162393107838949
-1.2721474777601465
1.0105434640792168
-1.1452809630342138
1.192301367904294
1.2479107426789091
-0.4541341344460395
-2.091168103352097
2.2767653027644736
4.694449585385287
2.6542763323316154
-1.2172931414069037
-4.569481232483674
0.14599346647889141
2.029864825451427
-0.08580404222060566
-3.7242179263366935
1.9068068458888794
7.506309596462876
7.556502363068479
5.524840335016824
3.288207905768173
4.08197364737929
3.4857132959334627
2.6269478136525963
-0.1851610276553267
-0.3081169344338994
-0.3761816518161288
0.7095163124055052
0.24718378354008658
0.032653894777249975
-1.4997262479742788
-2.298264343995204
-4.2869620750644595
-5.868407580266679
-6.87939956490393
-8.67798593584412
-5.8146189013403236
-4.463977044248215
0.1401477028852551
-0.6347992470536945
2.2325719449261494
0.0024430823687328694
0.9843396401925579
0.8802419030811294
0.02166501453240389
0.2683733459554063
0.40383533148589745
-0.6295385109522236
-3.555783617566982
-1.7004241313019886
3.8004512723803896
3.113460394458101
0.3615360946354874
-0.6156379850137556
4.193172861182708
3.611275638390353
3.2771245737295844
3.693275759585463
5.394299598664749
4.539656212436561
2.5626410674959845
1.5342080536901543
1.9263373204429353
2.249422057343894
0.8018839395799161
1.077056258142234
-1.579214636296685
-4.21507120812009
-5.890343372726818
-6.570370321999902
-6.699308665581297
-9.023898777851551
-6.035916168888081
-3.6027520704472464
2.190871812624119
3.464807559462652
1.822080069735388
0.524534476990438
2.0279696202043
3.2995470616281253
-0.6706072423452417
0.07517579906675992
2.3795161616705305
1.2453798750114673
-2.980797770762242
-3.023682259504674
0.5799593024185704
1.7836462567886917
-1.363243942779164
-1.8550698776163677
3.0923323682729658
6.069019758210247
5.555924030165917
4.428204710146147
4.166631450439848
2.2591515305597527
2.6900692672932576
3.06205041978565
2.952225838918702
0.5526480176771557
0.3152458226019374
-0.07530424904993382
-2.171914113702597
-4.348901237388179
-5.577195751965859
-4.889421405758878
-5.890072189578081
-8.562712630451989
-9.414076072392549
-3.900827920979694
2.083385932053727
1.4120596449669933
0.09995408711830348
-0.06367969971513983
1.135242089746812
-0.06358759710699796
1.4364275602719243
-0.0012118043995974072
2.881093516344133
-0.489175868470384
0.7753326038887274
0.029900222611610218
3.823614426659307
-1.9177772617887734
-2.367286467912785
0.7847804983276698
3.4454492102964367
3.2389583300727742
3.7265499670320996
5.765339641193123
3.6538021348263663
2.985029384699604
2.861499058629136
2.6313454276792534
1.2027838481402915
-0.158126319979954
-0.8710020353777133
-1.6719411606601704
-3.3983902895817804
-5.245876615886847
-6.6539135696843505
-5.680548085896988
-4.239891822555547
-4.466006337612763
-2.324977800376125
-0.6693201317456086
1.0386080664263606
1.191567234941196
2.1511476800225013
0.3398329117730807
-2.1466123530129506
-0.0989741281305679
2.0143159132688107
-0.059328892637568624
-1.3583191931184542
0.0897356363024322
1.024692800062537
0.8408677883936495
2.6458688009281954
1.5714177674022416
-1.2703751017947706
-1.0015537066130464
1.075988288317069
4.049816527460426
6.493415688763765
7.0984084751009044
4.928228790483202
2.653728281179202
3.4476917397268996
3.4194440742830303
2.5360089570328403
-0.7254888781561121
-0.1480485070159578
0.44405833705778747
0.9585058895732547
0.20624578140836797
-0.33018756095852975
-0.4904831870956817
-2.999107138026704
-3.265136797676046
-4.700909115053991
-6.017106903000824
-8.115737824638126
-10.314763803054431
-7.512956383286245
-2.782149773430551
1.9460719509941407
1.282796504934513
0.9694197071811412
-0.6085790134055626
-0.562240538677796
0.43929842261312374
1.08840587178855
-0.9223766927030127
2.1592292710924044
6.376427345125349
3.2755143069466692
-3.06633770553793
-4.871434564256631
-2.738619007299169
-0.28728133501819486
2.0622501607790067
4.47341634336608
5.4782933096054585
6.598745710377389
5.202416847805076
4.032959927571736
4.63045774767549
1.8358542412402334
1.8863872167418834
1.8694310116831323
1.6682482252996393
-0.7650000476268017
-1.123944210648988
-1.4226419700825974
-2.1175292128854544
-1.7066495272400488
-5.0493310737697525
-8.089396992698957
-8.490718767457587
-5.709315524255232
-3.7524778336954108
-0.7553673043620204
-0.2350356968708517
1.6513946244456164
-0.34967634348230664
1.2694971544960565
1.5980837706288717
-0.2869854900697062
-0.1010931316765786
1.3469196835392594
-0.0039730104540982615
-3.664040066965981
-0.35841496976213344
2.5128848009901414
1.9950473245545421
-0.41310254970407173
-0.8710043535581842
-3.2176208436252014
-0.7842213135894051
0.09578863334445176
3.216149938127359
3.207486795677336
4.217204323860619
6.136102029104132
6.430675432393127
5.335747765638606
3.076358627386457
1.8055619612023093
0.3524561843498431
-0.3271717146886676
0.022019058855519278
-0.10412059207196936
-3.2437304933122135
-6.535044789930202
-6.477420782100385
-8.67417489233178
-8.549759148831226
-4.239805806580454
2.4985271718219875
1.7155938247034868
-0.4091139480936783
-0.7576920864516243
-0.2950121251880645
0.07510429318269268
0.03474755822642906
-0.3057710842214258
-0.4288691054050325
0.7947615515456893
3.131190244245945
-0.18472328053180048
-2.114954135762749
0.7417487673445595
4.485634764051776
1.3208473665136329
-3.8543873942443443
-1.8608841919672119
1.3375792983707235
3.5688905465701835
4.7256374485874
6.457253077261212
6.755585239647803
4.472699259055673
5.0251152023471075
4.503739040958503
2.381101483240904
-1.1638544375210942
-0.27180634823034094
-1.0047938541815908
-1.3482615710170076
-1.9191636572262418
-2.496609548495419
-6.407852178033391
-8.089050142646137
-10.760417542214457
-7.530405597723777
-1.0644561573463007
4.812346483516711
0.2312105330322854
-3.123612769533195
-2.433148047590827
0.5536867107810931
0.3342914073211544
-0.4669158652611959
-0.7196435130628368
-0.3314797293695731
1.2190858474704007
1.7798246478857311
1.7330712018870789
0.46190508373036804
2.4316737185441215
1.13457343522543
-2.110484354674852
-5.175592441528586
-1.4689710129428286
2.4692154760699303
7.244500079501752
8.670519671081392
7.866124527533156
6.322374315354915
5.444749959352382
3.1479564848912975
0.34349109686050605
0.5823066075447623
-0.19893783044571142
-1.1464696505149126
-0.890624203855503
-0.7050258270866051
-1.6288279601977955
-1.022766697530857
-4.0180203223302975
-7.390486349874886
-9.186050377438145
-3.8816624654309013
-2.761223485336553
-2.6944586022710846
-3.2967601480248145
-0.3048745535176418
0.3859447855470796
-0.9325017145623423
-0.7975344591117081
-1.0711515109072598
-0.47737688470814493
-0.866972646005063
0.15265814867699845
0.30379436500157125
0.28424971926818204
3.36200726861259
2.0544294030992702
2.9435375027074393
-3.555008823295678
-1.1005972769174543
-1.2089492329123916
3.30746834319885
0.5343257368232928
2.9300937406869614
4.846240222498351
6.649024674790073
5.509076780337714
4.577201836221769
4.000950692859449
2.8517551083523807
1.582793928579084
0.5705775285531303
0.49111414420863214
-1.0213368844880113
-2.2910290120015637
-4.360696985485547
-5.914073596825745
-7.406044528853522
-9.216784906468856
-7.197564046830808
-1.2346249024293268
2.7501295827484267
1.2476080656313224
-1.8461747705202842
-1.3548577716464398
-1.1929204226767376
-0.14328423892484268
-0.05951286971114528
1.0071429177738433
-0.15520545826874027
-0.16933933823799172
-0.5094977119161954
-0.19668397545887514
2.2216527525228598
2.588953770949038
-1.6413219367117515
-0.014555462269143222
-0.1538573778346645
0.7303198153763928
-0.7561084196186576
5.169270326742814
4.4542631897181915
5.9187683518628225
6.336277066158705
4.992239190607096
2.7101550481226098
2.2477613257292397
2.6332731814136365
1.8352409086981143
0.507588522410658
-0.09913155856569608
-1.380988964690387
-2.775006984011429
-4.73913341316445
-6.322071965407896
-6.019283164607294
-9.43663519479808
-7.271440979052791
-2.2819281646538885
1.4819952096550908
-0.6188517536356527
-0.489355890127079
-0.362722756512976
-1.386997516013099
-0.3825604256303823
0.3209914164008831
-0.06155326370943642
0.4903381150538976
0.6210395909223807
0.07823691884067507
-0.4297275349418783
0.5544575003780104
1.7140438690739022
2.2748523754953016
-0.01363018209504361
-1.3505306056817286
-0.43360057962575493
2.263861735303902
2.7385064173455316
2.347363959114648
4.4627134793406205
6.261102177056252
6.1684928700518595
3.63736354691302
3.3076095581838185
2.603901156568026
2.167473775900922
1.5649126387731374
1.3012178514509494
-1.531223576931327
-2.597608380600066
-2.048940181894848
-3.995551800698001
-7.00019246924317
-8.072246828030432
-8.569186414233743
-5.847678301303233
2.9790509358500668
2.4833971478981223
1.2316815580069496
-2.257875352022315
-0.04642998514279559
-2.096106471802003
1.9705325935148152
0.277024081147359
-0.1264052096081408
-1.3623316304655362
2.5794891945230924
-0.8913165275001195
-1.300995122779743
-3.2684510432119622
0.6234017773008925
1.9305103215929438
2.457029378019125
-0.4430131240052123
-0.12265181563705899
0.419046109054299
1.613217779973129
0.4445197050887237
3.6940080035440426
5.971859084554219
7.718750855732911
5.495840084938448
2.9820052722670343
2.687544445942926
2.012450786204351
1.7437045194186775
0.7102903088635593
-1.3300535784083656
-3.8523039945408613
-4.625581966252935
-6.788084644773361
-7.666324786809525
-10.246285852882204
-5.811621316608788
-1.6956093966954287
1.1415581673536912
-0.9126997578045806
-0.44344493526891854
0.15805555617541167
0.3228863666918597
0.6339597819443704
-0.4219360000996182
-0.2902981532658076
0.2331133860124234
0.05593071332850155
-0.3402304807309591
0.19232942458239072
1.4042462300466056
2.4249514338455405
2.1849387755378684
1.2970868464884415
-2.9213187542697585
-3.5032570991284175
-0.12652098801523734
3.8817898295234623
3.440833588592822
5.1254958309595
7.909998508955014
7.112293175718563
4.437870496526685
4.843894287223103
4.366877027724557
1.4620288045803362
-1.7111533815026891
-2.0110114155283485
-3.0845904842540683
-5.45101170306464
-7.085062332421855
-6.28321869313861
-6.267976718980104
-4.48707914538928
-2.626668570566665
-0.08385230545238685
