0.4571829250446323
0.3796649832640175
0.30729869647542674
0.2505117232620898
0.21872383781289034
0.20871547016747208
0.17565180493502247
0.1896305552235637
0.21497410403400696
0.23723893329142892
0.22326298110174958
0.2390216307816659
0.23237839825499995
0.2173880400737947
0.19195910448084486
0.18598667661819668
0.21652449250138384
0.25426302400451267
0.29795045196009806
0.2963309046664482
0.2664778668472498
0.2466060754460036
0.2485330151384774
0.2537806388383751
0.2356050932448166
0.26843797097655925
0.256745740978404
0.26826503784959593
0.2419033430692101
0.2251907692168908
0.1787502301438841
0.17790992721454799
0.18112717088095417
0.17956767153538924
0.18959022982407914
0.19081212864041114
0.17255093055332005
0.17509522880865241
0.20865873585165629
0.2506176305649519
0.26268791653085244
0.2790859904430825
0.25857017341442967
0.22658194855256578
0.2166885105245379
0.23564084601954938
0.19106798976766243
0.11810347510966472
0.07428594704076778
0.04791121679080116
0.01761163172559159
0.04600980871885101
0.09712178797423143
0.09856187151281237
0.08700386909787537
0.09875079271945013
0.11128743866096216
0.10769621420344852
0.10261941026200937
0.10165651078762512
0.09512374734116535
0.09497974255739294
0.10414298988151528
0.11735864420211597
0.12026629062956337
0.1701610723497134
0.21896678266591263
0.4016510796028871
0.5747372628310736
0.6850574561794318
0.6466416008838693
0.6448345674566025
0.6490540960727399
0.6354048067255837
0.5812302578279073
0.4618761258616526
0.3326734087663998
0.2741430610971172
0.26209345153907593
0.2622717566298465
0.2420344192103856
0.23418029207972713
0.220524970127488
0.21846754961242332
0.20893955293189684
0.20830537017232031
0.20595124703739662
0.20766138591614536
0.1977918718221351
0.2000175100104482
0.25591980991717034
0.36183714120849986
0.4479455204955952
0.4683498195790371
0.4668097130860846
0.4731582805179364
0.48211013944969994
0.5004997216587205
0.5233817506215401
0.5458980608200571
0.5571966958415059
0.5673669062363593
0.5683961893670152
0.46683242290154076
0.32764078118442674
0.23234957270530646
0.24571972263423905
0.26004204988734003
0.2626322807604343
0.2511192934584716
0.25909621532634014
0.27719644772817204
0.2807289551487903
0.27118358571726425
0.27572053728267576
0.2772651613135144
0.25168771163696513
0.23652925840999015
0.2634836613005448
0.2988046562927266
0.29961204830120747
0.35136072113124955
0.42234496378503883
0.4766278135439279
0.4718214733086603
0.47065190135480056
0.47897108894750534
0.5005291768795785
0.5227063723123593
0.5388810872190322
0.49910840895551106
0.3912086141940483
0.28494595471446715
0.2469644027029541
0.2336866667123677
0.2370663830810968
0.26350342665919635
0.2871571073931969
0.2836083054025646
0.2695010786719694
0.2686660940264159
0.2806487143700367
0.2958642873408201
0.3006086731471806
0.287886468857946
0.2541601499937556
0.23701052674616074
0.2599236959193931
0.3022527127316799
0.3656265482003677
0.4294392193882988
0.45652028956355123
0.43798038667120737
0.43345665323508875
0.4358280147760433
0.43080814452913363
0.42613292476650494
0.42296357162205345
0.43143715451506714
0.44464320950255015
0.43435453833076065
0.35260150461032685
0.27095353628616314
0.23056641480328405
0.23817654462873383
0.2519220672393378
0.26999552005908006
0.28027911736584427
0.28386911213629856
0.2767213114441327
0.26153914389028254
0.2500468584292922
0.24402133765704276
0.23756193231100622
0.22287106162214715
0.20550483105783335
0.17006031867731222
0.25769112001598166
0.4170539518737159
0.590284424323514
0.6686462064920975
0.7474544696202142
0.7876584511491224
0.8103943239424924
0.8191404708755314
0.8215836600777497
0.8145242705569052
0.7556516160955901
0.6704072553128255
0.548599508229267
0.4262056175726893
0.33843860540078297
0.3227273572042005
0.3255403583560941
0.3192105230950084
0.31703047388974936
0.3161719171562596
0.31371901343989805
0.3306939857022606
0.3674091817721348
0.3987134217926283
0.47547453375807797
0.5672286844430707
0.6734240837517762
0.7327861090115623
0.761171081315361
0.752682569482627
0.7575410703568664
0.7807206914853135
0.8114769234940999
0.8153777513219073
0.7929704169895047
0.7067861603500039
0.6119207814648274
0.4884620020443442
0.3965632181874068
0.335511990449149
0.33051909843215854
0.3328296100745951
0.3239740292152512
0.3181465566676026
0.32070543947090097
0.3311137414822835
0.3368063986542251
0.3416391467878045
0.3549344887813776
0.3891562849357528
0.4317096488162372
0.5489270464166556
0.6645003332191853
0.7371350331038085
0.7395047751366969
0.7365816505685933
0.7475242532341883
0.7677428568347694
0.7937743114723288
0.7720351309386093
0.7228982799833392
0.6146697671158362
0.4666618843250392
0.35439420928010007
0.3115204907227793
0.31098811471515503
0.30941516327108914
0.3164487955800414
0.32127026385072943
0.3208013169963281
0.3138788813749137
0.31167714262429524
0.30498349084371734
0.30492437518313903
0.316650173107622
0.3351893769766313
0.37843404571092365
0.4898918804201379
0.6459916432645577
0.749987539219384
0.7821709781934707
0.769168049629548
0.7700536723523951
0.7803676945551934
0.7231910433587303
0.5519474900437034
0.37965796460843776
0.3145531853260868
0.3232992604631703
0.3390469102212589
0.34822121561880337
0.34936505865362655
0.3487656240149214
0.3448515614835535
0.34840703977176607
0.34746765614870007
0.46187971761279406
0.662453843046756
0.8223525401860243
0.8364379790421834
0.8271637943050206
0.8494688880041714
0.8756181778544696
0.9081789845312506
0.9491312756196418
0.9865472767785566
0.9938097786944358
0.9950612406790407
0.967824724556566
0.9397860797757016
0.893927011431702
0.8117238108075979
0.6884883081146393
0.5420140959029589
0.4152814167355494
0.33677868642829817
0.3379269107209242
0.3490618718307109
0.33563001373366913
0.3191065848082816
0.3230434500944784
0.33786400516945553
0.3503719132230755
0.3453856701610785
0.34781797698230993
0.36282459569103276
0.4929568252504227
0.6703302095694073
0.834836154596197
0.8910222473473179
0.9167602245523211
0.8963106843658226
0.8726794936764805
0.8477728775503922
0.8665054137654351
0.8873218278239222
0.9106412188073723
0.85204017789412
0.695965583265526
0.4928849521252164
0.3738134780857597
0.3441889888845357
0.34453457965488377
0.3488554379053436
0.34755122789614684
0.34231452720533456
0.3309514798475153
0.3388723339725499
0.3337480474268186
0.3372039003098506
0.3500854835871179
0.5097717099889265
0.6914213583185733
0.8215911239109625
0.8153911732163337
0.8263069619292547
0.8330889120331654
0.8455112633987202
0.8631510334476011
0.8926271913848779
0.9147466158849361
0.904948285029733
0.8015955399721941
0.6082484277500251
0.4194999315013333
0.3554953399585535
0.3453142697261116
0.3451179968376585
0.33138504851890804
0.3346187770257537
0.3383440591315333
0.34653441987455696
0.33900099704761116
0.32972475524441314
0.3243514010044656
0.3292144732299173
0.31694532137605436
0.4621785366778618
0.6654706075959842
0.814956159208208
0.8089945214338443
0.8269638814521407
0.8549646586385927
0.8726208433432485
0.8885399726835719
0.8767052001482419
0.8822284425659015
0.74752133973664
0.5357468627920152
0.34279016516331834
0.3105797498415873
0.3196035935531899
0.33033711403001437
0.3452885648495195
0.3423636837386709
0.33034970883107756
0.3232564047207386
0.3283289835039508
0.34551422487953337
0.3877756871387624
0.4401657213428294
0.5170576488981655
0.6140205869922142
0.7157937321719425
0.7637180612536552
0.7885144175746968
0.8023455699547906
0.81104963856152
0.8072752677965683
0.7865658149985254
0.6596416499837809
0.47921962007210733
0.3436681827650084
0.32315219856130983
0.3300388407973937
0.3540367705204632
0.35874360141643596
0.3573749620148772
0.3511813088585336
0.34237692010161513
0.34446839901604775
0.35256020411358024
0.3682679411762944
0.37500489308143364
0.457021532449869
0.5967986626068297
0.7192426570031437
0.7682054560626651
0.7790553752224284
0.792561203703981
0.8019488773987554
0.8040033868342283
0.7951803083568121
0.6907067243238538
0.5213897969694605
0.37002338527315715
0.3321588972893923
0.3395960536635513
0.35007744781777983
0.3456974993228704
0.33798660589449564
0.3342214498425673
0.3356075206071948
0.3554612996294848
0.37722590527201744
0.38890727155023264
0.37145198810925956
0.4330313984249111
0.54876069058494
0.6811185676411879
0.7348355890029719
0.7759056549957732
0.7935274020772676
0.8158054438703786
0.810637310586096
0.7455955439987029
0.5663666257089321
0.39979720905828037
0.319964115287061
0.33343965840487777
0.3389912410148974
0.3413356651900006
0.3367633660209103
0.3355850522743122
0.3268437646039568
0.31980282620104095
0.3279393975159451
0.32807333105241543
0.33186655721571834
0.3306912134721111
0.40530806659647983
0.540667697429043
0.6878869012071647
0.7536664983709588
0.7832718214108754
0.8163367705939484
0.7832374494060813
0.6118333416388151
0.41472729680441245
0.3235351600750131
0.3215119685194707
0.3241743802679221
0.3282562974631168
0.3326138025047396
0.3220496473450168
0.31621500547737963
0.3185437949473692
0.3312446344041102
0.35767849214260294
0.38437231185416465
0.4085499071843989
0.45201474320889834
0.5930646276152034
0.6998518139304015
0.7475834164448358
0.7499731791948766
0.7911058165331396
0.7965399863570833
0.8000383530485116
0.7838642814141821
0.6765208242617717
0.499661572181351
0.36067942392567887
0.32634000188867307
0.33633334179946317
0.34371122384860436
0.3424373294930864
0.34402397032750875
0.3321939988913746
0.321190909857975
0.3190352826959283
0.32302240744943056
0.31891118452496947
0.32506102514693397
0.3361199470506854
0.3541667946505074
0.3826114226494227
0.47322431318958036
0.595565494598536
0.6931632247945467
0.7318075552688297
0.7405036160753724
0.7825499693131859
0.757607825005782
0.6298147189448993
0.4433259448406755
0.3556172134181552
0.32986850024433395
0.32444536274715824
0.3203594114326367
0.3251419008545211
0.32629641841619217
0.3208261463867321
0.3194882757463098
0.3219430381268543
0.3389570500539617
0.3480502870653308
0.3432847531849781
0.3752042381414686
0.4283725744745651
0.5481244577603943
0.6508605682340273
0.7219152869395349
0.719282811079698
0.7313487508684533
0.6696045847866653
0.5227218798195825
0.3811754146352227
0.32342801050082226
0.31425532705500164
0.31994961044616743
0.3312185375466852
0.318967289652355
0.31440230167350436
0.3137059059710655
0.33263582549965054
0.3395400444644032
0.3538595889118055
0.3557073472992177
0.3803399113089795
0.41094694574405494
0.5064599905928738
0.6000312116087716
0.6971490957044513
0.7222197250201803
0.7030460615922616
0.570010762400866
0.42763819128476455
0.3430100427273478
0.325341843886316
0.31791184251285187
0.3195973469275203
0.33031610784521515
0.3306514748232589
0.3189785314949404
0.31585143058399123
0.31426293846212877
0.3161097890051457
0.3044514255469036
0.3141195396961374
0.3266945925634184
0.38911204517533393
0.479772179643538
0.5966431491529931
0.6807976021033391
0.7373549252797671
0.7748428951657523
0.7923986696140743
0.8004161280070818
0.7411645855321674
0.5767351783738691
0.3993360014497507
0.3150398025054959
0.3132949179531477
0.31596597094538154
0.32324003500849374
0.3249137702619841
0.3176418113769247
0.3013409021916119
0.2849096856303961
0.29622545744586015
0.3281613206746475
0.35583901774145965
0.35741339774202874
0.4103939535059573
0.49804642178522257
0.6336865591131375
0.7155172542610525
0.7324482519678612
0.664964602542991
0.5495335050397954
0.42143172976355436
0.3222384812635699
0.2857032658731291
0.28101861531445155
0.2884720718341225
0.28565245866959915
0.27137450584756
0.276031982685502
0.30518134996984564
0.3339240789426942
0.34981097625926605
0.35202605695913425
0.41883060231503644
0.4802827731019289
0.542463716001339
0.59063098354131
0.6380246429855367
0.6691197901379506
0.6099129859798722
0.48374599521094436
0.3411632267888618
0.29789416391779333
0.2838443257178634
0.2759605492501899
0.2831690943347265
0.2926078840030839
0.29750850573852167
0.2998674282310678
0.31673039502045036
0.3330793176310629
0.33263711064663826
0.3250625671453691
0.38159734733257805
0.4761982687837419
0.5746888642321679
0.636033692060135
0.6657130762469725
0.568860132778581
0.43091168587021295
0.33033681011154653
0.3404931282755349
0.3344850025031251
0.32133926322542233
0.298221647724207
0.31321650010618857
0.31408409053283737
0.3119215673628347
0.30924247676485356
0.31697605034126297
0.32963215960537984
0.32043415013592924
0.32943410873181866
0.4447141854127245
0.6137182217353176
0.7092404451380943
0.704735484822204
0.7071972959544244
0.62107086227724
0.4784609065987243
0.3465592872835305
0.3077826007621557
0.28178551350948255
0.2681833566348155
0.26556210886989984
0.2720331983501554
0.2731494561394605
0.2734576347402723
0.2879008643246026
0.32396226702468905
0.3359972785840454
0.3255024826472732
0.38331141895066634
0.5257117950616335
0.6450460860759525
0.6556737265580475
0.6320864766512069
0.5654742718169059
0.44929488472650353
0.35605793277221776
0.3253559083696189
0.31645755412836707
0.2918854422444724
0.28638577659375586
0.2828892968098322
0.2836148909746483
0.2887166289170857
0.2894040355214147
0.2987760538019881
0.312207765064089
0.34651960903873175
0.36528045354110456
0.37217168784740123
0.4042900814682751
0.5242617267636831
0.6691419754724971
0.6902749124886756
0.5608929082694751
0.4204138985215854
0.35328631631583995
0.33276818175173495
0.3116529019796536
0.3051765426338745
0.3105161853430591
0.33532626974288343
0.36120632451507606
0.3790195952259461
0.3734937279783782
0.3830244943526976
0.39655496750730235
0.4127886100821401
0.4682119847515547
0.5986753043167661
0.7151618238486985
0.7243468677486948
0.6248269852822101
0.49057589660844514
0.3944461189555988
0.3471034102744868
0.32607356060432574
0.31156397956372484
0.31083083348448626
0.31661081367284893
0.33407553285693353
0.364480310128377
0.380450620898415
0.3853638816509205
0.40424366457387473
0.48095561199216885
0.5692185473564386
0.6055516023251852
0.5317713868037596
0.4228853885562382
0.34309584667095994
0.3237725125462399
0.30536990917415807
0.29002483275713387
0.2952572374667242
0.31428393193805426
0.34044873425518773
0.357542411607097
0.37318579404833774
0.3632077492337586
0.3442533285971656
0.35803207837037354
0.4034997481657669
0.4971404606667689
0.5378832992237377
0.49470695353626937
0.40041043282005545
0.3625540722446882
0.3488734477274838
0.32545422113234734
0.303924432536991
0.2935655346515965
0.2892794572791863
0.30396101402666453
0.31170379298208173
0.3211625984143995
0.314053129937116
0.33104773144331
0.3421434038006919
0.36159787015070205
0.3715215610156884
0.419626185777845
0.5019071232343542
0.5431715329193515
0.4969276516272403
0.415099022824535
0.3720202173597263
0.35199875138948233
0.3362649807620657
0.32274551797947476
0.31530647844937254
0.3289534913729003
0.34698055200850664
0.3506903600362588
0.33706357392370967
0.3439240746368457
0.3598253738615074
0.38219316008628645
0.4277028932475289
0.5025460324890898
0.5761710352027942
0.5983224596973398
0.5415537785225084
0.45220298705831896
0.3779428425283844
0.34033348033717103
0.3157115651932555
0.3055162372559449
0.30577815719425944
0.301844089929535
0.3059215595779872
0.30118230752942665
0.33506026910414144
0.34245634430061467
0.3455673347430698
0.3235524900546705
0.3390108897846393
0.37819606498672054
0.41414015014670635
0.40737695572701504
0.3851353781183997
0.37193880384977046
0.34302100518502826
0.3215945293951592
0.31949878340023447
0.32424033446641415
0.3381757512440271
0.3583140101263067
0.3881135998936255
0.3815440521349673
0.37047031288002896
0.4438297049071684
0.5356445934331303
0.5316042030053774
0.4302366599678269
0.3773315641096876
0.3488924345010246
0.3370411532083284
0.3357616965743574
0.321176508678186
0.3004377753552997
0.286981667921385
0.3019154378794054
0.31999032509918435
0.3396306807016508
0.34564965190653973
0.35278955365613013
0.36204254262804664
0.36329775607060777
0.36872538688037204
0.3840421117311553
0.379623170849104
0.3514839554595294
0.33266574763825385
0.3244200520566827
0.30631207163704366
0.2949799078232153
0.2920959350932856
0.29598479085735097
0.29580874270840835
0.30146285793052696
0.30463282464535857
0.3463968137248586
0.37852341270651263
0.4127964969223813
0.4247535118198972
0.4728475812433588
0.46334002607362806
0.42672903662463924
0.37265782109684936
0.37346881689010347
0.36030961860727895
0.3429429924234255
0.34432610104741423
0.3590636238760171
0.354262138646748
0.3655636336631519
0.4071421287293742
0.4203554455545322
0.4182260243473117
0.4887905322594633
0.5636303439624278
0.5679078797645922
0.5235326771682478
0.5158771749343247
0.46988890386426563
0.40162232298271927
0.3686171451678808
0.37054378378750474
0.35661855583435853
0.321539924153382
0.3122903221378547
0.30588849145283403
0.3389695660802265
0.37106358872925266
0.4080876220254289
0.42404657858734973
0.48654366121243375
0.5302638077430964
0.5222652757596993
0.44509757775865433
0.3742162411449351
0.34172939269382907
0.3369167810425343
0.3382813021096943
0.32687022751224387
0.3188445613833759
0.3102907236062838
0.31754671213865804
0.3292117667381153
0.3468519413423496
0.3712378442024117
0.3997874627437415
0.44069026442642256
0.4960595140004017
0.5391263673208533
0.5141077516345847
0.4537921564315522
0.39796180195776965
0.3770187652476041
0.3763523475865054
0.37637680700737064
0.35805777046511444
0.34761265969873334
0.33445347727680186
0.3550956812883368
0.3617432679999474
0.3850937095245527
0.3728000160650137
0.39164943934562657
0.4062576331481639
0.409980268722995
0.37797069937869254
0.349903851135416
0.3516938237992443
0.35762360229563184
0.3753122129582378
0.3767690653157252
0.3743932590851795
0.3537412846742353
0.38171070982557254
0.44081976974730464
0.5361817539218017
0.5844126024532714
0.5493311997423893
0.4802407962861079
0.42295142804523356
0.38240090465662613
0.33865637818325367
0.3352071766924875
0.3525905661688025
0.3634957281357548
0.36343115431206896
0.3507226425674054
0.3360939853307219
0.34331453788480415
0.3640871997722842
0.3993160371705874
0.41060634657026096
0.44811770139678686
0.4544879846981355
0.44116082770432713
0.3812722006651726
0.3649244110672157
0.3885892433685767
0.43354353216476327
0.4369801680083206
0.40620829240681366
0.3734140022776799
0.3612957954367095
0.3609772675262096
0.38530567598283866
0.38583540970849073
0.4202830799632083
0.45608171266728226
0.5292976663250711
0.570793192185469
0.5371585145721749
0.4305400891483453
0.3364744437321813
0.31611548540893186
0.305543320869786
0.3012965542718453
0.2948475122163992
0.2913289792383563
0.30294603642710966
0.32799196528209823
0.36309628218549295
0.3812651778311525
0.4021152363089904
0.431990637100776
0.44410102112182037
0.40205150377006416
0.34370611271983964
0.3055008222232065
0.2934533286768106
0.2952821753066097
0.301193670278385
0.30847170073717056
0.31052957811838217
0.3205160847950287
0.3318913161104174
0.3510301786230885
0.38692917879510513
0.40800854472479786
0.3815433111389305
0.32983708892072017
0.3085550511905541
0.31191977046546354
0.32001576209134885
0.3244014186499602
0.3290792705087837
0.31867068117440267
0.2985712490090693
0.3089911634980739
0.397385685072653
0.4700546640437119
0.466789968786348
0.40111442484977705
0.35991266379683085
0.33100182855058624
0.3229774337591317
0.32566772431237156
0.34261015865719235
0.35761208260022687
0.34730405479156307
0.333378812822578
0.3457459685685341
0.3871723004742869
0.4320651127620643
0.4691038614458521
0.482330221281509
0.4379287370941791
0.38668064451239775
0.35975088454706156
0.37206208862028894
0.39431672400507023
0.39545247990380317
0.38361839677699716
0.3631511191373208
0.4244814858325418
0.4619460949732731
0.5084848768977916
0.5139373527342574
0.5251242053815708
0.5337672468636714
0.5298935749614464
0.48857212344794215
0.39826961967203517
0.3636931761457392
0.3556083958906826
0.34515294246705924
0.3221319601875915
0.3162591497341057
0.3402377265483918
0.35416954300278514
0.36986353185312393
0.3999217168381761
0.43035148426657793
0.4745646353782242
0.47774639969583854
0.4484224999208966
0.3806581641296581
0.37161526644195436
0.3897252246206969
0.4086649791114113
0.38820137847182057
0.36205935360598596
0.36575263619758763
0.398026918794278
0.45976151699709117
0.5239232413191562
0.5905539519575382
0.6174930657097897
0.5691325516828484
0.4464714254590153
0.370396736445829
0.37046879444830916
0.40301707745166904
0.40455859579302533
0.38535286083578435
0.34681063975880727
0.3328595187615855
0.3898874077633101
0.47703359553348446
0.6004734709553365
0.6761601173449214
0.6386926893661762
0.4777497188732304
0.35559226821408174
0.3177253708717159
0.31410488405051357
0.3048320027385081
0.29719082993240636
0.2958442918620132
0.3036816281262912
0.32095127232562237
0.35590470180490885
0.37822089166894957
0.4776006595474795
0.6151785217839134
0.6431085257771915
0.4940559298590111
0.35945773113709395
0.3256563595741802
0.3255052763659853
0.32146297330488244
0.315100197812609
0.3124956378524452
0.3298321281576331
0.3616350302813982
0.38762449819510847
0.4124449153752745
0.4839386663683892
0.5315840250218035
0.5478192631091008
0.481121423857114
0.40803677317635434
0.3554303379307036
0.37777769500644365
0.3877458468392424
0.3520637445549195
0.3138972588274384
0.3315803024232365
0.3490133901759334
0.3981421615829368
0.4714299563042086
0.5786286438978313
0.6304913769105258
0.5740205571359333
0.4857605783264242
0.42117268659022955
0.4174164176586178
0.40137375296310124
0.4158038963138537
0.40799600820669935
0.3723960488118799
0.33649802055081246
0.33783585152121576
0.37046223076759
0.432095294285611
0.49608327573253086
0.5436272177505148
0.5832833709443698
0.5940298827906496
0.5689714421356511
0.5416881966709661
0.5344545337271507
0.5064033545814979
0.47193033433751475
0.4518619268210159
0.417391098924358
0.3768224371976425
0.3758920848977715
0.40855980391053237
0.43279969266535956
0.5202914948129936
0.6400746379051139
0.7266104386716996
0.7564920892854561
0.6919039766475983
0.5584628729891252
0.42775501533018484
0.3999267227912243
0.39171123823607806
0.40638254431479753
0.40241042887516754
0.3913687394283068
0.38097417871419426
0.40428647814220486
0.4289549623255998
0.46292004210578885
0.48404852634417606
0.4880802891890698
0.4946506859737786
0.5106963156934952
0.5093478267491898
0.48499416957730607
0.4595719870524419
0.44541310997450584
0.4383738253261233
0.43355897886909217
0.4354048283633477
0.4407298978672247
0.45387341751129817
0.46305215315188264
0.46427546063705205
0.4537195059586203
0.44256986725347186
0.4412754692749806
0.442227274017878
0.4525326896449441
0.45286453772888424
0.4443592681524894
0.43247366024252
0.4354030258214103
0.43288905768043984
0.4373942579849826
0.43381044057812806
0.4357114324625035
0.42736887985801136
0.42493215976493526
0.4178778880740411
0.42285162829465245
0.4282470961633801
0.4389824010359334
0.4446715142199118
0.45197580275133203
0.452774685005317
0.4508943841046461
0.45304662879301033
0.45917892334779975
0.4684537027887261
0.4565438892086081
0.4436162543554174
0.4362591957001564
0.43726023238314027
0.4293339914784089
0.42636953145649714
0.42094979497328494
0.4353536407049695
0.4410176948448899
0.4451730625114624
0.4289644724558453
0.43223565020643245
0.43082356038931513
0.42886918375924776
0.42441557832318927
0.42622676649187524
0.4344382431657971
0.43553225360415904
0.43686266267042073
0.4318443061032741
0.43144174071997454
0.4250111047970332
0.4262577757257101
0.43206043022248797
0.4379469409202752
0.4428072593151727
0.4438410720225832
0.4423378568910946
0.43869588423753103
0.44230485085529736
0.4359632838401398
0.43003639736794613
0.4317814899062776
0.43548262788375236
0.437567059480122
0.43786418030991925
0.4419575805644733
0.43597309039698484
0.43363088590242727
0.42834228601708707
0.4315095904431421
0.4296696389445322
0.42860535988266296
0.42564475582255434
0.43381196807753225
0.4321824068609496
0.42549456703038524
0.422650074816599
0.4288657554975609
0.4347233772679845
0.435244983822646
0.43457469090669
0.4319345226817163
0.43814418219424367
0.44856135148718407
0.4555292859829217
0.4581622703886339
0.4603460925961596
0.4706992014709876
0.4820442176254808
0.48818032539207623
0.48393211801180397
0.48392283630938604
0.483433408936202
0.48149111381574217
0.4857526396868556
0.4954715704356184
0.5143024996074123
0.5276213772409835
0.5517610279038603
0.5929927792255394
0.6102954443147499
0.5930390426426868
0.5718326274355132
0.5653836620337782
0.5653228159785721
0.552036914467535
0.5642880824428684
0.5631864973552907
0.5537530368834165
0.519266569789022
0.49666916153548774
0.46872950607541647
0.4759015192997503
0.4779224043530635
0.4693999693208754
0.4490538557804645
0.4493333065177296
0.4586714654390386
0.48800002505376244
0.5355953205892199
0.5914943178545988
0.6151816642043423
0.617219000080738
0.5912623458977473
0.5497719517179458
0.48211880461142953
0.41835502320910944
0.3888340369075033
0.3755745166162737
0.3812076150429258
0.38766796257217917
0.38855568783074323
0.3826331200980192
0.3968301718594645
0.4350202519367963
0.4837515446407145
0.5485302756753322
0.5676885597090424
0.5052666623436699
0.42765960464101777
0.40773196915158927
0.4156482440269102
0.4320953845776644
0.46787013511560166
0.49950869209585663
0.5551614194543057
0.6066573429453961
0.6384646112422243
0.6429684997982311
0.6228645553696774
0.5575213141859734
0.4754260038498477
0.42915970519532787
0.4105446208921797
0.41528940699997186
0.42161297921305874
0.417450193191046
0.4031234954706914
0.3740532355105173
0.3522581813012964
0.34526015904062385
0.43422113803624396
0.5636045624296925
0.6650772144171201
0.6554564273307447
0.5825095698903925
0.46977415820405893
0.3837174387456914
0.3437363623291829
0.34203149579545533
0.3502117973294554
0.3787801793659154
0.3987251039065166
0.41164693031779614
0.4118461303763199
0.45446228010013967
0.5084342224770215
0.599565279292118
0.6582288259530527
0.665523906783028
0.5729930321446256
0.45699836348689976
0.3716781235837726
0.33721535862708885
0.33345183493861424
0.3392601429358931
0.33461435651151916
0.32486427172963556
0.3370947238968863
0.3747102999517893
0.41962115071750566
0.5261097660954978
0.6431380189235459
0.6594132587399821
0.5686796495104871
0.49613687929137046
0.45600697519384664
0.4499743843075016
0.45565956842911504
0.4569401798942084
0.44368345951967836
0.47354294772016964
0.5160164924994504
0.5674206449496217
0.6210875079379905
0.6526455955002849
0.5759062069484263
0.4769941316615952
0.4144603466323715
0.3948891599009998
0.3762716535077059
0.39124427376642223
0.42064947357286264
0.4299875256724619
0.462033011003453
0.5091332369590384
0.565948398038023
0.6048460702775049
0.6217800333833601
0.5550222966280398
0.45693211721110194
0.39379646700507515
0.3736104421513782
0.360311454656625
0.3751912717084483
0.4366855524461008
0.46845379412232907
0.49784644495929564
0.5531683362843282
0.6365416927882046
0.6456506142195853
0.628677410742557
0.550865983848503
0.4539490192637623
0.39283045289961904
0.3969254688137077
0.38408660759199226
0.36103911850253323
0.36493733979221715
0.3772043195458207
0.37138396380665684
0.39527134375743644
0.4281316208140874
0.4801857347416811
0.5395714641171163
0.6380434045850254
0.6400905374555321
0.530081095026509
0.3802773149934372
0.2978551362529909
0.2599608429051229
0.2534446201897329
0.27269777183503013
0.28714463265291784
0.2862868147822333
0.2813305071378931
0.2945194184911147
0.32572030663990414
0.3609318205338289
0.43650582106156016
0.5298181007368139
0.5915993880692125
0.545974059768606
0.4518003348651536
0.36504291456141874
0.31572932676282683
0.29054688333788997
0.28851653748295475
0.28980058710257717
0.2879234934029553
0.2873281776196146
0.3164092308530005
0.3508368631672036
0.39155567933314006
0.4471747306339565
0.5307716546612365
0.5845188166795126
0.5276218635181846
0.4268357256677951
0.353878947529098
0.3312212947315236
0.31322650553649634
0.3075503105194366
0.3046624264269906
0.29352316678051416
0.2965846295963507
0.3107546315279861
0.34310873709301215
0.3585007197953448
0.38904861525508544
0.4569451201200976
0.578092615997344
0.6351578974738454
0.5747844605277469
0.44598717250521686
0.36329499493081235
0.3258368561154257
0.308870307993493
0.2992654345702583
0.30138075752505333
0.29968252246628313
0.3015412436226157
0.31573584565736357
0.35396653575308334
0.39202672448349263
0.4385520973632574
0.5093321009636602
0.5989051356669326
0.5985789497748817
0.5425451272468215
0.44518469866551125
0.3905921891106776
0.3518385226749123
0.37206067819397803
0.37420975087484415
0.3668539075619714
0.3465570244751219
0.3342427551810824
0.3388719857137884
0.3547158847709726
0.3856890767420298
0.41790494487837604
0.4675240910083146
0.5142627080390291
0.5717731242769639
0.5661507980474294
0.5407963724331915
0.4942309576897978
0.4556227291089054
0.40437420444991623
0.37282158788142655
0.35436688983403675
0.35033119348950387
0.3578769428430233
0.37497298939586954
0.41145109153763115
0.46517087885923114
0.5036630763146708
0.5389573551166009
0.589058729120205
0.6101190666030565
0.6047526784377545
0.5639722437681184
0.49679549334102996
0.4039623322894545
0.3428158302118648
0.33129569357341127
0.33660080688545335
0.3376841687778201
0.3303059476724676
0.35146534490378445
0.3871260383526226
0.4511017549762498
0.5499518369593723
0.6367205413503834
0.632035896404967
0.5472479109578692
0.4552261339398358
0.3811539030659342
0.35142371270163464
0.34850910299728977
0.3583304775091589
0.3482888511498877
0.3489212164506179
0.3480673344836838
0.3668333077896426
0.38032438986660844
0.4139143818508078
0.4537153956703659
0.5117734669979244
0.5714915969566106
0.6061710012167651
0.6105424973419166
0.566670688289661
0.4959095254401056
0.4229371458097111
0.40554251821580833
0.3895526451912442
0.3660431819088625
0.3459638115088364
0.3551483600837062
0.37718967707209505
0.4043751896482768
0.44366936201408014
0.5023423293264927
0.5827954964942363
0.6094730585888019
0.5823580432156603
0.5055691607395296
0.42560302612572753
0.36389299248794177
0.3563346800424657
0.37614591615530607
0.36489447027646904
0.34358746093289305
0.34139209106738616
0.36687041974815066
0.37811328105200137
0.4056780100575914
0.43254101341199136
0.4705605601662015
0.5037299740754727
0.5244734134412932
0.5066204408843742
0.46166362007087086
0.4359030035169186
0.41226594082762336
0.39558941778091966
0.35421340215709596
0.34530365652701406
0.3364632990370213
0.33233044886640484
0.3273188837697759
0.35993108110284117
0.4118254188606679
0.4712571465912498
0.5045347531995322
0.49821728898458806
0.456927996484039
0.40067285491115934
0.34125751108813757
0.30251885902357756
0.2881204813912687
0.29019275911326425
0.29169491853868745
0.2985427141837392
0.3071757799714764
0.31397870008609663
0.3790897023391339
0.505150099233264
0.6244937082344945
0.6122105238614972
0.5189409001354257
0.40152625820465326
0.3424052359075916
0.3117243296363839
0.3056314876433457
0.303181736956867
0.31847276195281393
0.33506039496480877
0.35580971226491476
0.35959573430222513
0.39823212833657984
0.4502057120894245
0.5241928454220959
0.5814590422134135
0.5957754126981415
0.5645254014261978
0.4785621098797248
0.3893234276077939
0.33363248647983995
0.34967243953975774
0.3822787886467087
0.37006540660597725
0.355891027467782
0.35795652772458997
0.37899219714026294
0.404339166490308
0.44516274324066235
0.509854894470736
0.5418114088025021
0.5509238121507413
0.5591619469561637
0.5554324086546152
0.5422671897643738
0.486767757213437
0.4406425251882424
0.42334179815592415
0.39760912780884566
0.3480554615720991
0.3314718671270678
0.36362062399304756
0.39966119918903026
0.4285911000029835
0.4571872347827474
0.4850423192437622
0.5551153897856596
0.5584457273575448
0.4755218534876148
0.39545815673589746
0.3854345705072308
0.40008369403995636
0.39233899539968725
0.3715244505309195
0.3616379203856644
0.36271975920536825
0.3751042490851395
0.3833177219100212
0.395716704652468
0.39977676447832844
0.42627310356605297
0.46092899705626966
0.4758880759710094
0.4515070213938279
0.4251938966624251
0.419682688299121
0.4301254228441546
0.4165257268371819
0.38619186438831943
0.37685509468886236
0.39678333894142725
0.4029678960463422
0.4243255351366313
0.43925814637417326
0.4735404474215651
0.5006851096135456
0.5611338195837814
0.5889405315485119
0.584594326431622
0.5343661083453635
0.48976467470791857
0.4541428874446565
0.4327792585892819
0.4053837122361455
0.40131372603176513
0.38127374345980947
0.3784570012480863
0.37593533198210827
0.4092775542982009
0.4591496655064403
0.5426981049915371
0.6047487162846683
0.637655436323912
0.6168434325508416
0.5622939564577035
0.4794527777088941
0.4243440967849208
0.40039192463939177
0.4047466673193977
0.4114379667064713
0.41471868455786776
0.4275825159421651
0.47914350763381963
0.5500380256936688
0.6154129192027944
0.656967914586866
0.6928242899553912
0.7081754098063431
0.6954345149027571
0.6519335034672793
0.6242376653556442
0.6078081379059473
0.5524270812636656
0.46649420838571815
0.40197107054275855
0.3726295897886497
0.35704063839528555
0.36065994689852016
0.36968500692234424
0.3709459827219666
0.39704175402008385
0.4469383635254275
0.5066901497214745
0.5429442765424863
0.5652601247590887
0.5547658786505159
0.502427266130405
0.43393286345170823
0.40404458077545874
0.42774247859157377
0.4730860960153699
0.4752015560624626
0.4577211586385404
0.4300736884926587
0.4217242669652548
0.420569167222019
0.442686317508
0.47951766626142567
0.493978536005847
0.5164220513792461
0.5616176838407883
0.6294842687788091
0.6226050558803988
0.5656734747559459
0.45609432863080857
0.4019312926320072
0.37343974678814307
0.37277534710530497
0.359908073823978
0.363756927382162
0.3648108429380145
0.3603010685373816
0.36687477817414305
0.376307613917906
0.40230985299790595
0.4457327231016244
0.48490769313913745
0.5136969490582859
0.49392121639832615
0.5018069923351156
0.4988780419162069
0.5149922113466157
0.4869516851855782
0.47407179316758224
0.4450662438579355
0.4393870000622129
0.43113310496873086
0.4410865625088161
0.47715107791566147
0.5275188389652212
0.5686142396743348
0.6078909242054757
0.6461942585034379
0.5825028826566471
0.4830033791912186
0.4039397856887038
0.4103643518257716
0.42178016251873063
0.4140119277098779
0.3986239600404662
0.3801722125985595
0.36748215852023136
0.35996854473573986
0.4056921389523823
0.464467294019679
0.5182551796651815
0.5511891642959662
0.5914606298067118
0.6140126123933978
0.5530113303098656
0.4585285837635121
0.3921874243594319
0.4229527483672234
0.4204558626764918
0.39774576988487487
0.3603510014339276
0.3570165148664828
0.37277229594392125
0.40214166097662185
0.4588421918622242
0.4865204891229112
0.5202882117971068
0.5724344977692306
0.6031195313259
0.5155361808477597
0.40325317030939994
0.3545773040905768
0.3701424621392432
0.35490857070820914
