0.3944984904394452
0.49364493644935875
0.2066420664206617
0.5372693726937209
0.5372693726937209
0.6175779939617497
0.49364493644935964
0.5884806674153623
0.43911439114390627
0.5618081180811737
0.5884806674153636
0.5618081180811737
0.6175779939617513
0.6175779939617497
0.5884806674153623
0.5618081180811764
0.6175779939617497
0.6845018450184409
0.5618081180811737
0.6845018450184448
0.6845018450184409
0.7232472324723168
0.7662976629766188
0.6845018450184448
0.6494464944649342
0.7662976629766236
0.15867158671586543
0.0
0.929889298892978
0.2021885736098721
0.026654628248409862
0.8685424354243351
1.0
0.1648578250488369
0.42328294250683707
0.18581121295083744
0.14206642066420458
0.0859399248198081
