-4.651076506836889
-4.341977207315446
-3.407218392800216
-1.9072731269519672
-0.600502058725096
-1.9838199139469768
0.8387250173124741
1.5206129286265961
1.3358897554453177
-0.8385571313807593
0.9455189807949801
-0.3985939515999577
-0.8994214908723155
-1.525736135576991
-0.3583456717588907
1.83226895299123
2.264311890187731
2.621245677335124
-0.0971728376189929
-1.7911822691519046
-1.1923074840747667
0.11561638154842738
0.3148574219938622
-1.09053273561351
1.9699726639045594
-0.7015337998893135
0.6911578122715146
-1.5817016868231502
-1.0027544311391552
-2.7864323443804113
-0.05041817576016722
0.19303461998437202
-0.0935699607338955
0.6013534973213956
0.07331392897991984
-1.0956718852254694
0.15265789531994153
2.0138104225802396
2.517533682797729
0.724217157954035
0.9838844347338018
-1.2309490217191754
-1.9192934917118278
-0.5936062816816715
1.1371401297006936
-2.6743713751132088
-4.377870879479878
-2.6290516841338083
-1.582483814998003
-1.8179751039125687
1.7038906195955714
3.0667187553228157
0.08640501231485662
-0.6934801448962178
0.7048154172944879
0.7521987564907197
-0.2154734674508193
-0.30460823648634827
-0.05777396846305481
-0.3919658067875823
-0.008640287026344704
0.5497948394473423
0.7929392592360444
0.1744587856468421
2.993686903209012
2.9283426189719646
10.961057816218506
1.7308618322818639
6.619211600901514
-2.304951317733725
-0.10842200563601118
0.25317171696824436
-0.8189573608293717
-3.2504729338605567
-7.161247917975305
-7.752163025715197
-3.511820860156966
-0.7229765734824707
0.010698305446232886
-1.2142402451676568
-0.47124762783951
-0.8193193171343391
-0.12344523090388182
-0.5716798008315908
-0.03805096557459105
-0.1412473880954223
0.10260833272492478
-0.5921708456406182
0.13353829129878572
3.35413799440334
6.355039877479793
5.16650275722574
1.2242579450065008
-0.0924063895771502
0.38091404591110956
0.537111535905814
1.1033749325412214
1.3729217377691842
1.3509786119110228
0.6779181012869206
0.6102126236912087
0.06175698783935224
-6.093825987928488
-8.35149850302676
-5.717472508747237
0.8022089957359586
0.8593396351860618
0.1554138523856559
-0.6907792381177649
0.4786153120721132
1.0860139441099175
0.21195044523709475
-0.5727221658915658
0.27221709392469134
0.0926774418503199
-1.534646980592963
-0.909507193618478
1.6172641734332844
2.119259699530917
0.048443520508850875
3.104920369802536
4.259054559227372
3.2569709855333566
-0.2883804141160572
-0.07017431723158334
0.49915125556228856
1.2934852759243967
1.330631725966849
0.9704828944003764
-2.3863606958112746
-6.473987685687789
-6.375759568774721
-2.2788931206907908
-0.796664159435187
0.20278298212374551
1.5862226146859792
1.4192208440400373
-0.21292811943793807
-0.8464336038357164
-0.0500990787332078
0.7189572206172504
0.9129343782470077
0.28466314838163076
-0.7633322573540784
-2.0235791318514322
-1.0289773948556937
1.3747901503939113
2.5397410087372165
3.8024301281212813
3.82876027127588
1.6248642105151503
-1.1123941735406357
-0.27142400616711787
0.142281692457275
-0.30119221481457487
-0.28051318575772244
-0.1901611886670902
0.5084149735808237
0.7923632992489832
-0.6173202703073721
-4.905182023226045
-4.89887809944971
-2.4232272889727544
0.4566077895269887
0.8247313566362409
1.0844071691845396
0.6170158384058544
0.21539968622725858
-0.4288680415299532
-0.9109300532309884
-0.6895371276594233
-0.3615312463349675
-0.38756432076219344
-0.8814522413315476
-1.0419738338588318
-2.126670742831275
5.257848080320045
4.780884955732045
10.393828346987924
4.701706930115025
4.72849578768702
2.412238891734497
1.3641523676022098
0.5247688159823273
0.14659135213309912
-0.42356337125067184
-3.532359267678923
-5.1146616469658905
-7.30846482501354
-7.343633439394684
-5.26602073031426
-0.9426748917949523
0.16878006911361604
-0.37979011566514087
-0.13080295231554342
-0.051513404009386934
-0.14717422298169244
1.0184983357417567
2.202911764192399
1.8782544012296187
4.6056667179269954
5.505249041099585
6.371723958522351
3.5617215155871764
1.7030983382279323
-0.5093107099640297
0.2915100524543612
1.3907772677068357
1.8453739205271913
0.23404966966843993
-1.3444400599441613
-5.171055398370067
-5.691922733110606
-7.407526765228822
-5.513927031416263
-3.663073664295483
-0.2995735210194272
0.1386306985461943
-0.5313348515606361
-0.3496483528589168
0.15353296819789786
0.6244981206829547
0.34155943031649827
0.2899648880147631
0.7977205196143906
2.0533077692625197
2.5532018328290706
7.033043856025128
6.934397208151625
4.358081993077403
0.14218452197330583
-0.17538747408621774
0.6565561599357018
1.2131162160348727
1.5618872782535698
-1.3043508320231736
-2.9482110573162164
-6.493710772050203
-8.880472967447853
-6.736060502696012
-2.572423113439254
-0.03194256045745758
-0.09437708664395339
0.42201793853713737
0.28928809624128243
-0.028136811264081286
-0.41534613728486364
-0.13210432503710837
-0.4016191068346756
-0.0035469396346987773
0.7035478754689809
1.1123522321405628
2.5946801240575494
6.68747008255288
9.365985770664722
6.2397537572895985
1.9310063384452094
-0.7801757138353654
0.053137363370825606
0.6188413321679009
-3.4305990717877974
-10.274613198901653
-10.337371526115973
-3.9062867569410726
0.5247645082250137
0.9448589854853173
0.5504583238526715
0.0686305820893909
-0.03596607832230937
-0.23484375188206172
0.2133286972927547
-0.05636301738396041
6.864723687845664
12.034447526037761
9.593921828356132
0.8451263313695486
-0.5564510842297696
1.3383056219490521
1.5689573910178967
1.9536484006068646
2.457137465303485
2.244960069534893
0.4357501149527525
0.07508771907629468
-1.6341909673483999
-1.6823186868518685
-2.7515441006399897
-4.932192037446259
-7.394130161577541
-8.788452732700858
-7.603960750044596
-4.710163818435092
0.06889345755756085
0.6680976665872064
-0.8059114858225098
-0.9914057355232566
0.23621191717180884
0.889233304498632
0.7504744832171999
-0.299174583719803
0.1459384092738852
0.900397122523373
7.807933773563426
10.64240305913911
9.870356701607419
3.37116556506727
1.5442786323001945
-1.2269724111899127
-1.417871441360535
-1.4943969675653
1.1239521729025777
1.248984843509231
1.3991634590070072
-3.516062454795147
-9.364475677715172
-12.184837868418622
-7.144288442367426
-1.777469352073447
0.020735446220884263
0.2592514950275924
-0.07825260055180722
-0.31420204144873787
-0.6817828414691598
0.47525124750207925
-0.3074571927438807
0.20735117298192182
0.7728949966360404
9.581173584108551
10.898978899778847
7.810185935542959
-0.3719970416777265
0.6549473227752612
0.4069170062346431
0.7453410819332911
1.058386202932861
1.7685694762366118
1.3271654700034976
-0.5878998513121879
-6.201164703452355
-11.600826733330184
-11.324909774921547
-3.840275492566803
-0.6108642139465137
-0.011776373307188545
-0.8239768991249853
0.19402371041074076
0.22351692634677703
0.49142164458142074
-0.4520053696167497
-0.5565745081918836
-0.3224012543968547
0.29178433352710526
-0.7361491112317802
8.713992918108477
12.197524255087387
8.969133096733458
-0.3576982664618202
1.0781616010977884
1.6800466311871258
1.0593710822792952
0.9551477604194049
-0.710086352119799
0.3313945450595746
-8.082426169755717
-12.706468616677533
-11.577401857721854
-1.9326249193038683
0.541430622696157
0.6440112286094702
0.8970870491703097
-0.1754928666509165
-0.7208384944556016
-0.42559824662034046
0.30435472699273375
1.0311144825349037
2.5356877355537524
3.1434020522440287
4.613515653320184
5.81777628564294
6.1063887107837225
2.8754597449027677
1.4877813792625014
0.8298691428056312
0.5222441164037691
-0.22646224589710187
-1.24256716788258
-7.615449900884695
-10.825321794700455
-8.133086238425966
-1.2309590522218514
0.4131985341650338
1.439875783384173
0.28240985375836847
-0.08211836409352775
-0.37161918938061556
-0.52826332541511
0.12548873486595769
0.4855083058519511
0.9424642237628533
0.4042171143083554
4.920998362106138
8.386627809417671
7.346639663778868
2.937767943571294
0.6509951495857655
0.8103497088931573
0.5632604216864687
0.1232705661283755
-0.5293847086449773
-6.2684150419775175
-10.159015641263634
-9.081984701778236
-2.271869279025899
0.4462293824495405
0.6288836492537153
-0.26279690969456576
-0.46265360570248826
-0.22590936311570134
0.08316424587764966
1.1912267413373419
1.3058763385519625
0.7008819766929144
-1.0473170064583885
3.694764618939107
6.9437575296017595
7.941472623374903
3.2230212817070463
2.464203959568092
1.0573048248896637
1.3366825075866642
-0.3100879970569548
-3.902505995243602
-10.753735097386281
-9.994164999039143
-4.789985626272925
0.8085325870690103
0.3330949566011799
0.14066545050619045
-0.27433795014541895
-0.07069882479588643
-0.524477260221324
-0.42245630417495333
0.4881942788942501
0.008036012188220615
0.22759356979817538
-0.07052062461643385
4.477011187462139
8.121577849953818
8.833152226687334
3.9467758298274505
1.7763193823950014
1.9838969509843878
-1.9859592712720313
-10.28424646603601
-11.826362690064201
-5.471528203763981
-0.12139149333254261
0.1597447049070838
0.2449150317116819
0.26145030249736895
-0.6338493095833708
-0.3500785120582307
0.1397273681993732
0.7620503674044659
1.5860314643094842
1.6016291826937081
1.4506557198140586
2.607890161469977
8.462993064378333
6.4072311789119105
2.863896150866069
0.14338576500244665
2.4679582402956575
0.32605018943664266
0.20990200148568294
-0.9704442980598246
-6.4406074291443
-10.611555124825848
-8.338928895339913
-2.060365322220465
0.5996003946473761
0.44267292294849675
-0.07643366133107296
0.09519845006534564
-0.7097982861680154
-0.6601853420040125
-0.12933762972279572
0.23922748521012424
-0.24667337546767934
0.36899043731785147
0.6635353142251221
1.0828108559892662
1.7066776799350174
5.436773432409188
7.3404708845377575
5.855863811760351
2.318659828457109
0.5217636483925376
2.5227811942689518
-1.496528658444155
-7.667586363653403
-11.189326446252869
-5.262523885350955
-1.544922790429364
-0.3253882498305265
-0.24515707887130705
0.28694936531305076
0.06927105370026782
-0.3282163217675863
-0.08027223842534527
0.14728574283266505
1.0208407156265011
0.5455942206821192
-0.2859320328211797
1.9151690973893345
3.1901001799859734
7.185112997149394
6.164166628417671
4.263283122330699
-0.1579485515902023
0.7239563873253564
-3.7046499649070963
-8.812962298025468
-8.492787911061166
-3.464844248064223
-0.5503610067492096
0.34165700346996675
0.6761356260310311
-0.7350748736598529
-0.2738992787310243
-0.04178374214633311
1.1357951717150452
0.41425313788514045
0.8591726668441868
0.11086550324472592
1.4779538405857902
1.836422066104436
5.73078269092946
5.614273260953587
5.827073045741112
1.5042377589436657
-1.150419805675188
-7.982117951483337
-8.542354266966573
-5.077688913444752
-1.0600919304619696
-0.4458000824078246
0.10113026488009988
0.643125655061728
0.020122018682624643
-0.7003765996991517
-0.18762605465693927
-0.0953095273117531
0.1108110325810097
-0.6995018074945667
0.580086848953999
0.7545031720369029
3.7450471567147474
5.4396080680925545
7.012258170566956
5.049267177021044
3.393439390585513
2.2492781931590025
1.0533464668993808
0.48104750358042564
-3.5550925484950713
-9.865764429497403
-10.64395061544771
-5.057771936655035
-0.10469307314089944
0.1602631795340235
0.4364438437867572
0.10042411520941597
-0.43631753310358773
-0.9780545511187191
-0.9858729936730054
0.6789463089278098
1.9161517937271446
1.6606618240088244
0.0944628000341405
3.178833345835895
5.259148096755654
8.13840823967536
4.909841708874654
1.0158598624085813
-4.0490189654920155
-6.925865850192128
-7.686106516574078
-5.951594909999406
-2.192112923426339
-0.28107903352066965
0.4472073911802343
-0.16917678987139187
-0.8566771693223972
0.27944861027650536
1.748962037060718
1.7245637383708288
0.9532138389943643
0.13290484199208535
4.008272721354359
3.6871302472133647
3.7308565739648194
2.8900360523981177
2.843619566653763
1.8657088291447415
-3.5524082494849085
-7.570019446135294
-8.554966105324528
-2.5961437722642553
-0.8429902919957546
-0.47302658806043474
0.43251270507217177
0.5663273801014779
0.294037304126251
0.1415353495527774
1.011778007362902
0.9809353566368086
-0.02653241906547789
-0.45447261007617673
3.39208681123237
5.676055287070152
5.909435726905268
3.680689669677845
1.7807630512103492
-5.811176608103199
-8.276906814502556
-6.034492545519685
0.6093790898393372
-0.3604875463445721
-0.7887443566622092
-1.3870569300728506
0.8996911429189448
0.052055425598925474
-0.1297513902001664
-0.1607454358788616
0.4640144145845912
0.7593665558469742
-0.5518805681670084
0.539997515753396
6.9168046008540065
10.140242179356164
5.731333404166311
-0.2702976189534277
0.14770866793321222
-5.167586020631359
-8.556597340710512
-7.914097158912077
-2.3266011912823745
-1.5598252351604767
-0.8161294124799816
-0.1572748658949497
0.38826536881531326
0.06697546735830451
0.01849071604870794
0.8665937750597754
2.16368416200531
0.7221006935613434
-0.6296877562063654
3.468536178203415
8.544022566658512
7.160057460858786
0.6376584289257343
-1.4152349944103644
-3.9967322900582856
-6.970763225423796
-5.594217117257465
-1.8421214641558386
-0.5339012544750844
-1.474326713033765
-0.32997993904297496
-0.20978878703543063
0.04353564988896391
0.30610427654626143
0.04124439625973658
0.5623210968344348
0.8059026757260145
2.058710638478683
1.1256506701423126
0.4134740583778242
1.9271036172523366
7.198298717724889
8.692814922528408
1.2679762209706449
-7.762920253152467
-8.428740584872966
-4.027654932344955
-1.231088073846239
-1.2669167863249517
-0.38858156074672756
0.32037856255109287
1.488605063989387
1.552803286331646
1.0687962426521482
-0.33155203485409124
0.5718459824591342
0.8118283892763318
0.9740185544902151
3.325402480164711
7.827799173913129
6.9891911719156
0.5511026339998095
-5.971192947988785
-8.055065320426358
-5.767786659170495
-2.8405625208668788
-1.2617909802096021
-0.8705748624361038
-0.043988764754312494
0.3467988113017803
1.0478831510450237
1.824286636286712
0.9582186462022336
0.294795645150314
1.1327869753773179
4.602716845097419
5.295776121856487
2.1799832981246885
-4.426812931285792
-6.533159894850957
-4.787372513116968
-1.1594000474831445
-1.1041562023249725
-0.9207045850214066
0.3139442825754391
1.1416016682797456
1.5698881390280977
1.0256206411145041
0.9386029464743983
-0.5986826888747828
-1.1372652381955217
0.8267249863925222
2.7280601877234654
5.618442750060441
2.4445703134180037
-2.590580741248246
-5.657791242972554
-2.271381634522163
-0.8208374710322244
-1.4051535957082673
-1.291787315721318
-0.6215338731237028
-0.2571646423446
0.88089340484865
0.46456673732505815
0.5675283259390369
-0.42656810863703415
1.0196760903715911
0.665740341442952
1.1672679810005502
0.5954214518992146
2.8862774857292526
4.93685624739083
2.4758645810997173
-2.7746328775268303
-4.909717728162074
-2.5847283278886684
-1.2012879582145777
-0.9440262376449523
-0.8111677669555012
-0.446342371806111
0.8188207754117126
1.081623638136326
0.2225884816651429
-0.8176071667529077
0.41163004278818593
0.9540779534796554
1.3420671734868181
2.730583989674412
4.490588354493909
4.417500162822046
1.3290854696728083
-3.4061208704897123
-5.3610474878511
-4.455608671796328
-2.256561731472689
-1.4773149086350164
-0.6117196762386052
0.015715196298873083
-0.23604403588345527
0.2446481789071481
-0.28435512291362014
2.0326776944830027
0.4437645117883716
0.1866594265473171
-1.3208906813038899
0.9275039837981786
2.3511105121247584
2.1566451095990415
-0.40579166518150167
-1.3344946565168538
-0.7917944561177997
-1.7350679198844456
-1.2855885473922166
-0.1257447596954779
0.28449306397079716
0.8361250066567355
1.2082955329368448
1.7879753860390377
-0.39417286551951447
-0.6644243552962661
4.401563521628615
5.508893311557442
-0.2424234256651649
-6.0820525822533735
-3.1743057514881996
-1.706347776519878
-0.7110768775617361
-0.0767673980382643
-0.8751112737702413
-1.2443239993732478
-0.8073664460348404
0.8960261974812732
1.0844932331866834
1.1784213361480549
0.3611382722933174
0.428394104975448
0.5551793383149629
0.07531280655366415
0.3256578485858748
0.9190034910469511
-0.26513645292309324
-1.6883529233743948
-1.1290924692765956
-0.49474173489424605
-1.0864788251784026
-0.6799298288296668
-0.17303836379579424
0.23333134584391185
-0.010562888936557813
0.3392469133271001
0.19019800288990724
2.5058393447698766
1.9275959388991466
2.056385052952237
0.7174208938509173
2.885644165407861
-0.5704533101838154
-2.1966593669394547
-3.244272931667231
0.048659747595249374
-0.7895518969694322
-1.041997571031265
0.08298651743931883
0.8842513697162216
-0.28808911375613155
0.6780897009842742
2.494709703973214
0.7927990095094389
-0.12776527243323627
4.233870474728884
4.490388702178128
0.2566521481298506
-2.6625121557808167
-0.45933013403536216
-2.7592962642037024
-4.095994852892578
-1.9803106688904208
0.11559831717743088
-0.8355136771888203
-2.104717900858487
-0.554976120931671
-0.3841098411012198
1.9848644776434488
1.9256413589416794
2.2214419977704654
0.9575373937153031
3.749824957504855
2.623208791839911
-0.4799119190038065
-4.63006188006296
-4.25288019682294
-1.949210907066474
-0.2887566990776714
0.08187126402960508
-0.6846644758469925
-0.4815399677321049
-0.5132302666255018
0.43535931194243316
0.6999032759674759
1.0584104762540043
1.4631541716038088
1.7129771124797035
2.4541681009610037
3.322154974438584
2.584011199227241
-1.5011169411760426
-3.6189357121821546
-3.3498212684267856
-1.2565822026100053
-0.03998505966592037
0.001467565251915909
-1.099142192535317
-0.6267066459828351
-0.7895509453159337
1.2385322406920347
0.39885520269665786
1.4010264914762485
-0.7376216075723827
1.1309653968367177
0.8764916281522882
0.22335813448985498
-1.9205741606582554
-1.6840108945965089
0.10739835982970403
0.3557867097832346
1.0613166397564182
0.08741114144923855
-0.14254837383273336
-1.2391184646567215
1.6781655090801493
3.5465435953041275
5.721719050469538
2.8938509118883493
-2.104884162652822
-4.145424207377121
-3.437362094452289
-2.433031403316584
-2.624671588402217
-0.20695208944598154
1.043003368578849
0.6543097180171747
-0.003874429421151045
-0.7625107046797772
-0.8777194342010596
0.43323315324491474
1.2463597132488744
2.1137302438980856
0.6774185639804527
2.250681289591442
0.3822169980809404
-0.7996294196284628
-3.5933176223494767
-0.9808673758773657
1.4198899380817416
2.69725732777106
0.2061981506134531
-1.8463125360903256
-1.9676574077479279
-0.7270924104582668
-0.019111674629990354
1.4597045073978252
0.03178402353912266
2.0668602152831714
2.147917962244331
4.392957219467583
2.4897315516237466
-2.0180806567977596
-6.397105525429458
-5.643938724970159
-1.221537499394907
-0.6343298723487895
-0.2548059958764266
-0.38694252332678847
-0.21111197868254025
0.6970234313252396
1.5027557312994
2.1062590142038027
1.0901337387394023
1.2510035086703442
1.79252404750724
0.726623041262703
-2.5229710411049786
-3.50072346301367
-2.2923174297981177
-0.7228496127837947
0.10973079778792866
0.35468969830653746
0.4366818275271582
0.12347264287267691
0.5991904005988254
0.6825138789233608
1.1483317507603317
2.1539400103206616
1.2647619557816356
-1.5879140151521336
-3.1023733330927947
-1.2769222638097646
0.20188315649457814
0.48575949755314635
0.2631393935166953
0.2806711115293675
-0.6245153600628983
-1.2059659299200718
0.6251948693401777
5.303671294475048
4.360138738263782
-0.19588171544184466
-3.94053263619364
-2.472105663176913
-1.7346501147747748
-0.4814636874873009
0.16141743319436772
1.016546060689305
0.9001154365821219
-0.6184816685198632
-0.8355145181389749
0.7420293447574111
2.485579914345309
2.6935687372662205
2.222324921027395
0.793581590139459
-2.6640890512399436
-3.0748855549064014
-1.6157855979202638
0.7386722443936853
1.335278123086953
0.06814535392396559
-0.7100449876084007
-1.2280366583806521
3.6798220017134704
2.2478765484435264
2.7923269154712713
0.32714855018796646
0.6712111588386954
0.5185824889260655
-0.23242031413351227
-2.479287090810396
-5.418150226553572
-2.074586611577876
-0.4850868153034236
-0.6273272054174374
-1.3812589367678492
-0.35236862720916867
1.4387146088572484
0.835908987263648
0.9416393310201803
1.8034910991032342
1.8257860457042123
2.6527890666983605
0.19090585905687216
-1.7594339864966158
-4.065860147474543
-0.5425738612621385
1.0865974907246152
1.136385269442928
-1.2278160383755141
-1.5685214919498316
0.2215969554961132
1.9364569558015312
3.704075892169002
3.8497034593233024
3.997842638303147
1.6163468251351785
-2.901630841616025
-7.359667573430403
-4.564481340791438
0.004323480148810367
1.9528969802012874
0.09249110048138302
-1.1523440974345245
-2.3125332646187564
-0.8370672598331764
3.4216733401036716
5.228771266210758
7.406392525311547
4.541198783374384
-2.248045678724843
-9.656578229577294
-7.329447039547775
-2.272013840542081
-0.21722920927215075
-0.5563728787203609
-0.4584703683660312
-0.08079228422359323
0.4702401758567044
1.0361786519599303
2.097205768756861
1.338971391842519
5.9627860727121345
8.254671734186505
1.675800239596421
-8.94315575509133
-8.075891923315487
-2.0280822937745073
-0.009064992491694639
-0.24253818366618599
-0.3817665295364276
-0.15627359760980286
1.0401894183113305
1.9081741274260162
1.5593680748227043
1.4892250308097292
4.289625059587127
2.858721519205017
0.9741142852378947
-4.001870355118583
-4.385079040845828
-3.1563861147392234
1.3408414245441926
0.5980891099679593
-2.140926137059495
-2.2899891436489965
1.0609826157477193
1.0459852651618746
2.947726284420371
4.3972676832765565
6.431921255616357
3.111763980761847
-3.3882491864757465
-5.295598728570843
-3.875273504171074
-0.22537613589671718
-0.9625598817310491
0.865808601045014
-0.46847328642928954
-2.1359975636892896
-2.1538816956641673
0.08026985822418531
1.9575827547825655
3.6979838110814702
3.8392788868154097
2.8526365210785913
2.379369191631433
0.6447907107768269
-1.5035064392999964
-1.6369947278808423
-0.4340197766289513
-1.683070748739264
-2.0683812146386646
-1.2041044509899996
-2.0682496737995915
-2.434119703603067
-0.055821137992253675
1.9600631407657647
1.4543933252897139
5.249508128858343
7.186988585526091
5.192148045995439
1.7928990368254902
-3.875286758271688
-8.006466219507132
-7.842471459536869
-1.669697552337726
-0.4929290733086984
0.8802783647232183
-0.2383269263778134
-0.6625013668116818
-0.6236736428466552
1.398737965680716
1.4801090510037815
2.037904786811458
1.267709054303034
0.24190577069363936
0.394223807082549
0.9627377831830489
-0.08090933665831092
-1.4612194303131052
-1.5253309514919366
-0.8495326246760309
-0.4223570789029769
-0.28889078742188357
0.11075096965533845
0.3195041702325707
0.7886111786444521
0.5507241384350994
0.07339844911016886
-0.633357280705805
-0.6689783223089455
-0.07766387870947852
0.057108284573844564
0.6183249376238696
0.019910885036410496
-0.5103161745837205
-0.7131364745980524
0.1757619347334305
-0.150838088458238
0.2703120182725814
-0.21502904441123874
0.11405951306253197
-0.500553156269556
-0.14620320558457464
-0.4232563014535844
0.298424413236699
0.3237280721236763
0.6441182923532351
0.34134679103865134
0.4382573118852389
0.047932935239099424
-0.11281805404023472
0.1291346813018608
0.3679376732873861
0.5564867664556133
-0.7145888148069683
-0.7756580911914864
-0.44142351931568413
0.060062200979034225
-0.4755744542838081
-0.17786760131471524
-0.32518418899275053
0.8642307439011234
0.33984324839516983
0.24932205999436327
-0.9725154033370806
0.19627066503519905
-0.08472538902704423
-0.11726259780404868
-0.26721632616352486
0.1086712901211414
0.4926886004353395
0.06564062630171992
0.07982454397570625
-0.30110139402874947
-0.024153922997976182
-0.38583815537650307
0.07480025572061935
0.34815926980661716
0.3531906418672538
0.2916191036938653
0.06202876244462282
-0.09019290788932112
-0.21851835921382756
0.21653799706599205
-0.3804940209093926
-0.3556131883316418
0.1047055522998956
0.22206827864849663
0.12506589578215754
0.017827249787837243
0.24560401527325812
-0.359069410049329
-0.1405322696734326
-0.31731599312042974
0.1900382655633112
-0.11039708991657565
-0.06385674371215763
-0.1776362436065272
0.4900327352987023
-0.09777367299494326
-0.4012703898338849
-0.17066953282718428
0.37294084085773516
0.35145730622536064
0.03129639327969125
-0.04021757495736195
-0.15841009349843127
0.37257957075158504
0.6250301575764594
0.41807606974428135
0.15797906434270675
0.13102933245155068
0.6211865324897146
0.6807009692696296
0.36816646599566977
-0.2548924428163502
-0.0005569021450757866
-0.029365642391043226
-0.1165377072275726
0.2556915522668214
0.5831358449258005
1.1298557503076954
0.7991326580141472
1.4483790397726917
2.4739050793008874
1.038159905352469
-1.035384100323845
-1.2723849124304878
-0.3869379241041224
-0.003650763312363343
-0.797154090662274
0.7350700785200477
-0.0660951052546681
-0.5660076283123642
-2.0691880256637885
-1.3558444952121311
-1.6763793276043712
0.4303207934599611
0.1212531031987998
-0.5113461019313139
-1.2207668124244655
0.01676704423591009
0.5602895352785694
1.7597135768835315
2.8557177321269998
3.3539398359229273
1.421240780984688
0.12224015258375272
-1.557399250979202
-2.4894236507882312
-4.059188826391207
-3.8258268841394227
-1.7712591780960925
-0.7955712174738191
0.3379859055991422
0.38762085175514316
0.05326351551384692
-0.3553540639634625
0.8518231056867671
2.291404804639548
2.9238775622352606
3.8867238620772815
1.1494970420226789
-3.7453138419217655
-4.656423462159393
-1.1956581293657778
0.47497649251928264
0.9868284330450973
2.1464850322763582
1.8983134188154063
3.339163641506425
3.0897554094655955
1.9084360978098023
0.27023331336042383
-1.2062366657130321
-3.920594471022466
-4.925718620167823
-2.7759779192713463
-1.116905058188716
0.2846871664675461
0.37941433278523445
-0.24976716132077947
-0.8596018632211422
-1.744215597610545
-1.3077032525533283
-0.4198813356402863
5.33765873973751
7.763005463607352
6.088359119246003
-0.577247225182432
-4.3768114464213825
-6.764124701180398
-5.163403167502344
-2.398864584990135
-0.10229199202366117
0.49081809204003196
1.7141029221876978
1.1966954724358854
0.7753095846768162
0.011952003511425793
2.5569689834287868
3.2383165426130955
5.4678634089061
3.5198127996562794
0.43770484979845076
-5.551852478304458
-6.959680119463946
-5.11921439418792
-2.0677658974007027
-0.2258114213084889
0.3484984798367528
-0.27874718546245375
-0.5850050869129249
0.7338271300350847
2.2569345632943087
2.6946510459425617
6.389316922679889
7.02169516968329
0.9765143889862271
-5.444016553768851
-4.352566213147246
-2.4077942458515658
-0.36195545318072403
0.34111104729675373
0.07683668790560476
-0.7954032224718462
1.7915692920295787
2.548412686756445
3.0842491470104583
3.2200117793023084
1.8934852537373674
-4.604363313111777
-5.934724517210204
-3.7520271017536344
-1.1742712038821186
-1.1170503835976977
0.8983572155230302
1.7643119883865248
0.5602831259758679
1.9227291198595757
2.826013557335287
3.4089096647392663
2.3338603343685507
1.016037786351367
-4.005464205319443
-5.885410765015353
-3.788139012361823
-1.211161491221887
-0.7979392496852354
0.8927890231092576
3.68965684425936
1.9060945005738046
1.7635590502180944
3.319313479501432
5.002401390232872
0.5465352858828698
-1.0183922086217525
-4.6686856136425074
-5.815017875084775
-3.6671139818488037
0.24570095484528198
-0.7703316733029713
-1.3828493453676203
0.23389327738104868
0.7360187852160964
-0.3492213443498503
1.433242797046858
1.9716166233991694
3.1232468356551326
3.563143762526317
5.9083164280748806
0.12282797223041074
-6.600566545740355
-8.98822680198482
-4.945330724427057
-2.2736576008717266
-0.39097336292342133
1.1551890987178994
0.8668116490733118
-0.051469072241065734
-0.29737845866042806
0.7913346811933403
1.8720532889274741
2.112690833635154
4.5344400316641345
5.598736780515543
3.706877239944128
-2.737519698035962
-5.650423494207468
-5.205445218224386
-2.958815267915052
-1.5109466054962977
-0.12182075129612029
0.07704297717734948
-0.1126256219772938
-0.03571894700044468
1.7448631940032526
2.065657938852303
2.443128969955807
3.337143078049177
5.015815441637087
3.224829721096744
-3.4138171896791416
-6.047168271023716
-4.3774066883220755
-1.3594591678542496
-1.0796873517016983
-0.3405717010236036
-0.17327304554677
-0.668355578788482
0.1836877689502019
0.8502001158981737
1.9412463339016732
0.9235189621398154
1.8328737275845417
4.07379029190096
7.268849752635196
3.4239168885895532
-3.622406216766118
-7.727837281352242
-4.961530654463495
-2.2474883289233283
-1.0179928873160173
-0.5762924053941171
0.12691937728768324
-0.10189410352621799
0.11152326937996028
0.8516761220849207
2.2938414057428282
2.2836113238246867
2.7915223727860448
4.24680021602441
5.374382082195503
-0.019571153523055832
-3.362029351683804
-5.8416257148777
-3.275550573290204
-2.325219986146052
1.2133293311440143
0.12894436085194677
-0.44135059877239047
-1.2178129852110402
-0.7388561576424122
0.2777538319623184
0.9506339434311059
1.858391518263537
1.9329520881808848
2.9771487677958484
2.8043170218430276
3.450624974276287
-0.33733957377201806
-1.5212655368543635
-2.793924884603778
-2.3164937148536766
-3.074911479538869
-1.8931569941094883
-1.1072818828434512
-0.24214178067198655
0.4527449612110948
1.025762793170833
2.1886861285058212
3.2231872392961827
2.309531847326017
2.117656728115929
3.0060824402164132
1.2636202489708936
-0.32198328991813796
-2.446826080178305
-4.030605025625535
-5.569989663093657
-3.6687901246555907
-0.6912081983072509
0.3183067987225433
0.0650017135419943
-0.4426932663211732
1.2695638338790816
2.139641606930411
3.8385429974170333
5.9310049189876874
5.206122263460958
-0.281078696724935
-5.087279126826162
-5.521306621082316
-4.444333852434347
-1.783811421857696
-0.1748765822607023
0.5892824707121826
-0.6024975815563058
0.03794191804380526
-0.05123291801604826
1.1259583983575923
0.8094649246179946
2.0153995190516474
2.3880608291736207
3.483484279653706
3.5830877975206117
2.0807642556093935
0.2622897675091001
-2.6323085431354807
-4.245669770972665
-4.378342777823918
-1.0436776556342247
-0.9593923814739015
-1.4105677969426837
-1.2047622240016316
0.551072914492218
1.3224790193034062
1.6311307545706493
2.357650341948335
3.520378038744954
4.827190030063864
1.6006537256740216
-1.6269009223885846
-4.607332948568104
-4.797968076827376
-3.7026020182673562
-0.45349874672858914
1.188674166770489
-0.6750867527301162
-1.278420560614632
-0.13172219193042095
1.5286997208459565
0.6745716782309374
1.6538837403354962
1.6117802012640887
2.2811728052522526
1.9901648345563847
1.2446063619492984
-1.0711783534151995
-2.697409248809778
-1.5456369932372251
-1.4182237613577937
-1.0005913828022786
-2.4825609374290343
-0.5345847378049444
-0.5304214493995942
-0.2479710102370033
-0.30069390579768834
1.9567318399840263
3.1136602654697825
3.565903663834354
1.9966563964970598
-0.37904785289667164
-2.4773575500330858
-3.3753084943722507
-3.564920629381509
-2.3243191238737326
-0.8639026579385791
0.12433666331971237
0.0901295655253971
0.4108677387031268
0.5179839472642617
0.4081752068771511
3.9066601351824595
7.563623813648237
7.160616540072706
-0.7369910623798767
-5.596177423564608
-7.044878515846747
-3.547261337823146
-1.840854376272565
-0.3655705195823141
-0.14698504118872915
0.9174614997566719
0.995257980719747
1.24495903800643
0.22716132223863553
2.31818364206092
3.118415025170857
4.439227999960535
3.43597180747852
0.858982229083729
-1.8750006763167293
-5.157797492788672
-5.354320936315016
-3.3414564676774283
0.962397183595122
1.9563809464171702
-0.7328029224437735
-0.8504627482917632
0.12393001540848475
1.2621401649404502
1.520818161002465
2.449414605021401
3.8815290738046366
1.91739085990567
0.5467442008943801
0.49428808832537563
-0.22377229809292515
-0.7899131334143581
-3.329965953056398
-2.767513921511836
-1.0380436219391522
-1.543960220824468
-2.9732199742049628
-0.995015666701936
1.928925411958897
2.1624345117586237
1.7357940488372934
1.7157680867859324
1.671305067660624
4.204384232514082
0.19982025431312803
-4.975432432196086
-4.803821805102288
-0.6014151737200344
0.8789474119635843
-0.464681918416173
-1.248872692125871
-0.5931918087153392
0.06491032918223541
0.7430693927863175
0.492808369492826
0.7439389645468487
0.24360358955164027
1.5897803452632233
2.0793536094131198
0.8975447348844356
-1.462863274630972
-1.5787874838839242
-0.33067250179826474
0.6265640727020539
-0.8159817604184081
-1.820031746931465
-0.5602061819674561
1.1956946551539618
0.3710734262949178
1.2814583454171453
0.8959566742525692
2.0569380628436265
1.628679731518577
3.6269225982143523
1.668402717883925
-0.26077230701340753
-3.0136930851750416
-2.676086018246846
-2.137307235795847
-1.2818177313225472
-1.6437327811879272
-0.24419917226283616
-1.202398954317408
-0.16900453270340027
-0.15130015595865764
2.0005333389656714
2.9923266724945354
5.012906369105026
3.7230366775880817
1.974403202354732
-1.2487202263842923
-3.272968565587774
-4.970470724928847
-3.3065208554385865
-1.4371303287318233
0.2612845608003136
0.4014779632244409
0.1968430710837977
0.7718298830578857
3.093659501498787
4.253671083591191
3.92249361054776
2.4932997230439056
2.151382522111638
0.9210671910571624
-0.7644536942152026
-2.61006068612826
-1.6617502866982015
-0.9857716469818661
-3.322863398537095
-5.15597237267604
-3.871388270577796
-1.7604888452466319
-0.9353370836019014
0.21715851019404256
0.5415036014294757
0.07565854797734625
1.5657462778867899
2.9937965703207885
3.5851071717630263
2.175247609260832
1.338950892995933
-0.6296547665144072
-3.1403167512068295
-4.1096641607220405
-1.7932969605746891
1.4218738689669828
2.7206170454279213
0.12692760282557114
-1.0488238454351688
-1.6588482087529965
-0.5009652916442637
-0.0693059845941371
1.3270290171589383
2.209880925205664
0.86765218466533
1.3466109224037364
2.7117379476926815
4.071995096281485
-0.4127527739046423
-3.4158948674666436
-6.574748767508612
-3.2497821599282655
-1.7094927506319464
-0.039863980970279864
-0.7720363968796623
0.2309312134910522
0.06323493335114294
-0.27058646403799164
0.39442257820571003
0.5659701446258103
1.5601343447997522
2.6053722062232536
2.350498202250918
1.7273553551490044
-1.1865439595973992
0.4731465562073947
-0.1757370251345336
0.9668501658245815
-1.6824315696619854
-0.7727935210798005
-1.7403329585789054
-0.3407546277433027
-0.4952337056089488
0.5972074524051492
2.163870924410844
3.022065662973113
2.4657240425469533
2.3566010718685924
2.298200057877861
-3.821482550806854
-5.969970207926047
-4.743815610151158
0.3854739682240879
0.684948641577436
-0.46609408853119133
-0.9232780601647542
-1.1071048465142288
-0.761403244699731
-0.45081682706951576
2.7434156529987037
3.5265093040372504
3.2272731387303346
1.9760390778471928
2.416287930644871
1.3531189552009486
-3.660076925012138
-5.668964792781534
-3.980469564245038
1.845919440467203
-0.14981314144390376
-1.3626055674970947
-2.243686107056484
-0.2000691940467017
0.9453468646463619
1.7621619019621362
3.4020318531356084
1.6606978356413138
2.026063360451854
3.1287771583276047
1.8411020133998766
-5.255001028688721
-6.736980632301965
-2.9205519731295544
0.9339094829198363
-0.9140334858620944
