0.9976701989203098
0.8423720326683601
0.819964684503131
0.8372950483418391
0.8427966876521057
0.8483705944094387
0.8471236351507381
0.8438718962379624
0.8486487139652529
0.8598790298006437
0.8630502115091513
0.8526658741985077
0.8492428849722051
0.8538951317114846
0.864228986664727
0.8648513193756729
0.8592244797100166
0.8550793682907626
0.8590678942621484
0.8678542240258404
0.8683978341078394
0.8682094237837761
0.8669391374122516
0.8644595374538648
0.8616603914917972
0.8588585124352455
0.8596216042651523
0.8598384114163014
0.8616167027557355
0.8599435283746896
0.8613939793127339
0.8636321080772199
0.8643746954693624
0.8577100121737318
0.8502991581326523
0.8425679976473892
0.8410911525892388
0.8327132662917095
0.803913536933698
0.7672657936274452
0.733306041888916
0.6909330530187452
0.6438786411697284
0.6164474892247132
0.5511491044232326
0.4374830413928786
0.334395666381348
0.2381882566610882
0.20503541010005202
0.18191848727296545
0.18433616868588712
0.15923897949448035
0.16632461774979243
0.1441515756977952
0.12240767107983602
0.11814653511017308
0.12205413416611127
0.11548867842263563
0.11429712611326356
0.12370018961048873
0.20335113366897828
0.3281133284644117
0.4943058419241757
0.6404497341329974
0.7534050072399767
0.8051886181157359
0.8327700136065954
0.8434723469936848
0.814828069572366
0.7952496036021055
0.6536887980898589
0.4282760244232597
0.18227295241260544
0.09812652240420561
0.06406375675479603
0.06424662074030707
0.04743803056370416
0.041216395139284906
0.035889058732848256
0.03964078053275315
0.04986121946285483
0.05452738773944296
0.07954826383925845
0.10746385470796725
0.24529917235600285
0.4890898305493405
0.6929139798016062
0.786517884831448
0.8254607535384835
0.879722862889859
0.8878722099739094
0.899011272706335
0.9090645788481884
0.9139807761555945
0.8746560623500108
0.7887876255219609
0.6242579646039851
0.3988214669842446
0.175915551089342
0.06732282836011971
0.038139608384975904
0.03590662653029341
0.031101584261284843
0.044732593047415246
0.05926249154532884
0.06280545799020607
0.08397137161011534
0.2448875474487763
0.4718916647250089
0.6241223526974342
0.6160071252693113
0.5919231313667648
0.631193397640986
0.7046184061349637
0.7640549243749257
0.8043210717069326
0.8383126787714748
0.8277468613371238
0.7910939373020968
0.6418653096038676
0.43220301154563673
0.20233761662077257
0.08097899562793293
0.021484026379983635
0.03501671245200484
0.0398283082472692
0.040738202865174676
0.04664862990938669
0.061349499580297145
0.08489745556303692
0.13338971622377938
0.2845237211275953
0.4761487509523117
0.6232242092760008
0.6656256741916023
0.7175093718657577
0.768077585664755
0.7980744765844147
0.8141845602431861
0.8322347891273748
0.7427292430221706
0.5226664355854975
0.2743328407203972
0.10909865783945945
0.040611673172467555
0.033484294476929424
0.0502700540433098
0.06318933597220672
0.07363035321064157
0.07112207405531717
0.06937305990956284
0.09217996453329391
0.215297620664256
0.4152982931349705
0.5843469017939414
0.6358019527584324
0.6169758697727685
0.6385757183463865
0.6678602473566663
0.6579918751592516
0.5875302068797037
0.5090148142755452
0.38540677924411393
0.22981332481785727
0.1135032381273247
0.05484667674492156
0.0310150524459517
0.022414437369446906
0.031091642519216874
0.03857157678996683
0.04491821854883063
0.04870216797351032
0.042708981505681864
0.05059717235525816
0.11081939940380342
0.24520907164002884
0.39774440498407815
0.5101730503038622
0.5562870186271489
0.6196885750209092
0.699494894003734
0.7744535225769511
0.8087112561005957
0.7825101515564086
0.5768253830142916
0.30888109192186985
0.11657772883013871
0.04715373490468812
0.007233632215792428
-0.001511725862918885
0.004925042788453881
0.018242168082263456
0.030144001202648204
0.03933903934155033
0.05356770407279632
0.10255538247268
0.2436636481370013
0.43670829709301195
0.5601706145635323
0.613690233510751
0.65589681900957
0.7319149900962489
0.7834064874142601
0.823990876401969
0.8089206750433606
0.7198323076706397
0.5161623605410257
0.26221882521255857
0.10688564560594817
0.07357573370304712
0.07733014497817536
0.06476509935434976
0.05822415887147661
0.07425772316864793
0.07504474816997464
0.07662600979016351
0.06222031240690724
0.23414365539240223
0.48484097359708894
0.6654444975254905
0.685718703321188
0.709902628368247
0.7580564180144538
0.7842727425902705
0.7915545435872757
0.6355750814714397
0.3836853890714962
0.15475908349559842
0.06716608789292716
0.043986561403769595
0.04822141271798132
0.06501837432862648
0.0698880212063491
0.0679900957381061
0.05988364532908932
0.08694188090633642
0.19496137980133443
0.2899202100563887
0.3328879823682923
0.38035772731315187
0.43167091557112824
0.38627251233295967
0.22719927245341226
0.1057164952383903
0.03318722540558627
0.01348747895916368
0.011257440323142713
0.026617493420485402
0.03949489828109933
0.02629672610026159
0.016952005120415885
0.020959316435144357
0.045484045991755914
0.07074542219098547
0.11660190436484673
0.19372950194783434
0.313774171703203
0.4565803832727578
0.5980861595506473
0.6657282269031695
0.6772042547381201
0.5423941683385862
0.32955049251044033
0.12491962095528641
0.046464454169155824
0.029623604366003753
0.03248048351481291
0.03870373088402386
0.037014773879568884
0.05117779103093403
0.05972005174174675
0.0874400844695433
0.14072500314757258
0.27577034843130155
0.3728667289390681
0.4698357340436025
0.5314822393053882
0.5902596033249635
0.5653583632288361
0.5473838449503152
0.5065658355891275
0.36856151950482785
0.18801146489015697
0.06851674680713733
0.04739896290921966
0.04436792674878598
0.04342512774832368
0.04390799865306212
0.04741390592879903
0.0546311989962619
0.05710392703841628
0.06310678960488147
0.12282563057557289
0.22855954980141713
0.3489361645565452
0.4596953612659076
0.5621087810092529
0.5895311021288066
0.5971158525015309
0.5337596116089451
0.3736691673367569
0.16417875365299597
0.06009123418466686
0.03940639117602047
0.02482865586977232
0.02055285965205833
0.023917821687645904
0.04979079092666393
0.059095285935456446
0.054215540136425926
0.04513814421250311
0.06452689720341842
0.170475901815097
0.3223572806939144
0.4446301485330101
0.501786782276199
0.5401724858785173
0.5821276412105383
0.608235911762665
0.5377278203739638
0.34025791142158357
0.13420775610300276
0.03295380427968797
0.009770261477822959
0.01088310532613336
0.02739459212408677
0.029267390614722343
0.023414490647521886
0.01812484062903509
0.04025687604088919
0.060006425008921976
0.12211392050429806
0.22734901772312827
0.3914538984045989
0.5083815591093471
0.5489222922331634
0.5434724888955923
0.43499267273294423
0.24856125123816752
0.08587846456264733
0.05023291430987409
0.03643485482604189
0.02439140940144127
0.02118014470940495
0.02313744491804668
0.04238925070201644
0.059655395399517856
0.06994376545020987
0.07660458151547812
0.12444869045054269
0.206689267891658
0.27560976244926644
0.283720562536122
0.2504345200046406
0.21255016289385883
0.16077406989375492
0.1160267084751049
0.08241331139024863
0.07425033455121971
0.05876674106889416
0.052692885248805624
0.039288642138866486
0.03947620512053193
0.05409027673430459
0.11929447482289891
0.24879070606197035
0.3446719702209461
0.3766553432438458
0.3859280827394713
0.3637378044193543
0.31122450662912715
0.2538953722480657
0.2112292219963638
0.16630850647559536
0.12349926840925848
0.07784275622679501
0.0228009342959411
0.009324287481501686
0.008829235365268803
0.019593853364350884
0.03752551623399153
0.04675815097406994
0.04791692958584
0.053184314821807896
0.05800819781852572
0.05560421281048232
0.07462899379886484
0.1661809982657412
0.35134776255293443
0.5290987163424612
0.5736419102003358
0.4414289486953634
0.2582733451912951
0.13284347503539312
0.08854207912906943
0.06895420610651831
0.050873464354239104
0.036767798889948196
0.031231366823463197
0.029899535055618973
0.030003770719874756
0.03300992828810237
0.03206970637038194
0.04735573206283286
0.12776760106521318
0.25189358998787964
0.3593370916196803
0.4405194098789794
0.5059082443804077
0.5112401442082921
0.42528918351617806
0.27009395395012514
0.10864789921029183
0.02886983364084038
0.024007414117721115
0.0397655032436009
0.03806408997766754
0.04744495071733655
0.04600058967340019
0.041556487541767086
0.043028011015804384
0.10102389368210761
0.18918805665395827
0.2816144706783674
0.31227104879368156
0.2677373890362229
0.17837559655678706
0.11229839002156308
0.07699787422488096
0.06215565715013445
0.06307026193185813
0.06985130433263165
0.06915775966810535
0.0781241137133217
0.15174621762588716
0.22816252316732802
0.24185253960939304
0.17355161062021873
0.1169102486435753
0.08816353550321661
0.07757155835844728
0.11311184845908705
0.21909535371646907
0.2711057069711551
0.2304497304560288
0.12382959056310201
0.06508866265868354
0.03099335478194667
0.040333623898885194
0.055233104065418245
0.0661102348172462
0.07431881306918514
0.07804039521748157
0.08449772798117364
0.08758644203948766
0.12979088427162197
0.17975857814964108
0.2448782766653197
0.320626456503839
0.41708277971610663
0.512770517067938
0.5764582184724718
0.6244314419400095
0.5670783932573148
0.40275992927598153
0.19921073686496568
0.0744495389882989
0.024817238448249866
0.011364961257010848
0.029223262173906337
0.046535975481555095
0.05601097257943138
0.0664046089858319
0.09044914531008733
0.16920870584965086
0.32001862234959644
0.4593454736008039
0.48431068208098044
0.37307180943922846
0.21725580553067433
0.10416200101692857
0.0625862233225583
0.049140201699516044
0.03445401635494593
0.031923491947633865
0.037548943060767906
0.04986936520586863
0.04927198322843831
0.06974634624186425
0.10372105936295234
0.17933896380130088
0.24291763348340853
0.27227961004345175
0.28646133834431203
0.3131367783161103
0.2819769804167994
0.17001084309411202
0.07552560543046119
0.045100615233793565
0.03320058372595081
0.022120567773772026
0.025001530596796592
0.047959681944606314
0.0678972264335947
0.07085684768479164
0.0861146344520692
0.11960443495549467
0.1699536042527519
0.20343623681293363
0.23533400654324296
0.2643499434893001
0.2913063096351356
0.26498624612571803
0.1769349454032102
0.09357006634844253
0.05678539079360903
0.049201431020802516
0.04257894238214707
0.049521831950084916
0.05811080371692019
0.05980112476083338
0.0634730061682517
0.07750092574490403
0.11667035549871414
0.167704435886417
0.1568629532651837
0.09996070938603774
0.06034231275646766
0.06807495530462387
0.06053484087351983
0.04971411623125478
0.05470203061158077
0.06419341626988967
0.07128968270528355
0.08446399086094956
0.11819589621404394
0.13943705473865542
0.12831930568592276
0.10886879629943438
0.11159055737612689
0.11813159422012176
0.14591999572970715
0.18949499827561858
0.19383197056563864
0.13006482698160904
0.06743959856105655
0.03305792303685597
0.02343200123541427
0.02789899505944257
0.04158671439348236
0.049384656033521594
0.05075577836915296
0.062277436376890864
0.0842211069722278
0.12413448105392541
0.19065362089552365
0.24987658976172672
0.2852449452346216
0.29639457137808567
0.3132473394921875
0.3035557513761189
0.24047602237073948
0.1498434234072361
0.06943244272567281
0.03535305699063143
0.035953386618918316
0.04730844440911624
0.054777300761403
0.049666335465412936
0.06376407413206836
0.08616351832969851
0.12810485608389252
0.19714755340776552
0.32048317313544816
0.3758513938517522
0.3307006347626272
0.22158532257642027
0.14256835974596793
0.08635080584728669
0.07447097381723658
0.07065327279758106
0.06223712922577917
0.051221918138427164
0.05437345680389399
0.07368467683642733
0.09917920180813847
0.16278064834187578
0.22058242828675756
0.2081012645543197
0.12429462158970522
0.07254213355827309
0.0651899968546908
0.051357071372777285
0.034368094127283984
0.0364936665552819
0.04591765617217986
0.04997961641949426
0.05353867404242499
0.06323914085804602
0.06696805003448181
0.07101359530902607
0.10747450560286603
0.18963559298690347
0.27319245887665583
0.3337131587637495
0.32249527838627623
0.24005752737151273
0.13863646031633597
0.09813389991034685
0.07981531572223922
0.053411240393923504
0.03697042737850532
0.04162024734493937
0.047749338979637526
0.05263125364166743
0.05337488016384044
0.052022722003057464
0.05363755728999947
0.05723252650728917
0.052547599631814663
0.06878214374402018
0.13698972683387592
0.22111642271692694
0.2565875333314558
0.22951434457266792
0.1838677738361767
0.14649990063242074
0.11880617441477392
0.09996841994193661
0.08636565636727964
0.07940246228276286
0.07043486392563685
0.05751925609267468
0.04543124046146328
0.04420912634585963
0.04931321614697197
0.04751282776115837
0.040969344537858755
0.036371633394335745
0.046301476089588206
0.09355805046508724
0.15117879311415894
0.2193861606440785
0.26624845893964194
0.29552242959866826
0.3042850572418666
0.2749874459927655
0.23834074936330604
0.17424891333685744
0.12859347414529954
0.06829453142424037
0.0563685551340225
0.05586719809247649
0.05400191328864032
0.0487914767235051
0.057134728385243604
0.0645228093308392
0.06439463989483926
0.07609978404201566
0.11813498835432958
0.22104885653337158
0.3663180883093933
0.48834815149499716
0.5223349816918312
0.48483753500514193
0.3676934445329182
0.24612816989815867
0.17336277852982632
0.1656966048834954
0.1582596826830481
0.15415751822972795
0.15690039616979756
0.17676895096926573
0.21828655427503618
0.2854403925695871
0.2794913895067756
0.20662897249973597
0.11878477582944086
0.0946742915826681
0.08545022890816781
0.08200251201478179
0.08068657533836832
0.07787058344984009
0.0872521219173358
0.08489163417760959
0.0816115447789457
0.0768633444705839
0.08653926203874364
0.10161381744201452
0.1223781812871308
0.20611401418655056
0.32739348100688426
0.4042423266541165
0.3806871786576934
0.2816086220475621
0.1799272910998458
0.09759223628789596
0.061743148738311465
0.03550965073287017
0.04436832899757406
0.05929732490095979
0.06526586056000937
0.06536405646897557
0.14263670519775512
0.2701292908605226
0.4035122980397756
0.46470001533342836
0.4625614070531151
0.4334166727285927
0.40369738363933916
0.40327452567085925
0.3701470041525734
0.2861605865431778
0.17300733592616627
0.11513668228285118
0.10161837920299675
0.09496306614370592
0.08577083230820068
0.08360750362231582
0.08222996715542802
0.10389905428313746
0.12455727267026533
0.20058172364679722
0.3101844880528644
0.4335934825315385
0.41389458611192725
0.30505313161770453
0.1774658612665248
0.12808611444286858
0.11065983090050921
0.11001161188329076
0.10676629279445103
0.10548559613286974
0.11406478196711592
0.19110756940533963
0.2871152941411358
0.35368616104313355
0.2908849309404401
0.1824015200486844
0.08376458639820414
0.056301301617377286
0.05484640879993896
0.05754062805885833
0.05568254099312139
0.057203711718702595
0.06877831142457731
0.083743767630444
0.08521979885234461
0.08319648052472067
0.07333275246770417
0.05305416462612096
0.03496966703478178
0.04219235233891334
0.052138223240341244
0.06528519717667154
0.10210845549425165
0.17852728298967585
0.2120800771228461
0.2838872477354639
0.34386756424843845
0.35712559316195247
0.25308609990787073
0.1715426923735987
0.11185254314954965
0.09141850613790602
0.07014063882028204
0.06357066786780159
0.0535121376029679
0.05526962657098722
0.0504216304435475
0.07637935638933462
0.11220917702743703
0.16357641258109443
0.21358038411223218
0.31438381401141563
0.40613909681405735
0.39315012494264157
0.27096184790256883
0.1498887728552623
0.10189631142705373
0.08108732175530518
0.07197277622215922
0.06414494705057547
0.06521884539621642
0.07067280675711593
0.08308757501872142
0.11644830776436076
0.14804023753638718
0.14939659889247484
0.129819507289992
0.11476116450454268
0.11090072063458833
0.10463405317992737
0.09847859640412293
0.0921444095721208
0.09245355358525273
0.09094750776628086
0.08231008261486761
0.09541462031391885
0.1085467919965588
0.13120602614595112
0.1457723973804363
0.2110820094229283
0.23313116199294423
0.19508075361837285
0.13010476829396952
0.08219073212998966
0.046216230995248096
0.028791108576944176
0.03455096010396565
0.025166748722298207
0.018129402002017073
0.030810829662422705
0.040756375539377165
0.04946805673258723
0.051836253476858565
0.11088732337571423
0.1951565208975572
0.26186063050098374
0.25941946649431163
0.2368771237612885
0.19010033091731635
0.13509790212660827
0.08982799111535178
0.04681931767147983
0.022654594514492227
0.012061912987788616
0.022176601422904233
0.02861122272287302
0.03769522168962417
0.041005212412550104
0.04450861623774397
0.03927212918738309
0.0699103413235445
0.17501674229296116
0.28088795210283934
0.3218123942377342
0.28067866800194124
0.2510867558343926
0.21509068395794223
0.19438027159174928
0.16379860908405136
0.13247381781407933
0.08937212167850739
0.05693373906959322
0.04963779642535423
0.04560157439197464
0.03261490974270302
0.028378085642812658
0.03896418196793854
0.05000509093575331
0.0604853695043076
0.06022297350682085
0.053678256550505656
0.051555657578262595
0.09361230345706953
0.17678011847215724
0.23783751229451272
0.27897081617704844
0.2844547753870388
0.3337319474077915
0.303237935139815
0.21831113095692367
0.09839534344407475
0.058820338166233915
0.04439055831825234
0.03500341143030708
0.03049839851496259
0.03901483040536334
0.05694993923890789
0.06831812467754211
0.06874126263167074
0.05801768813912507
0.05230305904294981
0.07209865109537386
0.1237794021923723
0.1618199269456187
0.20810932363578633
0.24956569758809688
0.2619858391031259
0.2060639786216904
0.13047767881678937
0.0708007982332084
0.04091845431054078
0.0339340785067256
0.030017906496587893
0.023917337948231664
0.01857600429756495
0.02334028195333004
0.029384770125843472
0.033346163912168686
0.034007038557129415
0.04659036282191711
0.05816592897689292
0.12972733436013423
0.1927356306258095
0.20669535232605216
0.19644718162458502
0.1975579542662435
0.17845821528203534
0.12548205585035996
0.09854472989907505
0.07375140016787686
0.06502874100200393
0.06051088500502097
0.057003835906441265
0.049251847779699105
0.04344396510370301
0.050082706725254396
0.06769871989280513
0.08452944555747804
0.08855116552155276
0.12784293173130512
0.17576775355312493
0.1743472545108293
0.11393861885620274
0.06422978052841474
0.0579735006606574
0.06411894700656548
0.07289885362006351
0.07959208553399863
0.07351775989730472
0.06006232697701771
0.04947552185256537
0.05326186905556084
0.050644652911761956
0.04446930761625341
0.049329768966857056
0.057041265397820576
0.04143192265722119
0.030676694387792726
0.053244746483997234
0.09773256824195412
0.1213396956283552
0.12100250616570936
0.15549530981963314
0.21953801249473331
0.22939550697927596
0.148108045748529
0.06546571689257565
0.044665808743488376
0.032702800763155
0.021897924776580324
0.025543924472791888
0.04798864654911068
0.059385759938189064
0.06051087688646447
0.05150320210617083
0.046735282828643414
0.06710102987518077
0.10431679869470731
0.13342688258772178
0.1572422030941275
0.16642358015467282
0.13330571165540236
0.08274482125711348
0.0552278846676426
0.053700878849869134
0.055251492720532605
0.04731056333069716
0.0497351124236298
0.05637114367288853
0.07039757954124942
0.06985764902576642
0.0722723279956066
0.06900501066196163
0.059150700626761435
0.04687677183901723
0.04298044305107725
0.05613611987133757
0.07641271774999289
0.08817151618704
0.11067321740491434
0.161021098813745
0.18022549007859678
0.15269607292207413
0.11981287081187797
0.11022000042325514
0.07609061615011743
0.04948620978855754
0.04177363208473586
0.05943033179145885
0.07283225413237716
0.08417798840873571
0.0703408656310633
0.07052549105284199
0.06853844289729719
0.0636350306541439
0.058125562845218734
0.0880194858187275
0.13022006938314756
0.13291461075912162
0.1185437589884789
0.08799508867680064
0.06714861701546848
0.04659821468266872
0.049251171033845444
0.05325860614512942
0.05086051637629355
0.054406993835035694
0.04217280985072386
0.027969017568065427
0.02304172638369485
0.033213686002619716
0.03151769527662403
0.03345281768581926
0.03411409310071401
0.043045991942907556
0.06659700437984675
0.11787661814909389
0.14720865390606536
0.129888794230851
0.08907595274038452
0.07148593746960205
0.06637638848238886
0.06150243250199516
0.06116131555861689
0.06369821697215437
0.05810302477089051
0.04744501490616155
0.051804257477221255
0.07338039629758446
0.09685039475769064
0.08742060508903375
0.06476338928016946
0.04265212575784354
0.0324554089586402
0.02834494638556171
0.033238308726210905
0.04710895434962279
0.06069184793192719
0.07200324498841475
0.11079612720471721
0.1414279285176986
0.15947679873356063
0.1542800994519339
0.14228932102608055
0.12937109260987467
0.12205792360446754
0.12441639989755297
0.11429466655796162
0.11755202744897585
0.11605524129703416
0.10835350382520881
0.09917863519051029
0.08065854233934733
0.06057408538955156
0.04521217161363181
0.03789669109506763
0.03732696341830998
0.03669782082908899
0.035805927096261334
0.03041693196427226
0.03173956698104009
0.034164340652271405
0.043561660879629226
0.04035711765425834
0.03793425732357112
0.03911322388311711
0.05961273462015795
0.07811112984356447
0.07735347916865618
0.05856036747943383
0.04666507620714058
0.04858819177792287
0.040055800868291504
0.029914153624802306
0.031314756127359726
0.05546537167593899
0.06867375248553992
0.08017034982647944
0.08657196173854946
0.08947828602740998
0.07286135948572892
0.05744944831818714
0.05753111511749091
0.05072841687982163
0.04080614792042468
0.042217978015332946
0.06057439708779366
0.0841436332159075
0.10570201826487272
0.1136446086354127
0.10022841876257346
0.07608413041792542
0.055797224068287236
0.04374671929901701
0.047525256893872506
0.06456624101671854
0.08400792056835446
0.09489578886397657
0.10222261021680638
0.13014087340011649
0.1533870462057918
0.13849713269541003
0.11054361496902508
0.09306421024883152
0.08558114851284764
0.07492482017039788
0.09156351088962741
0.11140507879734118
0.13106716976871274
0.13130332542376516
0.11476255087199744
0.08456525748174697
0.06358623514862191
0.05646365161574697
0.0672571909304487
0.09454879664305701
0.11881723592719497
0.11963444384253055
0.1067975971394809
0.092642134538134
0.08751860122451513
0.08931838367431898
0.09529402819515999
0.11218066157169117
0.1469864443853356
0.17650269133799615
0.16932027999300842
0.15485950088365497
0.14703787635138638
0.1417003047370961
0.132106562250621
0.14243172016083186
0.1559364739981025
0.16736359987659957
0.14589219445304139
0.1161782206522042
0.0987590610275393
0.0908265949615496
0.07542998387165106
0.07158582718834239
0.08364889141630091
0.11424528527402666
0.15765852682673287
0.1744131373827968
0.15037460238947584
0.12568921289064486
0.127780386011027
0.12396186905571507
0.14363539356811156
0.14862903875021133
0.15367167245768165
0.15578474417412785
0.16778138863499495
0.18539565229025576
0.1858537906402093
0.17521340183984832
0.14628794271356033
0.10230098214325933
0.06487753549552201
0.047696477972375216
0.05220045041143359
0.05718768179242055
0.08611080166471263
0.10752618644915363
0.13087861785550808
0.1638501564868758
0.17429149855311526
0.15550974237888884
0.12739696356684407
0.11116487049076373
0.08290353275863763
0.06870862923157234
0.05097755830512808
0.08005339870593974
0.11324737676711977
0.1265029769110108
0.11242135220619526
0.09382150094253346
0.08538823789172299
0.07964826585052193
0.08219041690768425
0.06861423893035369
0.06701820172921388
0.07224514681800302
0.08493587175609578
0.10164247993244582
0.11133487375792045
0.09653388291435125
0.08216764633820495
0.0802562924439813
0.08885836424602231
0.08053159484142018
0.07471947169230853
0.05760617449040079
0.03363407887425187
0.016366257486498816
0.024894728970182956
0.039719327756770714
0.04476469061777337
0.05073043243387666
0.042790099857133175
0.05140334814592043
0.09088987989297932
0.13891340462840307
0.16578194001263127
0.2141168259558496
0.2710513572400823
0.3182957529134864
0.28896028163612164
0.2233810851161607
0.1362729943774619
0.08746699905238145
0.062141165341540266
0.06467750058173921
0.07224705647786445
0.08014679193998797
0.08265930432891948
0.12299911116652296
0.17746573788738726
0.21219374727753249
0.17744834035840196
0.13120055998426397
0.10625365023121752
0.10118438268810206
0.10698556472170569
0.10944507868280243
0.1145361134496991
0.10897370923228564
0.09584439794805873
0.07264847790039405
0.0508770655497782
0.041066321779230044
0.047369658372897014
0.05990464775394819
0.07622473290003602
0.11438203516023729
0.18355820411858004
0.2675880899320885
0.3064998377523865
0.2905254820374089
0.2505072363273845
0.2237254147991374
0.1937933713647683
0.1830318495420073
0.1855657966268261
0.18960745784349076
0.1796807387226323
0.16502227539570447
0.14730897547670402
0.1358027723051818
0.13390812062011354
0.14063456605459732
0.1469388307103278
0.14673997672448003
0.14169332118717398
0.15520293600098278
0.18882471600390258
0.23012355076982302
0.2646723344101725
0.2841326992377672
0.2436351491965701
0.17595916992383473
0.12660202376062882
0.12536310217008206
0.12500760657777893
0.13241037790916532
0.1461744825721652
0.15663864679519882
0.15463417903114068
0.11997903628537736
0.08578175275595232
0.060039038393657734
0.05552855950394964
0.05030605281501804
0.06684172258979368
0.0773526599303567
0.08723541838040803
0.09114780276869594
0.09317570563712463
0.08863365057314851
0.07443078966603009
0.05920194568314796
0.06367072213523091
0.09286485965026672
0.10171038065678233
0.08810680782738045
0.09053499191707193
0.10629982748730202
0.11810288641323974
0.11523460720270422
0.11735840444698475
0.09372255078322342
0.0561213072741032
0.027469830901903358
0.03492124804438167
0.0549459406046872
0.06930314953924264
0.08396894074820782
0.10110874236034485
0.11731319712718476
0.1325702693431299
0.13423669223305695
0.12497728186003162
0.1094527793721783
0.11076343199871744
0.11219307897060549
0.11881115000026299
0.11346697320969108
0.10216097253523168
0.08076439089924187
0.07216067956584084
0.07487365899176657
0.09444647379246063
0.11069082320809023
0.11825833109839694
0.12183091625889686
0.10907282510653415
0.08130742245870576
0.05942575851939997
0.051849459261833104
0.0556327076808741
0.05927214246111423
0.07293969597042707
0.07851598870438618
0.13154502450672695
0.17549682256814986
0.20078749547123703
0.16682034057775535
0.1389524425609604
0.10689982808239629
0.10092623472920105
0.10022799816243719
0.10452327339999876
0.10927287840571734
0.12138965492116577
0.17117730704852924
0.24222946433995426
0.2945336087113116
0.2956639732242873
0.2944666214157893
0.2952350698614104
0.27752793353531524
0.24327064800029058
0.20142956403241566
0.16263837635315495
0.13547870448304483
0.13479952406297502
0.1380153047391115
0.11689047914208818
0.08561522309991723
0.06443499979801277
0.06794645818384265
0.06925811101284692
0.0751057048155227
0.09007409223945796
0.1179293591880312
0.14655062397310975
0.17625450642544832
0.2167998723431029
0.26629797507787256
0.30355396452894023
0.3761585456817374
0.4107748345715176
0.34653696203077067
0.23520471675610233
0.17411660056421427
0.1563274125086979
0.13854873347781965
0.14720042857749166
0.13613829126896893
0.12674156390963148
0.1278425060854404
0.1406682967233111
0.13435639977547678
0.11702836616174969
0.10959968089959182
0.1351516544650534
0.1488302416292383
0.1593952590327575
0.19309745333640235
0.2446526806690083
0.26400529833736225
0.2534122367215149
0.24563869732095667
0.2290922200033697
0.19197898982318484
0.15222240027714207
0.1195197036058197
0.10104984307312703
0.0810505031458336
0.08368674213059371
0.07719728775871224
0.06974982666851519
0.04102885802269073
0.054810338815329304
0.07370173396884638
0.09451256658683822
0.08967082398083476
0.11171619917906009
0.10595459544312348
0.09044536104474674
0.06835536214483606
0.06351888821292653
0.04786365248945644
0.050375089424286645
0.07187503619692939
0.09532332208347628
0.10583061532109163
0.10840764653605618
0.09929911359389693
0.07597742973860694
0.06679378078719686
0.05945578218238677
0.05067687309594005
0.03663044031560336
0.0384509127794415
0.04517289166922626
0.05458001357404606
0.08731620262968297
0.1342284016318847
0.1459746110180527
0.12137477744760142
0.1015890795452625
0.11045672916364442
0.10138675845336505
0.07959432083549725
0.06512771674628677
0.08497323194348522
0.09198428940827202
0.0944346622503597
0.10601430274653255
0.15054661823752036
0.1659729191467399
0.17560706818157484
0.15200658019210259
0.1386179349297062
0.11047032867004204
0.09521993597877601
0.06706194276684405
0.06615802526446983
0.06745075143850654
0.09109281499150063
0.12935477175485022
0.16019050965674536
0.15604105962603185
0.12156837214031167
0.09690048145331596
0.08367021965184966
0.07521488721496511
0.05830658786452974
0.06407330219835432
0.09204885613214991
0.11924159177531449
0.11549176961061916
0.13290787243714908
0.16119867854532366
0.18274200281758424
0.15034812319988006
0.11976113241476762
0.08800484195198291
0.06805758405917117
0.05193657133776868
0.045582493866336976
0.047996872812805985
0.05198214849293045
0.06691907060608165
0.10009494920969084
0.12643515031868452
0.1144541051403366
0.07918167867028478
0.06131451386995149
0.06019367224352277
0.060615538906142054
0.05264923286631116
0.05102425001476453
0.07668325120386285
0.10522872869216768
0.11948237880818208
0.11752903540506957
0.11927721600324383
0.11275579157240606
0.11460383611497685
0.10181955285469195
0.0874177517882841
0.06964777709385629
0.07498763688435969
0.09445028142609588
0.12482812330490943
0.14198380776128836
0.14017701497407936
0.12512474702286666
0.12822206614377135
0.14246300106115414
0.1877735823797081
0.22519928079075427
0.22745873197679572
0.19749590518843693
0.190282290474811
0.19395601484864597
0.18098946380129294
0.156187311898657
0.14594664488831058
0.14243822689228675
0.1651432652404966
0.1973967318084356
0.21812719006043363
0.22176141687591752
0.2106386113598373
0.21458105837564626
0.2153069637254968
0.18946783099745426
0.17579502386732565
0.1725125698040864
0.1768213627012016
0.15484863064048532
0.1641552992344011
0.17437586058321128
0.16068691354567438
0.14605388342227893
0.14094595684075792
0.14361127030885817
0.12754902729596354
0.12713254497163767
0.12169284241890733
0.1099204497735952
0.09831045211787719
0.09946377762322191
0.10325318291569369
0.10816347337456673
0.11207020645315069
0.10052111380585126
0.10080728565181375
0.10950196918050704
0.11289964518106387
0.10175974754599665
0.11725950818619343
0.1342138451507415
0.13623413576708332
0.11036501757020213
0.09081962798308696
0.07752970602815024
0.07910165425641794
0.07935343066608938
0.0798148146520205
0.07698708377360272
0.08253204101205655
0.089831478543619
0.10005775557320448
0.10138172266301618
0.09058809661239671
0.061649193718456737
0.04354508680099998
0.04708850707099335
0.056509635184518875
0.05768783026960696
0.06771643356408315
0.08744076776608548
0.10701568251357046
0.13155219283513878
0.17062727385753682
0.22868506123483687
0.2217253582906386
0.16140137701090498
0.07796917520426301
0.051884323541910346
0.051192805020653695
0.07097612413019888
0.08522982707419745
0.10563209753471296
0.13902663595300963
0.14967813350622644
0.14040008610441168
0.12142306933668132
0.10284679208722051
0.07483533691721844
0.057902132681196476
0.058237735083252154
0.057101718459547826
0.05454154480943907
0.06106387742382422
0.08265458461069053
0.11595657611033837
0.14486610220948404
0.14780626642347341
0.13317535695259003
0.13210590605398173
0.11929756022795844
0.08938479123349435
0.059718819509007294
0.06026203132743396
0.07601085292008666
0.11018839808153892
0.13106696134389528
0.12289679721313028
0.10453898686747753
0.10105985815462283
0.11016994625792853
0.10236801297698067
0.103995895954278
0.08543696001214485
0.07992482590240602
0.07070032312235602
0.08756588689097468
0.09170597777801116
0.09534881127466761
0.1027463070918401
0.11435180778560723
0.1315539706383097
0.14144902761054237
0.14725200681868214
0.13934344098403711
0.11471429988179466
0.08488457470292417
0.08363900716290054
0.12506899134531607
0.15445612285656918
0.1599820594149377
0.16167919332486688
0.17211989445260834
0.17448906687503182
0.17341089078431873
0.17611948121841464
0.1593642795038757
0.14777004129798882
0.15729237856758768
0.18191169275251562
0.18523754269933207
0.1657672041369918
0.15045939313468454
0.18092005497425517
0.2234143900164582
0.25422938160905273
0.28043531958199724
0.3005466732264905
0.27052255249504487
0.18843693516387702
0.14422370379851673
0.15859607669077963
0.19839394181639025
0.1964167780873361
0.1923905130079384
0.21854096698878112
0.2540324644955668
0.2974881867849042
0.35831756395219
0.3970707710094412
0.3518475371351433
0.26719484312637176
0.1703201922759287
0.15887681095383632
0.19414745028140734
0.24148876011980003
0.2180071771919779
0.18836414440402682
0.172829923657776
0.1734863563591296
0.164633290674956
0.12126229615328019
0.15509185811509982
0.18297530123885286
0.20382006006021938
0.15949488096395428
0.167606025946901
0.1564600098143788
0.1638374302267998
0.1651363120262419
0.16393844225679982
0.13862006675138105
0.12778817751839694
0.12663029647641483
0.12050536152237318
0.10377681463850302
0.10401279008110975
0.12400987015699755
0.11648908374920325
0.11146471867618724
0.09424092079594756
0.10501392861792634
0.09099462677373413
0.07842987896136913
0.052501028725220014
0.043452375965985654
0.04754846401667351
0.07033961115539036
0.08910726767428094
0.1058251782440792
0.10096638685334683
0.08296034798475371
0.05323707225229123
0.0340112017012393
0.02542229063432038
0.023063082570253583
0.028888339246243018
0.05043937137457549
0.07240085951752351
0.09036430792611241
0.09313326595886831
0.0921748570827858
0.09026228554578444
0.09172848969872749
0.08711683644685878
0.09026879417654537
0.08153207352429992
0.07661621172772312
0.05666097151651114
0.06058460704757705
0.0544226217560494
0.0664656735668235
0.0792420461682603
0.10058529052556874
0.11548184212243119
0.11872691111105182
0.11923627921584781
0.11747308620932428
0.11459959405028956
0.09113578015918228
0.0894441838365344
0.09021155545449551
0.11230215978786627
0.12262787496516563
0.14367488943142076
0.16651189699673968
0.21836065060256246
0.26215883085311154
0.2418055756066817
0.20487488139107074
0.16278270827034613
0.16344769677550558
0.1602547663853579
0.1697305796932901
0.15446984654841034
0.1668305445363944
0.1735560250034251
0.16170597864188518
0.13008474118911095
0.13383932728322995
0.15949347007907497
0.17529326673067724
0.19261639511968814
0.2050160683289942
0.20938500754738218
0.19240183414617587
0.19184704958952165
0.1870548315170885
0.16432590028483596
0.15667647297620704
0.16123586884794477
0.16205373609653217
0.15008894556500008
0.1767073894602653
0.1642694717965463
0.1071958802053177
0.0800852101645233
0.1125765841527134
0.11896477100653305
0.10659240832464438
0.1167532142076592
0.15193475387560962
0.1778795885336301
0.16669504856064557
0.12880931678856777
0.09410912328329774
0.07800950397348456
0.05788008833627782
0.07339010959319286
0.12050642898060746
0.14772408515391316
0.1330744571380483
0.10899174943177391
0.12578105240813955
0.17512467421165556
0.2467495795117355
0.2539792223543305
0.24778244919911668
0.2522695891379897
0.26111086395445393
0.24888458176962344
0.23735305064218562
0.24286879719670681
0.25009980328450016
0.2692323328417894
0.27115000761858243
0.2661553932488745
0.2538885126321423
0.22837320381127735
0.23250956435787007
0.244068181332148
0.2515529165366059
0.2331957830628052
0.24326928636778303
0.2431716993299408
0.24466498576759305
0.25832786841119226
0.28338299348288765
0.3222712888547772
0.30959241357823547
0.26690930494908205
0.21271768534937877
0.21768143987324517
0.22325975855905417
0.23321271905005458
0.2393092884410552
0.24824560596083192
0.24501120344214583
0.24342022683995873
0.24925265362356017
0.2700042651622312
