0.9437954221738497
0.8823052266156488
0.8609131804858368
0.8696499504654747
0.8801168450663241
0.8928338259757466
0.8912684672669602
0.8825086479271049
0.8884896008515306
0.8897517468470553
0.896027149391287
0.8866541847699714
0.8929305594844438
0.8917061665827448
0.8901961105464674
0.8891229437255275
0.8998646535646951
0.9019026460846761
0.9013459255971632
0.8975246028115227
0.8942364563605867
0.8832267299840287
0.8661281456428929
0.8160631639412227
0.7305594941130333
0.6064000716143461
0.43520166935044613
0.2777773879087881
0.166443322875678
0.13093790701297447
0.10221109483389512
0.08354548847894344
0.057720612705647246
0.03466509129760048
0.02081880230337314
0.017103530123800843
0.026361681135218685
0.02445683019045159
0.022405230539119345
0.017554636070889047
0.0158530520786292
0.018600961354438797
0.042444075581551804
0.06839928712067804
0.08299615876305264
0.1560566946650072
0.3572546784150186
0.6111579818592658
0.7699206470591353
0.8315062276239191
0.8553882568312078
0.8717117158585403
0.8789998620760575
0.894463369530998
0.927793715077798
0.9530383658671653
0.9623937274581543
0.9395840568798837
0.9326490225859725
0.9402266891609293
0.9542220708061414
0.9078114857192463
0.8181272828276571
0.6800694008172203
0.5289836038086808
0.41526418346827787
0.33432511377034857
0.24082078603901186
0.1326054522446076
0.07224261284673625
0.05070225775826696
0.04431836993266537
0.03868041872476081
0.03893104013427655
0.02953159687779939
0.030799014666484156
0.03770033756263899
0.053267087181289384
0.05323284721271321
0.06762879720374575
0.0797675534459762
0.1115636625470655
0.27820029656775314
0.5258641780365962
0.7494009064142579
0.8331360190943335
0.8758069949608767
0.88186199667676
0.8884096862238109
0.9064103931490195
0.9457702679904636
0.9765613807760556
0.9863418690245982
0.9931980122414001
1.0020484521533666
0.9970476693242754
0.9916046764185977
0.9753262418471237
0.9561536870529239
0.9341666512058018
0.9079608618721497
0.8479964981456544
0.7693804119144685
0.6314492955777836
0.476896089327082
0.37483227771262656
0.320176770481182
0.23167263098922852
0.1295633223611774
0.07787437673983796
0.06316778930889941
0.053301979774017995
0.04636967173315682
0.03943961902950844
0.045552591763447586
0.0519340446767117
0.06083590321742061
0.07246369160621606
0.08539673137086073
0.07343170820928627
0.14313287055306387
0.36885005872116944
0.6282663653715032
0.7815444190489342
0.8296648923136676
0.8456956710682486
0.8468600781392561
0.883028929440438
0.9037551492537206
0.9052150605776847
0.8957997409896261
0.901857849571407
0.8790786195804772
0.8752596985039777
0.8936213163167231
0.9167176595623231
0.9107134071076418
0.8879600149307295
0.8657453325553394
0.8332675733876823
0.7757645883965716
0.6783616846008294
0.5171292184196794
0.3968058013832674
0.3253200116122611
0.26779372114646005
0.14176845341315722
0.06082287752575676
0.026000301458889194
0.01526170013849885
0.007268833341380183
0.007551393592069867
0.0160182571676081
0.01713306204961406
0.021871010968787286
0.02935670158863677
0.032089070016865735
0.04162369988092855
0.04593931616938793
0.16057730599281186
0.3723377274316839
0.6249924193930845
0.7789492600816479
0.8537143801503856
0.8531249423506159
0.855952239448101
0.8374410382134906
0.8086079452757822
0.8352707179407874
0.8641467001180776
0.8958401844706563
0.8967165196738063
0.9309626942603616
0.9124462688207272
0.9106416664806724
0.9035755871453025
0.9019709638072145
0.8597536253930012
0.7941444568595999
0.6441305091692985
0.46713236404806396
0.35784143401273366
0.30115014300019005
0.19975971566284376
0.07990830789875591
0.052190178309966175
0.06376429591163107
0.061591579750924295
0.058766196445675684
0.05391070160377964
0.059396674888756405
0.058004442443212074
0.061490538833130284
0.0629352866800244
0.06666111530313873
0.044667069783921126
0.13852398215967443
0.3883963952694594
0.6918773815073809
0.8516041865413495
0.893019958663428
0.8907248178099643
0.9014309336338292
0.8928210929012023
0.884769365532055
0.8847991406390271
0.9057317315986875
0.9090571223891759
0.9111112635246232
0.9025706242109182
0.8986625346518397
0.9020357952426195
0.9076987401860986
0.8977916300063691
0.8393544239178978
0.7628024352067028
0.6349198662500257
0.4910412672312417
0.33793065544628303
0.25801802540096774
0.2015701300528092
0.1461636717680525
0.08987539829501294
0.06813539485606092
0.06682069773589484
0.06167556999698082
0.058033061922436784
0.061282258538335146
0.06504454420785682
0.06449924388761515
0.0660748349936267
0.07012118670591352
0.07706025285811077
0.07685395325535084
0.0670593728751575
0.14729184448715305
0.34772910766607046
0.6173690870536916
0.8014703511445992
0.8877401154092031
0.8891106657884402
0.9009316136432799
0.8695807127836579
0.8715577569211456
0.8905333891593012
0.9305379352795139
0.9206746490479127
0.9222010852057139
0.919270872460424
0.9090982812535368
0.8939478388152999
0.8880619308863884
0.8420516154649389
0.7619670376322396
0.6342950565964977
0.47648343111125024
0.31567077726504794
0.20804003728426065
0.15227617883518274
0.10883551033065364
0.07854781990725428
0.06803876960167288
0.06385636472681686
0.057254582054456674
0.04911194714596853
0.04900734751126305
0.047807409502356284
0.04311531455216594
0.039175499842608576
0.04444390953468243
0.06217336819608078
0.07409114392602764
0.10213292129924903
0.27834132175950305
0.5464556793396702
0.7836584541873759
0.8752840151807832
0.9084782301664553
0.9090884714947923
0.9105285186684461
0.9098952168535284
0.9134961945922964
0.9069814366664959
0.9056888388869412
0.8918946047283172
0.8995482969523678
0.8860804976240959
0.9020883069654552
0.9089749830970029
0.9106135846671586
0.8703418592327395
0.7939317575043671
0.6750675702534605
0.535128688485728
0.3740102644141333
0.22743427211827622
0.13730869736314721
0.10145032882551018
0.08135057127263988
0.0596717579275907
0.04874638990580386
0.04350782581572687
0.04423297036579625
0.04323377321116799
0.04316583934108425
0.0436169279722309
0.040101675171553317
0.041693182768054185
0.053486802685006496
0.06252841046410247
0.1225723575417358
0.27219531955518095
0.5003817172842208
0.6991399800447002
0.8197838786526942
0.8684649110051907
0.8768340790597622
0.8826621388062661
0.883695509719922
0.8887165998697711
0.8872783854117425
0.8919820027316936
0.8945114206155369
0.8876083615738891
0.8539131162583585
0.7669950010242114
0.6524092217216679
0.520890791031541
0.408920169827069
0.3069563682254707
0.20051755502369523
0.10444407284851268
0.06114523316828731
0.06273627663800721
0.060296179203432526
0.058356509433878476
0.060962083890178514
0.0652850683348613
0.05949661938987773
0.055398295397577624
0.05332734714484152
0.06062850316187304
0.06477556831419354
0.06706164313789326
0.07220895297442759
0.21131357112842364
0.4183890738010506
0.6669280356230057
0.8018068746632077
0.8822601884289591
0.8745791523487726
0.8748245903492415
0.8792563893921339
0.892869690444315
0.9094129688864759
0.9176330087875383
0.9249894928571106
0.9212338757933118
0.9185066370336471
0.9241055780705264
0.9401469092799832
0.9291823821042913
0.8501985779299787
0.7096748396107085
0.5603030688156349
0.4170225912941258
0.27784231506626644
0.1661761245185851
0.09904486544899506
0.07182290895502297
0.06276722033808503
0.05955706391207218
0.05329926849084359
0.05090130966223834
0.048053145287227275
0.04158592252089816
0.03533062055978302
0.03609366415917788
0.05011981360515952
0.06785951019117095
0.06770816002486225
0.1866161573865392
0.4266052666807113
0.6839584001573933
0.8022093662282881
0.839017045812582
0.8382167794601426
0.8566936591579614
0.8847964178295213
0.9184498620184564
0.921821099026678
0.930642086726682
0.934407443216267
0.9403928504735792
0.9326971245561846
0.9318654871557364
0.9227945444661005
0.9169660158234623
0.8747065011928508
0.8051668868977722
0.6992284046309385
0.5443643294336569
0.36739649338418423
0.24011909335938375
0.19356865615487429
0.14686941531526956
0.11038773754172912
0.08487931771680833
0.07332307314671747
0.06398024849586598
0.05815935787007043
0.0567612649622008
0.053286627212706536
0.05031344568047602
0.048586135891564755
0.05778729489722303
0.07396329541569169
0.06821151234449098
0.13273856260742
0.30251926912460114
0.5709013067197501
0.7582494627191746
0.8416513446024837
0.8569303802823602
0.8799730757555578
0.8878473465242689
0.8863929887022733
0.9050189384051537
0.9263545949907636
0.9308958641684353
0.9282865572652316
0.9182768202676987
0.9090105218817337
0.8840373931451034
0.8607576273306079
0.8329961242398058
0.7883422341030787
0.7091013746602646
0.5776067564479525
0.4006218008763696
0.2350447942830121
0.1465051345641003
0.11646244991067009
0.093000444868695
0.07595758935410243
0.06539653012669884
0.06080696371745764
0.05344518258669809
0.047366930957289576
0.041752372663005015
0.040023133077334294
0.042475711507239514
0.05114256682161304
0.0689116760860375
0.08128149055572087
0.07378677354042203
0.15631055541011007
0.39736087335463804
0.6776823688676128
0.8286118852265234
0.8682351172681853
0.9006701557893873
0.9291596968076647
0.9311555403702566
0.9298275775424234
0.9326919293053912
0.9519434673379013
0.9609925406505171
0.9750655014509377
0.9651651712100355
0.9409360420912214
0.9055215321951453
0.850881306771186
0.7821737815448889
0.6478376377133689
0.47741265924328047
0.3189962495912085
0.22052504607755594
0.1601584817381876
0.1151597855614885
0.08849145509775466
0.07014053291166694
0.055928302973902694
0.04025704746201875
0.033917864643280615
0.037075254056575926
0.03648459255917726
0.03342859663200951
0.0363641390608125
0.04672683699703188
0.059443724165620306
0.07627031513793055
0.08756435544219413
0.15258479122055102
0.301098546318919
0.5063985565076383
0.6711284410367702
0.7689189765789607
0.8157672885860597
0.8457367751068405
0.8715768828327068
0.888954486201695
0.9042544224851133
0.9248735968338938
0.9337888839693649
0.9287683257476999
0.8991977695240945
0.847542172031975
0.766180122038636
0.6324002543363829
0.4601330193865239
0.30618794116443554
0.20436602925749037
0.1366414713047133
0.09183238041533887
0.07153202299040945
0.060913720006428224
0.05799381454707658
0.05340176790254078
0.057272939653637216
0.05970514249905318
0.05840311962307656
0.05301200233726451
0.05667230255201301
0.06142986055970559
0.07593512410327888
0.12381227519839866
0.2594258993530354
0.47852995576005025
0.6842122713928898
0.7996374553689809
0.8376667493173325
0.8642607326295563
0.8836654535872848
0.9112664118354084
0.9238183982711247
0.9417261502927126
0.9525465285846206
0.9668431517563187
0.9732815433863766
0.9828978082271034
0.9950010171287744
0.9915057281085757
0.9741865220688002
0.9382599868362673
0.8831631367029356
0.7829961450958659
0.6291394164468216
0.4303141914264904
0.2593530991741296
0.16272164574721995
0.12288444641270393
0.09994631575041607
0.07757470157359182
0.06139098091159973
0.04633335976944461
0.04590845284006362
0.0506422995119369
0.058549941343135445
0.06210846157296756
0.067559615480103
0.07791216123621468
0.08353936128409171
0.11028433482057355
0.23792054111276065
0.49209195591935667
0.7306473392996842
0.8339926694535453
0.8444259863742608
0.8569613942715579
0.8747067969240746
0.8783336476402762
0.8813912021599646
0.8850861149583009
0.8946951713028997
0.8937400958031567
0.895962063731778
0.8977491399503935
0.9026027650394655
0.863001066585753
0.7763724522372815
0.63992048958853
0.4727314003318694
0.3231012938623386
0.22131045785224873
0.1618172588562512
0.10478985902373882
0.07161743217829414
0.055924354628393166
0.05194607449686926
0.052678771327879265
0.05624234353651076
0.05657975747256904
0.05252453950313936
0.0528166629288148
0.057368163137104314
0.06910519074173889
0.08214687838594072
0.09338024771438727
0.18205591450239444
0.40526786140119486
0.6780702318268965
0.8419724798420132
0.8836185679221757
0.8776513181195789
0.8650258288451187
0.8488936712936441
0.8460390880519706
0.853251206095311
0.8686845883516303
0.8837611568909467
0.8997252632584376
0.8841797635304043
0.8270112029783485
0.7328761800118825
0.5831656883055814
0.384303034119913
0.21453313778536576
0.14027780866865514
0.11995343042878143
0.09116489135776636
0.07642930006842488
0.07422955067180678
0.08246323269076694
0.07703085172214379
0.07394169072815701
0.07141426822070318
0.07264675451264044
0.07918546987697425
0.07983720712464407
0.08186893445879706
0.08882187767614966
0.10456884523832188
0.207981173077324
0.44436135730106924
0.7068445388042277
0.8474701478471152
0.8698918785728588
0.86954479465348
0.8723233833434715
0.8783114765175289
0.873737263853194
0.8754547072659866
0.8882830002400791
0.9025965879625906
0.9013365516463374
0.8868889679275107
0.8370563159522972
0.733863137568331
0.5936283188245238
0.4440433572152289
0.29299551822516146
0.19564729981740395
0.1408376939479749
0.11081479623116755
0.0802860629101297
0.0805855674105148
0.08038258215741904
0.07929472892550063
0.07993553136720416
0.07960345622604809
0.08216022505663814
0.08615629951659878
0.09301394851661231
0.09896882821705637
0.10344972192751317
0.15905953785161694
0.33632788399260694
0.5947599289556409
0.7758147301951286
0.8305131361684819
0.8260501339374737
0.8392991726390069
0.8524491182486517
0.8605580451734236
0.8569056524866603
0.8687637424867101
0.8755106309478181
0.885848343319871
0.8791642142591776
0.8671568693026526
0.7974367275729105
0.7127235352230062
0.5601221519805015
0.4139582546779317
0.31843230752933827
0.26841872779133624
0.19477424245689054
0.11822449609430433
0.08922068939609146
0.06997969807923758
0.06577568340729412
0.06049948080798384
0.05881884768786205
0.0538784631017455
0.053568841349622705
0.055468855853295314
0.05901732323707769
0.06325045646406813
0.06700389994670289
0.07301021339902625
0.08098935436230277
0.09656897656603466
0.19093884220602747
0.41077647332290956
0.670155933693884
0.8164875953484496
0.8590433982643128
0.8791996594368451
0.8980322492565953
0.8929225178210483
0.8890822082282964
0.8963806291463683
0.900246362786145
0.8974290240959981
0.8889181780270001
0.8800537875387884
0.8538439715490539
0.8023717214500126
0.6957478155024406
0.5352847235861531
0.411625270155837
0.304742587187664
0.215263041472536
0.12435633377287578
0.09730743341214367
0.08633673678499296
0.07978758889842329
0.06326859890872638
0.047194306714341105
0.041828526345852414
0.042300609447023636
0.043343233939937276
0.048102821727646676
0.058928963899487416
0.07189952062832411
0.08394558921258985
0.09763329765637722
0.1971874195431878
0.4273943654390763
0.6910315497701041
0.8496923850700789
0.8849295102751187
0.8821837801899277
0.8729434423861595
0.8617990255873871
0.8475334973315267
0.8468294177869272
0.851723375296101
0.8463633021588528
0.8427024210695443
0.848584138952353
0.8235348977037783
0.7522071722795507
0.6351755318347903
0.4867812974041974
0.345136089940238
0.25359506802000104
0.18749443376367322
0.12367136657040526
0.0793597665188804
0.06784989676881839
0.05633413837696955
0.04503183461588541
0.037540876525629784
0.03560147291555619
0.029994016149990803
0.028679941374623485
0.032921510974795884
0.03712674778619725
0.031473740150930365
0.05567445808751205
0.10098367468225661
0.22189884321957362
0.39128705897954685
0.5824955053316931
0.7207603678660268
0.8143950218007854
0.857373182809034
0.8619386745104918
0.8594353039399723
0.859714657930494
0.8608241065748296
0.8520603958946202
0.8479551927045249
0.857685025363327
0.8452151384815566
0.8075055736497937
0.7442598429704208
0.6517395432813521
0.4660796233450951
0.3399200754212724
0.25329862871073905
0.19249166742924587
0.09907094225693192
0.07003578333138656
0.06029039954517179
0.05401153003400697
0.047642923961015646
0.03264829276422647
0.02769577602460776
0.0316008748295911
0.03751052617737416
0.04396567061473877
0.05721394940372828
0.08299854091877812
0.0993175297595078
0.1066978760429759
0.15183177978734116
0.3228836297925201
0.5563691992386104
0.7438557617207533
0.8186280517543871
0.8499259969506153
0.8515521185173254
0.8576084542665227
0.8634576479606572
0.8799211048184067
0.8968905123590254
0.9007913965800916
0.896429977130764
0.8907551243476538
0.8816811701321692
0.8164309695815699
0.7039516282977063
0.554426343567965
0.4158316643589555
0.27829770671169096
0.19117682715426712
0.11714626004190079
0.09219210323469992
0.07739010810276753
0.08255186817602533
0.07183773093075332
0.0647323116653785
0.0655950765469008
0.07648218904384059
0.09316986172391027
0.10399238138324089
0.11042400204400052
0.11478570938104597
0.20087263151290283
0.36311690336581576
0.5903531223506949
0.7540682549520497
0.8466267742678041
0.8545442516259323
0.8552696292579287
0.8552256984138085
0.8705314584147587
0.8896281496957236
0.9012918417890841
0.906552734345624
0.8915902752957516
0.8596313118837853
0.8133907273365638
0.7531091429107909
0.643981369865335
0.47778282481102585
0.3188081359096585
0.20950795453245294
0.16346357448496593
0.12910253503135566
0.11067075633121196
0.09508687351285947
0.08444331520862491
0.06933033475847633
0.06066676285744743
0.06220431769758334
0.06785359878612021
0.07739123787371416
0.08479602389145727
0.09501087156653337
0.10597666023246499
0.19583079387696353
0.4091702111894284
0.6763444187471628
0.8187026842524966
0.8494944319057922
0.8417705438235141
0.856584528461456
0.8637949603068985
0.877025480522991
0.88712782937653
0.901464285340131
0.9043824172679173
0.8842282372345005
0.8508617945297093
0.8033833193011379
0.7359513978397907
0.6265202531026137
0.4855742645214979
0.3417044808289731
0.26391596671045103
0.21373577038441782
0.15658534585763512
0.09738590028199447
0.07185153923338199
0.04345380894621835
0.016857978545609734
0.004628802634185903
0.010575163885398933
0.01402483124157809
0.03166321679353365
0.055575179419508604
0.08004377435663981
0.09498439322852725
0.11133439599554357
0.16941044537561756
0.31594942348709176
0.5491358686852259
0.7588926790711804
0.857636834232961
0.8722200405321455
0.8715702078459531
0.8705362796685661
0.8690182218707917
0.8755216369064575
0.8868569519819647
0.8953011922267823
0.9017004990468303
0.887033470581333
0.8406983703536705
0.7628323468335041
0.6496108725986122
0.49472947757307095
0.33084359603730473
0.21938472332761982
0.16034046517261696
0.11460230930397507
0.0850952500222087
0.07429624351037041
0.0666669953434931
0.053048168784604464
0.0496323978543694
0.05404557765511996
0.06387783980944263
0.0800719821647499
0.09498086424177124
0.1078108468704114
0.11592383522605333
0.19039136195320389
0.385326365617386
0.6295534125272602
0.7866380682400443
0.838201647697371
0.8549246300945614
0.8674314416715341
0.8617869049068022
0.8569476838822222
0.8520642423995921
0.85715495513355
0.8533706581548011
0.8635081083308775
0.8648082881406179
0.8558460822152529
0.8087685186390804
0.7422315843329246
0.6457189574063793
0.5003778682274219
0.3685235332035938
0.2662526794146364
0.21069024252284502
0.15330145879925652
0.11805655115358066
0.08224787409493252
0.0693764976366322
0.07108767409124216
0.07221100453544671
0.06601814903074407
0.06627384370244066
0.06866896961884691
0.07792483282895828
0.08727055481854364
0.10125257402598287
0.11718691563874743
0.13303546733843097
0.23670391331098498
0.4578608006388676
0.6917095403916647
0.8057074504349695
0.8414928966227
0.8600779901743242
0.8656629039777161
0.861510992854552
0.8752222118598446
0.8876969660196615
0.8976028055881278
0.9005851669932801
0.8943517615577612
0.8613024962294118
0.812927587648573
0.7380218329953766
0.6260046384998842
0.4499937019472682
0.2844218347442908
0.17920341949524835
0.14437930078478117
0.11828238635053089
0.09607195297963417
0.08523048793656784
0.08060535329776827
0.07770019040859164
0.06915664515567106
0.0643395604355526
0.06163773658758287
0.06094308977943079
0.058194659441272154
0.059020187543689456
0.06715570419372731
0.08967615549085664
0.13471474595247362
0.26499276934451954
0.508921126749184
0.740565404929708
0.8606459527808195
0.8757637500463431
0.8903770298154029
0.88839277369144
0.8923137091372596
0.8963383006397582
0.9147065511581273
0.9283895274403735
0.9274033587073033
0.9093173557345874
0.8659052512066554
0.8114672121361954
0.7461866990028934
0.6523073076957561
0.4919244479813818
0.3164948696786115
0.21307250395418464
0.17101205753600338
0.13419723834536382
0.09513492385135566
0.07475674515137926
0.061648984394987824
0.05227847341469963
0.049042866357903774
0.05123530764582778
0.05887466341729991
0.07027792052436148
0.08486116078652273
0.09290781818810948
0.09688871845522123
0.11291776744697031
0.22342549515714705
0.4542012601687583
0.6914864293461245
0.8221688359225683
0.8464180291070158
0.8615196310817907
0.8634864190052758
0.8674423364179539
0.8730766363815023
0.8907092658710116
0.8840402671438683
0.8577666372371204
0.8254473073807367
0.776399754053077
0.695562142592041
0.5978721859558089
0.48692157110686457
0.3536225210870512
0.24866195374003083
0.17579860818486337
0.1297539165584148
0.09389428331882403
0.09321715681078686
0.08955814829083547
0.07301973098117769
0.06307147603394297
0.0717328604957132
0.08667444266717554
0.09226975098804019
0.09187219726224324
0.08420685885014326
0.07131948089010719
0.07800075870265209
0.12666682837455995
0.27775387605857105
0.5023806832522286
0.7295038838911325
0.8516521660207852
0.8870411970014092
0.8835261713230103
0.8916197862618853
0.9051098570067293
0.9113257387826998
0.9067674790771265
0.9059516635500465
0.917848133679429
0.930822146185181
0.8963647356012897
0.8262747140497723
0.7609092367966148
0.6905416366745878
0.5592679955506789
0.38939738066881635
0.26163182563492876
0.1992077430475309
0.16063352144653587
0.1147640075711425
0.0774096576630643
0.05297149532713464
0.037789951899094704
0.031166292991562917
0.034363886720055505
0.039356431760627475
0.04611443047554037
0.05407458375185831
0.05751991057100217
0.060510519656790086
0.07407703999692328
0.10714462488417675
0.21639296995576324
0.4071968381616111
0.6298386017376048
0.785127554450759
0.8672293993509957
0.8941177601437998
0.8951772787854368
0.885905794852656
0.8896211544009557
0.8971834977401669
0.8934421851193105
0.8702761854568984
0.8412496836932312
0.7807084286451462
0.6740599311603118
0.5014995097993947
0.3212238983857
0.20277019292465875
0.1459885224563136
0.1058905020734442
0.07196765480822484
0.06469165810856398
0.06144678233734019
0.056707288117481075
0.0547004253356253
0.06285362518082885
0.06696436074212334
0.06969239695943233
0.07190505175901697
0.07151379339495799
0.06980093087544594
0.08577537091025866
0.15581384834904877
0.31914399973569346
0.5471109313560292
0.7368433664281044
0.8233014868693245
0.8309449554741287
0.8357022109186489
0.840790446611916
0.8525329476803385
0.8584371042734742
0.8877815322123063
0.901645952853915
0.901877301437708
0.8753626933965897
0.8582375466134273
0.8281697288599763
0.7650709780258917
0.6435174822297255
0.4730640078297589
0.3190229115847389
0.20085410449862628
0.14909004999032816
0.11663206953877855
0.109234035357271
0.09158759392166849
0.08138949771243328
0.07542245342759205
0.07392594587890723
0.07416412355212998
0.0799132780077798
0.087343656894946
0.08601188917951322
0.07408704329814383
0.07414226511880898
0.135823020592657
0.2968606491607103
0.523642346973304
0.720543679442261
0.8166070398204592
0.830434272113174
0.8391844431558106
0.8609604374789513
0.8859182573765173
0.8934013158190472
0.8918135653279569
0.8808950307244043
0.8791040236056151
0.8795353343902763
0.865430842731214
0.8320020155268877
0.7829223145211396
0.6874010986090658
0.5447871143601031
0.3966216821981141
0.28317810675003147
0.19027597634350743
0.1214628437858386
0.08702862377221722
0.07926120201017017
0.07269983122330614
0.06117158117755826
0.05020950172479535
0.0486207797750993
0.055724815319952006
0.06381056181044656
0.07347934318853484
0.080321217856995
0.08845638171258993
0.10629739273644946
0.19972360862973787
0.36281293431129114
0.5792794678400851
0.7458351954865157
0.84465042810383
0.868382586052993
0.8876941165832889
0.8955285867214382
0.895756789868885
0.888377887877965
0.8897655109055048
0.8957638371920336
0.8893800291861242
0.8560354351519385
0.7852504237165968
0.688937972917031
0.5692309474593897
0.4498080708643508
0.30889358022171537
0.19818678880934024
0.1318392636189331
0.11244000982157837
0.09209783837410132
0.07837737265940603
0.0639983704591631
0.054933612048593254
0.0627618356030143
0.07202221840629724
0.07368731358965516
0.07656864510138467
0.08323444740218475
0.08733203622072248
0.08196892172439785
0.07750491480743568
0.13401142405182087
0.2657745421641236
0.47219427598577896
0.6683959960099448
0.7973437042694119
0.8374569478502074
0.8562210171391252
0.8751376953902584
0.8800481989557305
0.8836783280142628
0.8925202454018807
0.8985929025952956
0.8995940941291565
0.8950620583420908
0.8649238890831574
0.7888166689251783
0.660988955577525
0.5143505182321135
0.37651484289110704
0.2678511308444698
0.1866638845271504
0.12345987418874954
0.0835428299127453
0.06350702458859578
0.05815700596240535
0.05243838578334394
0.05168866061794222
0.05911220698736871
0.06176474412447397
0.06323972081694933
0.065625885630436
0.07669779531403044
0.08567853574071255
0.09710236987972648
0.15455284950035258
0.329218204662536
0.5723488191561197
0.7604155206186298
0.8418138781904708
0.8649213652465577
0.8756969071716177
0.8711038662131046
0.8786407996621597
0.8829421896112807
0.8943427073141599
0.8775674958387838
0.8461488313313652
0.7948391853379385
0.7405284462029975
0.6545614388919403
0.5100735067870257
0.3369095234022478
0.22079278621503554
0.16556018100881867
0.13496670585217405
0.10628182471127579
0.0980175391973333
0.08552062581757447
0.07693884021980354
0.07427638653014773
0.07243771518244531
0.06516371262861317
0.0604620497422769
0.057432876995017326
0.05605022794421378
0.059730531212897536
0.07057143584311737
0.0836978049315372
0.10215871065629638
0.12099723500089554
0.22358634004512096
0.4405080944368226
0.6747075697152618
0.7904696920420693
0.8208439304190536
0.8421811454353698
0.8665807902134391
0.8833185677364829
0.8807354363359479
0.8576656713697113
0.7995009579690006
0.712290457246722
0.6053241798446345
0.4829564357449152
0.3572653827735025
0.24895824140940068
0.17783811972984742
0.13106605744253302
0.09784406819000897
0.07439188342287681
0.059437764325138795
0.048314173113610956
0.04054242179166839
0.038031227417671114
0.03997022090654541
0.04318311596336254
0.05000468763659959
0.05672553268049678
0.06146522055748908
0.06747504563149564
0.07642494879518355
0.12301670602759936
0.2327825568446595
0.430489793941565
0.6386779478546454
0.7825687936260728
0.8295970142770261
0.8403753429629525
0.8521481586202114
0.8595713533259788
0.8694027505318722
0.8816926336618476
0.8974281452172066
0.8979636387634069
0.8793529421353843
0.843131166928113
0.7799383958971746
0.6847424464121068
0.5547787938889623
0.4233970117279237
0.300396141255856
0.22019250539618562
0.17558615670840413
0.14408085077965913
0.10707283548167473
0.07928977031460359
0.06840661406835946
0.05779400671591296
0.05351109995056198
0.047222085162223024
0.04605298144869491
0.04518285426423542
0.05105191422070893
0.06110960691681898
0.0608135693330556
0.07035532542447376
0.1352160646060997
0.2912744598115019
0.4821804373417971
0.6486015287804889
0.7444037054442025
0.7901693535482883
0.8233181717807553
0.8547305605966022
0.8694758053227719
0.8680773157346096
0.8685805159758696
0.8775084627696249
0.8821851735108499
0.8821311562483152
0.8745344809367019
0.8327285543197577
0.735460954950564
0.5936003760655197
0.44458910594206497
0.2905868238127459
0.19493840060800766
0.14867489628438738
0.11880513484722643
0.0784337128799606
0.056623677617408996
0.048100615079657405
0.03835533712513414
0.03727889290832183
0.04414358873660902
0.0538791979150182
0.05846520927516173
0.058565146998592874
0.0688917721528495
0.08975678624626184
0.11830161705865563
0.19800508581827
0.3778419633863554
0.5988606710740361
0.7591598326828604
0.8350697462960345
0.8806285149047448
0.9073642016442868
0.9157957724383214
0.9120429017625868
0.9090671716556793
0.9157430377220273
0.9250058462339115
0.9238026747922423
0.8835116417794797
0.7831965690067799
0.6478647208680446
0.49883551500527634
0.36413744767399775
0.25597667500569515
0.1890270793373053
0.14134890281350895
0.0994952173731443
0.07797408303757047
0.061030153705296325
0.05790495515885755
0.05434797837023002
0.05432856682707242
0.04751420381922949
0.05276817469455774
0.06302088018868018
0.07356896660971012
0.07989539281004322
0.07894725281873259
0.12690263939228594
0.2920737325949309
0.535402396556804
0.7378931283635427
0.837776705566963
0.8712598347502538
0.889793954170561
0.8965019979054496
0.8978225842802555
0.8911792990616901
0.890552328790321
0.8849847452259518
0.8647286868431203
0.8228261891474586
0.7635258597854496
0.6929319833493319
0.567430576894046
0.40984652693546675
0.27236377359611746
0.18675800978626209
0.1534511933369647
0.1261425342736694
0.09570942246182162
0.05324693813296099
0.03665572802742368
0.02586738479003789
0.026536792311155192
0.02655994944213676
0.037947833783477034
0.04474077223333869
0.051051701582522355
0.05332820846667678
0.07018990386254118
0.0859611843650607
0.11710787706876294
0.2444889443901735
0.48130720646702385
0.7049558687893862
0.8285925955398279
0.8719725231795654
0.8996736998988872
0.9054228849655129
0.9153653158617631
0.9061511688395734
0.9072379936045905
0.902346681485341
0.9042554452713475
0.8939169149625715
0.8740886556591339
0.8236723740146192
0.7321302259916795
0.5919148924626313
0.4526366091748231
0.329470420901938
0.2356872930666282
0.16186251576946234
0.12315366737689541
0.09406943612144232
0.078324456697558
0.07106394025728802
0.06548862256460095
0.05784596668673388
0.055465256402370045
0.060631903319114194
0.06815316641504487
0.07621572643653701
0.08872663184033526
0.1115144840413891
0.14593977485627094
0.27374496586590497
0.49848114671991595
0.7120195191367638
0.820725223639911
0.8535658726416958
0.8794431436680115
0.8987383730574678
0.908025305752334
0.8979965890731278
0.8971983469613606
0.8944531746127543
0.8867354905800787
0.8632498828103805
0.8126580357237106
0.727954856726258
0.6222872469328039
0.4659549235235707
0.3167744243865395
0.21888130495248265
0.17412829282726028
0.12993197569386353
0.09409843471840101
0.08478614030654615
0.0787783481238754
0.07327259488703187
0.05953253976060248
0.05418248302012351
0.05016800299923496
0.0471670195111074
0.05191307632280921
0.05585303703243792
0.06079056418488979
0.07285586429801677
0.09318941408817202
0.11856661553691826
0.16189342902798964
0.2897569112328531
0.50747194476583
0.7068631934964287
0.8057548428824615
0.8432787537447379
0.8765124396708319
0.8862684871250145
0.8849150093745014
0.8908271927483722
0.8941414255782589
0.8922242802232461
0.8737255473361946
0.8166462345680938
0.7263532635820089
0.6229362775621333
0.49703256620491104
0.36555499246261763
0.2516671171679041
0.1738084156865478
0.12230445075596894
0.09863534905296244
0.08531056074423114
0.07912804228735003
0.07692892664324806
0.07593204070513014
0.07762285013326432
0.07169354606753561
0.0706648408510679
0.07269915036914872
0.0844791047724863
0.09120339432326661
0.10902949959564204
0.11913575658602388
0.22297835055047258
0.43231559742759673
0.6668887541299305
0.7957431380023654
0.8571198596489373
0.888555551635086
0.8991289328600198
0.8937615317304267
0.8983951760795401
0.9060044643510554
0.8991508057010407
0.8899586374841374
0.843244984039774
0.7984895661783764
0.7132979442826418
0.6186274752428732
0.4944976685359149
0.3776646411746984
0.25220338803077497
0.17748708169659227
0.1486371067104858
0.1310975801131998
0.10003301561780858
0.08417552509614983
0.07448340955882353
0.07056854763639478
0.06627588565321654
0.06735671361271744
0.06749408458890604
0.057653111741647944
0.04771190558363792
0.054426450278779626
0.07368903891998951
0.09977825577958752
0.10691787620548876
0.2027606605274179
0.41077535670069704
0.6569087425906659
0.8003081775229157
0.8623060261209062
0.8912387085928917
0.8995801575278339
0.8953670136135456
0.8853296804154999
0.8849999767587232
0.8837284564825427
0.8721113475126041
0.8613931507286329
0.8483629621655528
0.8442210169544777
0.8394466455974448
0.8178310238119646
0.7806092622262032
0.7018170551261484
0.6032278730175074
0.4762822297936549
0.3562515417998462
0.21499635594919575
0.1384912491562673
0.12136229275960407
0.12486996133243658
0.09416951132448972
0.0759467671910364
0.0670685070831852
0.0614960581986402
0.052226352436652655
0.05105820258528781
0.054224672648574515
0.06150599009291731
0.06932592186281404
0.0879605637929951
0.09630286545894032
0.09752393525385596
0.09722386885000313
0.2005392534029363
0.4222992491317649
0.6517031850201129
0.7857164644947856
0.8418282492498743
0.8805854034490577
0.8956281208676571
0.9135959157035816
0.9241842018519202
0.9208665752838536
0.913810214432695
0.9029367582811223
0.8728085178832891
0.8307767661548116
0.7553795399335993
0.6516100527376116
0.5031219498959614
0.3596390786744842
0.22062590016269804
0.1371004248429844
0.1050635676567554
0.10751767409957227
0.10535128690961228
0.0963425767428727
0.08189294017592093
0.06488212147932836
0.05018070260298563
0.04654236085521172
0.04596774484368224
0.050422558323622926
0.05829060530747702
0.061812119626890705
0.06816154710133009
0.08546050795290273
0.1141536827862723
0.1403940314465561
0.18518368980350078
0.29506610834677244
0.48244994408272185
0.6747060668079412
0.8079839065252865
0.8736534130456928
0.892209005026996
0.8812503227883262
0.8728433458250121
0.880031210121877
0.8831366638462097
0.8676009216951474
0.8372870104644112
0.7976093988978005
0.7320988704158422
0.6498895062550226
0.55291114393656
0.45275646921707885
0.3209936173020014
0.24495879909193352
0.17656940045879416
0.1468203238690621
0.10459199559255752
0.10237693364196437
0.08476493966055171
0.08094260852007862
0.08074372780966957
0.08104326921485057
0.07699504915744616
0.06986661622849782
0.06625727901210966
0.06267685730153591
0.06220809100981051
0.07923196110588085
0.10585442782737328
0.1368346573519291
0.1987212641096184
0.33188934391949737
0.5361163063519192
0.7282344525972477
0.8328241245049668
0.8710248431500649
0.8937363965053248
0.89750105181278
0.8880861631917819
0.8770691762734264
0.8758438726940101
0.8655161643968278
0.855678332234304
0.8367219010481255
0.8308421641609787
0.823266599996489
0.782755440708984
0.7141797497154417
0.6297391299145799
0.5385819681691045
0.4063980409217754
0.31069227645929354
0.21669488220461727
0.16469688896932239
0.12090510643497523
0.12714990234487522
0.10641591839300019
0.09349194835364512
0.08410330254349216
0.08127397576531598
0.07541638256869126
0.07418433936196869
0.07430098629791525
0.07496135413017747
0.09023537746803711
0.09165134791933208
0.09751896095431932
0.10335805208766319
0.21708658932284153
0.4352429661160898
0.6623117802033274
0.7758439379206982
0.8127250496353806
0.8452455754883572
0.8608233734237902
0.8582877852130266
0.851904367427291
0.8613908038016638
0.8579855438500409
0.8408035786283609
0.8355468585275923
0.8142890483701168
0.7903685063091164
0.7514144141082725
0.696877691224289
0.6216268012469703
0.5302602131743648
0.420337249588069
0.2852125930215663
0.1851106310879319
0.12967070018064208
