0.1522556390977439
1.170492274533373e-15
0.20849420849420783
0.26785714285714185
0.20849420849420958
0.2678571428571401
0.0
0.15225563909774564
0.4675324675324664
0.2678571428571401
0.09890109890110056
0.2678571428571401
0.20849420849420636
0.2084942084942125
0.46753246753246264
0.46753246753246264
0.39705882352941135
0.3306122448979626
0.7980295566502376
0.20849420849420636
0.04821428571428783
0.46753246753247024
0.46753246753246264
0.3306122448979558
1.0
0.0
0.39705882352941135
0.46753246753246264
0.20849420849420636
0.5424107142857207
0.3306122448979488
0.6221198156682047
0.20849420849420636
0.3306122448979626
0.5424107142857043
0.4675324675324781
0.26785714285713685
0.3306122448979626
0.39705882352941135
0.707142857142854
0.39705882352941135
0.3970588235293967
0.15225563909774564
0.4675324675324781
0.5424107142857043
0.0
0.39705882352941135
0.20849420849420636
0.048214285714282566
