0.7421899282167342
0.7416193340822336
0.6594321599954908
0.5467121842295424
0.4207108772663926
0.3261504938321587
0.25654792111200847
0.2251196402374756
0.20475156796509922
0.19858005108964763
0.19820090145460773
0.20360750874399872
0.20793486827376073
0.20612184879797196
0.19466618237317057
0.17560651880499578
0.16064545299988886
0.15643897654680355
0.1618429979187176
0.17303093458577118
0.18358083406003312
0.19436800739386567
0.19460825497828257
0.17883909239458967
0.17077889307445282
0.1686826869103784
0.16914300598943266
0.16679357144074652
0.16244715076603117
0.162361350624748
0.16011881347022672
0.1670033741295519
0.163061898972803
0.17044554268976858
0.1730778438536892
0.1822290733513105
0.18192864853033877
0.1730669746033484
0.1806872455455263
0.2179870736875119
0.30935879882447903
0.441437367855053
0.6150441203600447
0.7671719399230148
0.8843457238677873
0.9133583844068183
0.8936885273717782
0.8859241865442737
0.9064548702600157
0.9146138727860396
0.9090229885590284
0.90080579379255
0.8855840376767181
0.943184555154668
0.7177465152904761
0.3763119678193977
0.13522341753270134
0.19639864463263787
0.2012880458621923
0.1980218451566019
0.2160946969251781
0.20576346349737656
0.23410017282828635
0.2452080798043505
0.2804660443203113
0.26741955698568526
0.2946494674948623
0.3058181749613115
0.289859058867861
0.2224930947334601
0.19702038399542046
0.23558381780933463
0.300969146210827
0.3180235832278577
0.3379856103852343
0.34141284385312676
0.35206449244821625
0.32806678702316755
0.3030160197315238
0.3081741351473932
0.3378668265935092
0.38444468075146276
0.3693835800158315
0.38772965128699405
0.4238750290259453
0.4804802013882286
0.49056408398931445
0.5493379795698935
0.36893070230205055
0.160512978898752
0.07828115582018462
0.2774018417902915
0.4298631427651287
0.4491984069480862
0.4267249361201993
0.40908313854977335
0.5190290204925667
0.6268733957646162
0.7342524096164798
0.8710885098882456
0.8288988949197957
0.6830569659706812
0.47424769164099434
0.4436447090486611
0.3806032663600738
0.33111949097363574
0.2622345584363702
0.2231284653929179
0.2066264183075482
0.2169822493256054
0.22263111553336581
0.22087436927138834
0.21999084852286332
0.24006662054435518
0.2668765864748321
0.28134453247269264
0.28363040544799556
0.27224975984567634
0.25922349033041214
0.27321579511018884
0.3237962483087812
0.3631076352925431
0.39503347888910073
0.40538614679271373
0.39568187061689947
0.36560914445686377
0.3332118002603377
0.3041947942846605
0.2744146112709518
0.2625446806463563
0.24846067825692117
0.22769121255537345
0.21444341069919837
0.21389815317717795
0.21261493751412086
0.1951407936663912
0.1880205076169152
0.18536412918844647
0.19045316902122797
0.18900803516005713
0.18495612974911355
0.19310957072151858
0.2097581601260884
0.2218616897157064
0.23335482738261387
0.24399638134930773
0.23999590351121572
0.2366733746567076
0.2306379853340501
0.23918742786652314
0.23245773009203408
0.24780948128679742
0.26518779050968605
0.310088943625799
0.3996929066670316
0.425470167324122
0.4585050916487061
0.45621748268689355
0.5413993060591773
0.6024821094308184
0.7199024485564853
0.8737642479913525
0.8185625523133981
0.6120920322357664
0.40382625672738753
0.40161489071110446
0.40008375478738023
0.37393386354853064
0.33979982559468946
0.286019174745501
0.25787847978139816
0.21000807768759835
0.21606891283111754
0.238011286992849
0.2574984848110578
0.24733136077366044
0.24439227170066963
0.2585208360426404
0.2583449469736845
0.2573639305571513
0.24817036104007237
0.2572387303952289
0.27246835906400513
0.27311451235531536
0.23729288805269638
0.20973732923851163
0.19588361533388537
0.20951958316542266
0.19995551178570903
0.20573787493504908
0.2152195751292179
0.2272858301353689
0.22969118248220063
0.22184113224758092
0.23520605332791555
0.22862648370302235
0.2379704813385422
0.24436099410281498
0.2648678823714363
0.25395901661925735
0.2267773130105259
0.20994027892657938
0.2257134861763321
0.23224536624923797
0.22316126029651528
0.22368173516644818
0.2308398373517159
0.24855279267776892
0.23647653571821736
0.24117642964984065
0.22219970888314836
0.22602339957835363
0.2422428601266654
0.2730858741978331
0.28736395538441184
0.27590836356261533
0.3141520518404034
0.33730522277810177
0.4143567132372928
0.40631292305329886
0.47685879327728736
0.5746135956459204
0.727604173440138
0.7910926627969558
0.8386186027450462
0.8554417795118038
0.8332681313441921
0.819218889014634
0.8007958585149612
0.7813431193462508
0.747291801477234
0.7224837240591377
0.6869569449412698
0.6551133817114329
0.6952491474126745
0.5842674523425786
0.3577523523874737
0.14205826074586583
0.15967860853230909
0.19274478574329296
0.23128514403443712
0.24411006631735685
0.2613408724160412
0.26095179928914586
0.265254159128819
0.283177961149281
0.3002607400335383
0.3054803877252532
0.2917849513618288
0.2791226293364639
0.2552431066149804
0.22628900618299108
0.33494682185498864
0.5338163669367735
0.6968115218478216
0.7711193487123392
0.8249946068750391
0.841525209251996
0.8027518034529016
0.7904008028248081
0.7889150451945925
0.8175765575808858
0.8391392690822114
0.85563768153809
0.8482307301772922
0.8636616401317397
0.8701764726739957
0.8701857871590505
0.8693125935191255
0.9148210430100425
0.9031282585586715
0.8621964039706815
0.8138082277179537
0.7606322873752729
0.652898122371291
0.5404005104099201
0.44390520002597167
0.36680276978601856
0.2786170942135721
0.26800114163009586
0.28575182287531364
0.3568309067377919
0.4976125066459655
0.46239141312507226
0.34524140288595434
0.2705827189959198
0.46256048613984563
0.5906104054249626
0.6812075281435127
0.7094537246760635
0.7412210434904276
0.7660013928345129
0.7842825064581683
0.7920669949500393
0.8102045805995124
0.8636450557979525
0.8610687763598568
0.820790977997385
0.782440162691082
0.8190841870049224
0.8152240460426377
0.8241657317681716
0.7561911241374657
0.7068056932090433
0.6663892807148892
0.6381597011864408
0.5222264625193589
0.39403198228784925
0.3131403254301213
0.27279556463684174
0.26577913721743074
0.25711026371486945
0.2552288840655104
0.2772975251575216
0.28012320098893784
0.2863397426100782
0.30587062180813085
0.4034862388309011
0.49861189437062725
0.5596724533279664
0.5386951356698821
0.53195006008798
0.44634414370820813
0.27371888948556367
0.15947915124944387
0.1558216509845407
0.19662516896166343
0.18772621011353882
0.19158188782283042
0.16022112315918977
0.15779350752852367
0.21020679463324543
0.3191312567825352
0.43699437008314357
0.5507659535144013
0.6366498719041139
0.7071892245676072
0.7436610085314764
0.7808456354814319
0.8021939942454186
0.7977751648582102
0.7915070297251185
0.791815477348778
0.8321585873683615
0.8560380137488068
0.8572057392890656
0.8339189805185186
0.8016458168276117
0.8083396071179549
0.8181660743634007
0.8275145352275373
0.7908543458713703
0.7884066661034714
0.7890602894489569
0.7667978990680064
0.7306995252370978
0.7297743219488506
0.7424995688536462
0.7532760229622906
0.7436067558056093
0.7481288845981882
0.7360101296122182
0.7544978599144376
0.7415535206708794
0.7503525902890325
0.7413310845224111
0.7531324514138276
0.751079463782268
0.7675771928981932
0.7767122509216703
0.7648980032591941
0.7613238964446477
0.7632692563555654
0.7807882437561946
0.777823208667103
0.7755751691813941
0.764786578914382
0.765322611422412
0.7650724022307318
0.767976612246049
0.7751675815540688
0.7675284951364661
0.7960836269373409
0.7896433747066048
0.7766119513989087
0.7231580900843644
0.729670381058519
0.7417935845543047
0.7545728801228504
0.7357727843917529
0.7307838242106056
0.7427574931697289
0.7512072401580985
0.7548884594434562
0.754933638624855
0.7707436170869134
0.7811315309296373
0.8063538080899463
0.7870568096389653
0.8250787648863124
0.8343316762118992
0.8623164202404712
0.8503509313933826
0.9292718782025424
0.9439037699606757
0.8995973752526403
0.8052023218868458
0.790160225072621
0.7944176599373597
0.800593086553728
0.7963403648187412
0.7958982065722733
0.7920780722660061
0.7857726660214552
0.7846076989829307
0.7801086831162257
0.778104803433354
0.7691603321759363
0.7636485901240772
0.7564971648028634
0.7644757241711196
0.7676179727277426
0.7663692094617218
0.7970593291135141
0.8159550624715324
0.8991329718437059
0.9264902007049274
0.9072059275010061
0.8148302027041119
0.7661995504193356
0.6793595220684534
0.5562681654819279
0.4103746762080257
0.3046748219821629
0.25120975081677355
0.24861093082235208
0.24010322844543946
0.23790861906787447
0.2752429153350822
0.4240210339156996
0.48391326116547756
0.5257783975879049
0.5588852305281633
0.6797994531663374
0.6833946171636918
0.7019683622382128
0.7270007945795424
0.7637933631492053
0.7950499737157573
0.84704560587666
0.9026193126368467
0.8202133628146066
0.756837735048314
0.8233305998356795
0.9487451456173709
0.9226046457732481
0.8805934320145141
0.899740339617898
0.8764265842446582
0.747936258661105
0.6174297182685722
0.5266809513851443
0.46238262671312674
0.4064763440911915
0.38529586613871214
0.39137877696204804
0.39707828641776866
0.4093443097682248
0.408583107438402
0.40139891249956444
0.38511103544614433
0.3623660296284101
0.44502064058067925
0.5649327879490131
0.666459456647006
0.6443384044843812
0.608386022030872
0.6229785816536199
0.7518802753126106
0.8832812148643399
0.9443372646176763
0.9072702864956361
0.8392163258830073
0.7343253989732672
0.6443449577567806
0.5629554891386885
0.46299592616979757
0.36573306726167787
0.2651462920419636
0.22988619799263382
0.2170770556237009
0.26840228301797586
0.3104895533865791
0.35708261852317424
0.3844247977376011
0.4137696160818102
0.37087695453172476
