0.8894056481528233
0.9707178676576905
0.9932880551119359
0.9901527309976221
0.9873339696373863
0.9927962571744254
0.9983996375463033
0.9938760038706673
0.9886230761525371
0.9852449402360729
0.980406104987708
0.9702385406105741
0.978717064011517
0.990935845445867
0.9945304442582209
0.9843100008735096
0.9843794580897416
0.9796882514547309
0.9795326134053918
0.9811734579141864
0.9776859783638923
0.9261877706132308
0.8194006758950899
0.6565770873675301
0.4765151146939261
0.3290514236106154
0.22150655169554234
0.1297150708671262
0.0649557364951374
0.03540893121736284
0.02216975334909982
0.006702121799832066
0.0005298201530948726
0.004147414410369529
0.004869495030984553
0.01194425342039336
0.014492101491674642
0.020833810668583277
0.01946445727043182
0.023921936139463123
0.024972530357021197
0.024288048609288564
0.02117526545444286
0.018717127185503342
0.015883332443749117
0.020078895619648016
0.048006712320100065
0.08293016348877619
0.17947599143284132
0.4140597201834529
0.7007749005190604
0.8736347999354233
0.9162289613218447
0.9032959160259283
0.8996425863938131
0.8922362171562299
0.8909101471791482
0.8836991786478953
0.917406752726907
0.9547428813059149
0.9571769641174013
0.9361486905705787
0.9218104032468639
0.9298294880930573
0.93675115693292
0.939620438725318
0.9386989831634786
0.9321994727761851
0.9358372343787646
0.9279142504940887
0.8783157956052682
0.7568458956856672
0.6033974523719636
0.45776392377814645
0.3521460599195275
0.2678271312007998
0.17555707857145003
0.08927445902555328
0.035057840091846884
0.018653748001681476
0.013503150749965153
0.01079277650840001
0.003864646063659819
0.004364750077731317
0.01259276637912835
0.020710629603670146
0.02315193176490453
0.0266225996764568
0.03258209358668063
0.035298412541260434
0.02887523716783836
0.032642574599531536
0.04310548678400117
0.0792854792406834
0.13618768273567988
0.27772767435441953
0.4758710480666378
0.6933557657389314
0.8298577464390413
0.9004614827283837
0.9279505989692656
0.9514789249314494
0.951473069610648
0.9439800608092332
0.9341977639450261
0.9388021606276282
0.9471612001683274
0.974943547300488
0.983557453657173
0.9775033396588797
0.9649363916916529
0.9612267952316602
0.9519661159428124
0.9479324884944847
0.9509413518391251
0.949105609312305
0.9372887154522619
0.9300508708195908
0.9289528015640316
0.89499530145895
0.7589724083022462
0.55392505159005
0.3714233593437751
0.2548559485453218
0.1662735246861266
0.08918876330819722
0.04704050480463558
0.030891958690466237
0.03247454541882998
0.028417333958610205
0.02790808008942042
0.02956122809975949
0.03295810591280829
0.03985132296235372
0.04678793193042541
0.05564073863843097
0.05167136523844654
0.04483276967843393
0.0369732045322195
0.036860565134788165
0.035268858766291294
0.04238546444466876
0.062495419181484047
0.10641330367260121
0.2159615285666871
0.4521975879535938
0.715850658799296
0.8778078778820364
0.9231729688432893
0.9167303527855356
0.9119371557574119
0.9146749849329561
0.9415475381051843
0.9453742955941693
0.9377330210486572
0.9323908962537366
0.9337777453793492
0.9393535790307654
0.9347384934642154
0.9302635537239475
0.9301314785613689
0.9338992099462259
0.943199256899325
0.9395048836926331
0.9284083631280579
0.9144443516498549
0.8657729586601889
0.720738927666702
0.5025751222099857
0.31214439960173906
0.19663164642641676
0.12438940742439436
0.0867128164435219
0.07317541209845801
0.0738518800703983
0.06877020977125552
0.06624995500269074
0.06632360094883274
0.07254527650934676
0.07837126551712112
0.07905195008564131
0.07677006491044099
0.08046039402395143
0.08353269044673978
0.08222130124963457
0.07560815162127976
0.06431188447437025
0.06642651841300021
0.11000569288423322
0.19697449186597937
0.381792596826089
0.6200160496938392
0.8155655381712582
0.8841446907981403
0.8982146827378263
0.8989401082738062
0.9019420468850154
0.894786908726145
0.8984085756375297
0.9022681421990841
0.9038454192883185
0.9002886433165418
0.9059486035539792
0.9147416592773808
0.9125546218312778
0.9116650895311356
0.9127200105528095
0.9022994620741982
0.7997464792801453
0.6099184142705418
0.4238983886725686
0.2993879079334839
0.2069449161876875
0.13324424059300988
0.08294291585767691
0.05120146678106566
0.040336689785659866
0.04659069968489052
0.05262250940679136
0.051972574093895024
0.050332445211475896
0.05045046918041823
0.054539791519733066
0.05377315017217045
0.05837615457605401
0.06153359431049616
0.061190136383658514
0.05235163609159478
0.0511264858379723
0.07468433011852535
0.13185059551024342
0.26192190001522075
0.4918317084601771
0.736366393855209
0.8671126923871386
0.886329094105209
0.8823124932370179
0.8969613460285342
0.9001532253409479
0.8945003916973246
0.8786269446545536
0.8720588360649008
0.8681278426059236
0.8806773794571112
0.8993816582624871
0.9080419479388665
0.9048181691729574
0.9032712221438886
0.9044160224521457
0.9032442948290752
0.8983652699392656
0.9086558768413298
0.8895014121272876
0.7755728888157551
0.5668665733710553
0.3675794379352873
0.22739563290046919
0.1691560806425948
0.14809807495773442
0.14922666257579145
0.13604309449547095
0.1348608320472492
0.13098149258625585
0.13130707941775363
0.12347279112687581
0.1207081897493964
0.11953989007388016
0.12078551938023686
0.11923527484501216
0.12199697256042204
0.1306966484357978
0.12152260505703152
0.1037325591329471
0.13093986537838284
0.2300286748856682
0.4169028720993093
0.6159349060175381
0.7660743589737351
0.8205233548252522
0.8563616324167832
0.8681653467228925
0.8677534494625547
0.9142977841143829
0.9438015616698722
0.9655846521038631
0.9155419754060845
0.9396720565456298
0.9386325903087949
0.9665112934441809
0.9164691989281141
0.9137498840992712
0.9276184890661525
0.9559018305786405
0.9285570806516309
0.893775692687981
0.8767483026449162
0.8407594505839773
0.7596568942523301
0.6460154972993808
0.5287734454002688
0.35994462484715656
0.20918768550351508
0.15578931848619804
0.1875980100757358
0.19997515922992967
0.1880608770197403
0.18041822680598696
0.17890344571194172
0.16704558159809724
0.15839278475291896
0.1517431925630478
0.15588742546241183
0.16408910206488742
0.16529622664034624
0.15961521935262835
0.15077396340434265
0.15062395441799575
0.15344910200861547
0.1638677263235263
0.13846071942059135
0.15453601683754065
0.2539590995288959
0.4641150471266552
0.632766395170701
0.7316807495597445
0.7606934280129375
0.8035216840405615
0.8397264786909029
0.8473005338140637
0.8390681191220062
0.8722096190836381
0.9103185035341985
0.9380041283157445
0.9247215009645271
0.9168444568728179
0.8918350704182685
0.8850010234371468
0.8842981177912552
0.8788549392306509
0.8683800051138295
0.8659793292827694
0.8707546262910695
0.8393484155015668
0.7582483868388561
0.6687297847921914
0.6013174450544546
0.5349464092205103
0.3916459992264206
0.22529628592844844
0.12840153338519164
0.1346747177609404
0.15151278395870002
0.15739580915015838
0.15741688258584063
0.16243924138223112
0.15436611467419864
0.14584002080735126
0.14697271550999874
0.1498284962854624
0.14591334754934027
0.1417726297388943
0.13955345312695544
0.14224294807871446
0.1423624130932129
0.12072350374124566
0.15813482923610742
0.2692057000295709
0.4742083424290529
0.650111845973382
0.7894197477315363
0.8554757877656127
0.872667137263712
0.8944537572416131
0.912211605361317
0.9233604388273556
0.8961426769353974
0.8696967334587854
0.8694660226252365
0.8677201685184812
0.8597297024016328
0.8314920741034264
0.8120943906986808
0.799718682565799
0.784013585781165
0.7920595885134091
0.8036810672170115
0.8079430192899477
0.7881566520252702
0.6664749402385037
0.495328077562721
0.36310559620476157
0.30702315851018724
0.25141773592159655
0.20215286995633672
0.18673803167686037
0.1776690356688987
0.1710077082394186
0.16155281923737508
0.1526909944446386
0.1380830754193677
0.12430740493011286
0.11490367925668117
0.11901260172958962
0.12055711930843976
0.12212918539284463
0.12139344867862809
0.11996829449447155
0.12277789172296338
0.09710931501196135
0.0769154239529399
0.13906396070071325
0.2867738569729142
0.5025940717274099
0.6945145816849625
0.8166057723962854
0.8034895015619395
0.816989068656746
0.8300765149387381
0.8468663741599652
0.8481704656538505
0.8515506471350525
0.8552136358809284
0.8354606860958329
0.8453014402110437
0.8212186978722044
0.822117813198955
0.8240529900401244
0.7989609510002511
0.757386853275385
0.7088769239727959
0.6621061019606684
0.6253876926501979
0.5763567571989645
0.4830089352284785
0.33469974475576836
0.23661225676072795
0.19730387678558023
0.19194852068037022
0.19280746520333375
0.1862204003200045
0.18779995217981724
0.18160281878285517
0.16806466187151092
0.16235023560473671
0.16261162356131934
0.1617522812574919
0.15500900388036287
0.15451049946627943
0.16310893052839914
0.16254138206098814
0.16312677303740386
0.16663813368818856
0.1569933542777458
0.1870397430682043
0.26719527580233554
0.4647189018392524
0.6472744312558139
0.7758632719673866
0.8216427170741618
0.8437474694732565
0.8616439896785995
0.8300698106908596
0.8249654509904808
0.8018358956833096
0.8025694380621728
0.8118571303262446
0.8529427660847348
0.8561470078033027
0.8143339888893557
0.7968027530137123
0.8191825714606107
0.8437154294043295
0.8709859298736153
0.819441931947126
0.7251692523216289
0.6558327540202452
0.6950369265890526
0.6529463537100555
0.5145276781634037
0.3317385510599594
0.23157510096352737
0.19026957858629945
0.18432518942113646
0.17645205415115695
0.15954948885414932
0.15069070246476485
0.1421509227323709
0.1401493670476965
0.13975856960022298
0.14086017849153273
0.13427778474455676
0.13032590957972692
0.1328265949410034
0.14068674795035413
0.13997459131226886
0.1436276083766356
0.1210306721286882
0.11057796403692324
0.1807720674531011
0.3670036476663789
0.5907100008365975
0.6896989067389638
0.7787743017104967
0.8219804381641389
0.858310995632036
0.8295305470856021
0.8289945049603331
0.8361472964551306
0.8471011844136587
0.8604749521616291
0.8431121928600502
0.8348374885406235
0.8570185289748115
0.915876396214847
0.9237896316939231
0.8698980979378806
0.8197501192512041
0.7776780638932735
0.6939257451799952
0.6582265862172638
0.6521961529853415
0.569914836766566
0.42568253428080977
0.30903377623195777
0.21851190629410092
0.16081522775291046
0.1522312622555859
0.15453175208107794
0.15438993140788815
0.15485664773017777
0.15780989255885453
0.15839394880220656
0.1622471113487189
0.16157924173046928
0.1572710888395804
0.15339587597689
0.15089123342649327
0.14801170579044634
0.15728848886472255
0.14328240053277128
0.14269679250570697
0.20106499473374204
0.39794774343529027
0.6336038825210786
0.7644567206667384
0.7502173284387533
0.7602740785714086
0.8206847588414459
0.8632538012159325
0.8703562734420482
0.8807458475892196
0.8880615880271783
0.8996777250595218
0.9042133357100122
0.8906987081174048
0.8858687607804469
0.8902413567692454
0.868290952000972
0.8431773523372568
0.8440716828959424
0.8531581415692222
0.8014282553573364
0.7410186776013327
0.671219575187058
0.5947567081098352
0.4643117494647626
0.3464750443635872
0.2594104048259085
0.21400171037240368
0.19483063259423597
0.17850466893661124
0.16891374050908134
0.1654633209764486
0.16184820122407756
0.14764911213930038
0.13870031462151533
0.14262393431810405
0.14631861048278239
0.14273920834763076
0.14001462113510363
0.14133546142383033
0.14573307301852254
0.1444221361046975
0.11962203807220963
0.11298120718071679
0.15657534929210443
0.26323386229466667
0.451137563989451
0.6665131402081128
0.7599402706115492
0.7789316637162347
0.7792915008818201
0.8239129550422681
0.7864642728522857
0.7971494479017633
0.8097870948918962
0.8081696174327394
0.7793373756109272
0.8104231897832177
0.8534346212476576
0.8523649942334113
0.839542688204365
0.8501178512419313
0.8294166189398817
0.7662167210729155
0.690584734220762
0.6313873984772064
0.6225512292010005
0.5995131266243525
0.5112813469134218
0.3853144144161335
0.28430803372618035
0.21587027423579339
0.16321846087760775
0.15446139144170323
0.154496662125928
0.1453020106178632
0.13632375402366764
0.12142789784697615
0.1140437529615999
0.11278498679782335
0.1165330053816924
0.11494833384755533
0.1162970280563838
0.11869757080038344
0.1239270487171885
0.1302612826426353
0.13814347605236182
0.11831042960701169
0.13566205065589076
0.22512929838795026
0.3926735682719074
0.5664031781621172
0.7090384951006915
0.7391427769724073
0.7360876590066647
0.748526359965191
0.7814107946874485
0.7606452605828752
0.7625069997384687
0.7700858257764372
0.7945263863682877
0.7864329276297397
0.7857616043353394
0.7828835313984376
0.7538592921102776
0.7363533260532518
0.7401825635584023
0.7695365900853011
0.6864430978396848
0.6166835393462434
0.5585954763543326
0.5145618530094054
0.39932301656918734
0.2846628839015288
0.22105838689613808
0.19010376355697073
0.1815023400889711
0.16679261839201293
0.16923687484722744
0.1648341117830703
0.15483358368422048
0.14293780515869237
0.14141347681729677
0.1419953529554846
0.14382149953864967
0.1446690920815215
0.15032130413518602
0.1609614527362635
0.17476733195727007
0.15331169839425524
0.16661119699880547
0.25477140573861484
0.4248409787307134
0.6027219964220363
0.739780975596388
0.7898353050466168
0.8182508355943012
0.8463652578896818
0.8169040434951665
0.7851131801697374
0.8248499384138317
0.8672319988134012
0.8510950982733412
0.828799969913939
0.8241061503639495
0.7994405203167477
0.8066636996260845
0.8225619102647728
0.8030668708860497
0.727538040552752
0.6552415939593275
0.5769306843813399
0.5726612222273783
0.5291959298674911
0.44490093968311145
0.3134061665190238
0.26240149702937704
0.21984295043114538
0.1985591272527722
0.18969813098364746
0.1794430795486201
0.17607488790729015
0.17148647402848152
0.17039531332969232
0.16558802012874488
0.16367514174105924
0.1640867814224987
0.16391545458123913
0.16917102380370141
0.1691766054262323
0.16968554996154459
0.16870507132767887
0.17468787646041073
0.17143074535648026
0.20403162114858542
0.3250596861681376
0.5330627370212743
0.7113885954903646
0.8313864092093388
0.8992486183950421
0.9318649670534421
0.9375777023282713
0.9401660147101583
0.918957797611403
0.8853150550894203
0.8771250286373834
0.8941033715871044
0.9042265627701885
0.8877946319009844
0.8920139355956167
0.8803314497697705
0.8604115754461241
0.8236409465847473
0.8028370332150004
0.667054516531822
0.49755646036657497
0.3561112726704438
0.28442984487613987
0.22209692872145098
0.20278758970303348
0.19631016154422698
0.18353214637443707
0.17890098153775966
0.17422474215605893
0.1776646291880402
0.17802628340943838
0.1780000349417631
0.17433430776923686
0.17450330167269085
0.1769832932778016
0.176979149981994
0.17778533974652905
0.17292585362889784
0.17762300150987653
0.18920694944551347
0.20019136546203845
0.21368044816618664
0.2557758647352535
0.3956972313237234
0.5723155264321591
0.7101403993556252
0.7664594604841033
0.7809291804371277
0.8145789222896042
0.7796739302032598
0.7743399603433203
0.746315468293339
0.7711028139377144
0.763086367011331
0.7785444793662499
0.7704586907573701
0.7706662587698555
0.8128601579881697
0.8266559495606858
0.8549780977805479
0.8569762216676895
0.8139920543120556
0.686126233519142
0.5719269844559735
0.4613579698611501
0.3512253795455462
0.2638587381233835
0.21569616592953886
0.18839644098453884
0.173136124257469
0.16900456497467392
0.16852775272911172
0.1648667443552489
0.16595422889144634
0.16922242312983182
0.17156029107585036
0.1733717975610256
0.17515387887497397
0.17782300694019765
0.17798038800918753
0.18326018838703456
0.18247007756896302
0.18227581566528728
0.1812111181264327
0.15935126224154406
0.151736978729833
0.20003846180678286
0.33816218009338034
0.47703269203779985
0.5892889397942559
0.663810360046817
0.7316263858002634
0.7787183184495752
0.8186250199574567
0.8384873653545973
0.8422997454421179
0.8360279502588053
0.8325516697727379
0.815927780982018
0.8103839607368608
0.7956490761109045
0.7969725404634953
0.7835526366420111
0.7811460450184032
0.7655806017936981
0.7629879111066691
0.7520849507536076
0.7366442028828359
0.7318956163877214
0.727893292895557
0.7154617892779673
0.6403400658779277
0.52185642655297
0.376310149265671
0.28518388979982656
0.23290467030407447
0.21428687419358727
0.19341104397706832
0.18749962365187228
0.1857612221550597
0.18531121729593442
0.18821111994527207
0.18381168793869807
0.18137217732350203
0.175768676557568
0.1766205184407271
0.17532868287645673
0.1771891068673428
0.17968900300028035
0.19291574097263775
0.20179514526628858
0.18602173102084033
0.1810139884845734
0.2629165563275401
0.44216567570996
0.6079009979686439
0.6920406672035555
0.7007389973799991
0.7200873478137526
0.7579236489770305
0.7966702028777967
0.8070799517198295
0.8130587901371034
0.8073489889540738
0.7879035162476477
0.7762332706170454
0.7897647243586672
0.814891690168627
0.8102304377307177
0.7731448986128543
0.7572794669722857
0.7085770733770005
0.5964072428732459
0.4219418720628491
0.29069906270059115
0.21081018585749886
0.18936812574892717
0.1829168461087693
0.17810985255328682
0.17759390887264365
0.18248263969281364
0.18305197475781093
0.18245239887422884
0.17625813834273868
0.17104054476808705
0.16649978634424578
0.16968195167255615
0.17592925155360292
0.17861507854936876
0.17651370258527407
0.17470325443647003
0.17815599861407325
0.18089163014030085
0.1760836219589662
0.22719816131454562
0.35432483272753557
0.558089949179024
0.6832056757372313
0.6889051485555842
0.6354474377020941
0.6202590434623534
0.6486183183909804
0.7100395666437892
0.759828503676931
0.81044717937101
0.8346677152854705
0.8654776549827703
0.8612527626486045
0.8609774094539995
0.8658546251746841
0.8562905486073524
0.8442815914036561
0.7967933325513527
0.7194574191483297
0.5944267662006519
0.4576534552631166
0.34035071086260044
0.2529747498810616
0.20988808692604022
0.1958325323643856
0.18808290547727904
0.18174063527011594
0.18130178092644444
0.18040953479229838
0.18370822490481026
0.18573751400819402
0.18960914980240032
0.18480051511721649
0.1876341582229295
0.190299072175432
0.19603979179834058
0.20371945421888504
0.20527610306341637
0.26162056482539586
0.3845377268741933
0.5711986229774493
0.7065040574975452
0.7869173830266475
0.818420150806982
0.8479858335259924
0.8576427942977399
0.8617275853145782
0.8650706035424979
0.862635984617149
0.8518727191065019
0.8470442899596323
0.8476301303095666
0.8471237949050907
0.8340025528877706
0.8003370341802797
0.7549277547811784
0.683735349663915
0.5867380273816427
0.44612001131024215
0.3294318117314546
0.25514993911559314
0.2269604615987704
0.20480310358472764
0.19827005050869034
0.19596675994816568
0.19422679553287764
0.19458383061941653
0.19268443753098033
0.18830834157171872
0.18946606358719148
0.19342108282730341
0.2011617973302454
0.21086602775753155
0.2227742521005558
0.24858689657945038
0.28555492226631307
0.35539226090022147
0.473197192428095
0.6076606026913598
0.6902903051384818
0.7369178565702555
0.7962538598222745
0.8454561609896958
0.8619540926717111
0.858063880410707
0.8613411815780962
0.8781052756070067
0.8818253785140249
0.8774158311721569
0.8658380540880273
0.8503612586725622
0.8165493094567124
0.7270909779252211
0.6058183087372566
0.4367200147945774
0.31543797406643415
0.23205541810215638
0.2034977944324351
0.18233190214960382
0.1765389864054114
0.17237318811515928
0.16535971599262034
0.16717543531739254
0.17087182158327274
0.17461702248317912
0.17436363869542273
0.17430682141885734
0.17385318221179819
0.17242896259219134
0.1718466193579081
0.17444716277688013
0.18647029138203058
0.17192506571108956
0.18127472310959117
0.23647375642759005
0.40350515842880685
0.5823753576139729
0.705534674907633
0.7416951792056699
0.7953761842768681
0.8502598464096359
0.8813492077847108
0.8648521970467953
0.832325836654896
0.8026717079841105
0.7873442795414487
0.7952805069614293
0.787409879691119
0.7891558560086362
0.7803418537744191
0.7960205266523899
0.7477145941417982
0.6411036950088189
0.5256555852228857
0.4414767913138056
0.2943230287158136
0.17900504821082652
0.14362642910720885
0.1678733945027266
0.1496107371853863
0.13880574748268448
0.13596501149612203
0.14274722414163615
0.14802204493833737
0.14341024985359882
0.13818986116514062
0.13798582029188974
0.1401154491307408
0.1396976247897595
0.14172667123889704
0.14151745713809735
0.14091477649636924
0.11804038135948174
0.12754305037268865
0.18625459068818168
0.31172500852467433
0.49929116613262103
0.6535054891589407
0.7565297553208663
0.8038351720432041
0.8425590630454081
0.8339298838158012
0.8193394364731079
0.8168631360766108
0.812016433321934
0.8077515556912018
0.7982046307838793
0.7944995843396344
0.7939556035992101
0.7868139625852963
0.7984549389235274
0.8092822643097686
0.8130689578870025
0.7315324953605605
0.6491470616292185
0.5529726631589784
0.4746839633814892
0.3480648856353513
0.26228899668769323
0.20948605639732903
0.19416737873275972
0.18599395268883726
0.1817668310931938
0.17156644508989327
0.16318121873979816
0.16554421804845829
0.16808639752352025
0.16913408650008932
0.16605105783635515
0.16440796253871476
0.16017454206826104
0.1610271548951557
0.16265222411172053
0.1636466637493902
0.17140817021566834
0.1885234990531932
0.22576425602344183
0.2989493464878192
0.43104353583455346
0.5708592988613241
0.6691989967413529
0.7094929839132411
0.7292114960657421
0.7392484170381834
0.7459774363498055
0.7410303628357804
0.7476832143154999
0.7705887744640958
0.8006398007825009
0.8039859252678415
0.7976386954779644
0.7942272498380207
0.797395364378156
0.7823355397977317
0.7673700301821704
0.7205159994014252
0.6465319447602371
0.5214321049265527
0.39416401655705524
0.287439572537279
0.23769472374966807
0.20933901863084342
0.17898840618958076
0.1630783286369318
0.16404334169853949
0.17199014421852218
0.17000710382384038
0.17213565336170245
0.17239214475321368
0.16984277070688109
0.1672311052151515
0.16580571829579918
0.1649632390226042
0.16242307775002499
0.1684069217905793
0.1686404663804117
0.16722150650911943
0.16032587577517338
0.1862333989864685
0.25995023284707436
0.43447634814344893
0.6284943972198702
0.7624024114539028
0.8020975910204535
0.8235060423366614
0.8320243149403992
0.8386641898023147
0.8431559836015663
0.8502293421168938
0.8510432277298446
0.8491748228154723
0.8466053996397378
0.8376274570831668
0.8310884832312561
0.8141575258064402
0.7479125807126112
0.605348798021248
0.4347031290185741
0.3165562164182049
0.24942355439908728
0.21097445884152016
0.1862151793335085
0.17635626260913598
0.16934524767128595
0.1622687181319279
0.16073303553634102
0.15993085651815536
0.16139179162479245
0.15878141734259488
0.15819007148552824
0.15561108403138896
0.156517314957712
0.15890228579125612
0.16138540956468983
0.16634400250903308
0.1706017602220888
0.17749018888435755
0.18550354035074812
0.24215010518728344
0.34956344419311425
0.5304780820481003
0.6748267858538763
0.770052427938204
0.8023908025550723
0.8301062459543742
0.835424121908937
0.828008549245306
0.813949439426622
0.8052093344419669
0.811035381653149
0.817760889230657
0.8119395027417747
0.809965831045936
0.8157747289942787
0.8133904655311746
0.8101853479569944
0.8147502661371167
0.8220519190585901
0.8144274825106599
0.7915997077550961
0.7577284994384912
0.694182715134851
0.5776960740819237
0.41850151467596863
0.29103959287192654
0.22704633482458553
0.1975326113235301
0.17612500006369916
0.16800851968290859
0.1668990742837044
0.17193844788048873
0.16985301245770582
0.16802405978494603
0.16906000052703304
0.1665833414140605
0.16038174405229966
0.15475546357148398
0.15578308850117906
0.15524264376791586
0.15834284959531547
0.16202136847497706
0.16305087242101368
0.15117948483778648
0.1525690718592647
0.2160170537607414
0.3227043308478972
0.46479451349555584
0.6053027794601027
0.7097117904770949
0.7330318269733511
0.7262089132246611
0.7225295390545654
0.7169794100297082
0.7161358943036041
0.7266384137607657
0.7365948125762327
0.7274954752500508
0.7047192297276934
0.6742116852485924
0.6549822139780277
0.6263519127471475
0.6168503417350787
0.5605926141254789
0.45267275640965005
0.3136315211040896
0.24256951122819312
0.21122643389085488
0.19168555494212852
0.17780203916267623
0.17626232143624077
0.1729576376833219
0.16505261502624624
0.1590337663939136
0.15599123872323428
0.15824293448537782
0.15748870528528985
0.1608839231542934
0.1594187067595897
0.16064880909364393
0.15764663033173804
0.160222861488614
0.15991927609988751
0.16362084676545713
0.17339460268035312
0.19939775474781438
0.21905348867997831
0.2556016045600671
0.34776116769925713
0.5062122804418121
0.6453889022566327
0.7441289684310066
0.7912317857960451
0.822248402228951
0.8220289257070015
0.8264935854683356
0.830188247052394
0.8376958796964699
0.8376419871918481
0.829147424937437
0.8205389563193665
0.811055060928499
0.8081779063013291
0.7941888618930548
0.7690505923066983
0.7038969775960582
0.5726469548391768
0.4152809550208082
0.2917126879215839
0.2280610624623476
0.19213346018023333
0.17429766926900753
0.1614329488361647
0.15616243169450914
0.1559383167764179
0.15936059622685034
0.15831965863215985
0.15799050439941795
0.15653018534961755
0.15403999203855978
0.15297747062013134
0.15621066152889945
0.16231977156649863
0.1695737692530621
0.17597012950195273
0.18269072676842063
0.18160636229235644
0.18667689317299963
0.16270813805964338
0.14349458446718016
0.19592551806393732
0.3319298821411779
0.5197486117060702
0.6664825664044712
0.7543187267399332
0.7785702892993963
0.7936006638881723
0.8054477730480182
0.8068439258760243
0.800471944865327
0.776143270824461
0.7782881439928694
0.7906621799740597
0.8047389385188293
0.802786824036166
0.8043996946901238
0.8089364829147052
0.8082443830672416
0.802185115678593
0.7740591035070784
0.6969146817530766
0.5442246303750893
0.37055134366478937
0.2559592305341282
0.20306825504364945
0.18603491388612314
0.16832096382002934
0.16605153866641958
0.16058505332829887
0.1569717387746388
0.15255080506532925
0.15860905746687712
0.1605736912986803
0.15943190620065553
0.16254632219296183
0.16327698450543413
0.16250866455477786
0.1588104533981093
0.15805653040357884
0.15577742777664583
0.15807233647644797
0.16371356174709953
0.17742164134450755
0.17978352230737196
0.22593277831432917
0.31691733734700744
0.5055629289961048
0.6700715515619333
0.7954397859364769
0.8367047280002
0.8718352446404884
0.8758812445524279
0.8668752667751325
0.8365594893282706
0.828489868589493
0.8419111053239816
0.8648209038024575
0.8616274241773727
0.8541323005173235
0.7863107633932899
0.6776563354109851
0.5408848555661199
0.4228076165672821
0.3115094005611842
0.241897266910401
0.20469200186258538
0.1888494666337506
0.1766130881891652
0.16779936878802176
0.16311570619468158
0.16071923599517618
0.15761785552151647
0.15776977133810205
0.1578228269141448
0.15874670680445485
0.16143666571936172
0.16410696906695588
0.16258018146794362
0.16173420552011525
0.16748907238377675
0.160548898726144
0.1713926255164636
0.23801923899519256
0.4126876450512977
0.6093021200353471
0.7485874392895403
0.8187137041113928
0.8715111082109569
0.9138199720642247
0.9244206335696696
0.9274321707380329
0.9237992719347452
0.9275774624229783
0.9234877592521549
0.9240208818320531
0.9217735302415486
0.9261545340271342
0.9185160290317185
0.8667642946157323
0.7077769003599637
0.5167339523544193
0.3616507142259787
0.2849189085909779
0.2265278806403984
0.19688996843857018
0.17796584006717495
0.1720122052550379
0.1674568997256182
0.16162068917907196
0.15928620947135452
0.1583722240975923
0.1582651613557897
0.15928893864861565
0.15958385490937138
0.15987937296015994
0.1615337978898113
0.16126352132323402
0.15839632885269023
0.15759853482757566
0.16050330719857314
0.16292253445279625
0.1563216109475422
0.14375799754291027
0.16785192835322188
0.25309037045141003
0.397692010187213
0.5623994519120565
0.6827071415806866
0.7336372505126765
0.7582372707424636
0.7945444845399239
0.8103742169850258
0.8241035962764464
0.8309675819650326
0.8375155826135072
0.8408781172948102
0.8510710955866669
0.8492747021413091
0.8453520036834082
0.8445486773627742
0.8509164016962036
0.8483397259392707
0.8006293468873672
0.6893899004202062
0.5262344823559892
0.3619253432921696
0.2456549924908669
0.199810791449515
0.17836814253788663
0.15852564259425506
0.14752219951098774
0.14846101614654422
0.15152637972854177
0.1541533433762761
0.15695032391270752
0.1578299877646256
0.15146405099905264
0.1488949033624365
0.15131973596441134
0.15487512772422402
0.15586302537361985
0.15997128931055335
0.1667608580175532
0.16604893005462637
0.14938943443162367
0.14362142407132708
0.1936806165450553
0.2856584012087157
0.4191898263495922
0.5730169485415125
0.6940237540372061
0.7334882232789237
0.7375673715235147
0.7505655423862623
0.7716619892621674
0.7635173258646198
0.77303549200306
0.7945452864628109
0.8034367342313055
0.7921787062242562
0.7964830947061772
0.7947711538968474
0.7598503237044633
0.7126065420072046
0.6392418215302368
0.5495535697416709
0.4291308286699551
0.3081773563599248
0.20990042094975758
0.176586120385956
0.16551596932542956
0.16123973069466283
0.15626240236135946
0.15665612526840011
0.1578854854561103
0.15272265521423545
0.1491386531895859
0.14783415040732228
0.14630866468651235
0.14021456196181584
0.13708316610560745
0.14022625545855738
0.14350357370893113
0.148681103501139
0.1539214361358186
0.1594728773865827
0.16196945740644092
0.16944038524496055
0.2144498947271858
0.28365640689410004
0.443141814913658
0.6342088501987702
0.8151052937280666
0.8826870836938125
0.8973083370793182
0.8764836994643971
0.8649780695676079
0.8556005940420655
0.8581815769165222
0.8632163299746869
0.8590675470545464
0.8570238740093246
0.8633098096517815
0.8630897227455244
0.8543785427059755
0.8547444216781068
0.8416456386719814
0.8106385908248751
0.7001075934535708
0.573843505757242
0.4328434461913695
0.3539288801654144
0.2765609525350415
0.23054662043079727
0.18825869771385054
0.17145356533450581
0.17376930220671993
0.17582654759924926
0.17526078848662893
0.17237594153067376
0.17193597304354527
0.17271736026092624
0.17158274229839082
0.1709645036490864
0.1709721392824815
0.17004165218034178
0.16747037746771554
0.16531314446844503
0.16814596053535166
0.1710196200081942
0.17240880951202467
0.17350488008999357
0.194451262860183
0.21412542670792484
0.2846078800403352
0.4369763643385085
0.6121213797954952
0.7307552103083922
0.7804010605449229
0.8247045138922706
0.8411516673441108
0.8400800048577859
0.8249386958230587
0.8289114332671684
0.8369369233801538
0.8405173663368132
0.8503263482687924
0.8481688022113366
0.8387766590948453
0.8213724027202203
0.8087104813823628
0.7061650493278953
0.5774817920758767
0.4109962129897477
0.30391967195975667
0.21474250268639677
0.18691871034295404
0.16767008291642094
0.16978229430086716
0.17244932843858463
0.1695302692601059
0.16583978669867425
0.16143818593625342
0.15826987682099067
0.1619328078034148
0.16313612867889746
0.16327713337888317
0.16279304764124844
0.16256802607610774
0.16193111617291364
0.16397567109326985
0.16658330301709862
0.1779822012629091
0.19106783464197968
0.20372223770003972
0.23679469934092612
0.3740717606827323
0.5668854047647204
0.6778916892625813
0.7140089230954609
0.7405377628794464
0.7791593133662457
0.7849256599070575
0.7960540042466331
0.7978081681744369
0.7980331041163407
0.7990544138067359
0.8126726711647145
0.8194945200242427
0.82378119857322
0.8155156590279705
0.8192207967121875
0.8186272618577182
0.828616662819941
0.7972116196189178
0.6970412047558981
0.5837689293729189
0.4639668132156459
0.3455308684167605
0.23966943431845739
0.2011023150409807
0.17786923161742704
0.16270688143958695
0.15747284449004326
0.15373093923500158
0.1530111323578654
0.15176714523754542
0.15537303901534733
0.16059153710034152
0.1646738194826342
0.16117920396875401
0.15661564048707377
0.1554812315697381
0.15884720773694394
0.1653455158811019
0.17082869242115578
0.16819145564956767
0.155299070836383
0.17126259846894312
0.24049194887892802
0.3196055619157723
0.45015951990047604
0.6102717997307392
0.7442391390771408
0.7584075207579164
0.7629469104508652
0.7701458433964755
0.7820983344350427
0.7758234666032204
0.7857572999771789
0.7827695515031928
0.7795676135098886
0.7793634585404088
0.7480651165068818
0.7349622770622029
0.7417354129495354
0.7683247793937162
0.673584104251769
0.5130170565118901
0.3365979689035787
0.23747187178012674
0.1764998721872252
0.15086269458734833
0.14365185697863553
0.14389330222748117
0.14373993592569606
0.14248681551953477
0.13787646983059249
0.13311448496312342
0.1296332694107741
0.12792906744466323
0.12785809084423858
0.1322626650856062
0.13533886170426704
0.1356369178076005
0.1382521452492462
0.14205074816041474
0.14435129940878527
0.1453362992090859
0.15411299277863952
0.1485666462789726
0.17730760478074012
0.24276214576319782
0.38731893575766274
0.5417179323048416
0.6502807590537053
0.6808928248252308
0.6823617947854712
0.704984141497596
0.7233823889829087
0.7331147967972049
0.7338917298319683
0.7424333526514182
0.7467937169901488
0.7336089209121099
0.67410586827706
0.6335029840381436
0.6383818024172698
0.6511600006149726
0.526175979365674
0.35314467264567967
0.2220995114075133
0.1755618582029368
0.15542671692257437
0.148501261298213
0.14048945477510794
0.1365952313164484
0.13928917246834283
0.1366490291090542
0.13516899577214614
0.13422932273939853
0.13488314279879943
0.13215464538760688
0.12694515896397418
0.1244751356474744
0.12636084407156742
0.12956271637788766
0.1297143410056959
0.13671626597891806
0.14399256411557176
0.14783620596323652
0.16913703731695484
0.21973161240455813
0.33919282323953287
0.515755390280806
0.6638069528938573
0.7052637943515443
0.6958194280235239
0.7068159370367988
0.6965095178529837
0.6817296871770565
0.6770739253341793
0.7140307924514284
0.73483367367591
0.7382247934337576
0.726310974517515
0.6925466532963638
0.6738772213990739
0.6727014023807079
0.6849982202682028
0.6501189369035192
0.5832657789237282
0.44539949717618443
0.29581314991340363
0.19385579010700715
0.1683474772114384
0.15639363098170958
0.155674730850317
0.15347496709051686
0.14815083837105814
0.1428689821913415
0.13896441375190163
0.1402716775831261
0.14410602448715834
0.14666368157015663
0.14709675023513566
0.15338582751015306
0.15811440419407363
0.15961875616768917
0.16365345119625846
0.16603294968917431
0.17505854309722207
0.18251932100925558
0.2013088670059508
0.237421993309683
0.3284788804266059
0.4856333527972402
0.6442629948632035
0.6926066942573174
0.6811904639031157
0.6889307184582049
0.7245731990106052
0.7402630033035372
0.7677204371875113
0.7949289915064732
0.7921269327279764
0.7341321436662387
0.7031795068737196
0.6910908013999775
0.6973623812274007
0.6732020635198742
0.6272823876178973
0.5452941438464964
0.415151574533927
0.2970452538425671
0.20480180428767247
0.17645850963137
0.15677276431115858
0.14753237114902135
0.14663968788348403
0.14884128715448852
0.14614019267930273
0.14545337130879615
0.1502145092073493
0.1510830604386251
0.15092738248338486
0.15118837370604263
0.15378314556074632
0.16179764445711248
