0.7154882154882106
0.6413966049382673
0.7432725694444396
0.6193693693693649
0.6413966049382678
0.664682539682535
0.715488215488211
0.8043981481481428
0.715488215488211
0.7432725694444382
0.8043981481481428
0.6893382352941134
0.8043981481481428
0.8043981481481428
0.8381226053639809
0.99999999999999
0.6646825396825369
0.7728494623655847
0.7728494623655879
0.8381226053639772
0.7728494623655879
0.8381226053639772
0.8381226053639809
0.9548611111111042
0.8381226053639772
0.04866372053872027
0.9130658436213949
0.9130658436213949
0.8742559523809423
0.99999999999999
1.0
0.9130658436213949
0.8742559523809423
0.0
0.13201678240740625
1.0
0.99999999999999
0.99999999999999
0.10318396226415039
0.9548611111111042
