5.11763256500885
5.171695924476468
2.0341662717850166
-1.1968068382902077
-1.3346345498444547
-0.37921022424668227
-0.7917322655998962
-3.329877832310416
-7.480431535504161
-10.826304043317698
-9.619844167320451
-6.686516495577705
-3.9614862580860306
-3.021353877410939
-1.4060346994206472
-0.5733842699520763
-0.4801867209048342
-0.04178390482139999
0.06651220110894919
0.16079869314501924
-0.09199149890483622
0.11537792244733688
-0.039636914937497277
0.005606413338803407
-0.13321269246303144
0.024481477291501137
-0.08461748148524241
0.2129111879795504
0.2368097003045081
0.23879328181863704
-0.08724159659594558
-0.2115139439997234
-0.2769583542449843
0.2695554680190798
0.5837799262615407
2.082650547226608
3.460184843367215
9.787137041016331
14.080212222454655
12.451794033785692
5.805241850783041
2.6936073326519843
1.298012633591701
-0.09866059412746178
-0.14845910796840564
0.18059183242158447
0.19136312591748025
0.13820084622124634
0.15976836045111303
-0.0021398729201926947
0.05688323397730937
-0.11760691984965141
-0.326369553723206
-0.649784195744132
-0.522708879400054
-0.08555210843757241
0.40816415177561943
0.3786969873363124
-0.11926132934441742
-0.8817790761331055
-0.8655346073137609
-0.6529366868219234
-1.0991549107576444
-3.2574854311434946
-7.587328525137717
-12.391122930168622
-11.777418333833545
-8.147165411815433
-3.964400312400221
-2.2542731847250077
-0.39144514787723433
-0.3105189097924696
0.15084724499434563
0.20614633498291168
0.12478417617211152
-0.1254224696576613
-0.11628130171106824
-0.08160417466670845
-0.03684243320537086
-0.02112995361107546
-0.06664040243311349
-0.079254118199861
-0.15701641149383633
-0.03288335775777691
0.0410061423515705
0.043970281464430376
0.11834467949347019
0.2967216521205481
0.2697081813518985
0.8331461340390741
1.7575026996381855
3.8016134274190168
6.103155808012508
11.073324205714007
12.894690889275013
9.418651815365632
3.9150083825608877
1.989407896108018
0.8755123189720341
-0.26157591143414743
-0.24695825463384313
0.33482699149234413
0.2810881680477357
0.2236850851820801
-0.002345345334382473
-0.0486882120210392
-0.20168287205815166
0.10799173220697161
-0.6905773690825436
-0.3584574196434263
-0.8358419195891028
-0.8808592543435898
-1.3309903669558956
-0.6793765101184612
-0.5126743236844695
-1.091952227068666
-1.6518985048880288
-3.41963466061753
-7.462824789585866
-10.55977497471267
-9.25760458745384
-6.483584421922979
-4.261484949040188
-2.4164775333628135
-0.37290416764914286
-0.059840281022693835
0.12885334958261235
0.309113753335101
-0.03194945289436629
-0.4096494885421612
-0.1664183812437176
0.0875290234557469
0.09693668344048008
-0.18606139129936344
0.10532776502343198
0.03140249364477332
-0.057772574358116655
-0.05740812478703484
0.008547565948008626
0.00988119868637314
-0.07255360650585406
0.0667062150389552
0.30882485839820645
0.15607672544153517
0.12213864029741438
1.3826840049824383
2.749398090103888
4.952641602135829
9.525512537998333
13.438957884574632
11.372918063230111
4.811258464833576
0.8675490043692169
0.38010033630739537
0.8851212819915086
0.37310708726623476
0.40252578652343696
0.21672024571188853
-0.03073780290330241
-0.002913921540606001
0.07423932732001864
0.10379465135560022
-0.006760600535373775
0.047465043558503506
-0.25974356738220555
0.2075745529221836
0.2935374035471316
0.12049086959602107
-0.7612795811780275
-1.0529690138765406
-0.9355505276172471
-0.9337527843913496
-1.9301352049194411
-5.468248174512464
-9.898212626960097
-13.070413473260587
-11.933592891716458
-7.233682125843544
-2.0451395312994487
0.3511585577988577
0.0751157377598413
-0.02989178985252802
-0.17929360190967847
-0.2501871957728186
-0.32335057619961255
-0.023287023832181758
0.05735226731772603
0.17464989150599275
0.06295330913504268
0.11475271398464144
0.18163029284433777
0.17397741410960182
0.11302582676297702
-0.011126496359278632
-0.00139675569210102
-0.12532546784489287
0.034152911435565404
0.09233711413496251
0.2642772025785274
0.6764817511730167
1.96646902677978
3.6933856801884772
7.586271397871212
12.46632688357957
13.397411353104436
8.872742388495828
3.8341088554560403
1.9552833532821758
0.8214153659742347
0.5415662494932968
0.08372759398856984
0.33460795087418066
-0.08489533468847758
0.1345676048672
-0.060081110550289855
0.02763631050181968
-0.19088564071459824
-0.11923022851546604
-0.09487135314744577
-0.9218186277666228
-1.3115033734951718
-0.9054535839832499
-0.16408551763740067
-0.9598245321139899
-1.4620462624491555
-1.9834563282486166
-2.822569674134038
-5.1605451548356855
-9.285856068747993
-11.297614168085223
-9.94934879647818
-5.709769834445697
-2.705252333753269
-0.2936335585170396
0.2673467665303135
0.4356008240378139
-0.04224100356870557
-0.11688269649315533
-0.4515144614713714
-0.3597192100860415
-0.39002105205568877
-0.19774206176422893
-0.11462163202021187
0.07979059970914651
0.08496688462877866
-0.0335896092905971
-0.08795387459625902
0.34566110442288495
0.4865363290626163
0.4986485034230954
1.3991323492965728
2.9122504014857276
4.861555067091486
9.262281406197665
12.173142326051435
11.413315075645937
6.075934596071225
2.757094198432074
0.7445228736133673
0.6365349701609824
0.1673830007990246
-0.03516696616350948
-0.3249461231057194
-0.281246225040067
0.0004495562484541098
0.44146136913359046
0.14279348796636443
0.02883420608582609
-0.5127149634381452
-0.37558464104622846
-0.8909003570858786
-0.7770187366234166
-1.2275561013607095
-1.4120749559585961
-3.900990000004059
-7.454890049017499
-10.460222027165132
-9.478620684505588
-7.367140600658077
-4.564010493132274
-2.6050810402429385
-0.6341383660246103
-0.053119344047170745
-0.14542675377108152
-0.28433693611605654
-0.3120699747078881
-0.042682691646498
-0.03602602926064803
0.1820263460726824
0.12763161073558116
0.026641754464521255
0.021102792923503925
-0.024915238835953958
0.025510423081284518
0.13583326129439957
0.16420245529903624
-0.002277649538747492
-0.20409371198148385
0.7454009444335162
2.993882368396581
4.874831917544332
8.183994503697688
11.12811919875717
10.606519214089671
6.538567236412117
3.698295031474257
2.0659633062213008
0.6379874402792285
0.31148180613046583
0.4923699652419029
0.21506828525848476
-0.13241934548361692
-0.092501247832251
0.11229477530446048
-0.09240162151690023
-0.2863831978516461
-1.047198114356375
-1.3626187649273374
-1.237866756876087
-0.10274427501564745
-0.026478224837121016
-0.43285193700355395
-1.1175331601943213
-1.3067729926169094
-1.6108643483821297
-2.1619851411571265
-2.787605380640673
-3.934816354754696
-5.226263146672428
-6.424643776223944
-5.500752314473891
-4.576062192552007
-4.7273704831506
-4.300809491807733
-2.751400525525679
-1.1679753119370582
-0.9313061149154378
-0.3452043797129826
-0.10831335906769751
0.03351896373344749
-0.1989244886954654
-0.29649142574195353
-0.06655606856163852
0.37036804353418545
0.09948818228625929
-0.1322151744868901
-0.30203233124160755
0.021248815645621914
0.05394284725808307
0.06444915871709986
0.04357040199361771
0.010973083557665334
-0.2687129589468716
-0.04605749776573245
0.13196064181040557
0.6245261666667492
0.3266695406028986
1.7497024204735763
4.771741108593528
12.28277175194465
14.643185930250024
11.668690556695807
4.816671664637941
2.710740515882085
0.8643665390554287
0.3932086847088248
-0.4385333403921003
0.11254890505762823
0.024831462072616526
-0.02507521594212534
-0.5432153271104975
-1.171039505134692
-1.4081465966644042
-1.0476035305620217
-0.04427176881155697
0.18347461487452874
-0.15037361251694134
-0.7650643621267932
-1.305040966656841
-1.6993107504298937
-2.1964292456438352
-2.577067898355339
-3.128935038030889
-4.55541699577138
-5.071581354472481
-5.744590504894036
-4.966244277387318
-4.760573132796441
-3.682301601270109
-3.825703635843801
-2.5590806890625237
-1.1965645439422783
-0.12308430614326088
-0.16662171359517228
-0.06012110661581937
0.09780459315938107
0.13897425440439568
-0.022287354565901443
0.045091084188451806
-0.013984916700366718
0.10506397019660117
-0.04959562919485339
0.07715140814991694
-0.08527458222927306
0.10200755314824597
-0.004891223640910176
0.0651910520061635
-0.13522116065324072
-0.07135861960691711
-0.03349210735821379
0.062344044194540205
-0.2440954156451692
0.6105868323248278
2.219975432023021
4.569380156550419
5.171780053377423
6.461339657927761
8.418333311178527
8.921911783765578
6.0326896492027755
2.6393416381527994
1.6994481565482638
1.291979321487027
0.9924691622150652
0.34284141858021433
0.37824079645178443
0.09132301468746985
0.08201480137115998
-0.10603130678596566
-0.22358995119465233
-0.43314148896522453
-0.9221877550583424
-0.9409063871210377
-1.0283426101383766
-1.807562585559965
-3.010534371617821
-3.116580482701121
-3.070716761210557
-4.223519657711091
-6.959874871164991
-6.971300282579119
-7.151848593013737
-5.6380898252695575
-4.020343874262344
-0.7971858029133275
-0.24125631159180513
-0.29902268974800855
0.05847456225800844
0.20188835881591444
0.07077336376368035
-0.12370081629596397
-0.1082450355470514
-0.12635745737064236
-0.12951259313369287
0.03489801607958516
0.04939722231571065
0.030508538972684057
0.006102818800066711
0.018475156874179843
-0.05469081614883761
-0.023992222458449983
0.09047746034084374
0.12463029524229802
0.384607987079445
0.5503027161710298
1.015334575861903
2.4754160816984547
4.85686340094113
6.812027524033101
9.131528592115675
9.114962234815131
6.3573806470685215
3.654952457836664
2.6189307366544483
1.802024739213519
0.5049549095124823
0.10295620222066573
0.09034124191103864
0.010133349893906055
0.2822403060719762
-0.32658683033069147
0.06292412407775136
-0.10695218086877287
-0.04207813547554297
-1.0267744893597037
-1.8606379250359713
-2.639579519544432
-2.460286589827629
-2.156670280797364
-2.0996959145747174
-2.6568665166800542
-3.2129888622473057
-4.055884862482563
-4.971113545189472
-6.308343596171242
-6.506306136702566
-4.876849436302823
-2.4596692819077988
-1.1783530644570104
-0.4579622355207918
0.021615668899661634
0.1452334225843104
-0.10757283172537344
-0.17263346033124055
-0.20990651040739727
-0.03299476844561354
0.056455683284185564
0.015595690831371243
-0.09481729410392992
0.12185574064222858
0.09500928191720893
0.14239808546224406
0.11027305138144278
0.19154226631818808
0.2275310359151907
0.2918546464644671
0.1254619535909717
0.030803370640620352
0.19649341142680665
1.69635635254314
3.703087270665372
5.926340206465764
7.99653161262674
10.27677143392026
8.451127929421776
5.1833310960622105
2.7351916007675543
2.42095469390764
1.4071519260657628
-0.45085806317100585
-0.6494035326317859
-0.17802605793679885
1.0648018141111895
0.5166525378093129
0.35219817824259336
-0.42538002979321177
-0.7812494096366984
-0.9185970881601457
-0.8146958525220865
-0.7716691553449777
-0.8061520072781617
-0.9005110181931372
-1.0209504603071509
-1.6890835826689092
-2.8290091070808185
-4.4965594841895316
-5.590548696408584
-7.145704126689931
-6.052603294083324
-5.003320241234087
-4.404691045163054
-4.4642803751568705
-2.29948295627692
-0.5819271778843068
-0.18278845914420422
-0.10025994394862085
0.12901391879416993
0.10861785268885794
0.1610764030868789
-0.15697142211217294
-0.38073426712617203
-0.2897525256668594
0.1977052577239251
0.13999491473790945
0.2291043230783568
0.2021178554519069
0.40137902494227773
-0.14272368582753886
-0.07153349783902785
-0.35054405454768045
-0.3503646606112753
-0.5002582342866359
0.34671520425555075
2.379455363387931
4.2660756737968795
5.190113376089695
6.134078448640969
9.013377567147712
10.23016826225108
7.766580682548896
2.876610118550248
1.0797230405001397
0.8595179090841332
0.3483576325738795
0.13585958028889947
0.47332922028977126
0.8447943964030571
-0.6553962530378206
-0.0925502031728474
0.21334791285502078
0.42245987778937516
-1.284036496857761
-0.5293428039254747
-0.5606144457947279
-0.8151607933606825
-1.5333345113875814
-0.6424682011055629
-0.414441197446235
-0.8471455300572228
-1.5180917905003777
-2.9283117042912887
-5.017882225421047
-7.609096232300196
-7.1474300928393895
-5.445206943302501
-5.168391869596162
-5.052014852275653
-3.106078619763858
-1.0083769893929058
-0.5631521266646111
-0.21613145611844917
-0.042539168126139
0.13514613773746484
0.10693135115019649
-0.10925359432092757
0.03171758247137099
0.04306063603168383
-0.10903737393547562
-0.18457301930034584
0.12472020450853509
0.15746994185501428
-0.007204304927631154
0.007912308421525899
0.12000359409289857
0.16972588376182973
0.04528182485472162
0.10539089111684721
-0.01234073521575605
0.8501387310261118
3.3970457948578625
6.422853253319868
7.975434580013399
10.551108956643406
11.055076209038857
7.337111102757842
2.6446966377207732
0.9074982462973585
0.5218567581523466
0.13518983903407214
0.7539739716665708
0.6115734861136249
0.2978022697654
0.22080255366958934
0.13743450222629666
-0.27609245223485696
-0.7264237837348455
-1.2359454821359457
-1.4051333529862586
-1.2867981128670296
-0.674049079428079
-0.49212212270846706
-0.2510198386694938
-0.671340544512422
-0.8611862938149685
-1.727063814953132
-2.2937453492829847
-3.669339077000617
-6.151237392017549
-8.352420585825927
-7.910488928997769
-6.640978173482377
-5.1038682221584795
-3.299262362656932
-0.987835888002014
-0.41126116821532727
-0.2736670198744712
-0.21386819210122804
0.044779588876794056
0.15815061039405037
0.4427751059265235
0.1668119754229539
-0.18207146469134056
-0.44014030531711107
-0.1957973957171538
-0.10612167866193428
-0.13471042634842628
-0.08905113320925419
0.019080135087666237
0.15810621944044137
0.11450685303018222
-0.03338633478305265
-0.05452150224516899
-0.03098859371833003
0.37933450401215585
0.531622905488519
1.164376522939011
2.4720625708097015
5.22945157826008
7.524038649227018
11.106092123612855
10.661186375618577
6.7519112924444915
2.348254575536593
2.042128732418698
1.4358283857069871
0.03203390157440929
-0.7330703137163236
-0.2334798941947786
0.7738571383961252
0.7792683220062026
-0.46276858561172995
-1.1552515636779972
-0.7028099590328063
-0.6242675325493141
-1.1170182222209668
-1.5113182218862347
-1.7488840850396299
-2.039885124550245
-2.939146080459199
-4.436243646983225
-5.6223420512553
-6.745431638967119
-5.241384282227197
-4.775746977378301
-4.39487917517276
-4.817443054489238
-2.22786170433743
-0.7416877557302404
-0.08168718845386096
-0.1327643856926592
-0.04547999376146509
-0.27881442251969923
-0.24986098238641513
-0.21811085061655852
0.09946656435745586
-0.021126550262480007
0.08585209960478113
0.03531896636873857
0.14399031947576343
0.027742585074684308
0.07347988472091617
0.09416048184718533
-0.039209983835935554
-0.2148825906824882
0.010701738690685214
0.3698669658859379
0.3148524840199717
0.8016237294464623
2.731349753710603
5.733255955645505
7.133759665459391
8.98478507497137
9.216838689467213
7.784676510360742
4.085581985574126
2.240718689118751
0.7187048611292222
0.019473168720071096
-0.42996806005456273
-0.21246583748439293
0.1775097887236322
0.0371289981796256
-0.2704306208025818
-0.356387968366676
-0.06123256944479254
-0.31455959891691465
-0.6785189858886483
-0.4424218531644899
-0.5194299360368377
-0.8220308224974295
-1.542667326693522
-1.330162836579754
-1.5113799128424648
-2.586642640260126
-4.186739336849892
-6.407108919214632
-7.478379389266073
-7.2831700256100795
-5.996873312101958
-4.409146306150573
-2.1810090338453763
-0.3923281730674392
-0.16809009241034426
-0.19176982858515693
-0.2982340194188539
-0.220073727482365
-0.09679856162966367
0.09615123995535926
-0.18285007065369097
-0.11939304733409806
-0.013762083870139613
0.10566236837872613
-0.13058733933993003
0.16197366221544496
0.24325684971425532
0.03160725059538886
-0.20671693574656044
0.015730358930607417
0.4614476096105237
0.8798695676473731
2.348492658728658
4.3694386837076555
5.229741887310934
5.429941421800144
6.1308814672544605
7.540284233967827
6.0086703094973135
3.538984591521498
1.3426871388349035
1.0209174109401078
0.5708871403291065
0.39860495997657885
0.4319532704835212
1.052945483182517
1.0230165138505034
0.6571226746694743
-0.3076331811606938
-0.2732475987803107
-0.08943676569195257
0.36629637540345383
0.16891124227496795
0.16795561057233285
-0.06699517781349965
-0.28846256897784206
-0.43414964575459153
-1.1867171514114991
-3.3422904139679157
-6.329240533272108
-9.73484040733238
-8.894404470857697
-6.383907681510853
-4.536390544492039
-4.178656321435157
-1.8965520866335113
-0.3719897265804263
-0.37604791939146814
-0.23052894912469138
0.07096018227185989
0.08722653891338426
0.01771566270678527
0.11349004180335788
0.10208881956442786
-0.15553279844682774
-0.2270265501986067
-0.005347433914291722
0.15446461909034054
0.04373847910121052
0.028895105899487936
0.1643380082081532
0.16399009212641052
-0.048022990315537924
0.09881213449311985
0.32926381842102237
0.4126561639670334
1.4229373090084037
3.9214502466710743
5.183641675827097
6.96117431978866
9.402984369467077
10.405881195840765
7.343876840096519
3.4666650414998554
1.711037934855439
0.8908118193237692
-0.21613493739376413
-1.0093751474288144
-0.3640007745788495
0.16856592974658982
-0.0547163316909422
-0.29535449014993176
0.04996747837611144
-0.5914087067695032
-0.37489937177288235
-0.970112099053568
-0.43129707672571704
0.030038480781399743
0.3033479449056191
-0.945947486601693
-2.3023548347679266
-3.154269549108869
-5.181148471546002
-8.07592930713823
-8.554443065854569
-6.83795775349302
-5.379775632594911
-4.731502723023265
-2.6137466672400285
-0.3427658448109235
0.22789855779748977
-0.08121880522681159
-0.44900793277026924
-0.02314360354419477
0.13332306856564094
0.10637273052179262
-0.10832198389161263
0.08672345961349019
0.13628348358316184
0.06771402133686512
0.06636112882406067
0.07604394256313084
0.17869876820696434
0.012534136369621187
-0.004933207615472644
-0.16447154408946166
-0.0008724429491829399
0.1420017870608742
0.16009646346882297
0.010487268810396896
0.10381392662308764
1.82097275696284
3.84498059246987
4.886156046835535
5.079138414631825
8.882963901843036
10.386130112087104
7.784224640792282
2.7774114787633146
1.6853819743565883
1.7240455143541735
1.8032393912830216
0.6680525958228614
-0.47653604914073294
-0.9818978682238048
-1.3627814884448586
-1.3211020729785181
-0.6626147918166069
0.030436286485307648
0.11470448298472866
-0.1201178512937713
-0.050540216442430216
-0.13636025482363745
-0.37915682325498845
-0.9466733711206983
-1.945568650087694
-3.5199634951888363
-6.406970355421946
-8.132810368035587
-7.366813409162579
-6.131844751131228
-5.731074928102572
-4.141214465784644
-1.3523052051146067
-0.13809428912507202
-0.3415593531861871
-0.19783807084780738
-0.057609345836638536
0.17746344379701331
0.06182283917718743
0.0347278032141263
-0.053215338297196844
-0.04186139472111843
0.020461734850617624
0.1232928659648095
0.050241303356212685
0.010380090207743647
-0.00796757152935663
0.16451127130545765
-0.09056260338840676
-0.05200355106184292
-0.24384792440615502
0.1337669279948861
0.4366852642729936
0.3777166924518908
0.32868614515851474
1.3428093040163345
2.6611895848130733
3.2191731852755785
4.20747351633285
5.7711648885301
7.8516696527644685
7.857390646247855
6.001465097922376
2.8015057174108255
1.4161015974121678
0.8223689770058031
1.0394447215755833
0.6351156533571972
0.3710523032084445
-0.2209964513955108
-0.1398696348053065
-0.2543410162747317
0.23618676492435997
0.2555369753033543
-0.30169205919085834
-1.5161006806376127
-3.3536246681433712
-6.2715402964443765
-8.518386350935536
-9.140047817290553
-8.543559162469895
-6.139167991622043
-2.78185613658906
-0.4071465650121418
-0.2306634356616419
-0.09411380669724113
-0.25085585530231697
-0.2946947014614544
-0.4788265497278797
-0.08673815016411034
0.06152093028207589
-0.10667952554542029
-0.2810114320447842
-0.3353638447716157
-0.16043876975485938
-0.11033762790666392
0.07866310287601766
0.021745854974372772
0.09124473905471323
0.17804876653366877
0.12146772096214173
0.04132032806641413
-0.10191744224712386
0.08025126168139379
0.17902134143546597
0.2945594839639247
0.08530034466884938
0.23967401970653532
0.2382467136020377
0.397408348737497
0.7554491764805914
1.712272787719904
3.782167818345645
6.520972773372144
8.664471850252836
9.052400659100664
7.5007778552884075
5.334952279552768
3.2156194119639627
3.01475277050018
1.9252261750095852
0.5691632328477935
0.21385937731515198
-0.7671450930143223
-0.49392813906309263
-0.8823738191015182
0.24562598782447662
-0.508715400293378
-0.32543210870410083
-0.8814571341643606
-0.8732259021298491
-0.5001685726847644
-0.42965419641137315
-0.8304669205722649
-0.8714778853363032
-0.985640109737303
-0.6784035825531359
-0.8155817707743649
-0.7085831806263524
-0.9407436380728631
-0.9417356082479038
-0.8771171200288884
-0.8649242590350606
-1.199792964314134
-2.2363436549995743
-4.5016390984755015
-7.064054835346361
-7.771695053310079
-6.720028659792617
-4.608749240249397
-2.402826248777567
-0.8156317037937935
-0.5416408680550552
-0.3969233149839691
-0.1441829226686829
-0.025340548052205293
-0.03018473638332164
0.05869621951988591
0.07224010417556626
-0.1222187548073642
-0.21677915089548094
-0.15538523013917083
0.06902608675979365
0.28273078985829475
0.22503512763693975
0.034576712786002516
-0.1692299965116483
-0.05108681238343168
-0.10124325701435975
-0.0544069454787444
-0.19805658163115927
-0.005266682089216401
0.09942251980129362
0.6501942208658928
0.352172499802972
1.5804172990925043
3.1127644408309867
6.990461050063889
10.46132638438848
11.414178982897475
8.477997931990565
4.6834685551583775
1.8222695241862057
0.6842658616776498
1.1445990344476316
1.6118517315312741
-0.7962033147289236
-1.4528890706920232
-1.038502235828357
0.1283594543896193
-0.6274308267758945
-0.5912939747146265
-0.4115710967491693
-0.7315208175871091
-0.9415313766372415
-1.4557434099130846
-1.6279880886302553
-2.435178290354457
-3.158378275315849
-5.371512167972407
-7.086203168966028
-6.732446142479447
-5.537327483433263
-4.936660037195202
-4.104506570817935
-2.185734886762859
-0.8685918306938395
-0.38821803649561354
-0.27521044195275457
-0.17458537047109474
-0.23240062931181044
-0.1955876439551562
-0.11753926578797481
0.1362029719116342
0.011130095447231892
-0.05310170519821164
-0.08970517991382858
-0.024579365223958993
0.09573176132936778
0.047949330502684295
0.061027780395908754
0.053560811285811576
0.14711045127057512
0.04562695985367635
0.1887472375503351
0.43853001235870487
0.4166768492543339
1.9215549590623078
4.051772993291324
5.5624565060014435
6.661400115082353
9.660403446853723
9.576349050867552
6.50491579368015
2.8037764918095167
1.8907076870393222
1.0148885297653498
0.4142194868222151
0.312367440075656
0.4654724541251108
0.50772631250801
-0.20763603540465556
-0.33673721958789177
-0.45798545143305774
-0.6034572012007599
-1.8668859067904222
-3.582780780713945
-7.035213031508598
-9.701807778109044
-10.394050968206587
-8.306121085940484
-5.682123393361666
-2.7826337269777506
-0.8442885023444984
-0.21675298548045796
-0.22834627201185698
-0.14278240823138544
-0.009391196788683921
-0.04573599610160333
-0.28393660098959
-0.34885992248042913
-0.16650695647417033
0.1654693610833982
0.1310286182218245
0.17552220205220823
-0.12692009713813623
-0.005818128812566156
0.0731703928876723
0.15489607087290602
-0.0340487604612219
0.16961103279695597
-0.03506687640113339
0.056740731306704935
0.1839221832836687
0.5282660215174961
0.19958838753143487
0.8487996459684485
1.8847051233582859
3.9788712528958983
7.359865922434993
10.697205772519327
10.732296932905198
8.437024963258823
4.831461093410551
1.8971157013595987
0.42293596729059596
0.7367860273165386
0.5196127105641575
-0.14333831122089008
-0.26129351718690175
-0.33210430441760114
-0.02212629817871418
-0.7762886671514809
-1.12171315845551
-1.503384335132672
-0.48816345995126187
-1.597307676378996
-3.488035303014119
-7.185002243351022
-10.269422783534194
-12.062156917023731
-9.341913911688122
-4.490559645218556
-0.8409415143654948
0.2610136800215516
0.2510232078583415
-0.16335394711725917
-0.7712149964428411
-0.7722276176746827
-0.5022891749568141
-0.20933776016979305
-0.2641997698828981
-0.15539657510351837
-0.06931947493261549
-0.028733246381316937
-0.09938739242227847
-0.06932042748379967
0.03802730031319973
0.023405579942080226
-0.043131712099045934
0.012173372151897647
0.16405984136612423
0.2604162382666855
0.02028398578817804
0.11886335497506396
-0.030134944003670554
0.0744821616293246
-0.11988207814916373
-0.10531210583584269
-0.1215597497441184
0.18387628374419157
-0.06759695787915491
-0.10366266498432052
0.049106442502957495
0.1861017439204284
0.2951834900869676
1.0795391268617467
2.9885482895321087
5.2873237588295225
10.141965221492644
11.106810497347105
8.97462372199656
5.680789231499078
4.900926925808215
2.1893784930830384
0.6864232029934593
0.48896187892132253
0.22766487060977575
-0.7050616000701005
-0.25273377897531474
0.023957467699225608
-0.5090002761936742
-2.0312376517639397
-4.096493206569907
-6.472509226925774
-11.291050380693935
-13.881124873914759
-10.871249127926536
-4.145429523806731
-1.4883994215966732
1.9220798858473251
0.26462186638717605
-0.035033676029316195
0.0035289035244819643
1.0131684028868568
-0.43652813886612035
-1.2015720277007493
0.10054936009646939
-1.1066060116149925
-0.012574358155177564
1.0639351473275986
-0.038964719947295744
1.548918174914242
-0.609254381437206
2.029373696084049
-1.6585052608774993
1.4261066625804328
-1.8212675728596344
-0.334505812057679
-1.1545382035723313
3.2947134868511303
4.273464080140812
5.99880792505463
9.018151513547258
9.754903378063057
7.218915933398342
4.241061573590566
3.5268101870631434
2.237989250823048
1.0366468276939178
0.3658945052543147
0.1386179474367771
0.3212848385844285
0.1718302083885801
0.16458076313225647
0.03181481467710192
0.09258355596124172
-0.023761469316426993
-0.0980780337412768
-0.1442241553940079
-0.0790799381653296
-0.16789170334496073
-0.438380858100274
-0.7458462290713108
-1.0258671268988502
-0.9726870964445686
-1.4381644594016803
-2.191385343092571
-5.189971637874469
-9.301758836819898
-12.318153467207711
-10.581865350360111
-5.351543108108936
-1.451522556464026
-0.35360524993753484
-0.7603556035257887
-0.18965506346846883
-0.030108224937923967
0.10918470456761833
-0.23310947842240842
-0.03667589134344482
0.15028255284932027
0.13480340982393402
0.08742509404564486
0.061363200575830244
0.025038890148619375
-0.20253141311160425
-0.12263343171356315
-0.1912869020466537
-0.08092519772301952
0.10070902432900561
0.3300903511430862
0.5405835606267622
1.312855143379931
2.5183712822061373
4.758067289044326
6.726675966412336
9.891812645673763
9.170963411212634
6.796135292670564
3.5551943794545644
2.976302182836568
1.899220523856028
1.7263106516653264
1.6641227694351741
1.175907660874045
0.3992999875180053
0.37376187825054824
0.14867741624451267
-0.155511702166311
-0.3984443559957178
0.3974424312030079
0.5040601094584571
-0.8506274171043655
-2.770117725356056
-3.2916843427419167
-2.991978325427357
-3.6715822915082286
-4.9923998587124885
-6.996346117398723
-6.510219149760864
-5.8695262793038365
-5.698857738948197
-5.029524589385416
-2.5233751764570895
-0.4886790294675522
-0.03300820244321251
0.43667227423662786
-0.04688958724367048
-0.6384710862963696
-0.33521821225915854
-0.2017871599484842
-0.10499305574035792
-0.16076113995324545
-0.19106596684404922
-0.2964365310219514
-0.22884677171151735
0.09438179441643528
0.11524686355637737
0.11025471993416139
-0.003124609841601328
0.10459717325231019
0.10000767674690991
0.2109336209038403
0.4465978584997847
0.6851104003890655
0.43745447762235756
1.5091701202618513
3.4821655455882654
4.580841142415826
4.898780620541974
8.017793814404671
9.74180686927226
7.7265495796218175
3.681723904261918
2.0133969560485245
1.375456710872887
1.0322904142450104
0.6926893847102139
0.319340815934344
0.07086498325824755
0.2704408987519867
0.7026547835901775
-0.5306679091757052
-0.3453677987470864
-0.7523370676278557
-0.18733881995205826
-1.2681401283752358
-0.376290642403877
-0.7798013109356038
-0.9373577280522638
-1.6406495699614088
-2.490386346023647
-4.772331369513501
-8.108862607482104
-8.544033142027198
-7.50646632358408
-5.938380766504661
-4.577373110145453
-1.6609164022446563
-0.042502926681214276
0.4761908837686087
0.1181986315393902
-0.30094369419761335
-0.44886684617303496
-0.17988674856514114
-0.07912836190847801
0.07926634962494968
0.07602849021044426
0.053249672901936024
0.18925133857056559
0.18091690898134813
0.071085513526621
-0.014450278596283273
-0.002304776253127722
-0.009220235412931956
0.2747458803407741
1.0500696073578117
3.2209028511678324
4.878150731841641
5.675289872736287
8.60165887530779
10.756428808813567
9.014364441186135
4.1582345519721295
1.6698195709439787
0.8789241015277593
0.5270414616083119
0.2367364873399548
-0.5149749129697495
-0.47496726023873925
-0.40009098881493455
-0.32263307719419043
-0.36879403886363576
-0.30009722148659196
-0.0444197243627967
-0.10855077950665394
-0.19125376311319253
-0.4071004182138292
-0.8904525138936354
-1.442944044117561
-2.235086102379667
-2.796119449976248
-5.5078535488042695
-8.841641519366911
-8.561665464580594
-5.770877880602931
-4.32795709855411
-4.172798579539803
-2.30250995652308
-0.5925472413460667
0.09418107825426512
0.3829082539372759
-0.07632122755405164
-0.3074173258866292
-0.3364417244775277
-0.04332977395881062
-0.2320319843784567
-0.019864238149641406
0.12100143182358909
0.21574855941202042
0.017128345025806267
0.07201331729421688
-0.131215704293243
-0.05635280558418514
-0.1453463659581355
-0.059596855341342965
0.09755591143707248
0.583165724473425
0.8652896382416928
0.28859747642760847
0.8321049271840637
3.0455225965093713
4.970709780288838
8.315797483783419
11.951608670929614
12.949383159906146
7.531668980854118
2.4381600207998875
-0.030876400014325324
0.007086536556446935
-0.09691472499058035
-0.0706102117817138
-0.111356727280982
0.1670488317893099
0.48116474556827243
0.3302905054013038
0.04290243562375306
-0.19821088905047207
-0.4697082032833853
-0.8933950779973762
-0.6284282907818597
-0.8346745817095943
-0.4616517137544396
-0.5365483960602208
-0.1965851025609112
-0.4605652435331033
-0.12164370832261875
-0.23744841088319218
-0.41427415123583744
-0.5240443926134122
-1.1066802512426228
-2.2994827677215763
-4.166343451649485
-6.662346924237627
-8.569611467731011
-8.120289574893807
-6.635453307281154
-4.608139093766434
-2.9654524102263817
-1.4407958379802945
-1.0127406502821092
-0.42856117254343623
-0.08045323500926502
-0.2804745130588108
-0.31883856599951005
-0.2872608982658886
0.00666921523372981
0.013024511673628466
0.10964547127895609
0.013869089370078757
0.1040105716016527
0.044639580650377195
0.10003546180855712
-0.07786651914036878
-0.2467670355597322
-0.17780777985857613
0.1931061297098001
0.527562066494137
0.38478247931872983
0.6824002919539817
2.742218749314691
4.798232443948721
6.742347729675929
10.162093313344547
12.435525025606188
9.166230012347599
3.8560920237208647
0.8847927070758781
0.338775870945686
0.32856829044859515
0.5901801274561468
0.12634269751050917
-0.39869469408554226
-0.29189033998270436
-0.19701985848976006
-0.06295066072894787
-0.19881304124429253
0.11762987096020308
0.07195077021176152
-0.15632450172640144
-0.3100482327790209
0.08125808841368283
0.1916963501142932
0.3011309639836617
0.18880302494414378
-0.15935018476036686
-0.7510756381337363
-0.39641686103742113
-1.0103554864299455
-1.7123791918732376
-2.165252673214809
-3.029439888857232
-4.822452005746428
-8.890089777939778
-8.918488306734336
-7.055844985511069
-4.017602996583857
-3.9948725285159847
-2.8690767037088496
-1.5979643524977332
-0.9214085234432465
-0.5774521515966888
-0.35464954753313227
-0.1501713022772635
0.06797695005555707
-0.12535930556390343
-0.10495599022376442
-0.11408543907916467
0.05602190333939645
0.0002955261144074907
-0.01660600460257161
0.012644841021873961
0.04500821621050412
-0.028165225305938835
-0.12575683924351816
-0.08163661753516627
0.01407668401347425
0.2870073790176641
0.4120230912383811
0.5775989287322705
1.6641204696315468
3.9002854898056047
5.118758544775219
6.428758341765485
10.02500958860355
11.874416967532667
8.24274360261623
2.893751610682494
1.059742749673709
0.22258153974278927
0.048234081449930695
0.4826735391041178
0.5894343353072686
-0.10066863790451203
-0.2755236851356293
0.04790501728279267
-0.059867777893626364
-0.007634100368332664
-0.10168002262255858
-0.29253435273494444
0.03690739570050271
0.030352973189581915
-0.27517434854228334
-0.7568759016519953
-0.3583177048229706
0.01021526292983861
-0.16406839330334533
-1.8594544601420329
-2.946657889138223
-3.1266941801348076
-2.8055306075541115
-3.648337959751576
-6.591688061699851
-7.428633290101499
-5.534522573782631
-3.3308384769194417
-4.090425298035093
-4.269256724648449
-2.631183257536811
-1.4190316920463715
-0.39884326772604933
0.05532172637096886
0.6471735678214892
0.09150549845137683
-0.13232596543935118
-0.1883726464297571
-0.20645660295981008
-0.025293288960499864
-0.12143241108577718
0.057012518578111925
-0.355137528117875
-0.19574624102925822
-0.2569645381275804
-0.026554716996495652
-0.058818728313152505
0.010813234601543795
-0.20709655139822464
-0.059078009139371696
0.0267622012966516
0.2119174989772617
-0.06540995116240828
-0.2299814496925501
-0.1346276253367525
-0.1677211373325259
0.23645995598033553
0.13916166558318718
0.23805681046641597
0.014206450942344517
-0.050541190659294064
-0.2305087794953143
-0.10750595980866375
0.11662245332572482
0.1682711732499935
0.406525869279755
0.7342814375831542
0.8197471204748854
1.4068383216414322
2.995839272341659
5.873992289196953
8.71109733443907
11.095637940374315
9.399005146086909
5.369249081727839
2.466832603669285
2.029169611104653
1.4746287004960439
0.7941299253342357
0.7692216012379187
0.3906558555409556
-0.022611943745817004
-0.1347037776381198
-0.9697984902300579
-1.4795250089607468
-1.1335579092661434
0.046268729566943244
-0.08383173297240397
-0.5426976944696358
-0.47599533379396486
0.5763823918552496
-0.7541754315914002
-2.0495984642481653
-1.9320778371959857
-0.7179395195614444
-0.8370056003988467
-0.6220850574358621
-0.9869973585981434
-2.485033902769033
-4.452769500571678
-7.657507688027875
-8.724625015008977
-7.110888687850986
-4.500174291282603
-3.772810645397639
-2.0491905106618744
-0.46646129576066997
-0.05503674916817386
0.0488802353391346
0.3039432568153969
-0.14294895127653648
-0.46622088198873185
-0.33118629391042703
-0.27392261155452013
-0.40842056873762234
-0.15023617342585932
0.02381717342405939
-0.03442552324859628
-0.010658115590647438
0.09475788173916357
-0.07706441330640629
0.13686379678157057
0.06722642117587556
0.03765023806287007
-0.07143373410021876
0.15351894825521167
-0.17700337624151166
0.6963825733761008
3.3487360207012045
6.5408594374545865
8.176697133172656
9.686599273192597
8.705053677548456
6.241784879944391
2.5209236836933204
1.4341288043202332
0.6913165093597977
0.6027492393777057
0.20312777234005752
-0.02480803421277241
-0.10360556804119325
-0.2990404717696825
-0.07193094344563465
-0.07215205911809985
0.02963727100528448
-0.08104214459336688
-0.23527473704365592
-0.5111553529482451
-0.4881709408398305
-0.5561267673918154
-0.44925341542669917
-0.3298939179286352
-0.18578774580408447
-0.7502196193142945
-1.2937346785142758
-2.3080042067333117
-3.4231178236359283
-5.6521193982549285
-7.2337322205615076
-7.083942771578747
-5.343556313888074
-4.8815865368649805
-4.107977035365121
-2.313251768988473
-0.28479442162417645
0.1477970694302431
0.2957611194428957
0.025259897589631146
-0.14160068733705206
-0.17988342652504563
0.16859325668271294
-0.12620401158497604
-0.006733891893261173
-0.015891054601168478
0.22207881803627164
-0.1960532209137854
-0.0473198424637116
0.30759560135925346
0.05246971670785909
-0.4084925895335889
-0.4719433681597642
