0.6666666666666771
0.40000000000000624
0.05714285714285712
0.3225806451612929
0.11764705882353128
0.4827586206896619
0.40000000000000785
0.7692307692307799
0.11764705882353128
0.666666666666676
0.5714285714285795
0.25000000000000366
0.4000000000000057
0.4000000000000057
0.25000000000000366
0.7692307692307799
0.32258064516129104
0.48275862068966674
0.11764705882353128
0.48275862068965764
0.32258064516129903
0.25000000000000366
0.48275862068965764
0.5714285714285795
0.7692307692307799
0.0
0.8800000000000181
0.05714285714285499
0.25000000000000366
0.4000000000000057
0.32258064516129104
0.571428571428589
0.11764705882353128
0.8800000000000058
0.2500000000000111
0.05714285714284859
0.571428571428589
0.7692307692307799
0.32258064516129903
0.18181818181818105
1.0
0.18181818181819517
0.18181818181818105
0.5714285714285698
0.571428571428589
0.18181818181818105
0.48275862068965764
0.32258064516129903
0.48275862068965764
0.6666666666666813
0.18181818181818105
0.4000000000000057
0.4000000000000057
0.2500000000000111
0.48275862068965764
0.2500000000000111
0.7692307692307799
0.32258064516128304
