0.9993976324754604
0.8829514453676964
0.8381368107731088
0.8221580312313551
0.8171082942682169
0.8110468933943022
0.8074058302863085
0.8015221790131338
0.8125103531753083
0.811081744319642
0.8098183472630109
0.8119831735502084
0.8155250633492805
0.806127207774365
0.7985325612934198
0.8077277780172847
0.8101776916498922
0.8110987122730985
0.8153154078142788
0.8164020229067392
0.8029889528312744
0.7936033153483556
0.7992987917264472
0.804737122609233
0.8044499756993173
0.8076590127321407
0.811905312302027
0.813294747089426
0.8092348165152385
0.8095833235428398
0.8125316313588792
0.8260102087410042
0.8317008095813433
0.8283876463141557
0.8202366679660192
0.8139112241741016
0.8103934706567246
0.8062755920242796
0.8098299573403436
0.8169267842638164
0.8244718694137658
0.8291518712778713
0.8267327438443322
0.8212522713285247
0.8111879951606135
0.8080497433657282
0.8106729417147056
0.8068139262470787
0.8094467687602909
0.8120015039336298
0.8248032893325943
0.8211547830350933
0.8069567507687154
0.7848431612850282
0.773630266302713
0.7660608472611498
0.7578239444708081
0.7561744727442125
0.7519619946999343
0.7433667604686013
0.7220878611883381
0.7004819795904053
0.6509448363159063
0.5931393674306482
0.5212722865140963
0.4531969547641077
0.37303273079585136
0.297072786584335
0.24909440243896686
0.20097147355766792
0.20210961822339996
0.21811089639831222
0.22130519700551687
0.18957706973999378
0.18270498543259342
0.18478322951987494
0.17718998001924707
0.1746478133595122
0.1909996511943287
0.2126432637526358
0.2152687144458521
0.19932318737942245
0.23971991782989036
0.33135100549952656
0.48384106236231267
0.6242161684475416
0.7374910886387342
0.787762985363933
0.8329436917183587
0.8529982568320228
0.8537631881095805
0.8500227366778283
0.8510418463789382
0.8512123653600203
0.8476080411467692
0.8507642643959055
0.8557782766926525
0.8610117732443262
0.8657457795818767
0.8684537933048349
0.8508093794304763
0.8180745286613414
0.7921990410518467
0.7399141999415313
0.6599755444666765
0.561133047529092
0.42227260021498453
0.28631094691450115
0.2103889199075116
0.19563522692835997
0.20148322860864126
0.2090901843996762
0.21668973697757452
0.18597137668572264
0.180106747214373
0.1690557282525382
0.16916858011964536
0.16808740768479202
0.19086340883360925
0.19518847752411173
0.19987161479909524
0.21038301355670264
0.22066997068070346
0.2032657134828511
0.23087328475948582
0.35835274018354735
0.5070667539909265
0.6239232453479979
0.6999252518974783
0.768700451484616
0.804734894016349
0.8231364148876369
0.8310854542460021
0.8305443575835729
0.8412782331375674
0.851936019083126
0.8628013575590295
0.8605588037899747
0.8541257962383146
0.8465996461845169
0.8493511130876602
0.8491139568714263
0.8486467916312125
0.8472684281349149
0.8321089805885539
0.814315294144412
0.7774109619424053
0.728018342845565
0.6545915227770367
0.5211793351330329
0.34742788229914773
0.23666247958235923
0.20630753865546367
0.20654977542605318
0.20796285453634591
0.21981584404890775
0.1954354070037008
0.17123547951687138
0.1669415767631049
0.17194363258523604
0.17375099326221938
0.16221042073820102
0.17296565470283487
0.19339710654768216
0.21020380663975802
0.2099735577942875
0.21326228280677423
0.22468072187086563
0.3172308984656859
0.4800235618384599
0.6408752664928608
0.73678070371568
0.8020128946044565
0.8341379845184015
0.84578835064432
0.847607696253522
0.8458388264921449
0.8407591701539959
0.8462884622697942
0.8506040248462069
0.8521599254973111
0.8478841256156766
0.8530327458987287
0.8549820227053738
0.8492419150432474
0.8430361639199028
0.8535790111124193
0.8487373318889695
0.8326150420548948
0.8065852851021247
0.7872545070950585
0.7187087994615265
0.6184189222281428
0.4554381641225052
0.29139157342081556
0.17337095611922498
0.16141760171711583
0.17018025932921949
0.17892039557951728
0.16639912995962067
0.14893323580247458
0.12309841792396231
0.12534668244976177
0.1352292780302672
0.14328227693623896
0.14644051229777982
0.1585676760369285
0.15792736461462037
0.15110784886367742
0.14796578203437435
0.16995121121772566
0.2525257557021164
0.38821291433135885
0.537307831212878
0.6417841418148129
0.7458422313942137
0.8209205325536061
0.8523590221317392
0.8448164303420227
0.8432086661618603
0.8413261761793586
0.8303286579280921
0.8294776600847439
0.8321112845505823
0.8373301529791207
0.8455676754886856
0.8581350727320377
0.8654953807568808
0.8602208951579395
0.8542284456206157
0.8374648025794893
0.819405997606756
0.803950828879971
0.7933371758849288
0.7580461755839183
0.6937270647428204
0.6039393941320192
0.4870678951390639
0.35365033111102456
0.2534915048302362
0.22914354105197138
0.23672207377084398
0.22744677301240118
0.19026184308335495
0.1768494473060827
0.1728138235915485
0.17112930357335496
0.16600732951283395
0.16938725150692097
0.1862509603166073
0.20229496339164704
0.21787034195418664
0.21363373647194536
0.20249014546326513
0.2010959967068878
0.2314189180404856
0.3271953686548282
0.4475871425497676
0.5680302710796218
0.6540035141616894
0.7385939900898482
0.7969410065019384
0.8288127215696395
0.8361778260583077
0.8359039597361686
0.8366634330469125
0.8374398428611435
0.844652051675901
0.8511383032065316
0.856218804134053
0.849484803643582
0.835008417435523
0.8217007408622051
0.8041612861381685
0.7756153939431975
0.7378130073431011
0.7037496595756823
0.6638192327345925
0.5882588732645988
0.4335658318382035
0.27964625492481016
0.18754618220568145
0.16051321354637532
0.15085499161697227
0.13735937984724286
0.11655535971787775
0.08796734107860607
0.08959499858760295
0.08349965381764951
0.07436477801949418
0.0672531479034513
0.062109056981514865
0.0680419011283601
0.0800512998621336
0.09645713587631033
0.0927068347284573
0.0990036841022544
0.13832412226056168
0.26175111044079036
0.4083603782843491
0.5358499406028598
0.6128436879336303
0.6889546956329013
0.7377636911021888
0.7698252895342439
0.7976087877932931
0.8189026647808865
0.8306309866682344
0.8306758421465323
0.8368518089192971
0.8361153433956828
0.8354640203203997
0.829477228853671
0.8201625510961199
0.811921134786285
0.8087270468700322
0.8060423063918526
0.7956600115322798
0.7609290762742332
0.7107593210869938
0.6589107215785616
0.6063411684836464
0.5189218702839438
0.3810549143749881
0.24841720846992466
0.15910606476979014
0.12602193073832557
0.1017383354495732
0.10468026323945265
0.1316575606912707
0.15716692113781222
0.14772365528740772
0.11644287505355294
0.09661633251909954
0.08095492126705749
0.06891552855505462
0.06501987347174362
0.07607875044221447
0.08596005967811232
0.0906808667846548
0.08339805688751437
0.15024426112044992
0.24636862762402528
0.3545895305414171
0.44375472177831743
0.570676141179672
0.6603809225215466
0.7182939528350661
0.7559587207263907
0.7871714757633287
0.7996968298756809
0.8070524232215965
0.814255325144076
0.8144067349929717
0.8132870407116916
0.8134014059031571
0.8137652641748288
0.800180226646745
0.782672486854486
0.7793156408953879
0.7825406130189672
0.7706529146798866
0.7355062970899213
0.6600527508288364
0.5733067825337239
0.48137322125380566
0.379697346987478
0.26849806752387295
0.19702397548762055
0.15088673198357705
0.11574938975405606
0.09180106709104006
0.07518436652742852
0.05517547060478379
0.04292438647089317
0.033669269199061484
0.023926322304544754
0.03472628558304249
0.05523574333562911
0.06183938686366498
0.05529025228239644
0.05190708383270376
0.051355198189042967
0.06154448014499243
0.07300793573914109
0.11264635428404061
0.16735949991739024
0.2668364266081228
0.3817955666555256
0.5178895236035009
0.6214613281489899
0.7061802627459066
0.7607424509174996
0.7892466150508572
0.7960423250275407
0.7966296968105447
0.7982033876202599
0.7991165168319969
0.8037549313745309
0.8119688298729898
0.8128682303849704
0.8105548027952342
0.8017570047709476
0.8007895412138117
0.7861938848081694
0.7756684083249108
0.7554530055768611
0.6968217388705658
0.5735312128354827
0.46550732827157243
0.35211800861581366
0.2865144098445871
0.24250009110229845
0.236528348805645
0.20764128985401228
0.17821109317977474
0.1500363331707318
0.1346896502555166
0.13301451957330063
0.12351105637417581
0.10860971130384625
0.11361511452134129
0.13021019356376112
0.14376157943924506
0.15467795339150353
0.1676436304667294
0.18408900009041804
0.19481209082317325
0.1788489705395252
0.15398751015868023
0.18217541726145525
0.26550570448366667
0.3828318103878139
0.49305990340091466
0.6001957660414503
0.6739312775759023
0.7418555160484749
0.7713597562473304
0.7860183665348879
0.7751383345619518
0.7677387753424185
0.7494343003786557
0.7654534525801999
0.7881873412491729
0.8075627302901957
0.8152390929356786
0.8161078593526326
0.8086295164612084
0.7865484769404163
0.7527073229821102
0.6950204212563692
0.63464698292063
0.5793913071200669
0.5230864696074056
0.41302508782869174
0.2814797920375498
0.19756872844373197
0.18188489166649216
0.17539987926119144
0.15225905958544092
0.13106869916823408
0.09973061387096864
0.0844724223508867
0.07840184994734332
0.09524000085805753
0.0937194725406601
0.08918296972334744
0.08015294919151368
0.09533997832224875
0.11111790025368085
0.11217642455584682
0.12586021966415917
0.14794134697563283
0.22109654522623212
0.34905645597850077
0.5018004879252584
0.5902343155079675
0.6565052545401819
0.7065328458614162
0.7594678894022551
0.7770610876653439
0.7889506079046866
0.7931858420915364
0.7980995257079377
0.8035215208495078
0.8073198554188117
0.8203214119098148
0.8234131619387492
0.8359260413429999
0.8517126904482883
0.8489863827960034
0.8167331003656642
0.7666808580844857
0.7297653060126084
0.7045673952445849
0.668872389664046
0.6044936162007333
0.4900450175250784
0.3258163769413928
0.19826581207791968
0.15305147011057674
0.15685501517209494
0.14695089607481102
0.13929717067737196
0.1259372049423758
0.12518585901735638
0.12512480983474344
0.11955556174856122
0.11249475826592559
0.11856060530954851
0.1306001744649618
0.1359626735825251
0.15329006389910915
0.1549483715211018
0.14406840606252438
0.1371648192138555
0.19526675678374783
0.34015806808513566
0.4821860608289502
0.5800036320550321
0.6354482783193138
0.698401105359475
0.7377187685636943
0.7744925564968838
0.7810844541073545
0.7821611624681503
0.7817296211052635
0.7944596587293488
0.7924022200739493
0.8084300090412059
0.8186530169749637
0.8265357566946941
0.8180626672645779
0.8136414337592357
0.8019804934203247
0.7860770590537185
0.7579104191130699
0.7118301934948343
0.643467049399921
0.5341962454423907
0.4056781598719626
0.3147868141678565
0.27414160922659475
0.24983756848750918
0.2116751438497676
0.18487008746317424
0.16587044961637853
0.15322325681139498
0.14016707750842972
0.1397664018540622
0.1384772300588808
0.14229605246085852
0.14524513233393951
0.15779046200936758
0.17193193358703537
0.19252024511438542
0.2088625275354259
0.2087461933403015
0.20044987616523938
0.18367495898616198
0.237685703434577
0.3887411594473002
0.5394664901252287
0.6108866155665207
0.6650205080148728
0.7354424103445916
0.7754422395373037
0.7907996437558454
0.7983500467069564
0.8028713044075846
0.8114676952369448
0.8217250060530445
0.8273921607690167
0.8299052815729147
0.8339336912558759
0.8143022494006773
0.7962116168096466
0.7744029499951149
0.75675502954534
0.7107236620287614
0.6607151326524314
0.6136939912507028
0.5434933459449881
0.4426227700240576
0.345433806977549
0.3001527602994662
0.2648636690421272
0.24565375202923256
0.21918470430843903
0.18596267128077676
0.14273420106673212
0.12004221366260856
0.0999505353884489
0.08899299518806805
0.088139858071063
0.09734904067574536
0.0865982804941505
0.09802291409623787
0.09004065243284506
0.1074163562528163
0.1132893449052626
0.12300728586633505
0.1688213130163027
0.21308496058372572
0.2483110791919625
0.3160889867647838
0.47292637017887806
0.5884062549471143
0.6660626235959632
0.7401380400847004
0.793401720901716
0.8017846980107355
0.8002848097758722
0.799453424029628
0.7949897553876956
0.7988850041961185
0.8123476405079029
0.8231458599346191
0.8135564548476628
0.8014505470470641
0.7778966471691229
0.7445920051795456
0.7073029094165638
0.6488773881370062
0.5313292271879083
0.35057256870375864
0.19901106084493264
0.1477112109067368
0.16433246218512684
0.16333211367319025
0.13339979298129834
0.10323267053222286
0.07546065028168042
0.0768421718386254
0.07821589844430733
0.06822211008891929
0.050062676145630036
0.052309792695652405
0.05583843026814977
0.08171727864268927
0.11043011297584454
0.14908364012773184
0.1625777942583079
0.2031229378962296
0.29546917767127884
0.44905024571896385
0.5681334754654497
0.6483100594110189
0.7056390729120198
0.7498349612575225
0.7773207118835677
0.8003444804838558
0.8037302521887697
0.7998075367861982
0.7973296348776316
0.8052219541109434
0.8137358114910577
0.8211440588380217
0.8224424869645557
0.8175214680855443
0.8187866558585613
0.8193006367688235
0.8244815081112038
0.8203420537289974
0.8064255208448433
0.7712486338428478
0.707835731026949
0.6458604229668528
0.5880114374498693
0.5160761057113508
0.3892719592047724
0.2701750259964255
0.19688343742840414
0.15026832850887037
0.10388613642194278
0.0712629428407622
0.07037660993073308
0.08976353919558558
0.11536092621393838
0.1287797845516166
0.13068723478021532
0.1427962780778495
0.13101676877670942
0.11133840382897392
0.09397042216865695
0.09358720123694723
0.08450937594758487
0.07619425917674745
0.09226541411983667
0.14252894507994354
0.19523676155679873
0.21020861539237967
0.2638995725180249
0.371147782606518
0.5080008797629063
0.613194945641155
0.6895270443803425
0.7127725804538004
0.7270844553289577
0.7371936032338638
0.7622192152047405
0.7903838544482126
0.8179835212286032
0.816349497295098
0.8128737957225433
0.8140503312393041
0.8059556232213797
0.7770280821560134
0.7439148214714544
0.7306604813456037
0.7467898430768489
0.7496371482974816
0.7102258619082242
0.6197904181669743
0.4944921674139533
0.36189996350543346
0.2667915732205455
0.19526835371021622
0.13409951560939115
0.09432048606523379
0.08198783501190239
0.07544646699297959
0.06633464604566977
0.06037079130306965
0.05513786682917195
0.04753783462840338
0.05636754312195943
0.06969108444538158
0.0775230540092319
0.07131894213370737
0.0667754708005582
0.07662657940933491
0.09962687214328933
0.1033246032391013
0.13997919670816028
0.22419995588266567
0.3699685788940623
0.4775820715876663
0.5703281015274517
0.6321367001313878
0.6857815515302927
0.7311607022170905
0.7617639654823319
0.7926507808444787
0.7967648593390025
0.8121983594773252
0.8135443172258292
0.8216184820489647
0.8186914429909334
0.8144365710247315
0.8009212529428513
0.7581919415277083
0.7392753185849736
0.7318626483837148
0.7366947833203723
0.7005062582180002
0.6397556825778741
0.5698232255803585
0.4669133014460363
0.36335333415292814
0.25501817911855934
0.17819282859252877
0.1178001765090802
0.09689749027779222
0.0959370438596434
0.10263672344724414
0.12351062004622423
0.11560114082997149
0.09023793285287288
0.06937438644504995
0.06492581563493846
0.06634208463573615
0.06269441595878918
0.0718430667373243
0.07103638355204561
0.08592393295288708
0.08739734468772142
0.07216659442321965
0.14604089933113254
0.22833292954609571
0.35755689481414193
0.4535326307672385
0.5907600391490564
0.6574596692446006
0.7158714880722549
0.7529604923741948
0.7746062664879682
0.7926367005119426
0.8038976129604487
0.8139391617344731
0.8217118015922753
0.8305644997387007
0.8229584204842758
0.8171594738311754
0.8040412180270409
0.7858222684656753
0.7515788357072544
0.71056761086345
0.6420151257686642
0.5561173147716396
0.414838339849228
0.27496673394341564
0.1752503436381923
0.14676302626495913
0.12871283375490372
0.11955515787415319
0.10594131100782006
0.10355212444434463
0.08987390496975678
0.0828923670494972
0.06602191010953237
0.06774954792290698
0.06867771856810324
0.08443987022062505
0.08962983261225566
0.08961620767123113
0.09718121950107379
0.09448429072420339
0.09054889636698611
0.12677368069545678
0.20809070846089822
0.29150790561235196
0.3650301300664162
0.47210972573048987
0.5893223240902107
0.6841250518664433
0.7354018142646384
0.7673773047867389
0.7785311548677016
0.7807468499598542
0.7806327138879524
0.7985131974601193
0.8295923905164089
0.8440964352396748
0.8410440948867233
0.8315379073889784
0.836917822532613
0.8181535837791521
0.7992304079576897
0.7658769006397815
0.7443093579032698
0.7040679651606714
0.6520163407587087
0.5753417517790925
0.4478718120879305
0.31153633421374005
0.18513837758698728
0.1529752101068506
0.13382299192955055
0.1389300153724072
0.11004720268606863
0.09559428838819967
0.07138148412367042
0.07166903270508057
0.06634570888665567
0.06595367718422425
0.07032550875471992
0.08258397467815085
0.08298859933045215
0.086381776895465
0.08230325059487942
0.0762295327133719
0.05016894577247141
0.10891083433231928
0.1900218896881805
0.3085802737623929
0.40653728088735025
0.541416995620642
0.6022185119527779
0.6478609716413328
0.6738296171465374
0.718670449658551
0.7376857430189874
0.7602536020666233
0.7622988325310551
0.7662072803030233
0.7770559204087336
0.8032796414032897
0.8247616074545879
0.833978283448393
0.8181772972715886
0.7982107114229267
0.7694720285166613
0.7464378132633738
0.6850904551835686
0.6048509254968447
0.5161705873366738
0.34936522866103603
0.20241833489937408
0.1364695500896162
0.14127414970156482
0.09524776621671312
0.05894837787640781
0.04867704287507913
0.026214401945860454
0.013299426409421514
0.007842449009584009
0.01953786008321826
0.04073313779366134
0.047675408116635634
0.031876414115749784
0.015012741994459617
0.04405418792767035
0.06828369899762839
0.06638978291562751
0.03755707922317385
0.07960985368812713
0.157903608506358
0.3137856017687257
0.46409463176252147
0.5898980518561064
0.6467662930703577
0.7127526852228083
0.7567463535823851
0.7851269780115775
0.7996592907875351
0.8033233682353658
0.7940607709205788
0.8028065295622289
0.8194454015388524
0.8288990098015312
0.8393416671416656
0.838560775640864
0.8380837594424906
0.8257133371053119
0.8016829648995981
0.7596045293393678
0.7135695658815657
0.6672755530997472
0.6149878362187187
0.5695823483331514
0.47675416953791944
0.361038785049941
0.24449221934684665
0.16016829309720496
0.09923487097684582
0.07020867304871677
0.0634806334404929
0.06348998867778065
0.06800673430175039
0.06642724380655174
0.061151491894000896
0.057235704964295114
0.06339662158739598
0.0693515783023062
0.08296914388400048
0.08920625487383205
0.10344235736546871
0.09234103466671606
0.0686873209289946
0.03464730964302987
0.08989331368044867
0.18643628749227859
0.30582046523996054
0.396020384276437
0.4991187841859201
0.5878541591051383
0.6653466578512074
0.7132781515716876
0.7394837094948816
0.756024873075657
0.7716121476742099
0.7809157370665167
0.796707211515246
0.815555166557058
0.8268866564313747
0.8366985399393938
0.8364394478657746
0.8247855827810956
0.8023478419877026
0.7803682170065933
0.7552802939790552
0.7200303323591485
0.6344640205090837
0.529053372013784
0.4472052290293621
0.3294567944533241
0.2101827686758772
0.1376603515581169
0.14401430922596836
0.12211679085316399
0.10497478362371185
0.10376345311277033
0.09471286510015917
0.07618147600063611
0.05861508444834604
0.06969031427043698
0.08044041444539136
0.10103852784604453
0.11130398703151076
0.10778067857681214
0.1041381140958979
0.12180817977248105
0.11801277781515804
0.09305715591675393
0.13641403637982916
0.245819856984468
0.3725151261816644
0.48499455421744325
0.5959161700971172
0.6779599078149281
0.7304163755208307
0.7721363026107704
0.7873867422629691
0.7902693766737645
0.779426176402781
0.7832098642146574
0.7877697499187022
0.7926984601210256
0.7919617984595457
0.8005276251753901
0.8045825330261421
0.7980703286086643
0.7926727981629723
0.7922298419414743
0.7775650945024013
0.7495731110613646
0.7229095294962586
0.705999177488082
0.6576589544205115
0.5936263727034433
0.4836385820361372
0.3534665607611053
0.24066452246571665
0.2038794412225019
0.1708464150989747
0.14005340353419254
0.1261938257470103
0.12618538102397503
0.11284929353883374
0.09274824448132368
0.07667304800078463
0.07107813363845321
0.07242987147476944
0.07224371060637938
0.08159989023710176
0.10655003596349875
0.12582157047325565
0.12840513204871515
0.11130134947917683
0.13041974935354084
0.1403590641279963
0.19107214916941312
0.2849365207334297
0.4395677708533603
0.5485401443294695
0.6208299948541192
0.6755237035863187
0.7151819406369005
0.7453962349714703
0.7539481801319872
0.7731230380441848
0.7790192369409267
0.781383038912323
0.776312994404731
0.7761671191266729
0.7657663945900122
0.7598267480623805
0.7619152657551729
0.744399694157051
0.7149720744249772
0.6745646363467541
0.6107421651740352
0.5298052823263875
0.41632946758937905
0.27863090635204724
0.17898032706182768
0.16421830204840335
0.17122679366666355
0.1400636577468054
0.11701799081523975
0.11991653753995715
0.13757251989529282
0.1406690503241304
0.1397545317052536
0.1387134844057739
0.13242359641471818
0.1283025294640176
0.09935142869159472
0.08768129384470602
0.09233998645736023
0.12371410628459291
0.12919677029698257
0.155471792752789
0.18638765864665668
0.1907099074604395
0.21848005320074995
0.33435494751932315
0.4889563965989302
0.5793645239145524
0.6291824917133125
0.6772297823273168
0.7222209065071707
0.7507031003498204
0.7682485354845271
0.7753631318718066
0.7801167762872707
0.7778733707077619
0.7830598040418936
0.7843733491361107
0.7889583753495061
0.7709663922967039
0.7426550160225348
0.7121996267580036
0.6964683513162255
0.660086791782676
0.593936356031824
0.5088837849430353
0.38974003572618365
0.2632447059975068
0.20581748867629765
0.22173958285038278
0.219274225186659
0.17232493342930894
0.14447462506559133
0.1451871504403842
0.12865281433558307
0.10614263380709886
0.097828769243615
0.10669446878620892
0.091028004248985
0.09152671252815807
0.1063753954868594
0.11093567740320028
0.11035220621641983
0.13053358530872425
0.15757833192813117
0.17474119685215428
0.17073044275075122
0.16574451182492733
0.1642695174085023
0.19820838946547964
0.2895503051917543
0.41590260459754824
0.5277662936858483
0.6017170860071464
0.6786322377715855
0.739806414211525
0.7791143039443982
0.790761282137584
0.79718861105117
0.7953274940173093
0.8021987541343761
0.8065174302929999
0.8181661019362267
0.8290619086187896
0.8326424186808836
0.8209890077142195
0.8032435868515486
0.778832593635651
0.7513565584784607
0.7162826884287892
0.6698446958616783
0.6230582009637895
0.5876827053715483
0.5105438165345555
0.384091784231139
0.23139153656854267
0.1665726406585139
0.14886910448618593
0.175002803432862
0.1779206039808726
0.1620423560553023
0.13914974850660033
0.12196636395214429
0.1083299177858816
0.09022340086919796
0.10840247862004623
0.14127485928080508
0.14273463476765968
0.13532221018568408
0.12042662985356274
0.11757391287818982
0.12053531249327883
0.13731143440218985
0.14344625836531064
0.1392079737476215
0.12525194146683516
0.11361029878745314
0.11116168539610774
0.17837025677482293
0.2991319245729413
0.43602225616050017
0.5415089665805031
0.6258197724293626
0.6896286662878314
0.7358468620715148
0.7716571109716464
0.7886670447414684
0.7968464615160649
0.7989901064573011
0.7991015260911302
0.7999812167162599
0.8109981488698668
0.821278905507548
0.831756751204948
0.8333016852308243
0.830355820332342
0.8282884481594158
0.8258707633613231
0.8163181907579921
0.8073331580388536
0.8012015727152272
0.7916595036864444
0.7646111588340214
0.7088761883512896
0.612688050835503
0.5064834683763609
0.33431603800160825
0.21030997924176809
0.15765873249808654
0.17099102426265314
0.1259307547848354
0.08822559233385438
0.08032723649946395
0.09288525254487442
0.1070843209930214
0.09571391081210669
0.10158072144461158
0.11017686764894281
0.11286086170756107
0.09614825237034341
0.09513346437633886
0.09649616367026549
0.10380545845842228
0.12171970076938211
0.12301513064424513
0.1083587462345641
0.14953598944110727
0.2101524980043291
0.28973034697362765
0.3951780295524544
0.5474194700115532
0.6545508328824254
0.7225903525027506
0.7668826518239706
0.7938453729080993
0.8077073743799338
0.8195288356429444
0.8296893748001454
0.8291483184086625
0.8199087180515512
0.8185756841126635
0.818663198289602
0.8161688687770557
0.8095017422158983
0.8117369442015607
0.8176503095711214
0.8043809304728544
0.7812367081937406
0.7376737407597336
0.7078864043152013
0.6374887594967599
0.5733653961061109
0.5086778708437303
0.4003879357712128
0.2570426113516955
0.14336344931586203
0.14713996346865832
0.14290354347797363
0.1368257213847599
0.0990871200954988
0.11665793582646468
0.13921087845332772
0.1549663766218613
0.15198254448361456
0.1332713101810118
0.13109648738216864
0.1388398767085613
0.14317640105777696
0.13131825760725035
0.12470773805557774
0.11514611368628558
0.0894272934292391
0.07384756121423965
0.06478147190657291
0.11430582511812683
0.2033309224764042
0.3574493654113047
0.5002349463757148
0.6245752880276823
0.690924082536187
0.7372920985044897
0.7603214063923782
0.7687293600746401
0.7775828283201495
0.7778795586481864
0.7792680273195853
0.7830876686645413
0.7857352100726968
0.7902003970076165
0.7968733004326078
0.800573326688785
0.7962803703726388
0.7939992255652699
0.7842268534955676
0.7656880175975888
0.7178476409421082
0.6810501756485866
0.632803063046738
0.5529825261798187
0.3826278869766689
0.22875764084442576
0.14241958721043785
0.15155598362161415
0.13944214540938163
0.1306636579775692
0.11306662071958867
0.1276907508954649
0.13015307744974483
0.11108562355644395
0.10340515693153643
0.10289646877242009
0.13601868998409206
0.1459674089914057
0.1580825228535815
0.1393682443177974
0.10447405115622865
0.07520469417175872
0.042780691760234454
0.02732483199498837
0.0187852802547908
0.06898013693135574
0.14415494107063936
0.2807746103062898
0.4348803658321364
0.5780896019385326
0.6637773781849381
0.7254577624854573
0.7689542259293751
0.7962677861097629
0.8117930086619224
0.8200927481261805
0.8272162664184026
0.8306301682815468
0.8326497403038415
0.8314756043538709
0.8248739354780306
0.8221695405835301
0.8199364863633725
0.8174407616822369
0.8041464339413625
0.7821049918442688
0.7528553375633221
0.6864779037364999
0.5705219655439757
0.47347601894209457
0.4220732773694226
0.31378057369149015
0.17984230294143505
0.10553994735158066
0.09744042632533045
0.08252147771964852
0.086133641168715
0.09063113870403004
0.09388827727650392
0.09579170869173517
0.09649847479735332
0.0738283993499281
0.05768344629979412
0.0658347730136801
0.08185020893767207
0.08566207822386217
0.0708138550734625
0.05536635143387555
0.033445498596805096
0.05952923519095718
0.17779356938562163
0.2790527384946585
0.3610467001687039
0.4643612405107607
0.5943196018706013
0.6598307906988552
0.6942968346130518
0.7378325942665782
0.770393483874258
0.7970682812849585
0.8163597556611124
0.8292438233198959
0.8307623021366962
0.826873137938194
0.8332717639990375
0.8324288228603868
0.8274671638083432
0.8138140034930739
0.8124111375468582
0.8090596480844314
0.8100345767069463
0.7977258891803259
0.7794930802762849
0.7605896963951209
0.7112177681797365
0.645723656911642
0.5239247263920531
0.36032029462371257
0.19220218596445243
0.13005115714643622
0.12813394996870073
0.14233621692381349
0.13183766108425346
0.128057978659399
0.12606337023550657
0.1408286226112061
0.1462679522055582
0.1480053416420117
0.1488384441778567
0.14938230835554409
0.1477763397703568
0.14964406881115858
0.1454484414289659
0.13455314731601412
0.09169119952666803
0.12074320873225432
0.15457424020118946
0.23205872966813867
0.29574597564734595
0.44620269862544865
0.5548638863335915
0.6372879006775536
0.6824191419475433
0.7339531588983015
0.7619970403864929
0.7783935009699512
0.7891397695585736
0.8030984521328777
0.8167476450874347
0.8226271058685536
0.8227390374147107
0.8214333276740579
0.817393950607784
0.8003180491010513
0.7825427344564431
0.7737016075639922
0.755575186117019
0.7124605358341558
0.6312368675415038
0.514442553090201
0.4038050016670999
0.34245062676096816
0.25968475743186725
0.17295095831840143
0.13692472944693498
0.1480091545588947
0.12214728256609703
0.1067891554294376
0.11215711396328196
0.1260735145409512
0.13034205407534435
0.14946416771064805
0.14728505430144995
0.14141958561638862
0.13851717210892872
0.1445380812180109
0.12979972745864068
0.12271312465403299
0.14085384883497998
0.13926884750651483
0.11357809241684731
0.1307960570477154
0.2419743405442408
0.3570294678631665
0.44961099323942977
0.5518726009978521
0.6459896816672909
0.7003033520725643
0.7332959300184048
0.7809157297994274
0.8053143742258458
0.81421675179079
0.8261770065370349
0.8347059556068487
0.8383318583987869
0.842096945980093
0.8509704828635494
0.8534502696804328
0.8502363264485011
0.8453201349487584
0.8249183300747447
0.7967010188642631
0.7584071637676086
0.7236325361894421
0.6781718932841213
0.616972417708793
0.5486609356838567
0.5062144942884892
0.41184610742133154
0.26801759142383114
0.162472569742834
0.15110827802757248
0.12840138091107384
0.09573693451771537
0.08623300555306229
0.10044838133590876
0.10369379004878959
0.10256578158572874
0.0902759487283569
0.09067625390017883
0.10167659823130856
0.10894975541786846
0.10424306065920615
0.10062130101513109
0.08110661749091969
0.043872835130059115
0.022211580273251312
0.02459546095661985
0.03601616135356696
0.039687465539471806
0.06736288119270212
0.1543391359934788
0.33074250065577565
0.5096602863018503
0.63864408609532
0.70688056446415
0.7515376705860872
0.772079196286269
0.7858378260374063
0.8003530608572927
0.8099073117821017
0.8133694887556404
0.8156415401671894
0.821332637952304
0.8326714015151035
0.8415695426721529
0.8375008342260145
0.8235452622233352
0.8143049478730806
0.808690511393162
0.7971489468054668
0.7792395185064716
0.754423010743815
0.7151507760590914
0.6392458030177259
0.5320882821230493
0.44145288813880956
0.3646783501157054
0.2653140808880792
0.15187414247137998
0.10787535442898767
0.09712968025138496
0.10858897718776123
0.11534413489808548
0.1307644919834484
0.12414721037457488
0.11214387954405747
0.10889509278173715
0.10637739435697792
0.09494779449992284
0.08461124515162358
0.09919411764413438
0.12128301239745122
0.12428614239915553
0.12609557546533268
0.10534787502950368
0.09183483549305226
0.08918439521987617
0.09109473636901255
0.07909419771260912
0.151738666503746
0.3207437391714786
0.5018058511939546
0.6131430825834825
0.6827389677890047
0.7318673667575524
0.7592057507073392
0.769623061986879
0.7751271953432451
0.777075633562803
0.7789070985571892
0.7850332535637697
0.7948635235432648
0.8062839523576726
0.8169162040354501
0.8262309039532255
0.8208607893235697
0.8026756099629087
0.7834216685650636
0.7695476305890228
0.7634883756557975
0.7520508248251039
0.7200058581509241
0.6375011493548246
0.5560621714834216
0.49846917731703944
0.42549734642727677
0.3329095887228142
0.2286550830549129
0.17467143923138986
0.1490963515455491
0.15551840632745254
0.13580540376124944
0.1294889781015588
0.13418097483070346
0.14190711411945775
0.14117312268137883
0.15046511430481957
0.16824102699078908
0.1770739954804164
0.1634636621527662
0.15342362116776298
0.15466406390241155
0.1661384498118705
0.1372909064376172
0.09927694511681112
0.062499037140930344
0.06805129806416238
0.08477376100907916
0.11338363927926906
0.13748316648706266
0.18494672111243143
0.33256322020154483
0.47895529697035427
0.5713440100050706
0.5984325463575515
0.6575688431309601
0.6994557232676131
0.7296515813362695
0.7582797988166394
0.7732259678957031
0.778973908038008
0.7739287554558376
0.7818360026692934
0.7831574909505398
0.7859185243659127
0.7812880251495617
0.7746103500198883
0.765611831546344
0.7477564893939838
0.7413113759820883
0.7278571435993018
0.7088394026060164
0.6684688255354185
0.6252832108125485
0.5672367157011475
0.45670292023031017
0.3641405792753647
0.28313528334756327
0.2140169064125115
0.12362601685452884
0.10393984827071392
0.1330013067047288
0.16715539933392765
0.17789321510354775
0.1727217945740251
0.16309127445924781
0.15755491696358334
0.15226169701583864
0.1369277670416573
0.12364820278301705
0.12917416260744724
0.14674860850042104
0.16229441115076415
0.17095395484746517
0.16707027430339824
0.1454710098737319
0.1070744198313231
0.08259635401709123
0.1256204215173728
0.22739678459769788
0.3515540926753719
0.45890622001982023
0.5495471128227477
0.6130071855266273
0.6663027582019074
0.7021016045705215
0.7312469923700624
0.752688646235538
0.7745018752494377
0.7785476318991279
0.778637698447229
0.7735544084234915
0.7568239072607932
0.7298463511875104
0.7138697848199522
0.7016806133429814
0.6857492390258104
0.6469778327078964
0.6056408774855675
0.5394825598766753
0.4105530893500326
0.2887356131209416
0.22917982346903598
0.22727045440629107
0.2060009227362854
0.1945478302441504
0.18606283706891574
0.1751596148761228
0.16114380462471323
0.14996743312122407
0.15038006979810192
0.15753115616176527
0.1590236547801591
0.15561526087812008
0.15388539841984727
0.15863997391554385
0.16059137356456207
0.1662710183974339
0.17546024756027978
0.18606228569421276
0.19356398285985954
0.19174683205389134
0.18782042194160128
0.19316186344483888
0.2599350635121681
0.36861996595101415
0.498085239052289
0.6081108363130556
0.6741157022967531
0.7043845077551172
0.7273721652376721
0.7577832621424171
0.7693241383121414
0.7651035143553072
0.7559408749438699
0.7472901868243502
0.7459603453350403
0.7338770559624823
0.7099592778533552
0.6846295218852276
0.6655923667335597
0.6352170432512043
0.6012530066180382
0.5742613306302607
0.5038494744088036
0.36049502612985035
0.24192698147378866
0.18814024620262357
0.18723686552177074
0.18781133907773023
0.18879371588624946
0.1700378659121596
0.1546952895742919
0.14590644121166074
0.14932299206742541
0.15971004324307303
0.166357735937404
0.1528778196475159
0.13947303157618876
0.137500167064933
0.14042858892731744
0.14153906022285656
0.14197835108234583
0.14703068282786239
0.1450519174898045
0.15068576742575657
0.15308138200336446
0.14971202386154703
0.13562047727532947
0.13209974862507612
0.1685849759412982
0.2532798049904353
0.3792114102148076
0.513186014367321
0.6176890259655461
0.6702676443951037
0.6989643895389753
0.734181064591071
0.7504127007611082
0.7546292207030594
0.7539176081869355
0.7649577700522917
0.7721077015651567
0.7807903622687654
0.7817709211891
0.776673073971591
0.766512607340046
0.7663957655801216
0.763360324909433
0.7476041954521919
0.6943746790981975
0.6108793490448372
0.5154191987749542
0.4692803348114465
0.45645371208275104
0.39230462307701186
0.3029749353660616
0.21100622024325769
0.17720042705853803
0.15779938170387867
0.17806036343161954
0.17819356750704546
0.16922076462795743
0.15579313949745419
0.14779909808328293
0.1458612089896248
0.14092314772003084
0.13532915782108412
0.12968951468939457
0.12966841046879396
0.13678035437868025
0.14346749260596942
0.14613443769552725
0.14049291199845965
0.13878546761057195
0.15225462447434335
0.1636078231515682
0.17761463566999178
0.17966801186058182
0.15964017351423976
0.14098147556561816
0.23207290850717363
