-6.98677122646584
-2.68887807567526
-0.9587267725052186
-0.3029842177882958
-0.3636840524348759
-0.21846378647962356
-0.35301907639048175
0.6592904497304676
-0.08571653133997882
-0.07580382339786197
0.1298895772318496
0.21251338794432645
-0.5638713344949343
-0.45567878885671276
0.5517130034318952
0.14699481795644956
0.055261237392378884
0.253001732470819
0.06519690554762649
-0.8047842045278932
-0.5631382489751259
0.3417285826854977
0.32629985296714686
-0.017228814594942857
0.1925422219694029
0.2547779741931789
0.0833660872439368
-0.2435958344512446
0.020910421656075154
0.1768984689623626
0.8087146429275023
0.34143605042034625
-0.19878979603125416
-0.4890587008881882
-0.3795266275150624
-0.21106521104261522
-0.2470727179467045
0.21326191896384006
0.4258096154083694
0.45270510899696553
0.2808001118463276
-0.14514764601234642
-0.3288283509484458
-0.6038565700746749
-0.1882951076931144
0.1573919009386443
-0.23154092805761345
0.15797055079273037
0.15328411040033527
0.7681071239378717
-0.21891037785006048
-0.8518819359826731
-1.3268153690212305
-0.6727736989389113
-0.4541651424937951
-0.49421416742049873
-0.09896830359574085
-0.25274868265669026
-0.5157140538799794
-1.2767339568157943
-1.2963528958759591
-2.9722285964699497
-3.468328133115496
-4.312024854993131
-4.084519904999276
-4.809853438095398
-4.5575966526909975
-2.878703048722099
-2.8873757328779077
0.0682886799439222
0.960076690494739
0.19165803643228022
-1.9036876359313673
-0.4123250584440228
0.12469464523689178
-0.4555949700376677
-0.1525299995840923
0.9811102700889935
1.2986167534984308
0.15752704159297595
-0.9567316239857827
2.423803827028083
5.497865260178192
9.149403411767077
8.422506365113763
6.796495211471584
3.0163138035119337
2.710842381265517
1.2032739068198504
0.045895876653463556
-0.22442708590512786
0.06114658206659151
0.010231138864926806
-0.2162594527950653
0.18937339494817165
0.30084073780482273
0.31400979310042376
0.284040380253031
0.16248082337748723
-1.058664832461517
-1.9640910461480978
-1.5525292565696913
-3.137090466618893
-4.796319328491305
-5.930549816255092
-8.331626838846367
-8.157699198029032
-4.555321620419389
-0.8852215787491011
0.35088010081687426
0.45641734746209744
0.4559731546739009
-1.843101617511119
-0.3518777682809747
-0.6630611377100905
0.006771112026429684
-0.06487034609120058
1.3665600689290203
0.2595041214301495
0.2809882364990117
0.6306839254564461
0.6172174274400516
-1.044255431871117
1.6564542765980887
7.6487673254437185
8.92284082844278
7.011389481424311
4.560120392968841
4.126511975228272
2.1620665519039903
1.1040912522772472
0.47694236150191477
-0.03246579974575126
0.6440325332396736
0.6394671567335153
0.6519203085542148
-0.1345532261432885
-0.3859804530995969
-0.4515690032278668
0.16508801418859967
-0.014229372974032867
-0.028029914412830526
-0.08270180977785675
-0.9095668527816635
-1.067621186648519
-2.214259932120346
-2.963557145810431
-4.405609204111713
-8.004731258640254
-10.42508717003315
-6.645924163007334
-1.8212964556137399
0.014534206235370604
0.08478474661756416
0.7111793707537126
-1.4628262227124225
-1.4519956492097703
-0.2576341652259898
0.3001233493278698
0.10844164061900069
-0.6924343514410853
0.6453140378780332
1.225887110690842
1.0084020055245548
-0.013814930728230972
0.19732350074920427
0.6851063438454865
5.553010595689089
9.767559802366474
9.651102279264085
5.754326233369179
3.9139314533265983
1.9275053948367085
0.6990219675551137
0.10916073655211672
-0.10613218568261894
-0.3047793802889409
0.33175752694789457
0.2589337545847657
0.09335403906625384
-0.2565479928980716
0.3089172169831256
0.11695660839870566
-0.34440645972758543
-0.3723450674006803
0.6325708315509937
-0.29050075340698917
-0.967337390044486
-1.5617854171662116
-1.1598466804239747
-4.112742458011823
-6.017392634003048
-9.778845486338287
-9.842795442101414
-7.08123703809546
-0.7172012641265516
0.525759456726221
0.5244081750178554
-0.7512759371937993
-1.0479536494287687
-1.550089072710742
0.13489587154796803
0.5929557348303287
0.4831799343583066
0.1894941216924524
0.7276298243489042
-0.038418685338488384
-0.40917094505657814
-0.18852400975818484
1.3191257510010832
4.954472669063461
8.141229517754576
8.945695012890939
6.26857863611612
6.243485374764068
4.504698069563561
1.8863093746879933
-0.4525555073829917
-0.09646585080974414
-0.11294939895010443
-0.6598510950759743
-0.051059870600891524
0.1580174679503027
0.3131321057123093
0.494251350573895
0.7540438346011284
0.44161848149058813
-0.3164691359364695
-0.3595469722394297
-1.0058185824675894
-1.0835282983639998
-0.9273101236071024
-0.6368191797025369
-2.117460018060638
-3.859146650465886
-5.387260236647946
-7.012289939577346
-8.005053841682388
-6.009529576847323
-1.460877826695894
0.45471196313235757
-0.5565180455065697
-2.231095795742782
-0.8047437466363373
-0.24213742287205273
-0.10107120109161352
-0.3073184436312451
0.20279531964522163
1.011822528581183
0.9626401845023886
0.9345227137523793
-0.25419632893447763
-0.6686154605208162
-0.08364892538264031
1.819375280015874
5.746587036860576
7.223506433696392
7.226587711791276
5.158394584924078
5.075428555689541
3.5008209847254292
1.912302904061967
0.44190626932009525
-0.01643197932834634
0.045568398644633294
0.0465845888538598
0.43273252888545044
0.3891750918378403
0.3048300556512873
-0.40404002942826234
-0.8685831724835444
-0.7984605943990759
-1.0523672834422009
-1.7127535316982694
-2.268143196005791
-2.043800866045136
-2.395825610465264
-4.53362156819964
-9.28158248558375
-9.235174614803634
-5.526004363147742
-1.6219781195583733
-0.5794933157641851
-0.8097367061837675
-1.248241207761911
-1.715281118356307
0.09765945053981297
-0.3657206861972075
-0.548092547889322
-0.42669780696257414
-0.30864545531618715
0.3559706488106965
0.7205639240264129
0.9843501608506068
-0.22501806887118278
0.3778109624278272
2.3592262894984453
7.405619290813747
8.796556070613557
7.64937373911067
4.619624839846244
4.566660461956278
2.9285397281572547
1.9236959059233152
1.6670098955429606
1.2776326192556042
0.7036993132408426
0.002691328697874705
0.37055800636588776
-0.04418793141685711
-0.03907938451698914
-0.3592074880037201
-0.5588806654530696
-0.49448497859009466
-0.1916452749751725
-0.1610844286907748
-0.6229376915743678
-2.0838561154828037
-3.0101853112343764
-3.1109159705059453
-3.1541731856949218
-5.245157891981896
-8.272017354537368
-7.958262354303836
-5.35866862200809
-1.985048041887881
-1.4570157173251477
0.17651566739276767
1.618637847109088
1.5305616267924975
-0.5665959510242722
-1.8768468140312933
-1.1895925520672084
-0.9396846751225266
-0.7223635627201748
-0.23373930499866052
0.6635326182282181
0.5928785541538729
0.2832484263925496
-0.4369685938284275
4.010772253976147
5.767461990214542
6.493254175043533
5.3499114742140375
7.615285164081302
5.382286880512492
3.474781818811187
2.2598860734794814
1.872765302216286
0.7515212467411363
0.44133560075493894
0.4321741153487431
0.009084590933743397
-0.06718165687680712
0.006861911487934271
0.021831496300297536
-0.8151022516850255
-1.0504643875355473
-0.2014107575458886
0.19349832741475906
-0.7132619003448352
-2.108797055397925
-4.527212775665111
-5.204758097706768
-5.516013676795115
-6.100552455979683
-6.67195676781597
-4.288445522175159
-2.7682346102426196
-2.1082405337712666
-1.436899359780965
-0.9970020338166962
-1.2005337553586881
-0.73506504803344
-0.555307036309903
-0.5845768136710059
0.6479977967098666
1.2305674651552017
0.39621861168215367
-0.3929480748761141
-0.2029901069815614
-0.03311313861964595
0.6113569173569702
0.6878073356489219
2.37830511269398
3.2827887380009892
5.968615601443974
6.897548402844194
8.165637416878548
6.214308272729361
5.083136075815021
3.27373129029559
1.7102498480014654
0.4077425986010078
0.035242306980243346
0.09442144858290902
0.05478775270421903
0.27830487255204084
0.49283390990753473
0.053964030718834016
-0.1388056553841715
-0.5278678814571977
-0.05804781342815056
-0.8757393843385417
-0.6315285889955202
-1.2129241648829845
-3.5178760023777347
-7.39743156210501
-6.481433073834639
-6.80335917934555
-3.936215926273608
-2.640859124537187
-0.3583045377992085
-1.7332235370979687
-1.7658118004542591
-1.6904856005425817
-0.9208009749129158
-0.10050784093295886
-0.570207791947491
-0.8940807042197767
0.30032419304970354
0.9957047425451934
0.813083152529039
0.6549824371355107
0.7779406245135545
0.9867221774213222
0.6433854439652805
-0.9577872170188862
-1.4916876228507034
1.6912744261665074
4.999817233332703
7.039566354248858
6.613685580786069
6.428151758432162
4.424130692067137
4.075454308354368
1.7702544119313397
0.8795166172534494
-0.652801918376167
-0.4439735531719984
-1.0982684978257757
0.9611491320926079
1.364033320138383
1.16252334246137
0.46058175872898116
0.052125985017239716
-0.44870057348545594
-1.3248623712475307
-2.030469237498374
-3.4612141035444712
-3.6224063001443625
-3.315340548033799
-3.3782902507596932
-6.603682906722853
-7.892717747468544
-5.034663815629088
-0.9410302066343416
-0.3891007443180447
-1.388449180545036
-1.271421625032415
-1.8802851178359328
-0.9154914912049197
-0.3642343442126038
1.010289054642856
-0.09123169904384641
-0.27219016903876053
-0.5418012319100274
0.9112217478441073
0.9466753158859292
0.0635114581299589
0.8210277064987436
1.3248676386883536
4.3893118950359735
7.677594645136146
9.164641916805493
5.306029654962559
3.976256341932883
3.0016554792740653
3.1761026124503444
1.055591895785276
0.7133712143606058
0.25411405121097475
0.294821016984096
0.3253197084941866
0.22790007415824673
0.7800933894601471
0.18550500173607876
0.7507727642549993
0.947198946317363
-0.1635784591370911
-1.935196945820462
-3.003134536870557
-2.2149331243127675
-1.5118746460813328
-2.141700334832224
-3.862726407798986
-6.866915920538951
-9.853718435021696
-7.653033891808008
-2.712860518040731
0.22821270369108057
-0.594247145837069
-0.4592235238463204
-0.8015979440998144
-0.04508075550116395
-0.0036629509567761426
-0.334154885170917
-0.4236482089581619
0.36395082261735734
0.7223741493247616
0.3217499470538154
1.0396434189949921
0.09949845731956464
-0.6527979275146126
-0.414215210920156
3.486116254193366
8.693478678083764
8.52167956462845
5.869054273565249
3.326678775856736
3.777169622409883
2.3590597922530447
2.2064272759914902
0.3955138566282249
0.06460250164774262
-0.025892481773210158
0.7638022574450807
-0.12344631932397246
0.9616673380353445
0.6133804760255062
0.4729643831838013
-0.5083853658070048
-0.2652740103205177
-0.6996564203346975
-0.954206061996327
-1.6899983964390126
-2.7648135370939952
-4.101788645695031
-6.556248237451492
-7.711085134225305
-5.453480742246677
-2.438712296475582
-1.458242444345217
-2.289745478264381
-1.6083033831956932
-1.1399782708076855
-0.7588315682990564
-0.7833707581778769
-0.024040539262052664
-0.07735030771088007
0.22912934411867672
0.17694479238485059
0.7527197805257269
0.8484882946600253
1.2352986916409416
0.9805369452624837
-0.006980051707462728
-0.49777903050375605
-1.0064950307445935
3.240644666905086
9.06332736076294
9.043519840676227
4.285207526477304
3.2480335469013104
4.225314139782917
2.3999897515628663
0.9214442531124564
0.4530241770666845
0.27127546203767655
0.5157834497615897
0.6154386489660174
0.3400292829583104
0.1507872482338876
0.2417045809776632
-1.1778865113119834
-1.0854379554617892
-1.3085200088719728
-1.0588752269864428
-2.7618820509948767
-3.000511762579647
-2.8212684841038786
-4.212038718342671
-6.052234555256175
-5.831337782790225
-2.716862800684833
-2.1173454754404593
-1.1525950207736217
-1.5881428632477022
-1.9933219816596373
-2.5937082128428255
-1.3615192442473463
-1.2055006964496477
-0.6574524120228185
-0.05118822702030581
0.5525509562809139
-0.6450456108957284
0.6854780161252081
-0.4789356998035954
1.0425422291982223
0.3523793191467605
0.5830764576643803
2.7488416289979227
2.6558188540455316
2.113567116494101
4.06667445436951
9.410243004845187
6.928793086094568
4.659382118930705
4.444524989324482
3.195820849020777
0.5029786265411971
-0.0899932940917902
-0.04988314477465456
-0.2678201185159357
0.23371492850536582
0.8077581787071069
0.6478931656029407
-0.575364305217409
-0.7263544680358874
-1.413233992676553
-1.9982785193745372
-2.237345745779034
-3.5055312767732802
-7.0528896569462765
-10.845399509048441
-9.093690471530076
-3.077990996291597
0.9972750767034589
-0.060020910716192324
-1.7959392415134257
-1.8100273469446315
-1.6663212150324636
0.08289129341670393
0.08242359634091152
-0.5996273013233167
-1.089566036597301
0.13482699300134976
0.21171825434983127
1.5527309024724583
1.7227700599892308
2.31921162911337
0.8096492478345232
2.43270861827544
5.540774386502679
9.214864082860641
7.144993784789556
4.8105950367339165
3.4397408100602456
2.65175330073003
1.6491450375628052
1.3814261160172172
0.2031463022948481
-0.23536292415427812
-0.14867411451400203
0.4735391539986842
0.510831442806883
0.4444948408178174
0.07790568759204584
-0.2952611327406704
0.07591126638101531
0.030838854615735187
0.31085228054280384
-0.24836726293239933
-0.8349919730492024
-2.11061322011985
-3.8047741689537413
-3.718518483605984
-3.4709391310188358
-4.316119904311356
-7.608248790394322
-7.145815992501221
-4.3974953140810635
-2.796906535172185
-2.7829315252155173
-1.9573916148707369
-0.05317997460175053
1.163215755891092
1.5358432211012556
0.8051315002606526
0.1144470137159302
0.7265425978580148
-0.7067705580684449
-1.1807018968640717
-1.0420788996190775
-0.02299325590258163
-0.5446695173617728
-0.49890700625022033
0.9642692965854082
3.0158118576062622
3.162468988611154
0.8983112301349078
3.2214574275385552
6.434892605309949
8.211185829382892
6.3116439526952774
4.579925924351026
1.3947321644075543
0.8587124925093942
0.6065488742944026
1.5015367182525217
1.6898783546084235
1.6559800068233541
-0.0980414360103177
-0.20854209435327303
0.07059213100564991
-0.48568248107549433
-1.735652463921893
-1.986795641073653
-0.7952604075510021
0.9677617038747693
0.17083831323795357
-2.364677183355578
-5.426126624474724
-7.51789504518169
-7.955532234510795
-5.706503417093604
-4.291393170619542
-3.670130286049713
-2.3867417726493234
-0.7399590631998468
-0.3924820811353903
-0.5467092568385621
-0.3578312845560274
-0.3139754684338467
-0.45600193204614
0.5297825096133366
0.7994124794053745
0.46991817383099593
-0.3722467125314927
-0.27260827998893655
0.591066516526636
1.3800175640371963
0.22186386574873052
2.19927560814343
5.053245550470072
8.746117380684296
6.456809561615918
5.564761796387442
3.7085159162359793
3.2186910839344804
2.7227490412077304
1.8361957959145903
1.853208921728714
0.24684470967144395
0.9260100082993145
0.08075746491024398
0.48444988938810585
-0.175622343481886
-0.25529231797210067
-0.8109190849127731
-2.563758684908727
-1.1349973765640233
-0.4447602120755531
0.28992809619943327
-2.1713115061424517
-3.6450345384073843
-4.195947419851175
-6.174595448059022
-6.213598037586844
-6.500109302061805
-4.609521031562096
-3.623559125006734
-1.25416117387735
-0.05762678508892662
0.40198077525602477
1.2524337959388767
-0.47456875297514134
-1.521792478626003
-1.2518127844693132
-0.2669142486067046
0.08497614004785735
-0.21886012061683108
0.5489190467120799
-0.04840099111672378
0.8932529640504439
0.08840470409006543
-0.9138450158700607
4.432458294475025
4.937521812897545
7.753437916082388
5.758544157186121
8.233644502908664
4.001977805732882
3.504709129659079
2.225340258116524
1.2987464468263352
1.0818260414385266
0.6756547469103343
0.6024929264414989
0.4663583914681081
0.5311618887855554
-0.4563647552654721
-0.3479367991860458
-0.7870953482480311
-1.093136973681882
-2.054605965505371
-2.46067349062814
-4.113149105687384
-5.153868659821216
-8.476738495345177
-8.392296354348325
-5.98298341831374
-1.7092390423939057
-1.083011550603386
-0.5494605528450046
-0.8168308119800342
-0.14335119380851893
-0.8206931684753175
-0.41889227521555356
-1.0122274163978398
0.10365826880248237
0.05569023871177304
0.9457290991513619
0.31139774349782107
-0.0008174964614716028
0.4539007097905372
-0.16181572661223334
-0.23612366143302496
2.1734870597083633
4.879021665926244
5.005031829087509
4.411333467243636
6.424775739844785
7.032755901582899
5.688163666573677
3.0766057438918755
1.9185294313259393
0.6692310048578002
0.13294170552914825
-0.006848164314108674
1.072829014329959
1.8647515833774813
0.8702426833959132
-0.18314042117710302
-0.5703712498646656
0.32279490861809873
-1.1258543252075977
-1.1353905492878094
-2.0012104390743928
-1.2940525641906397
-2.414483564556042
-3.1230974641176035
-4.600475338777234
-7.648196381469343
-8.180128672451891
-7.583877397604788
-1.9297900488083102
-1.1491330906379467
0.3064214065714168
-1.7329687611802285
-0.8671748578721871
-1.4527682558716828
0.017252914884610265
-0.31939942910547825
-0.023521902145884007
0.2623098942297552
0.7355079554058189
0.02427747913807953
0.20359065390076106
-0.2447115780351489
-0.3644230728904326
-1.5636352164541185
3.5245133135906968
4.86666332135195
7.113503044452389
5.877420427497776
8.092782883997106
3.6480909799283565
2.7385475813131612
1.5581187303121993
2.690449950720965
1.1409176016261267
1.3540715428582322
0.12271382786590401
0.2345068663181049
0.6509184063425852
1.5734232596734528
1.2889179630778316
0.5530005596283342
-0.9480591706082148
-1.1979951509197855
-1.7243209743758356
-1.3820529151973302
-3.680841484788128
-4.814371781203193
-5.32082028961056
-10.008321520537766
-8.816813625700219
-3.9569270885852763
0.2882759767169338
-2.7615830090909648
-2.177963300418442
-0.6162801000796901
-1.3477584557531972
-0.7748985321862979
-0.32741864399026893
0.7017246644180202
1.2717166626266572
0.4165362193784369
-0.9479396400531039
-1.0118203272774677
1.7424867559925576
1.4537706641975647
-0.11363496492004678
-1.7299622215473183
2.5231664678970716
4.69762528909412
9.352919595741596
9.018541799628258
7.548205205614723
3.4120944728552702
3.95918352914684
2.6396201015747547
1.7028374657514609
0.8719387665574106
0.21984464686985478
-0.5557558388871898
0.5247455184990334
0.9983323185973606
0.5672164957607617
0.626559440408032
-0.046853490048100355
-0.02862097190240078
-0.7422253402307621
-1.4418223323427564
-2.52470613361396
-2.7620978074679896
-2.777640766909271
-3.137263012861555
-2.724329273133903
-5.569690727714232
-6.9429230692783594
-6.9927939421860605
-5.05943557497825
-3.6560053272217563
-1.7415718756876564
-0.40368237649345484
0.0005613142372648259
0.2710047374381998
-0.09476942971191421
-0.31654511475306857
-0.23494721578233524
0.36965499738607294
0.3572974028945958
0.8170539349016158
0.37422665938991534
0.8541661494981573
-0.6660793619251969
-1.419222824263217
-2.042400677158
3.3147602422449634
5.792578428710124
7.1630506648605605
5.4119951421888945
6.185903994568679
5.324122495153393
4.649549924763916
2.875889623228977
1.5723334753915625
0.9924698148465803
0.9352364759130286
0.5582153635384397
0.9474884669238121
1.1308773025087793
0.6798893924588992
0.588713010481179
-0.01554552441715184
-0.6992319050807814
-1.3462644476033696
-1.3187774988666319
-1.5052753816523745
-2.114997697194521
-5.133978711003086
-6.324638909718341
-4.910888579065593
-7.0649060745611765
-7.15644154664722
-4.351345027065865
0.38123746007110937
-1.3138511023680572
-1.0285204337671867
-0.07267983065649544
-0.5430352807567005
-1.1118833459712092
-1.0539834931374645
0.6645137893254943
0.6450060104972997
1.2358868040389968
0.6159275511280088
-0.2113985072819289
-0.21855386885482023
1.0602039405950492
-0.2277241174393939
-1.4973373139043318
2.6014128277841073
6.564349236278704
7.601716151832214
6.748765682147116
6.655296952779395
4.922624263068935
3.147388062354336
2.5031956253965215
0.9150263791317816
0.1729580646477334
-0.6505920162590476
0.2270212687125506
0.2735931422427007
0.29572261213942314
-0.044199699688796404
0.5139496029505826
0.24329447104513507
-0.39073226504868996
-0.3238518267415398
-0.026577373289878036
-0.8798848463444288
-1.6795190064622978
-1.5998148939064483
-1.0146211204904367
-2.9004133840543993
-3.841954903024308
-6.599267440037337
-7.810321276502359
-6.7681222977237026
-2.2071048745930106
-1.9819815674113228
-1.8475806938870338
-0.8315746672309822
-0.0005066833821160421
-0.800165249108352
-1.2060629434506722
-0.964511788832398
-0.33569486173990437
0.08110427017896113
-0.011169652103404173
0.5613707778433749
1.4970087435835855
1.1562920705854796
0.15501369452757865
-1.0262269541723574
1.147103992461661
0.5963588864673625
3.042785102485181
5.631862293841314
9.277875007194387
6.538342408566924
4.337391031479226
3.2816225239321617
2.379494223034536
1.8128576600742905
0.5131167096310388
1.1504914747316786
0.3537719338045321
0.14182811828378578
-0.3042026704555352
-0.008752516683484276
-0.6240434721996801
-0.35637879165792113
0.1253110615675506
-1.0509342958871493
-1.7656571839245254
-2.4244462846935244
-3.829348270363351
-4.856212970858107
-6.808548884220891
-8.261913674240379
-5.979034757412239
-0.88572150080551
0.42050949709563584
-1.869788155191595
-1.3827400158937229
0.17391280348305382
1.0593589413202
0.185791825730266
-0.05487111713260026
-0.06246283796878438
-0.3773932794633653
-0.24726401704204887
-1.7370660463451015
-0.7002080908133617
0.27952155675926854
1.8824471896336663
0.3289598407433981
1.5765013473484755
1.8549519536321668
0.25933492882692866
1.6662087444187217
6.952493659114787
9.27608694477695
5.424487638936484
2.989078067925778
2.8828374368404193
2.699467450791391
1.7089316305587092
1.0527261080824644
0.42687578323679515
0.28521866492780196
-0.13460433477053935
0.31118600004792046
0.07881270565303082
0.27510157280368125
-1.0795189831681897
-1.6986825764502445
-1.8273233558719744
-0.9438765265065386
-2.1828935720130933
-3.9690261450513455
-5.103154265327613
-7.148624953009983
-7.5897197837210415
-3.4456330392727463
0.9553256504449587
-0.14792145982343471
-2.816957505441165
-1.6710185018231511
0.04275152248756462
-0.9920601662881238
-1.3506108317091292
-0.49883187380906
0.531941972555552
-0.9399878722334888
0.029922496750386142
0.8909209775221304
0.27361691498040985
-0.035008271206828416
1.2108827455383335
1.6226847971641618
1.029771895441445
-0.24064524608419716
-0.29915585554945034
-0.0884996649854886
2.0363323234187565
5.48051494357679
7.581137964348068
6.711821345296952
4.437047539278137
4.614909105866614
3.6704505863965786
2.3584733839720196
0.6988186915911896
0.3856397348151816
-0.11166702203162546
0.4122756070240342
0.25912056951744283
0.698920298593648
0.6537484009536687
0.2148306037256542
-0.6992046579998898
-1.0647252517603107
-1.4646595929536252
-1.6485621094315133
-2.1044322029804126
-2.7862795540268124
-2.8071896938728877
-2.1225297355345916
-4.628333330219832
-7.587121938203804
-9.162014859756301
-3.889133754601947
-1.062212170339739
1.5680219368003199
0.17506803288064474
-0.9526948755342721
-1.3735564529221953
-1.0310030732672015
-0.8181867699758082
-1.0863910150010798
1.0907446650509585
1.9723428396452223
0.0875865292112815
-0.4447454749185617
-0.8937348199271404
-0.17116301852238533
0.17768397690535076
1.0065673145347185
0.3680894377871898
-0.2542970770613623
-0.8373619368472284
-0.6984985607629607
-0.1469168034807012
4.032514282723141
7.245700067887514
8.213419895253999
6.329202625199185
5.058648350931859
3.828533631508344
2.7730917470205747
2.148614934008013
1.0205960261893823
0.49076500647581417
0.12861869647415192
0.006685178029746488
0.052781437507785856
0.6610159292164506
0.6168453982607781
0.6286707418440332
0.09269604155258321
-0.17675189390894525
-0.12404233037555172
-0.14506108788556896
-0.5731543561998979
-0.5391019631482209
-0.36789511941760816
-0.572524141726997
-1.6229006911454735
-3.344098228963385
-5.771288250947523
-6.372274947548888
-10.330045822485749
-7.440363525589246
-3.1590748046210724
0.7999375058740416
-2.7036161686692184
-2.262309747058507
-0.4739013500634526
0.7534809627246711
0.8519441068886852
-0.6822246108549215
0.35200863795031373
0.5157687722599033
0.1610396435170703
-1.0027565602331165
-0.06088727964027637
0.08176195763560233
0.43855768728933847
1.0748545386576513
0.07772579249178538
-0.879383064580912
2.470634592392204
3.6369905137935175
4.7746709381581836
6.326860954728616
9.134486427546449
6.427881772252698
4.082371177219742
2.6575379592727866
1.6177632650478122
0.8317200883101157
0.7092876757806791
0.6096323494319613
-0.03246338348897167
-0.5543760214267128
-0.07998203633326828
0.005250850616310988
-0.14965977075278322
-0.40002759366946805
0.13411211913972335
0.35480192217365997
-0.7961627458960638
-1.388653336746909
-2.6137780460400117
-1.7872401866720362
-4.223858689106728
-3.8474018034391553
-3.881251515742232
-6.497396104351419
-8.600719465171528
-6.820749722150395
0.22659084916774164
-0.25418519944109597
-0.3646693255928442
-2.264316077355312
1.0542489438580125
1.3531765576118593
0.9453298901120687
-0.17902992829477637
-1.12267405815623
-0.13048936793059648
0.46460335958358556
0.2601914609528992
-0.7114886070316366
-0.3966311731003797
-0.573697462157562
-1.5431292154225478
-0.93478393290002
-0.5439653584600352
2.9714611926927708
5.341505841496946
9.247106576094554
8.567134857865092
7.460420499116884
3.98092767051051
2.7820809580983235
1.3817584732733876
0.5044772209356341
0.5312080947305922
0.017803819682214908
0.08330812028394281
0.2291784806973204
0.1588524844893381
0.26791121609519764
0.40037420549942043
0.2220015753706421
-0.25757737896878874
-0.13686868844213884
-0.5863423241820447
-1.1123301538787966
-2.8704225993289976
-2.20784791761142
-2.8948267561104672
-4.789232212015428
-10.22127835218957
-9.232214767935112
-5.180283218038465
0.5481837846706096
-0.7268302927339928
-0.5267092459086629
-1.0558222354788922
0.8774478105526228
0.14773959325680494
-1.1440472335978737
-0.4608279974944777
-0.030521289546982036
1.987333272700431
0.5969231404387254
0.7269068317305885
-1.122856712147109
-2.093651589694244
-1.7561614190679213
-1.9454401446915666
-0.9273515859148178
-0.5123731044117741
3.0116914005940676
4.510488248357274
8.197180154139492
9.246345331549351
8.592554166384263
5.141266574784619
3.7008230580313657
2.6097878066346585
1.6388136108233597
0.9315133531296224
0.4979843678555146
0.427411097533261
0.2048341117886615
0.12117432133769168
-0.07044815699822635
-0.3961001325504435
-0.16226369367003757
-0.1339832532094652
-0.14974348086811076
-0.7976596644525067
-1.3224865258256966
-1.7549792568569031
-3.982646029608713
-6.957356291551844
-5.8227567961132
-3.084164494360495
-6.497562220674929
-8.036296245003763
-4.458141335391517
-0.4859712615749366
-0.895136916340967
0.21672980694400112
0.26984985211891804
0.19542831434840227
0.11420588491388145
0.04240596633709145
-1.3602045268455905
-0.9686971830078877
0.4890796028331865
0.960926155439573
0.22871215717141868
-0.8908933890238411
-0.9268502183752695
-1.315251170224302
1.5650241956488804
7.095860051680271
6.075550146542557
4.919637700443002
6.1988724205224415
7.7975016815908775
3.930671329695458
2.0679626348519142
2.6121455792111763
1.9536533764608977
1.6004878446421245
1.1574884625692974
0.7730440595268875
0.09110872900802554
-0.2333498519101495
0.3839175636505509
-0.05057646831904415
-0.29769954312263286
-0.819189618916205
-0.08417195677292505
-0.2010893677456197
0.058495717350898195
-0.7385212515972659
-1.093968534242289
-1.1342030328699093
-2.9623156929232315
-3.929646676085891
-7.307935831174191
-9.816265906100991
-10.087086519556182
-3.7290617290803896
-0.11503243066413636
0.8521360173068139
-0.6299133503736374
-0.22678094549123237
-0.1196765054335526
0.8859151425420224
0.3263597756611438
0.10424336618719479
0.04998615215070174
0.03263185066124571
-0.09635811511124186
0.11206374244808828
-0.25173764293157475
-0.6537176467771444
-2.571716867360363
1.7431205523352764
2.0298618881362236
4.6490693680172175
3.821234758751839
9.027403378686675
6.519671262488943
4.945440860638006
2.707874476198958
3.0920410170456685
1.6826328892915778
0.9837876350075563
0.6447761153172418
0.8375209544582939
0.8189515772734678
0.35276764686707857
0.006715892769424796
-0.07834258443917276
-0.24236262397644692
-1.0245540904037995
-1.0665188786765551
-0.5304676135470823
-1.0875852868184528
-2.586879016971388
-4.873420097559399
-7.007658867078562
-6.638253085386444
-3.681262494367331
-4.965952159746337
-5.204027946808245
-2.161573732287649
0.6650655067176215
-1.5517123195679494
-0.9214876281996184
0.32207751203061147
0.834984034660202
0.25611237206360393
1.147326818118287
-0.13074680455186571
-0.35192812110369953
-0.1741448104476039
0.36125454654495126
-0.8843012255620747
-0.425196168276486
1.0884434508568812
-0.09510007970789393
-1.5414453053801387
1.0330778778521446
6.670697009791903
6.903307639134464
5.55489152257611
6.135696465505687
5.647024840166649
3.2588202243158984
1.9795546767505383
2.8571879868615184
1.4639186655851921
0.5341426538965663
0.7176152847747316
0.5117369441888588
0.21755416751625775
0.22590525487837973
0.532412213007413
0.14878720901301448
-0.19283659391587143
-0.29497148998458245
-1.2241082924408893
-1.6930386726289888
-2.297631305798911
-2.0864776546901096
-2.727638574319404
-3.6719685345199093
-4.098688921495538
-2.5467864837221925
-5.6621032120297805
-8.629710959848675
-6.3327013008601885
-0.6818575029157297
-1.3624138269899964
-1.9598667836012018
-0.5702357378792169
0.8529225469708367
0.19472452277286081
-0.06768050778364063
-0.7373899714423524
0.024018310309317482
0.6600206598678213
0.43638943119352547
-0.2824016855197547
-0.2173055786445159
-1.170881011452501
-2.234026941651761
-1.299675291408542
0.14303284100212033
0.6852420238167195
0.22027825115430336
1.6605249391939132
5.218575288046897
10.584201879736158
10.735067138765091
7.739027987608618
4.094188702130037
2.6794263673158123
1.2324915420109752
0.8255177850682841
0.8709140891930527
0.5732550554885723
0.20773061841233245
0.13632308469294527
0.341465867106827
0.6803258137680088
0.533888469422991
-0.2441225067683167
-0.8373343201606255
-0.5544188610153093
-0.3368661887951388
-0.6924938752617499
-1.0745656979395455
-1.4889904657594768
-2.356334081083552
-4.554298382481215
-6.429451253680965
-5.438123639054691
-4.606472281386513
-5.96185615365664
-6.806396305002338
-2.6399272825436886
-0.6447404506561991
0.6875578161824683
0.40530946261947837
0.925221425121827
-0.3970368965324332
-0.7201998498309321
-0.19492720573923036
-0.15106190548556217
-0.6857759914231975
-0.6201929608979911
0.8749723495506981
1.3253336851990856
0.18018780010223043
0.10856598397063495
-1.2448620261498102
-0.8107823721871319
-0.1590264163905401
0.1146204689481893
-0.7200323193842472
4.358668127468461
10.14030436006237
10.86372672134918
6.680233883372053
4.175753112330678
2.9477039381130297
1.6403030369873028
0.6250386767724248
0.3302480013819159
0.11690629317347544
0.10988789966318094
0.367569300394853
0.5898161987696138
0.6852257288645037
0.6379351006666852
0.5588819950665587
-0.3222068777793015
-1.0911107616397218
-1.155236483870771
-0.8324422785623184
-0.36355529599353464
-0.6862530498416576
-1.9226980004508958
-4.9502825277651965
-4.886338672284456
-3.455579649983128
-4.378309853386009
-5.555265462266887
-6.255270340074433
-3.2390186294115657
-1.5345052611505334
0.38532328691414625
-1.1827801539722527
-0.37898553958146053
0.2815198037486359
0.46356835732528384
-0.04403948628473792
0.5575194974064762
1.0665547611580037
0.5299781093776702
-0.8166199996590593
-0.6024024591002273
0.07442656407890272
0.6884631545675765
-1.7308526024552964
-2.280837679248495
-2.2066744785525017
0.3331356553939411
1.0033477766950636
1.716592696211126
1.445971632467698
2.8478132775222886
8.856989945347307
8.783524606127193
5.543322782083297
1.6253121811489448
3.548177806404717
2.513212808198786
1.811751484119489
1.717693048822293
0.8967701447438702
0.34487640853824325
-0.3027091549302424
0.47443483280737586
0.07928929687476809
0.165662004922385
-0.2778299529810726
-0.4006605077804287
-0.5399111084125718
-1.071320529141678
-0.38670680471374985
-0.807253942967238
-1.1410644595969426
-2.4222346242360104
-2.5911368833723523
-3.4827897066842533
-6.632027728249205
-5.553740457297044
-4.860317755668362
-4.147102616102457
-5.423453373479268
-1.1811701150289622
1.7436875060409909
2.049245557751611
0.6442689461772427
-0.3102852317713771
-0.5778312068866693
-0.3321814497398165
-0.3175931968647003
-0.9200357984509329
-0.7967738555184598
0.3315575894657594
1.054466753578488
0.9327481590206397
0.51957262180198
-0.2330208326440291
-1.2959558657800538
-2.3037954025446594
-1.4686839488536827
2.5814440500170406
6.106581784819852
7.449438484660865
6.441127640665893
5.438453568175958
3.807604362232989
3.1977343605169923
2.147930782116509
1.7487232679725535
1.2864992319286082
1.3087937408337778
0.2427453989814259
0.005403992886064165
-0.30499740142426246
-1.0038300697617448
-1.6186533643970589
-0.9585939820535451
-0.7313502886182925
-0.9558824590301078
-2.326284379074971
-2.4802173133398773
-3.96949905653376
-7.73576823159735
-7.3090485737458755
-3.57334737911454
-0.11456214376467697
-1.2761719002004128
-0.6871855495281389
-0.5090995905141084
-0.6541933315674741
-0.8409486150846225
-0.6705822902093875
0.024758200612672608
0.42906518181973397
0.08954991710363412
-0.20450363412235215
-0.10379174749637433
0.2852745297417501
0.1170839789410999
0.3407786899723297
0.551353749770666
0.6361222880360152
0.45010182993883213
-0.10902904835809811
-0.23558460673736661
0.3204864901942738
4.006392004039982
6.521094146331134
7.767916386075278
6.601535835646372
3.960291959022074
1.816128327501948
1.3792594489530805
1.824665814284802
0.6924525701834988
-0.25323743741001253
-0.5497583646862726
-0.5190412871712076
-0.07979048935859999
-0.7249973623533655
-1.4350666865477073
-1.5197853580877416
-1.1422293091001405
-1.8225194089410384
-2.0378421979900856
-1.6195005592667366
-4.224711373287671
-8.601266896735849
-7.114082679364106
-3.227204116270089
-0.05420284085116119
0.03446841335757152
0.0589426085111572
-1.1253509984454553
-0.9205545802719183
-0.5273309017578998
0.20499305134589196
0.6232230705388924
0.3988615616597955
-0.8087949773933316
-0.8042872842796741
-0.11837187067535178
0.17570531174303822
0.06662827773235115
0.026357451569357482
0.3031399047309461
-0.11872592028347959
0.33803099615714294
0.14373687465648194
-0.20216148850901453
-0.8454927951731015
-0.21124371901521313
2.1891136389734496
5.081689742947431
7.5558963134627675
8.038476249151264
6.27018069589386
3.1547171057729617
1.7218047086323975
2.1130005031258614
0.9738981702020798
0.25299119651708385
-0.04269675096743274
0.6624097119214077
0.42899589077183453
0.5209596422165504
0.05883353522007641
-0.305870833050554
-0.6096279978926058
-0.007010505595466519
-0.18212644024132732
-0.9453677674345156
-3.193770981239166
-5.009719803201903
-5.727609016193304
-2.7683318378100323
-0.7695973637217706
-3.8489453403445695
-5.359781262657319
-5.518122907367374
-2.028347591083295
-1.164062721279628
1.2156589036645218
0.007992244525553555
-0.5383681727453122
-0.8056575078302405
-0.47964248485030286
-0.11627334561946992
-0.29628367617565393
-0.3356393939368221
-0.33837858790131997
-0.0012662532360369792
0.42671663459320147
0.40122829363737295
0.16001670537344523
-0.33849154182407565
-0.10244666327326762
0.8081494118263298
0.681191920633384
0.8404087511054631
0.12320257143540937
-1.2016703007805918
-1.119521876917121
5.465485976493639
