0.3103448275862067
0.2016806722689074
0.33673469387755106
0.18367346938775478
0.4285714285714287
0.33673469387755073
0.1666666666666665
0.0
0.5031055900621108
0.2626728110599078
0.33673469387755073
0.3956043956043967
0.3956043956043951
0.3956043956043951
0.46428571428571336
0.4285714285714297
0.5454545454545442
0.3956043956043951
0.5031055900621129
0.46428571428571336
0.4285714285714297
0.5031055900621129
0.6428571428571409
0.6428571428571409
0.5031055900621129
0.5918367346938784
0.5918367346938784
0.5454545454545442
0.5031055900621129
0.6992481203007526
0.5918367346938733
0.6428571428571466
0.6428571428571409
0.6428571428571409
0.6428571428571466
0.6428571428571409
0.6428571428571466
0.6992481203007526
0.5918367346938733
0.6992481203007526
0.6428571428571466
0.6428571428571351
0.5454545454545442
0.6992481203007526
0.7619047619047732
0.5918367346938733
0.6992481203007526
0.5918367346938733
0.5918367346938836
0.761904761904759
0.761904761904759
0.5918367346938733
0.5918367346938836
0.6428571428571466
0.761904761904759
0.9107142857142727
0.7619047619047732
0.5454545454545442
0.6992481203007526
0.6992481203007526
0.6992481203007526
0.6428571428571351
0.8319327731092518
0.761904761904759
0.8319327731092363
0.8319327731092518
0.6992481203007526
0.6992481203007526
0.8319327731092363
0.8319327731092518
0.9107142857142727
0.8319327731092518
1.0
