0.20676861831279994
0.2448402191941834
0.2309999573595414
0.2297914074953079
0.2538822754959219
0.2851045682846828
0.2743436062893375
0.31976542012065784
0.43117481999659224
0.526031619094043
0.5342964574051184
0.47667671643388354
0.4006816939321157
0.32211307726937877
0.271765604581353
0.24058319776249604
0.2210293511214437
0.22437992453183614
0.22685680085070872
0.2510582704113179
0.28091920291848493
0.2990174188687655
0.36672600829058116
0.5298095788126838
0.6700108008242094
0.6742471365115492
0.5959924198953762
0.5232365188186643
0.4376790751789223
0.35352430239273996
0.2956362699585071
0.2803502268637871
0.2764491682246043
0.27355114914688755
0.27234016213293644
0.2865485583413352
0.2968716261937972
0.29974632233370513
0.3288361843282103
0.41788108674429947
0.5009770823101845
0.5262049545566451
0.5164583221971615
0.5058444172316653
0.4584889330786593
0.3870393208725453
0.3374047121380731
0.31266880935915675
0.2948905813073398
0.2790351776811392
0.2556851984939431
0.24032911667909143
0.23852089244684976
0.23495244562515832
0.22560016898506263
0.22090653435141597
0.23038573819528824
0.23211167818198794
0.21933154059356733
0.2572901700770239
0.39726836492815565
0.5633558835125178
0.6399202769424821
0.6346178587601535
0.5885584427612458
0.5583756584010574
0.4915591761829648
0.4031242599546673
0.3236810294837973
0.3278481267858466
0.32817997795116505
0.30662531507388857
0.2882801972670126
0.2981238392539607
0.2906666944459731
0.26385463977369583
0.23769431476819608
0.23656542323290017
0.2525612807488917
0.2502900862358832
0.25385164958343137
0.4394617529103251
0.6268405111745035
0.6891566032548915
0.6225806329503675
0.5913691510563928
0.5302033451336866
0.4326047276107186
0.37101459872296855
0.31903241229953844
0.28908097719681203
0.24468617420616856
0.22149187151682698
0.20911744424050596
0.19664007259932975
0.19976317311401084
0.20245917431752133
0.21911110240337994
0.23880003921266554
0.27705771763413073
0.2920333207811171
0.2964397551226129
0.37991013820031916
0.5593303082209348
0.6935913580071917
0.7177391249856235
0.6160912251859932
0.4727591090226716
0.35157273347146234
0.31639914221723286
0.2848820323082283
0.2519306068197604
0.2476653464718506
0.2497008231489149
0.24830038268043547
0.2393860971804243
0.2392202806192174
0.24846584836477859
0.27564943667038755
0.30056814018607203
0.30423137920770144
0.2967149367917879
0.3697777650333438
0.5653970074950212
0.7993011498741784
0.9599098451670085
0.9815895019394087
0.8918742021096147
0.7910634823437658
0.6944544224492435
0.5753390850945141
0.44900269298809403
0.386887362496626
0.34325802574509223
0.3000575375111795
0.2761344038563862
0.2627648560453889
0.24333691508411703
0.22603032379344978
0.2266538876419919
0.2351972593437294
0.2517682232921829
0.25105062132974654
0.2133499328766383
0.28906004306080146
0.501706580371031
0.7344370184026887
0.7895121458227906
0.7571888020786031
0.697755232572717
0.6788344559561319
0.6439130366016884
0.575405419244529
0.4733412900895574
0.39642495480883705
0.3244550669003874
0.2606643817402104
0.2237360512343305
0.21822707213956555
0.20726175450328638
0.18967122318246438
0.1840385805545493
0.1890972680076537
0.20300655914930346
0.1764604786285745
0.21573265690500978
0.3307138847629475
0.4746154599910217
0.5216681682401557
0.5150085304273765
0.4526254216568493
0.37366890310189593
0.30570170261594676
0.2973825610751719
0.3189853985899285
0.3196655871288409
0.30511374715439754
0.2837496945829314
0.2672870809546507
0.2461936663313837
0.2463618591097426
0.24974104244803566
0.25369276222611414
0.26875713273459617
0.2996521761475125
0.4099960527836651
0.5507957671557164
0.6148886855713875
0.5667126514277516
0.49689598435296317
0.45346862945912864
0.4107800592242228
0.35230937472755697
0.3152457557812987
0.2783407688095737
0.23164694898023658
0.18053280222151885
0.1805548992257977
0.18806359394178612
0.16932536232166956
0.14713109871879648
0.16430031190976097
0.1975247531550856
0.22529751921522004
0.3429552788442618
0.4935960632911637
0.5790184963955032
0.5639380758760464
0.49949569650198156
0.3876953820483575
0.29301727809009687
0.29225993237034653
0.3130124569296501
0.2933316556125722
0.25151326155461906
0.22397380765374952
0.22114307072243883
0.21546655673911827
0.20686202768428255
0.2028979961875347
0.20602919934599853
0.21843054627267802
0.22855708883203193
0.2247058315368137
0.2065365991507572
0.27766947558334937
0.40359056570120205
0.5130893916784076
0.5402708995482739
0.5428718766344376
0.5303054686642593
0.45959537017709573
0.3522789981919916
0.27291603339792536
0.27060633747518914
0.24664798627923212
0.20138227097351977
0.16727670520897367
0.16494406553550034
0.15847429037202018
0.1553963351157311
0.1628997621739538
0.1851495154563827
0.2069723922645603
0.2742426416614751
0.4452358408630226
0.617688194427694
0.6892916224128041
0.6266975750572397
0.48556750391420855
0.3275880084580851
0.2581904506395589
0.2598833545803243
0.2561831460254306
0.2445050369160029
0.23335753128948
0.22245965995671302
0.2033410102814253
0.19175884081920386
0.1919088532738465
0.21091429525786887
0.224552619103048
0.23267325548566772
0.22725956228423394
0.3007716604189373
0.4452386616148891
0.6904374478849589
0.8864456434237171
0.9467416526006553
0.8097843230294806
0.67346820737224
0.523160563877765
0.3997070364418576
0.30902196941138477
0.3135923101650493
0.2964154812368057
0.2524921724870757
0.20468108791487016
0.17816697812229032
0.15122353401367858
0.12151743045712732
0.10278572820892384
0.10858865334873674
0.1396024470421075
0.17416584938721488
0.17042139522747085
0.2198615306302708
0.44102162316638227
0.6571306082692208
0.7149237840158249
0.6402767611329876
0.555181580843946
0.5243973673784138
0.5086362876943487
0.4833240341939379
0.4034538780771383
0.3686755580315201
0.3283572052948255
0.283035618739397
0.22408901532461212
0.18130466628340447
0.16922301223143577
0.1780400427746521
0.17457694974317117
0.15587449339315648
0.16014380683680896
0.17394485662665216
0.16774955202810882
0.1644383297860394
0.25340630572164347
0.3860174308061648
0.4645359540682005
0.4631462946895116
0.4533264950878248
0.4890672521837535
0.5167133975590389
0.5478634710866296
0.47078019229478585
0.34640612603312354
0.2247850400587736
0.20216186827762053
0.20086911206751223
0.2097409667305043
0.22594664377100984
0.2315743208798524
0.21104784545753158
0.17914424222953368
0.14959503635280919
0.15394581021700726
0.17088787148461038
0.18852428696654086
0.18321507276554705
0.17851585991944893
0.1766618163079232
0.17462715013491395
0.17594166045448323
0.1650062417432458
0.14800782010770616
0.13181233355731178
0.14710940012610574
0.1634191175804241
0.17321948533991594
0.17409681548975708
0.1802864053457415
0.17656588911116278
0.17656256369426332
0.17770827907795161
0.1657184033235376
0.1559622080402976
0.16100116560830807
0.18058164784731612
0.18088643204293456
0.18764980047828092
0.19473026791380776
0.20207760439915895
0.20178576552091562
0.21228642977841378
0.21736846893691555
0.2138431843232087
0.19668445654756692
0.1653998887319611
0.13937851149694203
0.13376967601755646
0.1420753522598619
0.14682165123469196
0.1621572510483784
0.2135388651311524
0.2462777885263748
0.23955221926648856
0.20990102198793412
0.20352833624856606
0.19336685481486532
0.1746024212673438
0.1597185327876053
0.15465093283136325
0.16618862097344145
0.1669846429619405
0.15182284482484126
0.13335200010940113
0.139619892776715
0.14450010570998578
0.14405586060793293
0.12982045930166708
0.12150654945236132
0.1337647239797868
0.15433384242774095
0.17350220525030852
0.1847704190941008
0.2055306526358701
0.21857306099009557
0.19685922969402297
0.1275890616511032
0.07909403679394625
0.08344343777048116
0.10657671844780481
0.10468073331885047
0.10234936139581671
0.10603207392883238
0.11212826630159495
0.120546721781497
0.13518530152430994
0.15015420015002912
0.14005679826844203
0.1220707055415251
0.11525460318371947
0.12664735094010943
0.12548433207109094
0.13104051338277328
0.1417543710668617
0.14498944708005035
0.1468777874128237
0.17086644420201913
0.20028600610210168
0.18105241715291923
0.13231033379894275
0.09486362059664831
0.09558954104209816
0.0968817519270142
0.09132820546389804
0.08762035655415412
0.09639667186568988
0.10935618289502708
0.12132046239648192
0.1361110436570862
0.1479094976829901
0.1553011573778706
0.14630741863520813
0.11570675434550522
0.0978539569451937
0.09740771721692773
0.1066377335819845
0.10187387577760701
0.10370248219329986
0.11650234784088662
0.13967855645017963
0.15938815044718466
0.15859640252293875
0.1329848949197412
0.10842467017804414
0.101824496220812
0.10867119404933362
0.10594110696888563
0.09970010793569904
0.10405387039703742
0.11465184004896128
0.1299738885069277
0.1407848333488131
0.14278443752177877
0.12214968080708756
0.09423338650186516
0.07827665725364509
0.08698453811379887
0.09796110297032304
0.10025429631259203
0.0925631181232184
0.09679029950067192
0.11879238056943554
0.14671424158609636
0.1640663858279966
0.171847759194465
0.15929515777932404
0.12910155523512257
0.09048216249998917
0.07077546005447406
0.06599397714210604
0.07231868791589466
0.08127054409379594
0.08926163912162018
0.09407760151551389
0.10188575131857716
0.1053471484605354
0.10892369972241955
0.1052275020662191
0.10171407194225449
0.0963917232804504
0.10862761481791514
0.13297838049876953
0.18272145517693303
0.2396850709220728
0.26786137833861057
0.2565841714326187
0.24932054024034908
0.26673423549264086
0.3000693232535284
0.3402044038914592
0.4179963059354179
0.4930684687680292
0.5593883466185643
0.5733996582152739
0.5698260148310612
0.5389171399618716
0.5374037720542958
0.5418503838837572
0.5488922290188099
0.5479057936774466
0.5506335559170528
0.5462016097370526
0.5390608360100004
0.5193324799562378
0.46870242294670905
0.4054851702645917
0.35314084594699724
0.33156465261248846
0.3119819036353331
0.28383222495245647
0.245764742824027
0.21134838606967027
0.19554140579734428
0.16481209910120448
0.12294455020177442
0.08274691890871465
0.07694527238781285
0.07334590612132774
0.07197607599104905
0.07339659635261642
0.0789715054448889
0.0818005299668175
0.08967301741185443
0.08906001427288154
0.07932420828318418
0.19956222848368807
0.41127797032894164
0.5796902297676192
0.5855801906286231
0.543409883630488
0.4789358655903872
0.4360949341587412
0.4169009438426022
0.42681448808190614
0.4557170353692547
0.4947805697535574
0.49981274545809395
0.48380652818823694
0.40956655559116933
0.335139843905186
0.2784849971980918
0.2836867521191998
0.2622909599312601
0.23416163114910682
0.19228917562980424
0.164922329369723
0.14522674587955245
0.13081845831768718
0.11628566457358736
0.10649547130417417
0.10149826271853966
0.10097987816054534
0.10694295482811882
0.12035882697646272
0.1345516600953281
0.15720501661830227
0.1813551114313552
0.31558841984952407
0.4509815206704317
0.5405379339888317
0.5200199336951296
0.4873692183218444
0.39106548189723933
0.2933961920516055
0.242288521415795
0.23036369283958705
0.23791120029453453
0.24837508531363828
0.2844740183239558
0.3026991737179543
0.2950118364635551
0.256602270631759
0.20294099942304006
0.13836916415384137
0.10068231476816754
0.09446955247450306
0.09548198430124356
0.09483861437074426
0.10740039717488313
0.11647645498313192
0.12429549212738411
0.14284598812597257
0.21290935913073653
0.3022503332758791
0.30140107495419777
0.24061453001349373
0.17772658871886304
0.1463838107605124
0.10652679723896612
0.09638899425561487
0.10672956252897442
0.11396122865726979
0.12666819218776637
0.15163066670014508
0.19431502350275653
0.2660312184805038
0.3292183596037358
0.35254155781136853
0.3376657410491729
0.32536033602259884
0.3247963665985978
0.3158968349204633
0.2906542807761532
0.24295773748556992
0.21677483421431198
0.2002202843386073
0.18864532969573228
0.17956682196020568
0.19040673751419002
0.1998526641833938
0.21815452407476504
0.22888575830031074
0.21236754262128507
0.16031005849304267
0.1185200496425999
0.0931128827984982
0.08982716944205409
0.08777612472900821
0.09661854157175848
0.100738184448502
0.11955274982725458
0.15457236922545503
0.23510295445277282
0.2893979198735386
0.286272753325614
0.21773936851646544
0.15944419149216255
0.11126750613174775
0.09208653156878145
0.08772311268409155
0.09569604696490708
0.10198251012597757
0.11573389797319023
0.1467992797753026
0.2259661037640639
0.31540752371065517
0.32994002103725834
0.2684306151309446
0.19114246148473046
0.1446187739178155
0.11114266017707951
0.10011586443447532
0.09555297086224257
0.10093196831231045
0.10670516234446681
0.1332400607576062
0.1859326068917187
0.24460662435813313
0.260823580612363
0.24433382797962291
0.20782198402716587
0.17768694468690974
0.14309881184389295
0.11787906352914244
0.10387008036777716
0.10860693240027061
0.10986285165876804
0.10102830302806819
0.10944777979892795
0.14337939653749115
0.18160174533315154
0.19735228713197167
0.17732001957231353
0.12049235207037905
0.08001991494572562
0.07899542317321229
0.10550304181963412
0.11328833098438643
0.11354140331000329
0.11285794255160712
0.1497675201509962
0.2142513436513305
0.2416423852590081
0.21166706599234542
0.1398052642142706
0.09607069546183303
0.07497730772373125
0.08829136896670413
0.09603369203139306
0.10472090341662735
0.11157040784240918
0.1538572030131827
0.22459347713708266
0.25847462561817186
0.21597438806817015
0.13379899875534684
0.09387155481936357
0.09496197513219828
0.10336452791713607
0.09310655067813103
0.09948215537717013
0.14836154601466994
0.24636268372878664
0.3113083071134401
0.3147940972543135
0.2516762707809024
0.1732253774091997
0.09999525607994936
0.07559817767803917
0.0827307859768632
0.09622247619008961
0.11440731479014525
0.14017037349926956
0.19548080441201668
0.27482143046469765
0.3046175591665219
0.2598138360114223
0.2080418580304487
0.1657124249700014
0.11949591025639678
0.08320223529732121
0.09437618514965324
0.11711772982780197
0.13601327304302457
0.1555436555228099
0.2158096460650931
0.30765476998811747
0.3391482983892675
0.2918728049454605
0.22131779281545488
0.16992581284212185
0.13084248010605393
0.11454737364596806
0.1167054065095789
0.12367224080795519
0.13693601657747456
0.15263757410689577
0.184145022380335
0.2414518191968809
0.28104121389133735
0.26692246989629753
0.21583510048700127
0.17179454536117786
0.14962095042016657
0.16249169862200002
0.20087935820238603
0.2521704207992454
0.29332677384732325
0.2975457790201615
0.2636703514927876
0.22501150625583927
0.20604880399978975
0.19680439091726484
0.1944977430899336
0.2025087866103034
0.21146707671180098
0.22099212933175721
0.22515826229310285
0.2381893160734918
0.25070666631607175
0.24921111006517221
0.22721475461800814
0.1914029657115363
0.17317759833031943
0.16513140073353513
0.16913047552453486
0.17221881407033332
0.21512115502375087
0.27875058941832814
0.3231115243559927
0.3090447393226059
0.2563321984248061
0.20812094872056183
0.186363471038133
0.18562052751578004
0.18487981385571553
0.18361351875032852
0.1737691088091571
0.18478205172263923
0.24530378832058544
0.32214787412443296
0.34483443563243543
0.3002741610631697
0.24887529913247927
0.2213356471824911
0.2153162396162171
0.2014196413461951
0.1866801192725342
0.20717975324746193
0.27300306398958096
0.31204578497234925
0.29230344068950065
0.25243890731722285
0.2436190696445347
0.24377510064105087
0.25581359063595466
0.27479657263337953
0.2784274948677488
0.2486820610224319
0.20619053122076042
0.18464133686713569
0.1865860399935676
0.1904124892609305
0.1959734853366646
0.22492133274479012
0.2630263753708068
0.2585848070715336
0.2028146760555958
0.167501258764526
0.16565363578943743
0.1735543540740701
0.16465888023280262
0.16388302051776776
0.2245983531397059
0.3531429875798797
0.4263244176846962
0.3649856665301976
0.2614684089161526
0.21223367981288987
0.19729674761228722
0.18809637498527412
0.1846619394590234
0.1725382424622309
0.16716843655895497
0.19374477461702044
0.2534588778679975
0.2973213639241271
0.29751622210526785
0.2683187595319993
0.2451343531759545
0.2504032675962826
0.251501019524791
0.23795122022825585
0.2022722475640987
0.17558241498040056
0.16576962572883758
0.165991212918908
0.16469076707916674
0.16056891499943834
0.191048581359864
0.28320711845640373
0.35298832233744626
0.32552352390587447
0.25079906008369923
0.20266444442437087
0.18484675549246687
0.16783170737027953
0.16939037186436656
0.16739937698928287
0.1667433618347856
0.1499412134292275
0.1542436323994486
0.24963352327661295
0.4076235012249769
0.4877469068975373
0.4366021692858767
0.3148320615901069
0.2230660029874384
0.17083208091121127
0.14292572201868856
0.12324503467197216
0.12247895347977664
0.1286328140941677
0.11874151293343185
0.11605484310342605
0.23164805219301912
0.38907474147887855
0.46916237176431985
0.41846276117014386
0.3433420197219683
0.2520655886965213
0.16066665890599116
0.10473466693276835
0.09713198846240591
0.1157064727807978
0.1313480311946683
0.1278163423261155
0.1810547205703288
0.3184126627059969
0.393278370857333
0.32949446018399065
0.19805294156815823
0.12736344493226093
0.1003844896017087
0.10989735287401581
0.12418178217527404
0.13426674758417823
0.13188441668161632
0.15389865389180765
0.2566834977334326
0.3488312619656812
0.321314888700011
0.20583411429090412
0.12203774210513779
0.08976599823648003
0.0791785609443373
0.08961258491005529
0.10640631428552991
0.1250559451823202
0.13959624080880534
0.20985622013619484
0.3099548542295366
0.31319039927652315
0.22258456465930287
0.11974412186346589
0.08291248968270717
0.07463397212636903
0.09649179151057857
0.11100614756404142
0.11523513641573851
0.13354045880935295
0.2598339205996965
0.35655214099472543
0.34476656707471365
0.20532207791709772
0.1314989876530611
0.08567940169361923
0.08156146507137685
0.07892446098117546
0.09802350272634734
0.12154792184699895
0.1424188563840163
0.22152529438904714
0.28263987438459487
0.2414626351485028
0.12786093919829608
0.071486655232357
0.07064004744133619
0.06645629979074033
0.07766072348184008
0.10449229457976515
0.12283363263849405
0.20003266467366992
0.3036472159732787
0.3732681276192267
0.2893406187028678
0.16054181152056032
0.07621821132199413
0.06629004875326282
0.07291666050781048
0.08061781328495506
0.1042477983098629
0.13824819492252716
0.25053651377831865
0.3463537425758997
0.32229143674871064
0.17499593211337638
0.0884657510973115
0.06328617850357833
0.06885317386317868
0.07075781574036258
0.0946679009524268
0.11552979743072044
0.1662023052540425
0.23771923756013236
0.2594235650106781
0.20888292436516806
0.13923033760966946
0.10900546686631232
0.09039303930179793
0.09156570758861096
0.10798123021319389
0.18329777393439461
0.32721372752469036
0.40887638676911886
0.3786969769001105
0.2779685400267671
0.20941182224765567
0.14696609636387392
0.11231473601919821
0.10923615489598719
0.14303912899705934
0.20254671277875097
0.2625365663221868
0.31299409529136657
0.30453987044716885
0.24319013570536752
0.16598339614397667
0.12763213960637776
0.12067227300982426
0.13435949070307884
0.15586150633849394
0.19941114173199886
0.2899498384213929
0.3809823542593851
0.39263129240793104
0.30445939838973984
0.1898354355305003
0.10907226353101632
0.08499630917251631
0.08885160351594489
0.10496250938057414
0.13619144112166254
0.2131547821666538
0.31939558035576243
0.3656982686049244
0.32020560376379636
0.21532669957022274
0.13853882607079443
0.10756905341512066
0.11743829507543743
0.12578751143971006
0.133310585563327
0.1784483007789726
0.2772171545247416
0.3559313462521505
0.34725515041884314
0.26582870097325995
0.17788686313240876
0.1221741578125961
0.11083424105796802
0.12087857655269807
0.138643975201043
0.16546915025395398
0.24654068322938955
0.3285010316424196
0.3479586912573992
0.28239327494752486
0.20045125380209156
0.1466280439733566
0.13100534815842024
0.13384991569008392
0.14937976692759858
0.18819339393998796
0.28772124463666404
0.3778827474692182
0.37644549201025185
0.2960813600399952
0.22053188962138812
0.1817184373619284
0.16976611907295552
0.18264656948899108
0.21019806692734788
0.2596630203568702
0.3013781995746839
0.2957672588879902
0.24120662756538128
0.1898119339718273
0.149432212540824
0.1360261234041224
0.13871002354277995
0.15979818909085747
0.2018410144536106
0.2803406387510552
0.3029106481260784
0.26339562515758297
0.1929411390484455
0.16267332445788685
0.1461341378950445
0.15224676981769728
0.16039104277726057
0.17937823793981933
0.22476551836972855
0.2563304567759442
0.24653765391152055
0.19945774411347475
0.16654775309961642
0.14733882722439562
0.15508059280133235
0.1611713721669083
0.1661916935843084
0.20289953911773054
0.24955641655127847
0.26031643647717834
0.24153347895579616
0.2242945657963862
0.19159546082909795
0.15299479199366117
0.15113301512087285
0.17004945687541484
0.20691130133012223
0.27006954507087166
0.34852756066284185
0.3317908401390085
0.25337743413108404
0.17603940983718253
0.1513697258915565
0.12773045038930544
0.11632594917073694
0.1096224230720119
0.115589008528272
0.14572770063849821
0.20252119325969412
0.22855971146783133
0.19808896685723978
0.13868922905885975
0.10611913372483295
0.1010631369754756
0.10238520945203537
0.10209185135362334
0.10601600406252154
0.12950462081995492
0.18943532865582263
0.25330309430598574
0.27939551660904594
0.24420548214532972
0.20218938708250306
0.16614238212245702
0.15493533777068957
0.14598792317952608
0.15489873689860054
0.1759645849464308
0.22343987961326178
0.253759434266112
0.26201984065812384
0.24912293448853373
0.21184781771713257
0.1455694597449299
0.09456000059924305
0.0800702291554922
0.08944172970864475
0.0998949667959379
0.11037426381351206
0.1329186676203285
0.16974963144739055
0.1931175685304931
0.21418559764603204
0.22535091759875392
0.20221236889139438
0.1385414132714308
0.08909696787523369
0.07086091035701075
0.07370799360525492
0.08485287510408174
0.08803412808476911
0.10164194948785654
0.1544107905448061
0.2436137289131011
0.28992430578065664
0.2517951569815088
0.17351611569606878
0.12526864547249275
0.11956171904312063
0.12499511726103935
0.13122805266652748
0.12235279363138546
0.12388856623514435
0.1706187428958635
0.2726428948299816
0.35750071064965105
0.3152780621627057
0.21539731924738115
0.13302637532177175
0.11226966898252008
0.09636772335472338
0.10905470021220147
0.11903901076646942
0.1312228455737923
0.16492273247099998
0.22146613371966611
0.26235598249147885
0.24902119531630157
0.18998086264227243
0.11988092712026116
0.09278275737494972
0.09108611263078857
0.09916782355934148
0.10092742194673003
0.11393144615146822
0.13824488595643644
0.2180175904285841
0.27321511260157116
0.2536199618420959
0.16465499216439705
0.10877797237290782
0.08559666766043227
0.08549924769269503
0.09126114384568561
0.10256870247986388
0.1190661161720277
0.15233041850741644
0.22416232991397606
0.2765120106507726
0.24840356078842407
0.15741635037479898
0.09638702107984827
0.08330656229526895
0.09552704730334072
0.09293733465640167
0.08169899105015496
0.08510102101046493
0.13478589439693428
0.19426701003813307
0.23826218779791658
0.24038191974615755
0.18618520868510807
0.10233571933227603
0.05063960634782356
0.046927655847228154
0.0536736921790059
0.0736501470751669
0.10211593069099947
0.15154406633993134
0.2172310244520723
0.28193636358736884
0.3207400580549953
0.32493427553649906
0.2615928045963676
0.19209505071195465
0.15146462978973868
0.12757573188447696
0.09069950639661016
0.08114193602645287
0.09661633827767727
0.11494329522700927
0.15518824029983116
0.21037093313809793
0.27132568742137386
0.24896931731647218
0.15865629108731955
0.05724735465330374
0.04132486954046122
0.0598684217201778
0.07959516026414729
0.07311991069450066
0.0766224435323157
0.11179889814185238
0.15450067180854443
0.1622748915865235
0.13887569612936018
0.11607409427548367
0.10096990723057386
0.08876437667322908
0.09305739415763001
0.09008276454550107
0.09036939181260921
0.12329417197211316
0.173368619280894
0.18758204452799004
0.15380575343840133
0.1073631137616139
0.07253925183243418
0.057075620633777954
0.0555548133238077
0.06662909633083722
0.07392512707676176
0.07863683577362597
0.08429198466908143
0.09666330055580291
0.10919643387905445
0.1407105209410377
0.17277245924391071
0.14246174669362083
0.08351307103034022
0.03915294156287813
0.048873759273852735
0.06069343024785821
0.08291563742216014
0.07756870445556809
0.07673440457461772
0.0775061270805788
0.10211229226351254
0.1295889725695294
0.1446873759836208
0.11626142037235264
0.08330635598969549
0.07432720163547202
0.0649254211127915
0.041618758931197375
0.03098827635765427
0.032082415101566064
0.05480272494583701
0.10544026512789306
0.17181253981424044
0.20655378282685305
0.21561099088114985
0.1681359877161246
0.11163650251135582
0.05628624425805902
0.04818035685059856
0.04222619782269877
0.04390952569598541
0.035573457451194196
0.05633907843594002
0.10602243597950162
0.16595154480823554
0.19255919394384757
0.1623160149921556
0.0939549746186634
0.05290609864413966
0.05586582685795162
0.06839467143848676
0.059712361062432634
0.04576173014539922
0.04076923594818165
0.054789174044380766
0.08609896506767631
0.09329913650989832
0.06781963412334832
0.038601258614953504
0.02653945339517093
0.01601495925586067
0.025483582246779397
0.0359711522152667
0.055754460841638695
0.0721907956853599
0.11974416238930233
0.1390030492017228
0.12185171430953544
0.06658137929583413
0.03666171994964809
0.037980158020621345
0.04702216670748112
0.05654581241356148
0.06205908436745615
0.07533130010739625
0.07709259444394737
0.07982691227838387
0.07427134343024253
0.07499527409571718
0.06189322984690108
0.04836400361815958
0.04072544344604049
0.04067758715184953
0.04312116205401065
0.04783471204578796
0.06542065138743523
0.08862989266693545
0.0968117359291215
0.10436192490929225
0.12361559872663379
0.1341269836571548
0.09701306777148942
0.052592261358685194
0.033167864895944185
0.028572459066491855
0.03147072456044208
0.03791502562114572
0.048339503158946764
0.065385226981334
0.0993553677494228
0.1202835943469367
0.12630300501146818
0.11159446138942786
0.08345515359720485
0.05256368476952043
0.039502576907970655
0.04180436841051261
0.04564133036857362
0.05290557992303853
0.06248229538947833
0.0900430591778641
0.1441032226587709
0.19002288869742523
0.17411217488149455
0.10110647614145288
0.03855182980529208
0.022285825599417067
0.03148756252917688
0.03702145399289311
0.032027862968558064
0.037164092648950514
0.06085458265203732
0.10461699960571169
0.13171722772256061
0.12563185207493538
0.09288022538633574
0.06336767934152249
0.041136019325546
0.02558972868733888
0.02496176834467763
0.022585955260179397
0.023828297560264847
0.05269853490428643
0.11830138344580043
0.1836525486070481
0.20504144929234908
0.1769433601097091
0.10990819667568161
0.06066832728041513
0.036236291739434115
0.03297198413105419
0.030919001722665384
0.04499111682920396
0.07938536841540267
0.1212775709576353
0.1521165042771838
0.16032384447658168
0.15694694296155545
0.1395672786133032
0.10507564453122802
0.0661493035434842
0.04012382507043113
0.03205540279783625
0.03867198110538937
0.0588297722870756
0.07987466527086139
0.10749825062673965
0.14845075775771316
0.18983293212008312
0.18502237185769013
0.14088810976179333
0.08753073218440724
0.05734265449890756
0.04126608961432056
0.03739725759709232
0.04386360858381383
0.05955290406788792
0.08390532939122854
0.12087288500381513
0.16604676288691736
0.18203153464907562
0.15099180856729894
0.10426493651341504
0.07324065067500178
0.05731777125130637
0.049019594940106326
0.052212802003659756
0.05947942431923485
0.09387803549288085
0.15413060809418716
0.2107929323579555
0.2048937504831258
0.1619985291437821
0.10846574294358849
0.07351293777041795
0.058731982301421404
0.06718064524336151
0.07798939710483066
0.08721544620341501
0.11318920332613908
0.166891163630613
0.22496828596894217
0.2338659325282963
0.18081510687124058
0.12268623127830261
0.08726228572117878
0.07233784711512499
0.06505636033756232
0.07958326727419957
0.08733714274457886
0.09400182859726489
0.1333713220174544
0.19053121115617153
0.19682488668746906
0.1490407654513649
0.10779054015332558
0.09339004451413174
0.07310265542688182
0.05846698464931588
0.05752981168971985
0.06756924163659739
0.08853939128296834
0.14715518102841504
0.22476275860521497
0.2719064111657981
0.24437166038451633
0.17616117926549232
0.12491595087580153
0.08571282452685128
0.05647362079813456
0.03796304433942394
0.04597384247360491
0.058572407562697264
0.07127945458233687
0.09182576843558272
0.12622418473142413
0.1780620767053983
0.21963573238039322
0.24128818040606226
0.2448590972405404
0.23776229621877304
0.21379881041589294
0.17274655467596264
0.1359452313154012
0.13519230915927816
0.14803714485475358
0.15820390095038786
0.15812758775941738
0.17268850470935443
0.17637711283496949
0.15188265275713383
0.1074378363687436
0.08071778640070702
0.07849598833431988
0.07812366500293766
0.07443506256895521
0.06989000533619806
0.08371358902972482
0.11542414895988355
0.1690108046291777
0.20222621926344647
0.20224967092396956
0.16797580346348906
0.13855414725504797
0.09811341007811256
0.0591374563108531
0.0326928566113449
0.03425592779840782
0.039535264712841946
0.05889061537433789
0.12410748620222355
0.19437527209324812
0.2208016193862516
0.18420057431349618
0.13720500323056906
0.08909358532800196
0.050436929187458235
0.02813510370876912
0.024219271379862954
0.04158760063715841
0.09093788378861901
0.1582013162193332
0.2013054314522819
0.20436010372784225
0.1852382982859251
0.150758005502494
0.1192774989699831
0.104525199592257
0.11063135824552063
0.12350463999600093
0.1440901291604627
0.16539714861407986
0.17766043601866002
0.17519240459931873
0.1592296970207378
0.14053932157382812
0.12191320298075184
0.10333376534509685
0.0933350237422644
0.10532700002834093
0.13772205944898896
0.16619704349929387
0.1800707476488007
0.18986683991406011
0.18046841161905003
0.15566461601102327
0.11541470354086687
0.08177543536047027
0.05932016813116494
0.0573083721866928
0.06480813368314692
0.08525893467775503
0.1245099007600299
0.17569963370647715
0.22569936877018054
0.2532038339353844
0.2534779771248997
0.2328570378937884
0.1942427883263896
0.14810267887088346
0.11741845856150815
0.10305965475792192
0.098371443383928
0.1275317926733063
0.17833780443899339
0.2037075075753687
0.20019119799918328
0.19115203587823132
0.16196884122658292
0.12343563822779353
0.0929703672468917
0.08500780946778194
0.07948810140083423
0.065513540732708
0.06894325313549776
0.10386804240865716
0.1673536196014092
0.209725477619711
0.18837958440533137
0.12085273492051955
0.05552997650470941
0.04099111665916641
0.02371779214628108
0.012734473638755076
0.00585404047898988
0.02306314266144703
0.06730340053579638
0.1544859472141543
0.23010503871684204
0.23622404901135988
0.1783477883981078
0.11522718436769194
0.07347067925783654
0.05800996737654491
0.051258429372605795
0.05588606468117373
0.08413930368581235
0.14127134775059652
0.19834846606202405
0.21838646141462095
0.20557491816087486
0.16715559210456793
0.12426715953030269
0.09303160183391115
0.08569052785118492
0.08905309092683406
0.09197670819258527
0.09636457791476645
0.13226600677027053
0.1851456622562013
0.2293378387040655
0.2429048959723881
0.22649857823374667
0.1899867372338238
0.14782946876731762
0.11903782700523702
0.10463746139220272
0.10870977413698137
0.13068847147645865
0.1657740632625309
0.20724004796982004
0.2356211003080422
0.24135136735253926
0.22954811144100035
0.2091528111584133
0.18779741069795675
0.16591118117559567
0.1469764996782217
0.1482194068321035
0.17139910671822528
0.1860334792748024
0.1701006888428443
0.14396776463556682
0.1304771176441448
0.13932038118856419
0.14524667563630544
0.15020210597387007
0.15434355664732047
0.17850967725942204
0.20368140692180853
0.21038115138974717
0.18846225614855328
0.15314599850104643
0.1237195785698182
0.09946391433711983
0.09443950621361996
0.1138868833690736
0.1477419537683172
0.1876015393970826
0.22236345869179297
0.2549945045746517
0.2642913872103484
0.25939466882275297
0.2453478236435826
0.22005789290641597
0.17509666168794058
0.13777633445294424
0.1494372049022005
0.17994271254241198
0.20688252746266045
0.21104896967049902
0.21993963116025575
0.22844623013371557
0.24100446507444628
0.2444265960602343
0.24243233353060423
0.23505340872721597
0.22647205249845764
0.2193880671801772
0.20391436261814488
0.1884654844244982
0.18255309056981936
0.18184180545777404
0.1879323793714213
0.19855675855430757
0.21033245656922195
0.21536738233364855
0.22123617621447297
0.211877754636025
0.19752142585647484
0.18303805914403076
0.18948287559781493
0.21110435723267731
0.24276494450024438
0.2655315075438491
0.2750726498667473
0.2726847547036053
0.2544643958015269
0.23037969513708145
0.1886816194739721
0.14361449164795176
0.12659002433075672
0.1511860817394931
0.18860046801736435
0.22184156088973855
0.2525568555460219
0.25684358501411964
0.22770633377744157
0.19102919670635454
0.15757297271324067
0.13148799555228707
0.12267441078505259
0.1453439943691224
0.16552952314667968
0.19456730631778896
0.2258798268912789
0.2591073641637681
0.2754698381361862
0.26211992035998677
0.23117256655659535
0.19852566210881062
0.17986004788432222
0.16276086542927395
0.1673455322982338
0.1791911072822574
0.18939098262883985
0.18202337354751114
0.1696300673084672
0.1460190665465424
0.12558200496280716
0.1234771529721274
0.14310876886663715
0.1681223088152895
0.194283159355958
0.22839135115859915
0.2516506351800805
0.25600509743505384
0.24748894430152324
0.22194755315338638
0.18365711304685403
0.1357860090836998
0.10784287209677117
0.10707396643014787
0.13722253925612432
0.17701147270713918
0.2184208582232385
0.24066675729346554
0.23731680831226315
0.22736707951259874
0.192899247170891
0.1345594055928515
0.08301251763537212
0.09286237372028994
0.11819515944011302
0.13083660189630805
0.1340079328639169
0.16704739920374528
0.20521372832828694
0.23198708240243446
0.2332280437268147
0.19489812017777286
0.13246887741684554
0.07967204198643986
0.07241539020286067
0.09337757003135395
0.11563702716485973
0.1257796807876782
0.14505473644355382
0.18459092911159997
0.2178922104820315
0.2171325542912035
0.18401262179770017
0.15944539343603498
0.1432061371664646
0.13562648220805695
0.13055133878042147
0.1444048390983473
0.1588221219783037
0.17072378652615533
0.1764926997959927
0.17284407316405248
0.15471500579173716
0.12461040822770808
0.10547387479986822
0.1201041079344034
0.15663110261672647
0.17559501844843764
0.17328418332739035
0.16493428687940384
0.16642050487713964
0.15118771559102076
0.13109571711308823
0.115107451368906
0.10551597748789271
0.1089933399707235
0.1385644657930988
0.19417917109779964
0.24101686869555028
0.24777563306755043
0.2193200758870051
0.1906007405705931
0.18121041597211235
0.16410099384992405
0.1527781826015879
0.1571561557457782
0.18534679968458273
0.22247356951905298
0.26285125711753454
0.26253238347369
0.25281158480767174
0.2449186519904003
0.25622150067289096
0.24610593701751105
0.22888636104480128
0.1932021616185648
0.15224326089656298
0.11339644877293693
0.09599141829308282
0.09899677956521134
0.10954740960556994
0.12415429182790363
0.14815058796317143
0.190340489463175
0.21439320779144685
0.20489908332848106
0.1773287313063941
0.16781763002919747
0.16475851421732182
0.139944661345164
0.09795317183925284
0.0631256559861458
0.0555762554846717
0.06899021807692945
0.12512385662445216
0.1829466524379515
0.21221069990061442
0.20301316484676477
0.2016710476689287
0.21664187840345023
0.21667374672868572
0.19012048454669261
0.14405029226829383
0.12216749634822516
0.13091662086383046
