0.06413213112237758
0.0324475704382538
0.027346039663280922
0.0277308650113192
0.023691439251149072
0.028021040452707372
0.03152733115879378
0.029910339871110313
0.031820844823444994
0.04176324722574326
0.06668467862034143
0.09305547182229884
0.10619229203394477
0.18706441406663604
0.3975222640295911
0.572773071008769
0.6607581741883027
0.7322182667967035
0.8536890491716186
0.9172445615033622
0.9470111384652654
0.9665965661453435
0.9820876184410123
0.993808967860409
0.9992480952280361
1.0001178386133096
0.9999455033227154
0.9987223367497877
0.9960797454863174
0.9886937387959468
0.9825276977747791
0.972853713629974
0.958495157929226
0.9361766363734925
0.9079255334185138
0.8764804404320117
0.8446594176921179
0.7985853899491813
0.7058161924022432
0.6134053275875265
0.5226242527620528
0.41321823442809885
0.27866088625690905
0.15429502393250782
0.09501178142088641
0.05921261476106564
0.05294006369685354
0.04728006037794511
0.06756061883858233
0.07702997344837964
0.07427657339063037
0.0750360134021951
0.07681058486657005
0.08455863694348686
0.08175268444168349
0.07811897022767814
0.07582138686691275
0.07765230464704562
0.07463928785201805
0.07558341202618409
0.07818489481339533
0.0711003949871279
0.06609057663936806
0.06475177592089834
0.06414048413839527
0.06442932594383799
0.07674112771994249
0.10199667515546079
0.1505724846325902
0.27800934443922015
0.43360540910649553
0.5526232524708787
0.631455365020559
0.7159910954042156
0.803466279897731
0.8629070520662958
0.9014782784769441
0.917208095274129
0.9231927753160961
0.9266354173711966
0.9245529155110739
0.9269933419130528
0.9269193917259133
0.9335290285021755
0.9341553588686754
0.931928449500062
0.9291763247986083
0.9287416439093599
0.9273987529929237
0.924337323335998
0.9076655676723127
0.8760130461527534
0.8189675669918385
0.7708096201494223
0.72672379889247
0.6814354982523061
0.6287374078030532
0.5723055670662711
0.4687282651220872
0.31709821998298643
0.18639345833144205
0.11268681430214643
0.08134800328773226
0.06876603240159157
0.06951472867307758
0.07769725385791994
0.08534924220142177
0.08710362621688844
0.08501145132881982
0.07822615494654171
0.07482602257080061
0.07170641663887838
0.072420500377953
0.06465013650309046
0.06596346784401194
0.06721970047473955
0.07786942087897641
0.0873793273604169
0.08779259437056414
0.08111272640086971
0.07813975560612614
0.07561014154908328
0.07631144886858932
0.07819586536849595
0.07906411681003733
0.07611670934115161
0.07950355486486074
0.08634315503718704
0.07691971657674647
0.08566412266869304
0.14933921224156962
0.28897683344018055
0.44504682573693977
0.5513680220931212
0.6118296651296765
0.6594325323704979
0.7196403947573549
0.7660882170315818
0.8094093314492071
0.8499212556888873
0.87625252030999
0.884227210341943
0.8829217881722947
0.8825279181354675
0.8802879620547976
0.8775308362135965
0.8779562601180877
0.8732643610027713
0.8595088374899351
0.8422138479260697
0.8372092071917594
0.8386505384622582
0.8322935662120742
0.7969596664496295
0.7600206458579379
0.7236196883475288
0.6806701248156427
0.6098309829662075
0.5554256050817472
0.45376182839195456
0.3054384738232947
0.17395075957699424
0.12962534403973636
0.1070922976813728
0.08342153233925405
0.07050481993684907
0.07457840897250279
0.07017422765292158
0.06490211681216197
0.06912694515847007
0.08312978219819964
0.07970737752941201
0.06760338808466607
0.0676144780901205
0.07367364817740943
0.07715578223887634
0.07894094311863716
0.07741963585876166
0.08063595285119549
0.07974959680510449
0.0862785654368069
0.08167047966927642
0.08048586799788189
0.07082285237552338
0.06870211656832541
0.060961979051177506
0.0567185447313403
0.063154903960353
0.07215022437974625
0.07473403539945869
0.08497917688929989
0.10757020447384102
0.14891370058087774
0.19950624200834924
0.3267645171087108
0.4487146109941199
0.5354906343125367
0.5565767531241835
0.6065106000445575
0.6488521661476183
0.6910373969622614
0.7224882036136941
0.7359520356478192
0.7359395603971196
0.7276728889708627
0.7305734161427238
0.7259993316949449
0.7403875250630646
0.7429072303251032
0.7496500769016158
0.7492528914867097
0.7655998411597729
0.7643475038174197
0.762453012824837
0.7511933148500003
0.7494224294712495
0.7333931021025248
0.7029534806535038
0.659649986426125
0.608862247662544
0.5626536154603847
0.5351401615751876
0.5286615611310702
0.5165219691101927
0.5168697812017987
0.4722670484284492
0.3644238422282001
0.2526527865344938
0.21067215988695112
0.17966376595271444
0.12915377860016652
0.09780494122152605
0.09786176856281018
0.0901561182358111
0.07460923042485779
0.06464356666480647
0.062393635199525045
0.0645412668509506
0.06795407908408711
0.07371220932146094
0.07140228643981868
0.0726118345923413
0.07488706003293039
0.07784100179367026
0.08137547178695304
0.0843665345284652
0.09022617712107905
0.0893069890762166
0.10386275994338924
0.11651027415150594
0.12642271910530178
0.1250644130236781
0.128885223775562
0.11995796144121948
0.10450175083583463
0.09401560801557331
0.08706748574885013
0.08170943516613113
0.0845990537835612
0.10869262476717181
0.12752556573968893
0.15009296547768608
0.20847932236975952
0.2908719109705696
0.4112573139120131
0.48873782253902015
0.5371639142634153
0.527039596107014
0.5408920083994639
0.5458019813253645
0.5618761236422213
0.5685596647301954
0.5709163332261782
0.5721651070091283
0.5727737683932859
0.5690867793173829
0.5602996545486547
0.5589733934895598
0.5630545531735451
0.5735192188529856
0.5796214062904339
0.5844836101890569
0.5784600913485644
0.5700242490115055
0.5601887811963475
0.5493245923600892
0.5243710568591672
0.5006601140419769
0.4644654752081646
0.4857959917238347
0.49258144905311896
0.4803482330462837
0.3492111310230104
0.24715630731100216
0.18610431694752616
0.19050399502216772
0.1725767405065903
0.1498147854272861
0.12000771807443875
0.09285683436598839
0.08119521278648481
0.07731830843618645
0.07700297369940592
0.08134671284805693
0.08708777299136623
0.08389468465799349
0.0810575497954656
0.07679717497139225
0.07053228918194038
0.06363885879569259
0.06673624701199632
0.07396611773396174
0.07830514062916846
0.078204219717912
0.07390886512101638
0.07069096116624082
0.07457168957631577
0.08032118971015884
0.08076712993488541
0.07615327778673119
0.07745448013378697
0.07979775238437829
0.08668361884830922
0.0935953951023748
0.12158231036294634
0.16275466082070156
0.22642191883595666
0.3274202603733266
0.45056119229869285
0.52292361456648
0.5417787112698618
0.5654082644500411
0.6169242576930731
0.6526098710340431
0.6730263863503891
0.6830213388979326
0.6908610501393186
0.6859171117474446
0.6794919149969908
0.6724679871694308
0.6695545226886389
0.6669034743532869
0.667416140408105
0.6696984517930862
0.6816841710760895
0.6901160079597078
0.6932322618527329
0.6894159203410078
0.6809533510661928
0.6402964303458958
0.5946817684371613
0.5648626917501998
0.548708857163783
0.5268609287210455
0.5185009386471959
0.5433367840169989
0.5006856902821781
0.39739533115543274
0.27228511507090813
0.2212761163799495
0.1988573989142065
0.18533936974669923
0.15984309433090377
0.12703931092751206
0.09875415869851226
0.08032093428023754
0.07548816497783732
0.07582255778553651
0.07337774685435014
0.06924810875379289
0.0622418995052867
0.05400842255862528
0.04778436543397861
0.04932606724905976
0.05526095716463987
0.06699198403586899
0.0736678798611942
0.07144112139235294
0.06134514260143172
0.06480119081150185
0.0693765689410918
0.06501567048003377
0.05347974119064209
0.05483490341664418
0.05974031736238951
0.0700980876221957
0.08549711261623388
0.10287812074254667
0.13481968648861592
0.17425307024648595
0.2143571596636447
0.24744542624397298
0.3288015452839046
0.4719339120380123
0.5357770748285896
0.5711964579913802
0.5685419885304429
0.6057520113815019
0.6231725843966616
0.6441377591073141
0.6339462138397175
0.604961076244874
0.6117181648197813
0.6195507641061706
0.6155362545871177
0.6168890320336665
0.6115562553640006
0.6164838110981616
0.5995274214016927
0.5967218333186498
0.5962491728936146
0.5933559115135154
0.5943412452606573
0.5726853110533332
0.5494526494828285
0.5177485162747238
0.5005121649190087
0.48345990768511954
0.47935256530159986
0.4906170083991016
0.4736373172337881
0.4072043774227554
0.3104559886486424
0.25775394637835347
0.2455908843083195
0.23935250693726526
0.2129024088582323
0.1608539267960028
0.11657279028709164
0.09415529288757148
0.08984580590472258
0.07162619000731968
0.06918002064672844
0.07707411147600973
0.07705970540541321
0.06372627123788821
0.0600534010511873
0.053496330626713995
0.05067064484954903
0.04907109272750784
0.05322815054804946
0.05483458066553727
0.05082316784093227
0.042262517298130395
0.03869049197587228
0.03904768267944756
0.037279622752216364
0.03706620419154257
0.04929313741059638
0.05360823342855571
0.058516929667159226
0.04961378829153194
0.052084188133168216
0.054070753984152606
0.06471331596253543
0.07819026226258716
0.08779747853774383
0.10456177734705344
0.11806686314240257
0.15283305304287848
0.1958651317771262
0.24636919194101226
0.3327737714031121
0.41203445788922566
0.47241193751937816
0.48165101195750415
0.48971855728526137
0.4971718506113053
0.5082137991353644
0.5059396721198692
0.5104663140850633
0.5291710909825361
0.5833595794991147
0.6125192616020354
0.6253814183311935
0.6179856530414027
0.6072635771176151
0.6371202531403026
0.6287226534971402
0.5792646489569347
0.4849581206488869
0.45963844494793343
0.44876034130723774
0.4626503794978004
0.47237716236770055
0.42976181703114136
0.32465659121132984
0.2506722333414815
0.20796040313594816
0.19247071920605036
0.18604860083747443
0.17637707698824018
0.13339750949771756
0.0856871405348252
0.06762962014196111
0.06168331865926913
0.06528752222714297
0.06235151956715834
0.05797309288519149
0.05857721183303396
0.06573253376087934
0.06260852050669588
0.052414581007520555
0.04499134559625688
0.04073747905234805
0.03713822378590798
0.03674261115176286
0.040916582260777976
0.044380368441064265
0.051359086740956406
0.05692915892274082
0.05809395684166743
0.0558182045837682
0.051407810827539896
0.05283763151360765
0.05234416823029402
0.05537401430193818
0.05294506879200919
0.06135107688114125
0.06918098612234938
0.07197592430591834
0.0743772163606868
0.09564470197606406
0.12299917574419063
0.15784226012897945
0.20351644380132852
0.2488868425540516
0.2785133451567212
0.33676606810071086
0.4068303381841087
0.4711550844761419
0.49411318048183583
0.5665304640308629
0.6068124164067386
0.6221631874300946
0.5887771972646276
0.594440971166229
0.5980475002085313
0.6183601881354142
0.642138527444166
0.6705813299773885
0.6943054604095031
0.698491533100936
0.6934337569134672
0.6781936601286364
0.6636060202616878
0.6148219402923448
0.559302646487196
0.514514060262055
0.5366855716361933
0.6102286485581199
0.6273186926319061
0.47352459949087755
0.2672639792692304
0.14618799183814832
0.12072521247374876
0.09633128553720868
0.09793736686079865
0.09135302933667835
0.07597035337678743
0.056014612768767194
0.05040677633744678
0.04404781508223696
0.04073778124887534
0.043621362006720406
0.0470830493091788
0.04237880696113287
0.03748402681984038
0.03134487800248341
0.037489788569594035
0.038708792494663885
0.047174359782639244
0.05041957457228502
0.05801791354720942
0.05297681295087375
0.055267809364196036
0.058796763480130465
0.05533825290570938
0.04282328557330483
0.03730001047564687
0.03919730662658082
0.04755101534429233
0.06400941594442239
0.08206944622307152
0.09769221283762874
0.15997769027815756
0.21740212908097398
0.30634556844388156
0.4019356113610699
0.5115360618720808
0.5572480997533886
0.5694246621639879
0.5738552181808219
0.5905993938463527
0.6250738334610038
0.6410464318485998
0.651068113045969
0.6554464795756545
0.6604067388047965
0.664442438366921
0.6736677006893066
0.6826957691404569
0.6976334546371035
0.7047015542478547
0.7053931556958974
0.6864036281528658
0.6795710818835937
0.6749357504194803
0.6738810023172135
0.6556527885112916
0.6372788842944674
0.6122272616860251
0.566539764314844
0.5505822239562708
0.5901312386516768
0.5052272669227376
0.3505972189461335
0.2384233850479781
0.2348417468999337
0.20132197245833347
0.17529532642498458
0.14355517243495486
0.10127686584407736
0.07037398918865093
0.05922441382883277
0.05151916811628827
0.04188908880847278
0.031932387193888204
0.030304506493237016
0.029452598768816705
0.02447263495235696
0.023661731176656285
0.030367871903882855
0.035992505883592506
0.035270529301351466
0.033611694968799996
0.027888514235553222
0.026638037550004053
0.028002509137849407
0.033121138948600234
0.03693652193478351
0.0443487787983123
0.05133436557409265
0.05475764305784427
0.059921219914213404
0.05817666313708694
0.05392086939900592
0.05518101870150345
0.059761062769994364
0.06871267564135934
0.0975503366187683
0.15305206137175342
0.21581221634759576
0.27647517282466116
0.4170815506606769
0.5340506404364743
0.5891417890373554
0.5804332314137686
0.6272004667139253
0.6736733749239106
0.7050241584903174
0.7172888224396056
0.7101677584806055
0.7025214079455532
0.6941337424553551
0.6911304469713206
0.6916807559202452
0.6940369282071359
0.6911179415462305
0.6797004291194318
0.6587951541412065
0.6064558701811986
0.5381449293387288
0.5200949755160373
0.5283155349892926
0.4712659672339589
0.33432039843715405
0.22494524948143327
0.1694695986629537
0.1373107366654863
0.11391754847723304
0.09674808406546034
0.07425580054571483
0.0536284739427426
0.04650514416008695
0.04006733065725495
0.03650389280843502
0.033872101876206935
0.03109556666906289
0.030803852904504873
0.03327560879435838
0.0353575770158136
0.03705255446525634
0.03945207655455588
0.03852823985210199
0.03292638999378275
0.03316889304137364
0.036890639226422405
0.0394538893909848
0.03787365403297893
0.03429654744486685
0.03360215244193446
0.037132815905793294
0.03988945347569127
0.0522250691146067
0.07989169438313407
0.126696839393767
0.17938891089662407
0.2441461764798989
0.27651361135142644
0.3436121081474255
0.43181735240467634
0.5147997329135243
0.551846344493814
0.5523170149244649
0.5536101465540484
0.5652343355587588
0.6114328275493017
0.6269745716669486
0.646634260120655
0.6614229282765961
0.6738131021633169
0.6812355842892999
0.6947500347870659
0.7064381179188106
0.7124233447660344
0.717658989915092
0.7250691843632201
0.7311169554167364
0.7277000139783022
0.7254072599013459
0.7242478707462027
0.7158135647095601
0.6904129490669357
0.6561431735509686
0.6262511624754432
0.6201891532002608
0.6181651626009579
0.5895124283552917
0.5617551386382562
0.5178422412983332
0.42936501665819754
0.3526122201711574
0.3070281846553214
0.28413474555789753
0.24202257916882713
0.21985775348061792
0.17303952168238873
0.13560316848025844
0.12113937739493551
0.10023312357920777
0.07114289845029198
0.047300669689704936
0.04501744847246654
0.04105033641148523
0.03803801155420067
0.034908501597172306
0.031881883339871644
0.03263970808379431
0.03367495835872398
0.037209961089579996
0.04164044644432334
0.0452216446937318
0.04495114419349571
0.039133904376029205
0.04032739893119669
0.04325345430586895
0.04530205690409779
0.041920075410152774
0.0493432809847727
0.054335210060087374
0.05535975220744403
0.055451094881266774
0.06329156830492155
0.08069032195544817
0.1161303442417441
0.1462445200267392
0.1951923799865723
0.25307714288182287
0.3049416095517179
0.3272760881358337
0.3574113352863712
0.39975588527755473
0.4344036442550716
0.458404543881693
0.4755241986646437
0.4928658770812072
0.5157364312500923
0.5287138215200095
0.5350547997083226
0.5234271836312776
0.5166923733647029
0.5025890264530997
0.5023640740450376
0.5001958689129848
0.5046888536987965
0.5268049160808052
0.5534082511593275
0.5794991078479036
0.6149826880167288
0.6005276736972673
0.5374177295087532
0.46861650153620815
0.4422127212289459
0.3958524619976396
0.3656174767466874
0.3602439819265991
0.35101284937145827
0.3151631823093697
0.26712859265626865
0.2348321975274212
0.19923551659521777
0.17330320998529644
0.1619417804834559
0.15338699254834076
0.12156399218404967
0.08535944679656424
0.056363658812209935
0.03681612072393563
0.029793519561377185
0.03196934342215092
0.027536603162810473
0.018229268066170375
0.01792885173893665
0.02260418379366152
0.02580321635527194
0.024196465781489047
0.029312202716871693
0.03258594705869815
0.03572049025318423
0.03943746312203118
0.04114524492767123
0.03558233644262731
0.031939879540165965
0.03132726451261341
0.0350068074696408
0.03966921117846201
0.043632722067266344
0.05532152540855595
0.06349220113188431
0.07391901577398088
0.07223889295335562
0.07074382437014486
0.07965307671334282
0.11002268218484894
0.15104570449877996
0.20640909645238145
0.26042082660288435
0.3482340033540119
0.4307340283497022
0.4818317768428455
0.4650382876672189
0.43988079370326955
0.4211504578157407
0.41759291047000535
0.4344992928465632
0.4313497596041149
0.43764458086617225
0.4467050608632198
0.4645042280463936
0.4605683569930905
0.44321198765499964
0.3746179141088567
0.2984520804085338
0.25575456003365205
0.26298789140490086
0.2744725619618979
0.2763570906584315
0.2710735591672508
0.2533655608424123
0.2175275882594607
0.15790952407597525
0.11118551213939715
0.08877831842856235
0.08723269851393939
0.07900291845887261
0.0621151118055303
0.04159737944418226
0.027101602574885888
0.019771834535594397
0.017383335723094015
0.009774626397514674
0.007433181561281253
0.005567083409160298
0.005627787720294999
0.002251605766437961
0.006047719429170683
0.007847399787334505
0.011934156796950623
0.013136825150762818
0.016428482200085304
0.019227094273330782
0.024256527594247602
0.022406532420928493
0.02000084128801428
0.019431101436023716
0.026758039761244252
0.03419917494715358
0.03518975289411491
0.03262646942702864
0.0456681122038713
0.05340285401235178
0.07551771629798752
0.10030302158232939
0.14999649256572467
0.2057100487279722
0.254831378731913
0.30712361141710665
0.37543756104699216
0.4580820962363755
0.5019411288060562
0.5127285419271397
0.5063031494922501
0.5086521729176829
0.5349671893538629
0.5596742847703726
0.5758682411630996
0.5913291213722657
0.6107892919207101
0.6084117051789943
0.5706509053873451
0.5184234052740181
0.47792476338107837
0.46444114874290987
0.4801855012017707
0.4789146332155355
0.4613591214456276
0.4587532675084101
0.479957519356263
0.42476334858340625
0.32762518237836025
0.2732653295916304
0.2682842975259341
0.26504334965838405
0.2385602246923047
0.1989444374984941
0.14543471141851821
0.12316797859971072
0.11139672329256506
0.09585163200355652
0.07170780880690422
0.049340261830854756
0.033934106484187196
0.02892011234123633
0.03589865920180114
0.040283982039272255
0.03469421674057248
0.03070293672417976
0.031381640988114225
0.0361841830727762
0.03858508359946944
0.04004731208442805
0.038838119163795745
0.0353569503238126
0.038642598443373824
0.03919475861477749
0.04495068412432875
0.038335601302980686
0.03561514671454836
0.031234412339033277
0.04725529844021481
0.07339524477799073
0.09382795213349618
0.11039515780581324
0.14282927259583092
0.190005720965754
0.22680759670633294
0.2671866754879131
0.31270280566984426
0.3392595376200249
0.36031644131785245
0.3743715056012769
0.4008972961747789
0.4243697957311261
0.43488999273492185
0.3954642732002568
0.3576682021851758
0.3557960775287904
0.38010430468499323
0.38564697413731014
0.37982087894437544
0.3711473183051657
0.36379292801312724
0.3384371301510676
0.29426453950552267
0.2597605140264839
0.25350069563803024
0.2634654684669963
0.2605260247297803
0.2550655237811641
0.24114925002681253
0.20012635685431307
0.14761305994266719
0.12189527563576485
0.11821542906462268
0.11006592605865359
0.11120814509089055
0.11582400983283742
0.09932395001548905
0.07193642983395654
0.051561373345515374
0.050150164743645254
0.04815346267565066
0.05383477324241211
0.052166350876238936
0.05193125045055692
0.046488497593210915
0.04028912092882446
0.04027610874646942
0.040310072505177284
0.04493611595752042
0.03904557151941511
0.04307795359830534
0.04408099796262405
0.0450059401015479
0.039968647570069515
0.04537621723491968
0.055742082941566365
0.06077498033333713
0.07201067737000408
0.09305223600671136
0.12711606877877593
0.1605386201128529
0.19173460744054993
0.23258421766378867
0.2558741525248778
0.2698358398821285
0.26483227570159623
0.2896755757981104
0.2916963524183527
0.2951294167966263
0.3056580290495305
0.3622398419889675
0.39550430025650346
0.4079023705532837
0.4045901443502127
0.3933704727050794
0.3649865365081211
0.33988891811107225
0.3382273834809646
0.3337139185623897
0.3268576270226961
0.32312903538080934
0.32566803855958626
0.32240392997935347
0.3008631028231066
0.28486033820981116
0.2680963993349134
0.2588798063653872
0.23748212176308675
0.22576643050443262
0.20736993476181453
0.17598643541731168
0.13557074113905818
0.1038473114875458
0.09318057239940615
0.0898133629666744
0.09654590292716803
0.07957881677361309
0.04889810844045244
0.03380561205660044
0.02795942373594977
0.026547271636727834
0.021673605276626165
0.031187683972489052
0.031150671825024505
0.027654251470052973
0.029647317660030433
0.03203252880708684
0.03710920618126848
0.030696886616003474
0.02992283075089798
0.028736681082873132
0.027382646192712107
0.03623000647293628
0.06158829829430554
0.08471910078447317
0.0864167990228757
0.08075969830394983
0.09363219593290284
0.11317004493573721
0.11601540582693062
0.14662925875188804
0.1928369941889575
0.22649062063196937
0.23592323467165613
0.28561428507081915
0.3250876615001422
0.3215351072295197
0.3148806285954135
0.3373734852850993
0.35972689217567466
0.35291793874462113
0.34477698847228677
0.3409414580699138
0.3340767211149484
0.34629889126281876
0.3666140054871786
0.3762480328888724
0.37166162896662575
0.36499378556128914
0.3297736720093907
0.28421534156018124
0.2569795971523791
0.24665182380202771
0.23200670869711998
0.22489570745428172
0.20605060553722163
0.15959547015372222
0.10049072201149135
0.06381314029327581
0.0437726201825835
0.032273953191146135
0.030034667614558676
0.03172580684967821
0.02753642963388783
0.02663662440815634
0.02781842712051945
0.03279280941016367
0.033463326617624266
0.03243447125450379
0.03105956320518616
0.034326927552157396
0.03475382787732398
0.029255279753913413
0.025265943985621125
0.0306410922604272
0.02994084716769472
0.06567056211176053
0.09204260914492711
0.11202439024221533
0.12837447386487946
0.19688276644636588
0.2656227185912532
0.3765788355767592
0.45719652932721616
0.5141390727089167
0.535111272364759
0.5778706032204728
0.5940894148823268
0.6182404420288603
0.6556896276031601
0.6907271505874132
0.7260726084675676
0.7550558124433538
0.7746298871983002
0.7875706614671921
0.8055922110139183
0.8244326561652101
0.8415019449814364
0.8572725254408085
0.8749186256277456
0.8881551050235982
0.8992319507634101
0.9060856205206005
0.9105436232184058
0.9115464679039003
0.9142015040477783
0.92004512539318
0.9229440350750704
0.9247271501699917
0.9269208613802675
0.9282758289952713
0.9276127680843225
0.9268396813558377
0.9233609591555119
0.9161849469778767
0.9122007201017527
0.9164235695422325
0.9212474653335243
0.9027406401005992
0.8553380572660713
0.8019379829881123
0.7469621726814436
0.7034959748047096
0.6786474498209183
0.6498451149204486
0.609537262705766
0.49748781293710553
0.3827309775104848
0.2764305146903071
0.21785827558371204
0.1510335869224836
0.112574542295744
0.07857696423375639
0.05040744949935537
0.03627255518110799
0.031888156345599085
0.02286115491631124
0.01990640608081112
0.024632071026717654
0.022162957037520407
0.024944876260811346
0.02942632878541808
0.037521331753248
0.03319401672357627
0.03295073498201127
0.03371250467699319
0.03511658739236902
0.03271140678216126
0.03409980148617315
0.03794064536815017
0.037087490190650135
0.036052037796097225
0.034130383421119875
0.03984632368147444
0.053288866272951235
0.09550753237043243
0.1711633970317066
0.2722937385002144
0.41480628841147926
0.5227505190774951
0.5740884410908798
0.5882818124421412
0.6456136406793435
0.6977510236119211
0.7346620036057729
0.7703791208313953
0.8112165573953998
0.8440557066361396
0.8701809012250915
0.890069103169838
0.9012018432285025
0.9087545252399946
0.9194719283477818
0.9305000289508123
0.934453032094627
0.9361633499887837
0.9350155257607566
0.9352347059699587
0.9318928952439096
0.9320415697873397
0.9339098483263308
0.9331448744539281
0.9265101059400319
0.9182576460989449
0.9125766750178953
0.9081182585973434
0.9009694524595709
0.8925912473685829
0.8778074933017893
0.8584874126683351
0.8307294265097024
0.8073183737100926
0.7890081501392923
0.7826500094927777
0.772883309238557
0.751908437887747
0.7159887158111512
0.6836986263447009
0.6648867004133682
0.6562191901230985
0.6494613230575312
0.6247131933343111
0.5973528918030635
0.554782234301631
0.5042125479588784
0.4745216289057224
0.42717407095925924
0.3828216357307638
0.3419137356204409
0.3269794048645154
0.2593467096191271
0.1893567431319989
0.14681517805091002
0.1229461069447834
0.09578068022268449
0.07243401152156453
0.06556489129898074
0.06279862586050852
0.05477013758446402
0.049115658756240396
0.04737798564800581
0.05514624776985771
0.05719773403769576
0.0630933314803199
0.060590752268691324
0.062496312334104104
0.06425106204109371
0.06176961345672053
0.05539785924027489
0.052156227171352085
0.060958912637860435
0.06307042068924099
0.0607545091945533
0.05970468515369608
0.06197472935930775
0.06436762319020203
0.06775521330120578
0.0794762348662934
0.08703965079843737
0.08925603868304222
0.10211784378676639
0.15691717948574033
0.23862314146939503
0.3583413120412305
0.4643084250899914
0.523941980646615
0.5417143004838586
0.5888202268606234
0.6482955587414507
0.688430344401372
0.7314792010738944
0.7694785154551502
0.7969564290586708
0.8115548974217475
0.827877665434147
0.8369772342617919
0.8506593220272985
0.865765911087351
0.8782129278714843
0.8890528918280262
0.8979689924521308
0.8951316369900504
0.8909560193459577
0.8949279742193349
0.9009299622257163
0.9024875813639746
0.8987496252405208
0.8999550254118509
0.9010989877208506
0.9002143964958305
0.8973904636624368
0.8985993285283537
0.9012361566390092
0.9009688600606615
0.8989619367793323
0.897044999385459
0.8950416334228328
0.89237171956609
0.8863921987936457
0.8810629418509691
0.8785969805917927
0.8770290711114056
0.8732988281290044
0.8682599756434626
0.8558614058347122
0.8460985951896856
0.838410962212005
0.8412617556836965
0.8283046283846331
0.8071469352700827
0.7682825773238562
0.7263777675536987
0.6801151532171118
0.6382745872329066
0.6051861906845276
0.5732463579486917
0.5523000710774957
0.5235179783605108
0.5024057980921157
0.46217452235153805
0.3925005719118482
0.3508253463401432
0.32325004378929717
0.30036152983316294
0.24762111448045654
0.224842912111076
0.1966804763090054
0.16961246306037564
0.14703387754135222
0.14459495168510267
0.1571592385913991
0.15220408236500677
0.1399480209343565
0.12310339243811506
0.10268612996256721
0.08498537135494395
0.08060358541639145
0.07825820556689878
0.07026170637034551
0.07314317125229396
0.07159032588355019
0.07521106427411325
0.07706350531502866
0.07717241928567288
0.07148623415317876
0.07149094382289674
0.07531796649602232
0.07253431439186592
0.06911325637564877
0.06698316179393078
0.06408883577319657
0.06576016608252253
0.06807775847840347
0.08049984811875266
0.08421266523235288
0.09699384792528656
0.10940844113462628
0.12658750437596805
0.13737923140684713
0.17169199454997564
0.2043156422479766
0.22216508312235955
0.2816093778757017
0.3842537736359592
0.5010771473125519
0.553763965933133
0.6055181117057672
0.6348788352757135
0.674769104192694
0.7022494345812476
0.7335625761031698
0.7541164582368263
0.7733957535631379
0.8030775718177914
0.8312154690946918
0.8489646425688429
0.8589040898835953
0.8649613959820552
0.8710428997991904
0.871233589749741
0.8786317756486752
0.8919996291512196
0.9126393101904373
0.927836088733313
0.936391688670409
0.9349127071107237
0.9301051822599267
0.9261750312079574
0.9242724670612873
0.9222049495630817
0.9255820273105064
0.9309732685222056
0.9354429257662248
0.9356273268260018
0.9346466651355283
0.9343697364240889
0.932287870659297
0.9309109103026153
0.9295670367742186
0.9294164253906859
0.9276091675744925
0.9258390226366616
0.9225355867702514
0.9164149152403448
0.9072297061613439
0.888181995339608
0.8675610661548862
0.857008669629375
0.848184519127851
0.8394100045289896
0.8378522706603331
0.8458308067248246
0.8252094740172311
0.7730269404223492
0.7108501176345328
0.6597233703049926
0.6190172040519684
0.5932909157637475
0.5864350999385358
0.5796947524311409
0.5511107951733116
0.5229962707797748
0.5044575586383149
0.4686544729669314
0.40736035846933033
0.3635680508637418
0.3592721036966524
0.34508168203618583
0.3174185866519041
0.29008658646371355
0.26162798142385046
0.24320626356253466
0.22549783632745218
0.20794339167036568
0.1815130241388503
0.16752092076223937
0.15344337339883607
0.13745062300483274
0.1141086243390664
0.08876204399264212
0.06589336144180535
0.06254896146853507
0.06135124792667645
0.06542964920319778
0.06103970084309635
0.05572584519636027
0.05193544607091425
0.05040310587334339
0.05460877969645174
0.05859340656551194
0.05874552935788358
0.0542092883292615
0.05158476062005647
0.05555190144628143
0.06061138349345204
0.06385397239474719
0.062230806984240924
0.0637059421040053
0.06292663793224502
0.0631270392499916
0.05842981063627268
0.05762549231378354
0.059317931025990075
0.06670582258674085
0.06807355017671592
0.06948067790422302
0.07484763948130346
0.08169247180514004
0.08734867840739222
0.08794276629420324
0.09124161316283992
0.09326053358960895
0.09697221663098071
0.10538629264296627
0.12347867283691547
0.15480675758484566
0.1865946625331372
0.26091027030492703
0.3632366926402488
0.45196958253448893
0.4844858105959349
0.5099456409063919
0.5390589775070466
0.5580033511905846
0.5780015764591984
0.6016075371209835
0.6243830267657656
0.6418440908615282
0.6786631728859606
0.7204089355635085
0.7619980386954828
0.7914208060508622
0.8107362270961064
0.8176401694464517
0.8333094319545956
0.8431038292665196
0.8475805502354873
0.848949790384543
0.8536711406285604
0.8520459366449771
0.8523735591235209
0.8610313563768427
0.8653964844749895
0.8644056563131909
0.861862830080983
0.8596117305140573
0.8658701307104867
0.8766223904925663
0.8926794436854493
0.9009143354395865
0.903355075394994
0.8988780984516701
0.8965092915537602
0.8963827569491957
0.8953002901967185
0.8967942088142786
0.9001717917699056
0.9025694893715531
0.9047987151155273
0.9089644160618319
0.913241554967543
0.9096503298576222
0.8996329389673318
0.8860135889740861
0.8750850473349501
0.8683131996697124
0.8657567890924867
0.8578950953708379
0.8493625692682507
0.8456325349221294
0.8438274986007719
0.8219198288965504
0.7820148827818721
0.7385135650037193
0.7072048027519496
0.6888045095348871
0.6829283226910741
0.6777631067618285
0.6665408861769786
0.6303612182746888
0.5693878822684444
0.5162408967730356
0.4880645674807591
0.4800495481576623
0.46900930747536046
0.4521335725011429
0.4280509269628009
0.3811900818215717
0.32238609348122094
0.2782684106028545
0.25109584351691633
0.23674420297230703
0.21632911741979355
0.19606012203840878
0.17855011162616485
0.1740988782886194
0.16698409938591813
0.15138606236411484
0.14266219617711884
0.12955268748560175
0.11820206673921287
0.10932543347374757
0.10482465168043394
0.09800637428598158
0.0943729225622785
0.09175344787027226
0.09054691528912422
0.0904178969232386
0.09159846508828702
0.09394937527823752
0.09277474124570095
0.09634313292475548
0.10289681143248465
0.10868830378656791
0.11047709024079365
0.11440323857254776
0.12236894770286807
0.11766812100376565
0.11182324440587939
0.104745673421988
0.11138983962404772
0.1178988717623578
0.1300535457915257
0.13184190445430144
0.12854757794054553
0.11843558235047869
0.11302398453613957
0.1158543255458593
0.12830610655511038
0.13678278837610178
0.14604327242882487
0.16195779882854855
0.2155626959311017
0.2633258224283835
0.2938944798268903
0.35777389367619516
0.4492455660505796
0.5172822056420958
0.535126913496212
0.5638643399606021
0.5889389092738802
0.6281801971056831
0.6589604091909717
0.6828518438222517
0.694626702802855
0.710083046418865
0.7204404340791286
0.7356756899213229
0.7537447379538994
0.772285980257131
0.7862051646665025
0.7974179271561234
0.8027569863343242
0.8104220004666546
0.815880664596742
0.8221861894372597
0.8271084344846396
0.840205267609149
0.8457484338425103
0.8632342620014114
0.8662490224267646
0.8713358884382507
0.8570267054751768
0.8647071347185554
0.861847153469538
0.8605217051921166
0.852936134621319
0.8565163662859233
0.8625605521687244
0.8640870541326896
0.8582781850892389
0.847815364619588
0.8461753563407889
0.8468388661555457
0.8466032733534035
0.8452206859635636
0.8472711744702384
0.8456243328137865
0.8412057851078729
0.8323352462488386
0.8123089238165954
0.7860760272172178
0.7472581039387662
0.7054160678486696
0.6722369811356699
0.6626424153378538
0.6417297510685741
0.5846125754549583
0.5358277844022075
0.49836742235355197
0.42634385645602213
0.34434637524858214
0.2854574438690717
0.26184255050294714
0.22618391899854842
0.19345070270282202
0.17406866269684615
0.1712034110555808
0.1619135962424756
0.12961447624354805
0.10653687905599919
0.09242854417738572
0.09075201564727126
0.0971930386264411
0.09439455873314577
0.09824615022132105
0.10701393438381472
0.11828079658548857
0.11466642045529223
0.12071435111537952
0.12827814377143595
0.13467182135227324
0.13209037608624383
0.13308861061666477
0.1306682582387158
0.12971796196579194
0.12772957398513757
0.12464297258942922
0.12220346724371026
0.12823569063350665
0.1318521853579552
0.13375505922635167
0.13896512084409834
0.14295876174795702
0.15752997877460442
0.18460160373274784
0.24763586847469862
0.3053731224825466
0.3765660809594646
0.4412428509526211
0.5199634884091571
0.5710027853374594
0.613059848330626
0.6504383428410785
0.69856769828481
0.7439485029811652
0.7810562083707304
0.802775858515729
0.815333396305202
0.8294934386671402
0.8395550400603202
0.8548208379305443
0.8665916407082284
0.8812251952813293
0.8827686092026006
0.8813217786065833
0.8804101035717335
0.879037948270672
0.8734553947239477
0.871395156921845
0.8776567817606178
0.8784987771587196
0.8732448208550269
0.8665762941594568
0.8622219266005445
0.8596396509183071
0.8610744763225742
0.8639741654663919
0.8645357819352134
0.8651892956816176
0.8585707827113795
0.8485461247064855
0.8259520552383357
0.8035975720288616
0.782022012056877
0.7698399558065144
0.7613216415974527
0.7604374054644798
0.7527088314790582
0.7252952770368842
0.6591752542691206
0.5874589496030536
0.5326934648913371
0.5189649994535357
0.5162894549339072
0.5008874622073217
0.42160487247943645
0.334399396455812
0.27268867032401
0.2595495186440051
0.23865572117779454
0.21538024991672378
0.18307987771147172
0.15470710321189315
0.1299130542141353
0.11457065997690846
0.09696995379211948
0.08493561712175653
0.07498214674824744
0.07816644779255384
0.07240154082875717
0.07226011626215197
0.06786393349832107
0.06882303153357848
0.07149498929349407
0.07945894289763228
0.08374986177476369
0.0831987764711506
0.07734502964917134
0.06894736009896532
0.06277005843367126
0.0635729029515464
0.0653274141603875
0.07038900732863351
0.07424302752649284
0.0776810542305793
0.07177711800416169
