-1.901073641047426
-0.3060918464983729
0.02308952088229663
-0.2423655456102075
0.25977607209349807
0.21037744236518466
-0.09701947726100817
0.11463029714008084
0.5965441441378961
1.495285883675888
1.582247592117445
0.788209212698756
4.852327321961478
12.627470997777307
10.515048418750672
5.279106190772028
4.287605556504049
7.288246942494904
3.8133307399046177
1.7859946177141932
1.175125660804682
0.9294631377401299
0.7032809651637973
0.3263476420576317
0.052184603116407505
-0.01034011743565433
-0.07338999437565887
-0.15855547580821974
-0.4431604014222343
-0.3699624612700627
-0.5804390486883064
-0.8615133420448804
-1.3391112933440088
-1.6950661772987268
-1.8867055791901208
-1.909261364393631
-2.764441664576192
-5.566151852816301
-5.544651888882986
-5.4468644895284415
-6.5643611000372175
-8.073440890271417
-7.46195173946405
-3.5569945506972735
-2.147949999589254
-0.37635306385272455
-0.33960019913450706
1.2168335076382295
0.5681612765878405
-0.16520400346495548
0.04556640069388345
0.10647428786249713
0.46488312461501036
-0.1683571501082021
-0.21802285284032186
-0.1378550016459225
0.10985506680797213
-0.18078100770165334
0.0566474504499622
0.15608896723267304
-0.4250699895760469
-0.30058910086559193
-0.08032804310818321
-0.03667750695018421
0.017330508326563528
0.7387081065662725
1.5153328461311038
2.9145485686277364
7.646211588397824
9.335763880036556
7.141070601863017
4.729926752980769
5.072143823019413
5.248511069610944
3.5664463301138536
2.3142735846389035
0.9437890078311029
0.35908080251802493
0.2065585233060265
-0.12495011160736302
0.14642558411873727
-0.00443701122837094
0.3965782065757245
0.03757982198999712
-0.13361456211680214
-0.1651274820872223
-0.026080853354908142
-0.08057345498616837
-0.18368577941554176
-1.000305339821114
-1.8991512911735597
-3.4227287496549095
-2.889476810544979
-2.6451492754171166
-2.717298038409842
-3.1618854269551844
-3.3859104442069374
-6.214638116650974
-9.097802708346078
-7.842285699092691
-4.422398641757753
-1.880328660864832
-0.7549182531684439
0.0449217762891606
0.4909515110905368
0.4591193006101118
0.10526304092800041
-0.1255304932841177
-0.4071177829366825
-0.20400794254446702
-0.18717635591533455
0.042845024344477664
-0.4662218324917482
0.07879988045528946
0.07537395784365657
0.6389832242542143
0.5705943888864234
0.024796020608834433
-0.4007920781816671
-0.17837824768461472
-0.1517768434225719
0.04207843917036089
0.1130649899943982
0.05209508649248342
-0.1768444481331439
0.20321073142254859
0.41037601033957904
-0.5654063076264361
0.5246643655167962
3.8205053743725066
8.378257271916684
9.364199537805586
6.379271781370909
3.6276985821933323
2.856172034449295
3.612471743211429
2.7868693364535524
2.5992668650575284
2.4307154543808203
1.579875877266167
0.47848140191717853
-0.0783253301788947
-0.023632202209633663
-0.1343973648401913
-0.1654275504720643
0.02552543426947116
-0.28151394691898635
-0.8253314107701721
-1.03769937383193
-0.3002784440586181
0.08647987622993045
-0.38141833501103456
-2.1200339857466908
-2.216341235501499
-2.184057450624558
-2.576973811913173
-4.250348510966126
-3.2643226730676305
-6.099826601387581
-8.899401274119386
-7.889262854778056
-2.6595249322354824
-1.3519827815018186
-1.4202459205271298
-0.7750027441443016
0.24441534213922397
-0.264250879174866
-0.3163266504455778
0.2534897007784865
0.8401702223837773
-0.2053442801272583
-0.7262393666847592
0.0006654003272660327
0.363550205237337
0.20892804368800993
0.1071096527856492
-0.09127843559253006
0.19297901954603028
-0.053181362765460004
0.3917381179021459
-0.2764851460518299
-0.07107670028366989
-0.5797809373415126
-0.12724414843187887
-0.4644082510288758
-0.2546060591902335
0.3861815537407638
0.5397192251635965
0.15502866118274727
0.6147084893904575
1.355461655072473
2.480609766422212
3.0355524856483003
7.63549650602172
7.317005633124573
5.206561399105028
1.2651671286987782
2.9960308152224475
2.540493966183659
2.5311138488785945
1.887048399085971
0.8078299220475056
-0.0007485150419750424
-0.4960002855754171
0.17403163031166
-0.27444506686673187
0.8632916020871848
0.1511823157223163
0.4045707945907565
-0.023831124894364647
0.9808169803837931
-0.07514024054118988
-0.11366945955495962
-0.6755818784902059
-0.10625312272504887
-0.9617596421234821
-1.8263772869412673
-2.598209653642736
-3.047264325814871
-2.772517932129495
-1.650807233111832
-0.388716026647046
-0.7283755212526558
0.02086872549636361
-2.6761639664009813
-6.470592372014967
-6.706263341622225
-2.5188375988525697
-1.8605036360542075
-3.0305992411528857
-1.880930242718435
0.0034096404770472943
-0.46233901961994617
-0.9328132686572022
-0.597939825603065
-0.13499588791688616
0.12885789908553383
0.2047687339881914
0.34548781424243097
-0.1385953728985364
0.07257288915135772
0.13651352643534556
0.17723650564439317
0.21206819959696718
0.17946376449073023
0.35157855555681405
-0.0551512826917471
0.8733462520303612
0.7588508524870049
0.5947466972277525
-0.08149836489742131
0.22924864511303458
-0.5356357400605529
-0.9273726363230944
-0.6291685692156815
-0.41688733600339184
-0.32148303496314123
0.17337711704580433
1.4456142590166423
1.129976458351031
1.3540439842797618
3.5031814135244193
4.943555316048621
7.223124176486636
4.64883051762044
2.9055655034637167
-0.6074590893840769
0.831144737546999
0.29459837555403484
0.96444853901141
0.4010124652784467
0.1414001097589695
0.07492642697700473
0.03651968304945643
-0.22121934455417624
-0.5272274861236674
-0.07957566354569706
0.244869581039123
0.6278799407664315
0.36613124624689813
0.2917322339173822
-0.36141113042955547
-0.5061505402235329
-0.5901280689094811
-0.6518513301754992
-1.4972121300553285
-1.4226565690314248
-2.171678330028742
1.2798309909402095
0.4071274397570571
-0.7339929604100782
-7.868226121396428
-6.123289422720515
-3.663119421808573
0.2639806844784946
-1.0756352709346488
-1.365717304758257
-1.7884240411708476
-1.629053022507027
-0.6996972947702174
-0.23261426101790245
-0.01892008420683162
0.2606243489190614
0.3444636085985593
-0.19158530000236526
-0.17022809175166478
-0.2556224894444018
-0.37589314736711393
-0.4136058231748688
0.18584329297822455
0.4337922433179266
0.2603413737124045
-0.006055254675387833
-0.25772127581373794
-0.1930742372865342
0.2328437046044976
0.3449700080305852
0.02675641348359468
-0.2768311288892546
0.07807214082334757
0.14059633503547214
0.413151987835857
0.41470657524393645
1.6792149156342981
2.470341027465322
3.82003548091532
6.059900492242218
7.388455915522001
4.341745336067242
1.1313058022029128
1.4177731908107656
3.0909595945819324
2.1411368004582063
1.2249909189807662
0.5996971528526095
0.4703826744831396
-0.2966363035124419
-0.3855118050272313
-0.42143566965360185
-0.1748078688475136
-0.15906290012112134
0.030759963289088806
0.13693868309886886
0.7191431569802001
0.505910213017104
0.18697523358150403
-0.22898049070350393
-0.5077541564889039
-2.4394152432178307
-2.7368797145240817
-1.7891446012176002
-0.969230075185007
-1.3108757065642564
-0.5015994044309764
1.4901507221881847
-2.559065624089256
-6.197421547604746
-7.506612965071503
-3.0605399214575284
-1.345123047944585
-0.8110817500504393
-1.5297765249477333
-1.9682270042035097
-1.697109133739994
-1.105993465096487
-0.28996615814399856
0.02006356846195136
-0.1466886558711827
-0.24777828603343577
-0.4203725549103731
-0.49400861679968694
-0.37344342747880127
0.0925021089048692
0.3560933949348079
0.7038616122737499
0.40055374951951417
-0.13360550813047647
-0.6057587274552751
0.2073628926042082
0.2745226877753983
-0.26165390766346863
-0.6921557573635035
0.08130973356012582
0.29432483674472065
0.6214662155883738
0.9239414996422942
1.0428604875787706
1.916493944764162
2.36600302547221
2.4062453650295326
1.9852959948197044
4.881367142395915
8.587942005246495
3.8305897674346503
2.1251629897674427
-0.15926816765622895
2.2326013710635486
1.0452343809095825
1.2579104826391552
-0.611492716055797
-1.739108255690613
0.4054253144944334
0.4699559571833628
-0.24087057114317553
0.0811666467929298
-0.31996660017995615
0.2956533440496633
-1.0173833817881408
-0.16833528498257316
-0.028359625502114672
-0.17359568280594065
0.0591200248285164
-1.2993560524394534
-1.3939596942302894
-1.9022479924862834
-1.0341810813429102
-1.0231354340333556
-0.24644054301118135
0.675866585850107
-1.0187814699188138
-3.985976388661977
-5.8049033264468015
-3.1621225362173457
-0.7297837242020414
-0.37430264226325527
-1.5870058847418982
-3.1229089237337813
-2.6568681905346794
-1.3450498439712144
-0.258569218970935
-1.0931769538441776
-0.14677016163547466
0.473645449756879
-0.0008643642357913958
-0.8000060500515028
-0.22037221120205558
-0.3934242254683995
-0.16954114662989855
-0.09597312732247155
0.24942346923249806
0.09638580704926382
-0.24068476947630094
-0.5136390325681144
-0.21432151933548768
0.021431442214516976
-0.1060835956338722
-0.012805113640427569
0.7336159931432309
0.2589057610775609
0.294521774316212
-0.5341884825376388
0.1482239904981769
0.11919395105906382
0.638553718702972
0.8086167780031063
0.576432976509372
1.0058579285585798
0.8103051477209509
2.0859713940285616
2.5819247240548724
3.030243609833174
5.184274767726008
4.75564118916683
3.6226487778091627
0.5543444662875616
0.4840527196654349
0.4471975995626381
0.6625169114435449
-0.13644762092970766
0.27159851791164297
1.1222866138483154
3.2513093109947238
1.749580926175251
0.771729403749491
-0.4437459173874496
-0.6433245554272583
1.7914005613612558
-0.5038559785897485
-2.9674802724121787
-5.658391698483194
-1.5191805420571314
-0.6526862184417785
0.8334022914337188
0.5836069721940417
-2.5569207201934248
-6.30631354918905
-4.439061472190681
-2.562709812332145
-0.9293810357938219
-0.3853271021145774
-0.5802914309540264
-2.578774049431504
-2.862622137773399
-1.083451223571792
-0.35677808896153895
0.21625221407241954
-0.1761601595990878
-0.2627056009179979
0.03624713687054996
0.42931931567070164
-0.1874407952510183
-0.6116363699504891
-0.4453941246758459
-0.25523199263451707
-0.2159553159864163
-0.023736758048706133
0.2504382665409211
0.20782717081716703
0.4187230979935076
0.33420433090708396
0.06988787513559316
-0.1365451354739619
-0.2646236253736849
0.08578924116407026
-0.02960779699881627
0.18179076429865984
-0.14573673059573214
0.504360485347952
0.4697945544724646
0.16769629101414726
0.14407752328610002
1.2760491369227085
1.6412684260875123
2.090585063087225
2.7404510203411
2.7222239251632496
1.7775901561602776
3.495163376639205
4.203856205004109
3.8594847775218013
1.377485760341714
4.34503701294141
2.4169171425526743
0.9210462614013156
-2.0031594099281307
0.33982643409606306
0.21639174253815016
1.2187612756129134
1.4267003585250393
1.7065681519934477
1.423447825926807
0.25116436148598803
-0.3034665712481148
-0.9144058070899028
-0.8752583920168697
-2.927044798160745
-3.331157628308766
-2.6873151735086083
1.3302906824482323
4.412584615315842
1.0254026444271225
-9.227645588462238
-12.375637213298214
-7.264559245864564
-1.5277667618640602
-1.4636356161923318
0.09636487941540366
-0.39506025144719825
-0.9229605575935083
-1.1973444364811543
-0.33647018587924404
-0.3815376753125703
-0.19860203000170848
0.17301484547069548
0.2077012381475156
-0.28225454088274177
-0.2936868084775663
-0.36834892904139993
0.36869463402661923
0.07314023550419518
0.5079340372784963
0.1947128873787576
0.4559003384954414
-0.3024660357801573
0.13745978479933013
0.21173724695607782
-0.20751063446525478
-0.7508980399443157
-0.33139650585946107
0.11383776905604362
0.5012225230626657
0.9875040360078594
1.0836018167188943
0.9373659968733866
3.737128646431941
3.4454663281688136
5.336606361774758
5.735402575031017
6.576027030661026
2.7427222728783343
0.7305937446359982
0.26583336101002397
1.00465053993191
2.068466376878958
0.9583559032558154
0.6013008718421243
0.262701991781144
0.2976155537485055
0.24214197372745566
0.5535157393431692
0.5416841070689934
0.8962611297988431
0.42408597664505554
0.04149608688256437
-1.139371652581841
-0.4099527761563493
-0.27811988784679226
-0.06328488613601162
-1.0936928283552583
-1.1024342530095126
-1.5030973565064627
-2.7412498422710256
-0.9574524215143455
2.3729408817242454
-5.094238303736645
-9.277802878595782
-6.730430033889705
-0.2148982888826538
-2.0111864664961283
-1.561598762000856
-1.9044092394018914
-2.536698395452524
-1.8541725993256912
-0.6689745215890561
-0.4623147427526964
-0.5778047584689006
-0.5974020968751085
-0.09767284203906643
-0.051114463465216115
-0.2987978289876016
-0.04865422654203811
0.40236844363361707
0.3374780387825623
-0.04331859493446482
-0.09953005995308327
-0.34339084399482595
-0.07502860113294646
0.08186829527072594
0.30711778864503436
0.2289229791710094
0.44473541181170523
0.41913520654684494
0.20539664902508725
0.30981461138213245
-0.10467340662759365
-0.25534762428484853
0.07560895814985605
0.2748026441094411
0.5370967722819292
1.7302596586444516
3.3301034851792966
3.765609298550353
3.639777388624131
8.436382670160526
7.018145386548243
3.3054689160526984
-0.5225134574152377
2.8060341180092623
2.7883744925989786
1.8810470139845186
0.7358798369572528
-0.42726383754002606
-0.45878103210311877
-0.5032599294119142
-0.18019772904205747
0.03301853693547817
0.14137033721343303
-0.17513919965433386
-0.6850507456078861
-1.254316498693593
-3.1403570376003156
-4.098656450548421
-1.0829972293614347
0.49323356839529253
-3.422974065320217
-8.216734127807882
-6.56250893734362
-3.328539049108609
-1.9295317198481534
-1.4035912912951256
-1.0301678647064203
-1.3495370111846636
-1.2376395961784041
-0.42739978695931796
-0.3862688101699419
-0.21380627092918497
-0.15790745593369426
-0.16659211242863442
-0.017502825873480125
0.148305353391219
0.12491809328730691
0.1016986469665702
0.1439713253579653
-0.05543020214723661
-0.33611099149913776
0.014550182855454086
0.22330477110291486
0.15379500987375241
-0.09481412148034732
-0.21462639528673721
-0.04166370017594138
0.21183980783154224
0.1653982541938703
0.7401369383348889
1.6599975161117364
2.808308700637836
3.1615242901716036
3.885435934996296
1.942046092291763
4.025909807759743
5.2923146554353515
4.978942830530632
2.222796694817506
0.028240225839056537
0.07758789777501104
0.6974513402825897
2.7719095194327337
0.9325046470587652
1.179581307222323
0.8873200893565196
0.7434104332032118
0.44534892755900257
0.8108670298659201
0.7012849879047244
0.3591136108334102
0.3141387089434745
0.4446116668876622
0.3628662632109976
-0.20501648630604088
-0.13756524461738479
-0.06956334930859108
-0.5060583621985802
-1.524036938557389
-2.056186530957924
-1.7935206645316268
-0.3637205565109266
-0.12143943595818187
-1.7191640547398845
-1.6654373830222249
-2.634773840395248
-5.308633478408443
-4.60516778922218
-2.735042130950316
-1.3736063458453633
-2.5267299833443673
-1.3298895412924865
-2.8090939078939114
-2.2461811921277057
-0.8678274651193328
-1.2543752289437353
-1.7454135077348607
-1.430533725635304
-0.13699327303429695
-0.23802672365889224
-0.18073949143706458
-0.1877705974217124
-0.18159709543803068
0.045469484635362406
0.06211501649577716
0.21210016385137306
0.2658291212845874
0.2148718949645198
-0.016230030014164506
-0.349034389047973
0.07160967331005315
0.175563322480327
0.12291615589373726
-0.20291888963669086
0.4453923344772207
0.29951574451886576
0.061472528841402974
0.005480560429364239
0.47042840541931347
1.0439252190315453
2.126401337177876
1.8068505470996172
2.936871597590152
3.4730857737148617
3.111868000193547
1.3400687150470243
1.8081148290321603
2.5406729994711563
2.078865538650909
1.440053977597365
1.0271792869769902
1.040500704993871
1.3722332501330354
0.7786434161950749
0.38045869129876947
-0.697656964622739
-0.40408861599446444
-0.84620081469624
-0.013497144483724405
-0.1300923079231577
0.26957908714871226
1.3269637429204557
1.5962001047114291
1.5654514013144902
2.129014810129636
-0.8673008591676469
-3.7865966513110627
-4.128073678352498
-1.5842268184358257
-2.7816155538782374
-1.814099115057238
-0.3224096892052792
-0.5538679533084827
-2.150980023725208
-2.8820753791859186
-1.9377837077309565
-2.1358008559321005
-1.555938396595368
-0.681685770110399
-0.5132872761069371
-1.9093800218573702
-2.17227272324925
-1.7397472790611717
-1.172852285296525
-0.42135606975348555
0.13054943164643165
-0.2659644155604137
-0.5584401057984376
-0.018024979634022546
0.28051992328347813
0.19194195369663625
-0.0964050344269688
0.3069442161229762
0.19642466050957752
0.1880725916691757
0.223018372130806
0.1024669083384086
-0.3337745091026186
-0.21854741414769308
-0.03675690165315144
0.22077257742165587
0.27974422252925885
0.23781065332827345
0.7013282004773415
0.4902405433996771
0.6256088785258301
-0.10080736923751109
-0.08970411499265067
0.5345551405918512
1.8221763282904708
2.4613813388357393
3.321803517216278
3.2407038090300126
5.268790605067952
4.950001499741172
3.0658649095887722
-1.007609350537547
-1.509449637837046
-1.1238201532516763
-0.21345284074410878
1.014382942593528
-0.18897199454688654
0.37768927572346106
0.5436287998228269
1.0679500309904861
-0.2361522631981721
-1.0413821602855116
-4.115644412768372
-4.569950022019632
-2.5618512224927796
0.4339998822749538
0.6890802334197877
0.11307172179202273
-0.31701188947082715
-1.0624798994902567
-2.150278354977218
-3.577083851008949
-2.8034407161948454
-1.344431622650021
-0.0927371948773828
-0.49378680330398206
-1.0132683992005962
-1.2310639416808216
-0.8697466121578316
-0.4397860823574676
-0.14330992875003107
-0.45652255953473775
-0.14048669017401325
-0.11196588912725172
0.003642258668081897
-0.2025709172314338
0.227766819763952
0.10798082148983541
0.2452054205769549
0.07216010122873583
0.19749942295933928
0.16791672439473823
0.30176599925499425
-0.11099971039915286
-0.14434146797484557
-0.03418439111943582
0.4396162995132103
0.44646811115458485
0.059434676817677154
-0.15379700802516866
0.782498566610604
0.4640845085088057
1.32689173713822
1.4871183170604378
2.981608259003887
3.3428133697346847
2.947279800236618
3.137533961111461
4.098836977793364
4.958672111362755
2.6315419541809923
0.6472447872649745
-0.38552354609339784
0.14094140552596465
1.5789009861707184
1.482425724990668
0.9716373835635733
0.9276528125500144
1.1676102329066058
-0.142655204502952
-2.2656479874988427
-3.133650006799798
-2.4299185135762627
-0.8090168782901557
0.9446611475316044
-0.07625207917411714
-1.053330706194424
-0.15635123623305658
1.272255110871111
-3.3116502463712414
-5.828289972303092
-3.261591167203628
-0.298861923941797
-0.1944568720529919
-1.5889874979648515
-2.376947231628517
-3.210583564798736
-1.336003969128383
-0.70627531842878
-0.9327054773404658
-1.4486293917992203
-1.3420528185629013
-0.9243693208001061
-0.30083964857703704
0.4187128116338677
0.26311937024828197
-0.3353859179219699
-0.23947680098357663
0.04072225583606577
0.2881525250797351
0.14405403160158695
0.08773370909752164
-0.07255157523793465
-0.2088701303990006
0.19713888717366365
0.03312961028422178
0.3453555305730587
-0.39690496928090657
-0.16322727530593154
-0.26284406253091985
0.9612531660707417
1.568396780266644
1.225962441330397
0.9940323403390804
1.9460468874007564
2.830586902195545
2.208112544434862
2.4227447268949467
2.730967810915444
1.59340391701093
1.2634142218697237
0.8433038570055154
1.5915474344098723
1.4083499733809104
0.6312118202277809
-2.365543172079534
-2.2677642609049875
-0.11232747938313165
1.4584936293722535
0.3325601671389624
-0.34956571157610183
-0.5204136383526154
-0.44126341752233134
-1.5213478717233417
-2.650355438732845
-2.0702415287424425
-0.37558910330724254
0.5978863697378709
-0.1763666242329698
-0.3276300569169918
-0.834976425260963
-2.461373590350108
-3.150797814698932
-1.5430670584142276
-0.22079079426849604
-0.48897018035817313
0.06853314193422168
0.2769518845168275
-0.9900035890407473
-1.643251210892044
-1.2225033893065393
-0.08467251611221203
-0.1198021240796568
0.3408786340057061
-0.10010534197039594
-0.014106025540918542
-0.32656517144077907
-0.37196259986320845
-0.0007807309413024765
0.002037825522471601
0.2775626071406041
-0.3534326662863389
0.24194292473342746
0.06018266185911311
0.05549652833543455
-0.3022375518887204
0.32445417989102815
0.621951942398704
0.30197384350626294
0.6741418222000554
1.2624935182022399
2.0438299663239903
2.0053530800447312
1.8717592396619291
2.4509766133939412
1.3973960916654256
0.8377012414350914
-0.30021385083195334
1.4905980057906156
0.12124659721454513
0.20598386269642893
0.6317167351742873
3.3949087763656913
1.9958674960522695
0.7438842178068573
-0.19873357218423096
-0.6731802987080343
-1.703036171817597
-1.505857103823015
-0.09969207780644358
-0.2708078951145097
-0.4113774923816383
-0.22371549851321887
0.1523401907265915
-0.19584651481397877
-1.2924496293748868
-0.9601658767977796
-1.0058363324937074
-0.5529955781716037
-1.2838610761381006
-0.7029414755191377
-1.1037897445571483
-1.8830099606702781
-2.4249416566953483
-1.9034057790904455
-0.640004345288415
-0.20203256596391644
0.40395239762964047
-1.0180251692131372
-1.8408424999897435
-0.9055497830311716
-0.35077129923906003
-0.08472912595330293
-0.29241998160611676
0.5708447217518057
-0.002220728847872472
-0.20978522129830382
0.11958397139865434
0.14311266882339255
0.3046006424508507
-0.38473917391592216
-0.04644335190633224
-0.07116898008149494
-0.08124209340964882
0.5308416168134807
1.5214975092822418
1.387848149410137
0.10186189430413596
-0.33942604313557184
0.7723498577372245
1.1722709401698788
0.17072165347161466
1.8368311754975493
2.7724641262243255
2.0192175865803965
0.5659568423812378
2.9814630239499507
2.368402585759516
-0.21315325623731396
-0.3992687180463966
1.3495714013812254
1.3412044134345975
-0.4085372058631481
-0.4884570163400892
-0.23013182414238972
-0.41188421729786096
0.7333302088722632
1.2189068534616592
0.5780416441016596
-0.2751842353347547
-0.400070604320219
-2.113206813114028
-2.733499826952721
-1.6341446644678725
-0.6196664010211191
-0.8787069062945141
-0.42666007457031957
-1.130706115023429
-2.787308123010123
-3.5462848885340534
-2.2006549030925884
-1.202431206641607
-0.6899200194862812
-0.13435713459525517
0.10146835410715631
-0.25136263294743727
-0.05398831354389241
0.07090816274179054
0.29846293737860685
0.04023103244763786
-0.06173132178723191
-0.08249448295906255
0.19604186081824343
0.02561401950999638
-0.3299128874046527
-0.23936014609749984
0.3225088964883827
-0.04201470556395119
2.143782896644071
1.5823228219897472
1.1989068658373616
0.9810050173599035
4.1104975548894185
4.1243971286925944
6.657367019130739
4.837061625027693
3.4165526029022253
1.258331979350341
2.5655598513429747
0.9731286997112962
1.4490616287917835
2.246951134458114
2.102251379055306
2.1207274728093854
1.7389922385469028
1.1744444852968463
0.7764464561335613
1.081292972803633
1.130426709077331
1.0241573289736343
0.9462348275623782
1.058766011216288
0.7941887637510316
0.6646107443887539
0.41122018543144573
0.26748016186827467
0.060170681129673255
0.15930216863269359
0.35061728072411696
0.17393458091339908
0.1069869056952871
0.13162267261655453
0.08129805690022991
-0.03978365465692235
-0.04638520370908769
-0.20872333201956325
-0.4305607306581361
-0.23905361256740182
0.2533709664288019
0.28943374747752637
-1.110409513975334
-2.8441549700718367
-3.2040044566777226
-3.2985486184003063
-2.6079718726036325
-1.4909114990275634
-1.7281400940282792
-2.4184711328810926
-6.722966986118578
-6.885410125597636
-6.378027769211024
-3.514334346395904
-4.00948131967308
-2.3075426776045065
-2.0398546837193727
-1.690170884063797
-0.8480936590948911
-0.26306393013054913
-0.5416200857573015
-0.17728493012997953
0.2835398967544082
-0.14814683935184322
0.1669151533974658
0.268887151476362
0.48570017806982263
-0.25963890178031845
-0.014596904493900522
0.045706181698907736
0.08424496292255453
-0.14431083661247376
0.08330368224070048
0.23045063291863446
-0.051189310650005114
-0.062127143673178155
-0.11529926249862295
0.34295641562129353
0.8065525554886535
2.5331199658490156
4.539351879675741
6.0678204881108115
8.55075299467638
6.476653839961322
3.080275320802595
0.8516022810757335
3.4399096942323326
3.1282429759541692
2.2146587996312364
2.143027033537461
2.4502461938404103
1.9703489544440818
1.5675116753372034
1.1932921166848576
0.6679644035199075
0.4531609206894529
0.6430441864672708
0.6616860361818676
0.2371801886288984
0.10261907364938322
-0.06886945368162758
0.013150812552125883
-0.20050864356291528
0.008920472605802816
0.11209671233947753
-0.045898432344165074
-0.39808611083371076
-0.49514759046524953
-0.3408582648629948
-0.2675049852331287
-0.428928368266281
-0.5026923054593132
-0.8870252440076636
-1.159204838007321
-1.6654791695177003
-1.4046631679766652
-1.0986134142480843
-0.3814884387908116
-0.5860020152532797
-1.2584922810486714
-2.155183324595869
-1.9374053679867145
-1.1287155558800286
-0.5200506174162107
-0.40547202393405785
-1.4848877833929774
-1.641618091874948
-2.5542394500860963
-3.0341811805653287
-1.7814551431890793
-2.840853476787952
-2.6611461137098793
-2.454474006618988
-0.8960598453555834
-4.057961714723528
-4.19939798922793
-2.552493904864934
-1.4321442663676782
-1.6299256033260276
-1.400800122067277
-0.412147213354963
-0.16597592630834268
-0.4817092965626974
-0.33926872969343685
-0.1042603864940587
0.4660957273111402
0.12308917607029032
0.35373584655739276
-0.15015475269772297
0.11433360392477329
0.10528498241938232
-0.14888691506236745
-0.3823052529867601
-0.19449792413537942
0.528161127990531
0.12669048308281322
-0.13895468968126892
-0.06298944245143709
0.13620265233670809
0.1435736298536346
0.20325540666023617
0.7032612939052977
0.45380495592856684
0.13298327307629842
0.7717083062234942
3.287960141938623
4.902357719018516
7.183090234310535
6.358026782926014
3.578013333397622
1.0663391902344486
2.826355582606049
3.568519912849842
2.408087139595411
2.5829314003509434
2.2799588628754783
1.648674816211329
0.8759081017844624
0.9793660807440264
0.5459741296587284
0.8209252659304433
0.9063953436030063
0.7468210070480399
0.6503978373925482
0.5349660374463088
-0.1702413277247983
-0.25053705864557557
0.23831729240264576
0.360119280382905
0.09345714829548028
-0.22427736740723678
0.07232401027980917
0.06863773853997206
-0.053075473501212576
-0.16943597000362928
0.07253189195501632
0.15820968663930982
-0.016037794700868104
-0.12041539687975407
-0.11501624363240635
-0.12020195775755202
-0.16019483140458113
-0.3587712463466745
-0.3197554165606146
-0.14795767555056202
-0.09407456882323119
-0.22381457894408535
-0.30233114913246145
-0.7439141885250679
-0.5857686387016292
-0.4612579786608624
0.17104760830146884
-0.7774276379438481
-1.2694615868730963
-2.331861476773726
-2.514288586209059
-2.7757568601953686
-2.510433959052452
-1.9853037929028545
-1.916389964149854
-1.256777212271834
-1.7269255630191886
-1.2667308161035091
-2.413876544434797
-4.180437026381631
-2.500513534302442
-1.6545181530505015
-1.3733108373681318
-3.1644249211625644
-1.3666921421629108
-1.6897461481239713
-1.6240807949178777
-1.3547151311414822
-0.14633555137498144
0.7538572143776683
-0.29730937358355713
-0.7353636858390585
-1.0106777097743274
-1.225035748532941
-1.0620455164574556
-0.26290715631316486
-0.14072279096953874
-0.4797899517932231
0.17288789291691653
-0.09317072212463143
0.21724430343375
0.11114646245493069
0.006534838238653567
-0.34117110794966676
0.00028258018307881794
0.229621360387548
-0.1670191262493937
-0.20526348097299651
-0.1278056749030868
-0.1736595612440624
0.10027981855956285
0.13905554375283505
0.7453253784209937
0.22276902681602584
0.7668709615760647
0.7448755925602664
1.030743794480565
0.6475036218527815
2.058765788587827
1.9574188618797521
1.0709664524630378
3.5666576852007332
6.1586637456144855
7.009402420595962
3.1612091172350465
3.1052487463582255
1.7616434141965054
2.3934161350189624
1.6488198233133082
1.8787884913154398
1.2332329280191971
1.1567577195787662
1.7809090952793074
1.6882738366141208
1.064950408448897
0.5963668388851834
0.36343836590761414
0.36489022902805046
0.01144139703303691
0.443891153936081
0.8020712101527051
1.238380862352872
0.9118067125725945
0.5133359962257881
-0.08873889358112234
-0.288451491047778
-0.2358090631181687
-0.11415384880021345
-0.12405104989234012
0.20262466484544936
0.32347447270197066
0.2681794346411645
0.011064063586619313
-0.058839701428413674
-0.016615722686362633
-0.12491194588752519
-0.08261762140088709
-0.08063241170380722
-0.00903668301196088
-0.10843546897161
-0.10620869626983725
-0.19820615198462582
-0.367240291794416
-0.5511125447400846
-1.1428626493039784
-1.2372557510833786
-0.6331437915307019
-0.5294490300913618
-0.5264708759317116
-0.09346403211939779
0.4787121638695174
-1.2372799624554152
-3.130952015693092
-3.730609367269199
-3.0676048397725832
-2.4423699751810735
-1.5435772972933404
-0.4113489495127232
-0.40442085044371934
-1.715037435469487
-1.6868714636123032
-1.1123227284876613
-2.148185140282672
-3.677646869856274
-2.6275384563354627
-0.2577568300253765
-0.8514252996278616
-1.659785723056999
-1.6399200112915258
-1.707516302391882
-1.1053030716787753
-1.0625056341050092
-1.0532666794252499
-1.585822051891014
-0.8395262025965237
-0.8446528418042462
-0.9595650236402543
-1.4005199199457612
-1.5207948207855435
-1.372120953050284
-0.2006639983962283
-0.07186281251150618
0.24470407659129406
-0.2633969016061009
-0.31883133880418296
-0.22742394752672573
-0.09194041185425698
0.25234042938651546
0.2390776121436254
0.009127367542297277
-0.2721744617173403
-0.15747166255231074
0.23802844957346023
0.30356892283025394
0.19455533407771988
-0.09738992463038136
0.08850810718584905
-0.046758250305619524
0.012024079064795596
-0.28183371682315167
-0.04825909934934073
0.10154632273239783
0.44327349364507157
0.08206365539850874
0.08442766365041306
0.32201769462484486
0.41068993943021803
0.33937239613507747
0.03564527320866326
0.1979308121182123
0.1211352256061487
0.22270098248227083
0.5048445607191622
1.0855428116370134
1.8796850848759186
1.9072742968971939
4.458936466307644
6.139585340119657
5.323973393654709
1.9509736836864515
1.5275898186275108
1.7468001960393769
1.1366624210121068
1.1998935161168915
1.416357639707187
1.366529378687007
1.0476638457455882
2.20914492146607
2.504745760653018
2.4953461879185985
1.7653660413224885
1.1589252627147177
0.4142365410207418
0.9401557504886894
0.587663838715348
0.2686032581380757
0.08215440894334704
0.2832810146410015
-0.09751223901500626
0.01965734871262837
0.5194678351993394
0.2619076858887682
-0.05944968970792113
-0.15256957393248372
-0.13506597401555012
0.37550401178570686
0.6451355869248132
0.9634231915730332
0.49409350524826456
0.14644439732442713
-0.2686186165994517
-0.1421284138745996
-0.007592076273873406
-0.06494800514863211
0.08963511705361092
0.2026549773376289
0.14386185609883
0.13375354463846062
0.24994205677828596
0.25662833434268245
-0.21547350659521586
-0.6010434534174589
-0.8171609995947857
-0.6557124983481994
-0.4063108599141949
-0.15338463463355528
-0.47170162329895476
-0.5119515661551487
-0.2238020607672902
-0.10830217928145819
-1.3144601822533668
-2.394296766880318
-2.6100790666893166
-1.8785257351062892
-1.1040175930238123
-0.3525712106287297
-0.3099129557547518
-0.673333235091032
-2.1707800741375096
-3.6584001603740943
-3.188819129724706
-1.6905797575366883
-0.48090115938573186
-0.6624144409381493
-1.0125440984531118
-1.444958732300602
-2.8116507084733113
-3.528239300421247
-2.647060972702136
-1.6303540251563835
-0.8610984326764235
-1.2249051331508785
-1.2161397228831552
-1.0506006247346953
-0.267074000252686
-0.42688673416210005
-0.9358822213082506
-0.5234319712196781
-0.7865705214910699
-0.6810372447833719
-0.5325979959279481
-0.27004690759877575
-0.4090966436671647
-0.21800710342219715
-0.15716848152038337
-0.07239195486887125
-0.007741101953137759
0.0708340899029096
0.14105461139703787
-0.07047804195218285
0.21410350074328366
0.39322071046377266
0.34748954124494114
0.10732718725355056
0.23556889990526025
0.47794254781924583
-0.2820496019461011
-0.35069259587319596
-0.42465425903350756
0.39864997212360603
0.39054192829854395
0.7292804417501151
0.10730151976655056
-0.19765959082536602
-0.6067197354039157
-0.3246958688603653
0.16982046058319317
0.7471068605549481
0.5086009092595128
0.5556290431634169
0.9548715839834753
3.216293826152686
2.8657875898370704
1.8341194439105146
3.8327648309585087
5.488300342462207
4.082198375491206
1.0706824712470318
1.7242455878635068
1.5044741587964452
2.3544772699083087
1.84681272511742
1.4334860778765803
0.706491538836236
0.927380616960653
0.6214432596158523
0.9141153505315162
1.0841428819546501
1.1124745381939605
0.8351510645623348
0.6727657493771481
0.3203435506920709
0.4599008479398465
0.32751984780526516
0.37833149043100395
0.2953347028428056
0.7858099874706139
0.33258997400162377
1.0491496895341255
0.1808856255212024
0.30521196068918416
-0.8585509777843016
0.46082575460274455
-0.1715988749410555
-0.07952689664529008
-0.45513423424778254
0.21481389987627053
0.362651152968086
0.09159011783791714
-0.34853214260698645
-0.6277692281790938
-0.09840049672794952
0.039810588885403224
-0.014135568128535695
-0.08295524339039712
0.12302931040049347
-0.09881049938709872
-0.2651128623548277
-0.5322323315420899
-1.201579345934662
-1.5739737959624072
-2.3290753967072266
-2.51052216540594
-1.9907452027800976
-0.575673947868872
-1.2547598561568554
-3.4270305368171456
-2.9270874631645905
-2.2476217229194573
-4.321413953852036
-4.919848872446679
-3.533335882770075
-1.4168936019675533
-2.1395178902640444
-1.9639929777436955
-1.1629224003583707
-0.17191509847593134
-0.5573888887863437
-1.9379471999357625
-1.3846558312527149
-0.8465000927168566
-0.10059171180687349
0.3864613787501304
-0.16790879359772953
0.2310954892905299
0.5260670497496502
0.6760117321003252
-0.21686256781179286
0.3628758396052585
0.4538275593634117
0.38362065485017693
-0.1548867159617733
0.05989407182526004
-0.1452211426769461
-0.05701777637542313
-0.11930327883926907
-0.18519608374251148
-0.14637032074311485
0.36193340338780416
0.2169896834669256
0.11417243210379441
0.31260369706475166
0.23961845423153413
0.874273021598894
1.6242974974886972
3.782055884516456
3.4642352404710763
4.271577508615321
3.880606199589612
4.723238247391419
3.0623578156983142
2.5234237795901384
2.2427096706267995
2.8877613266240565
2.7228482817814665
2.226462323374039
1.3031790086997093
0.7534522673684225
0.8496025417163428
0.6036960835908355
0.9159478722133019
0.7062481666610834
0.8780132743861035
0.09260483527628509
-0.08680983576102116
-0.05470050209099053
-0.08232931806369438
-0.334953212803407
-0.1236142681261713
0.37569749032638905
0.050519723886111687
-0.3152373782215152
-0.400111601734226
-0.2612620535347514
-0.15493654093425616
0.0860895242560121
0.17398134862907633
0.033696988129290034
0.03921082478425487
-0.3971107782142226
-0.6014794802936771
-1.3556441680890645
-1.3412689925682355
-1.2945335983191477
-0.7309233750217985
-0.5110988525437301
-0.05305416797836863
-0.463714439125322
-1.6448132665305317
-3.9672013660660435
-4.30297827996335
-3.2859290827031766
-0.8237079262681293
-0.160532671177718
-0.9241195635949849
-4.756955383673386
-5.232328561417764
-3.7026435679075416
-0.7883491008003389
-1.253627847972705
-1.3965282756643256
-1.9380223323148207
-1.7023664699748104
-1.4876429398655562
-0.9205436542336621
-1.056042371087174
-0.7220602002218182
-0.5972082224105794
0.19105806265839523
-0.345894417827746
-0.00848547399631298
-0.263770965829869
0.05754588211543582
0.16031746559494459
0.4778372162483196
0.2574551326278995
-0.03306511821677998
-0.35122480931877614
-0.5038601730123896
-0.37063809991766505
0.048170671072501024
0.10527067253047183
0.3036955900947783
0.2312412118715727
0.20628160224515574
-0.3542361735850773
