0.9111111111111116
0.0
0.7454545454545459
1.0
0.52340425531915
0.52340425531915
0.7454545454545459
0.7454545454545459
0.8263565891472873
0.8263565891472918
0.6681481481481486
0.9111111111111065
0.5942028985507292
0.745454545454542
0.7454545454545499
0.52340425531915
0.8263565891472873
0.6681481481481486
0.3904761904761913
0.455555555555553
0.3904761904761845
0.5234042553191575
0.5942028985507292
0.5234042553191427
0.6681481481481486
0.10123456790123891
0.5942028985507138
0.45555555555556715
0.9111111111110975
0.8263565891472958
0.5234042553191427
0.9111111111111156
0.7454545454545585
0.5234042553191427
0.6681481481481486
0.455555555555553
0.6681481481481486
