-6.622939909691176
-2.5367774041788955
-1.2559778524326084
-1.1232857837692831
-0.9006423180433686
-0.4147717947801342
-0.2518644129240489
-0.12728770038992007
-0.17386199679849282
-0.30819533559984497
-0.26174663061493025
-0.08438933557893465
-0.10309705062249128
-0.24185117634190545
-0.23197557913022226
-0.048344445367075065
0.12304064514910537
0.24436778787695768
0.31259135440545766
0.5216444845032759
0.8859410035291426
0.7690908264593598
2.6382227243007863
2.9548748044592488
3.8140574945207097
3.7909479786716447
6.257032878881369
5.991691031429639
4.440842477242326
2.8050585363144296
2.544270333997259
2.648897406563398
2.167960755724292
1.9967884366654625
2.0027615910089973
1.2969011154581735
0.2919837219723411
-0.4915467922207157
-0.15804200640431038
-0.05057224131050493
0.16031475490107144
0.0889759472160193
0.1952591986304702
-0.08047086498049724
-0.13148907474824603
-0.12582237305145588
0.017747609585543396
0.2111866891000418
0.25724411526021873
0.16403762091799562
0.07274417146025307
0.2794352649907119
-0.06073197215110481
-1.5538828152138158
-5.496229883770034
-10.621699896754075
-14.227238611947017
-11.48099072745937
-5.565307917618347
-1.2615364369282724
-0.5656844628686237
-0.44734546137055486
-0.05770443072065888
0.06347296745505236
0.018886381879234176
-0.20505170013389004
-0.2091323374075738
-0.23529555459129678
-0.09644815870403327
0.021200751005008504
0.17739249810536784
0.08530822893698192
-0.004466251461503217
-0.04337588297986647
0.07977676654289236
0.049041258689248614
0.1607718049575191
0.1820777158998619
1.0976854189059837
2.009381111505744
2.9067758229591827
7.23034235603712
9.759611787921248
9.823465148674613
6.5026443616201615
5.085358604519151
2.8887207320764468
1.5166996564019262
0.90300511920527
-0.18852002824064001
0.13237668264648053
0.5716780615063353
0.9467668553968089
0.012382531588244084
-0.17078331239395678
-0.16243434085035538
-0.03226396514769648
-0.1296748736998486
-0.016621483812178154
-0.010150777984063756
-0.2033290380674176
-0.19569634417897527
-0.034024480551888676
0.2599607074320663
0.21165899842863448
0.15517684121098496
-0.3606972345429162
-1.7886470054615031
-3.4313628065636337
-6.353827881864871
-9.488677057575618
-11.530410752512454
-8.419653855430841
-4.281004969476927
-1.5518735396183505
-1.258261480602655
-0.8936653719137831
-0.3628164533923527
-0.47720732523875975
0.13379284187419854
-0.24096798477870693
-0.022510303828949148
-0.4030268773201061
0.1323740911205163
0.12562042190552516
0.15233592418340378
0.056357267006413365
-0.035648003994067076
0.23686224839999298
0.35203584137976135
1.0981280504855453
2.250322429980838
4.569359351968458
8.234832676059211
10.477130175133935
9.437594587617788
6.599020864907382
4.373424357014355
2.6623305564131643
1.2302721384043602
0.7235351773937774
0.6415803113152464
0.6005719688730936
0.41049167431964106
0.15535610927189
0.08727549101621687
0.10680591365495966
0.12546800337048403
0.41642604345859463
0.2556475982079984
-1.452959989635157
-3.7498130505198035
-9.65483728783157
-13.234761055527038
-12.339746160506323
-6.48387281474106
-3.6372490104353083
-1.7030813310205017
-0.9526164787119998
-0.4150089202664002
-0.554711621522335
-0.30254930524271134
-0.3469440961732215
-0.15379304198474456
-0.12693821893185592
-0.01804086396440411
0.029311089854970346
-0.022034632063825606
0.021209874256958243
0.0769643452152538
0.28984390588958014
0.5866106019366646
0.948684460552894
1.946059439682719
2.8922370469454997
7.400823072547229
10.163284173593066
9.502386279151466
6.071217822459708
5.366241768200307
3.7839466016130707
1.371749294262327
0.1369067942278917
0.2962027179419013
0.29631178021715215
0.3268383209626869
0.2898387861385087
0.2800496215983205
0.13127282013962563
0.06185950305384126
0.263107766112539
0.35770236427864605
0.610246739339928
0.8138483982981743
-0.07255953681640585
-1.2307217541978166
-3.4722828704600524
-9.072633892264152
-11.827021150817515
-10.601806723754288
-5.827405055727824
-4.37293817140489
-2.240661310786921
-1.3562613121191351
-0.2791856780006751
-0.4428276519854162
-0.8028652677262816
-0.7029907104461871
-0.3088388435778691
-0.19884759731597437
-0.052234399074062486
-0.1459203648549298
-0.17138476641288597
-0.14257136727773936
0.29888248887053975
0.7338214137103286
1.2927418831036255
2.3698290005141245
6.885360609101021
9.79706889793659
9.13009962892335
6.013264996378973
4.693546273994426
3.184783031577798
1.6212159877651469
1.0066526878489936
0.27503042125856225
-0.02459870768237513
-0.18333176849004104
0.09605770438226892
0.49079340704651647
0.8736794649968735
1.362125533186334
1.0469320382324814
0.5321050870062526
-0.7331944874030575
-0.9971229556712982
-1.5835336239614761
-2.7965768677462863
-4.978111247243593
-7.549207653576255
-9.665663362635092
-8.147734807932268
-5.7122651666671365
-3.4784381451759097
-2.631209300449082
-1.2228642020835885
-0.8369695524605901
-0.6341567771446288
-0.3637149563576349
-0.2252019913763478
0.005594165715428776
-0.25169874503300543
-0.3179855767540135
-0.12230588175400904
0.12297597444820925
-0.0046596216025139746
0.09578833370699973
0.3760375070869083
0.6438255318768902
0.8544900475318287
1.9574888488710194
2.7585139206979385
8.026565604792317
9.041314221482455
8.0650611615478
5.11611382036957
5.754144328263507
3.527300695250496
1.8333927005655835
0.9784956353556863
0.19905792074038267
-0.02294610304447894
0.6028330618577192
0.7027531582145732
0.7409273310704676
0.3374413637574659
0.15582398110816797
-0.13813669541675783
0.04135391304120232
0.19621477343985852
0.04801465961674873
-0.7843421257121902
-1.5845444701812184
-4.017354579164562
-8.72225533236243
-12.3701010722223
-10.033762613947934
-5.57757517065442
-2.708720082947509
-1.9595196935738781
-1.1210742118747974
-0.745690374491932
-0.45186841585422655
-0.2132474255919705
-0.2582307893332368
-0.1840505933272905
-0.14432756622460208
-0.07251453232998999
-0.10039963159545343
-0.02050981149194005
-0.11142628848920462
-0.01992896031933443
0.2954127886242936
0.4473649517534916
0.4578532026077656
0.7836995496567634
2.0736164293343267
2.424008544554119
6.358119358166639
9.35363758787349
10.250874689539858
7.31705479582102
5.8836459664658705
3.700546105640208
1.3413897626675644
0.5106957346250036
-0.11574474951430644
0.33725202210394334
0.18099560959260305
0.5350482224805431
0.16565511206105446
0.2973662727831316
0.0697729340399447
-0.006462713743300453
-0.11245199173040495
0.2918194938126783
0.6114700186116528
0.5554932169817437
-0.3845011424164238
-1.1603240780752453
-2.269598281625446
-6.732570115788533
-10.112601549048687
-11.95912259647706
-9.016468083749759
-6.45801419789967
-2.467918045148175
-1.4027984024556663
-0.8701848206463586
-0.9967109745973076
-0.5948236224064254
-0.32600625165466
-0.16562034541212886
-0.050132182287260005
-0.11857562269776412
-0.2305250051358415
-0.17512821385331936
0.09109498407516921
0.26461762207607
0.4865391601638859
0.9996452027857181
1.313589816850442
2.1727736050993034
7.029367580985095
9.795432292680962
9.892552391233762
6.7011186822244735
5.604932515800134
3.3789117837160885
2.0233185736943753
0.9830970158898035
0.36575516235230493
-0.08238639169996705
0.058454403838310784
0.35983297546617876
0.5566189839384326
0.2124031876713802
0.22500483519686557
0.24524918725684938
0.2157401782887044
0.24004169418722385
0.3748947902610458
-0.005834247583020889
-1.8576949688131994
-5.262865912176814
-8.876304855224351
-10.776116936538363
-9.81095672408857
-6.520020326457385
-3.534476816423283
-1.7721531080908284
-1.3102773665815062
-0.9433228042234868
-0.666068856491993
-0.24020223177326275
-0.22337671272697643
-0.3346457865037134
-0.22657856130172527
-0.005501775915923316
-0.11201808004837484
-0.03131510653652994
0.022843126284808276
-0.00461069870767371
0.29505011378561935
0.8250194567208724
1.0287045700459965
2.3827034079162646
4.4535766505603505
8.047819549782858
10.192514518094672
9.80605721947739
6.656297308271932
4.305593235781286
2.4584822420584973
0.9102460472622408
0.12739226942909232
0.09083712338394255
0.009402171836958606
0.06387703786610488
0.11014057532110606
0.20366536846075994
0.18456981082060797
0.017146885150420905
0.46762310348649805
0.9335395217286135
0.36420196606454697
-1.2449712606404617
-1.9770497093075794
-2.8717025030242196
-6.973388764627127
-12.30255964454662
-12.92144934121302
-8.264635593536793
-3.3325470744618912
-1.4007584246409175
-0.7277301396600747
-0.6043014989076488
-0.350563738910971
-0.3001739165364003
-0.14861435277917748
-0.22035172545715598
-0.10019885310144244
0.0011410267839877294
-0.0366333359069737
-0.26927706077279384
-0.03961206595524264
0.3509146060338701
0.7307107726908144
1.003931264671121
2.147461528928313
2.5797866474286084
7.257094038397402
8.599606963657168
9.222132079430502
6.204938945152094
6.379681379890723
3.5522283437479376
2.2764606485405894
0.9535517393147342
0.5396583185835021
-0.023717609686664337
0.19853884745778608
0.033730825688143125
0.21262077192047832
0.1513535608454766
0.19941822842061435
0.09908673910394218
0.20270367822982377
0.21448701844487625
-0.0901724958551967
-1.7527799681924523
-3.469823568916454
-8.25819839154344
-11.553505547577874
-12.09469192347858
-7.487232133493254
-3.7721946754353013
-1.5042493649655329
-1.232973640622919
-1.0310676212832113
-0.5509196647955992
-0.3047007530417295
-0.22283368787744587
-0.06315143609490767
-0.10137435115761562
-0.08176677978361054
-0.009982293528101906
-0.12729665766442916
0.011075641130170113
0.28475939794046984
0.4859113931537942
1.0642357906361188
1.6900028699548395
2.6128534754692234
7.573180503469152
8.918876032890996
8.221644319037992
5.604699527702567
6.6588857323893444
4.502364137302284
2.955846341518497
1.1196956335216066
0.4211644171285513
0.15878454008061219
0.5727669137044903
0.4268269636844411
0.5380186709331601
0.25545997224378014
0.14393234276205819
-0.03170262588868947
0.2755249447445159
0.2884606510990037
-1.469354275361259
-4.101877066188078
-6.635833239267122
-8.77924999507865
-9.133389037325264
-7.591586215432012
-5.451440265080645
-4.416525813857741
-2.3669959986968165
-1.2137381401916654
-0.6562292358006501
-0.7803413544571358
-0.48944825924562124
-0.5685617638728548
-0.3092805291601505
-0.14166954679656635
-0.10329786713212334
-0.22001281421641694
-0.13634644554864014
0.11401778255287238
0.15025977751799663
0.23279850048929898
0.5408333420538917
1.1202886805618322
1.7028058662099348
3.2700657709638774
4.671597246663361
7.40462961396623
7.8912418840925
7.040933976804171
5.077446030911067
4.870116757647677
3.883326579209021
2.293529224406809
0.9041725219070024
0.2810346507892796
0.3047887326912897
0.6620733804096827
0.4996758246834361
0.31246431348582293
0.03024332805907365
0.3266217093348615
0.37154408229662317
0.5501741251397856
0.5101143250576002
-0.6656628304929526
-2.0706789594686836
-2.7315990180140344
-3.8812704088275094
-6.440627640418148
-8.06778020304368
-8.202661573787182
-6.950668149148276
-5.451031654806987
-3.8064241443788713
-2.4173922774718677
-1.3405621761917947
-0.838730377114189
-0.7545814685606352
-0.5611499274537929
-0.4689053539957261
-0.23767111390516757
0.19640302812121918
-0.1439353817870702
-0.17238218474347966
-0.1442850392530039
0.005400439847556589
0.10910821014217682
0.6216753310258497
1.1136353417404334
2.6229381857218184
2.9690115737865757
7.5858341923493295
8.895455916330405
8.978376596266296
4.974294752291951
4.592459927441527
3.0748829542763882
2.3864822324516632
1.4308236240518644
0.6080618048944118
0.18258212710806115
0.26395300050710685
0.33508834186439257
0.6069911324194197
0.3812687509026452
0.20383729180352458
-0.03139169121833164
-0.010083822481294412
-0.4743215698236506
-1.8894498741965597
-3.744343734918076
-5.9346057506475525
-8.439945422015231
-8.97031157159956
-8.326944557218555
-6.039603309496622
-3.7397614438565507
-1.4253696580114108
-0.9153196005731209
-0.729786509107639
-0.37911365548671555
-0.2558668886761159
-0.20022631642427613
0.018361418309446393
-0.11465055873956935
-0.045587979663628216
-0.09128153882793093
-0.025252752483252476
-0.02826693617923119
0.19246976402682733
0.198803079404641
0.6392798589758196
1.280372408454431
1.387977333005683
2.726814458823662
3.9972283435451628
7.933889809559796
7.510711313520743
7.076727803333326
4.670802209333541
5.1324713996906555
3.3495805231282527
2.2399712989117613
1.2954970939707455
0.7400779700376745
0.5052214591851633
0.4023842076441952
0.24927120416661094
0.2590150464258705
0.14782200958941513
0.19920195809648109
0.5692356682076783
-0.28034778012177625
-1.9701576646326844
-3.3290960851312854
-7.0113350247862725
-9.070181840244478
-9.147783809390312
-5.933995883789991
-5.22404286566355
-3.4800905361055454
-2.3944783717248277
-1.1242328889954452
-0.8304820288365614
-0.532278665362129
-0.42137875618167575
-0.24010381637290806
-0.47540651746619333
-0.3523171795029376
-0.23461442513542305
0.0948836086109228
-0.014706861709353026
0.10086582931051015
-0.1461955166924644
-0.023869359473443687
0.09558300216235982
0.4910280518276014
0.7597495698883265
1.3353722095465081
2.5063060719351022
2.197766573471425
6.693108746820675
8.143382709169405
8.202986317697965
4.758734021308734
4.989292506708422
3.474836745418897
2.5354538063152443
1.5478358822402767
0.8775735036029538
0.6040994087956696
0.6257737745493408
0.3455503143718871
0.41698395386045617
0.29810314138007415
0.2728869605038861
-0.9412804354100104
-2.804854479635966
-4.596539627992472
-7.703687290849514
-9.600879781694877
-8.879260828673086
-6.113178171492552
-4.262189595665224
-2.540193176449089
-1.0800066732549627
-0.7897540922154118
-0.4904808020647365
-0.6163355153996387
-0.34346675773679874
-0.11756880326167964
0.004134777403459979
-0.2523486722749366
-0.19657088750122934
-0.03948828669294647
-0.0051833980009792675
0.16604576506391985
0.28541157100609865
0.14495835671234775
0.5631110299421652
1.0934554996425618
2.453624476970473
3.281655932528358
3.940019643904341
5.391240966605189
7.1618081724262055
7.366897765123083
5.884752030228562
4.397738753361277
3.117777114632832
2.099921704113747
1.4872683067350516
0.6040706541985995
0.3939792075900365
0.4560714239022396
0.5103128296825911
0.1820392521795176
-0.09339351380302484
-0.007759914090052669
0.18791613146162248
-0.3684093921498349
-1.941926007935148
-3.0602486418414796
-3.021143864793184
-3.3221449756161205
-4.974335503181991
-6.341811147923122
-7.264360896253887
-7.333848868192085
-5.957742779099854
-3.1565108909661306
-1.5972340150927167
-0.9600813278783507
-0.8068793112454624
-0.47586107715824677
-0.5195965430944652
-0.14106537468256947
-0.1861904848384387
-0.10444066302922173
-0.20304295607095613
-0.07327465039084963
-0.034858700822309394
0.08913869248641203
0.008027434805989043
0.1765779678138944
0.3884957478988881
0.7879174738632542
1.341255347843688
3.107121111492196
3.0052754246127247
6.40286087572766
7.80862621416066
8.038308792411211
4.8363192237776875
4.888032161922343
4.328655181975116
3.3687911222904523
1.9336748378852098
0.635130209107308
0.4598602461066619
0.19474946982539706
0.10116921607205172
0.06084307062549489
0.3795164184698663
0.13710596225052
0.2028676584803245
0.01842967473400508
-0.6517630599107269
-2.56329811795342
-5.5395444720943905
-9.002543476428635
-10.695154664331547
-9.333770138634783
-5.986852755566952
-3.2437451900739687
-1.3718686214632756
-0.787939902699731
-0.7276365858915899
-0.7902234073482637
-0.2371636170050877
-0.15047914010708457
-0.16582495915569873
-0.2871471473273607
-0.13295196605872173
-0.22995401365116264
-0.16061679996593842
-0.27560545389769586
-0.14885263282041442
0.08918538337686896
0.09650332350352986
0.1216369678518647
-0.05502870602930397
0.6657356999061312
0.8731721424147547
1.6786837911202226
2.5155771940602825
4.6196136737870805
7.508927945931557
7.548569513046826
5.685678562661318
3.3135534546187912
3.3233921914005307
2.4344980592269114
2.4669856909716366
2.0126736624839814
1.6849051392361594
0.9683742064356167
0.9449658099665452
0.6483292028146381
0.5713958172646741
-0.005026002243897237
-1.1401623004473476
-2.36999998671215
-3.807824146725701
-6.676255853246022
-7.8905471292906855
-7.720656047121003
-5.914309649857623
-4.96450003832546
-2.975442724529641
-2.1028239795301813
-0.9304048455281192
-0.49388346270313777
-0.22970643602259777
-0.6713087541517638
-0.6908587019374333
-0.7452178584976074
-0.2378108034315275
0.1009458248481342
0.36824506080562674
-0.10186004006975997
-0.3154268579099632
-0.26830772364127464
0.2157320716784423
0.0972366720208358
0.04929268978294393
-0.08746946791256104
0.2455132895512622
0.762969792838813
1.5745309934482872
2.223091254397989
2.463742035048252
4.128718605339094
7.536864138996947
8.53095280997654
6.41116275528514
3.8134576695942393
2.8589061581598556
1.8728793848674519
1.2601279599124844
1.2657891998283608
1.1938971799741955
0.8389798581790109
0.36697620352661614
0.10911785246165716
-0.3838017524943269
-1.3333858793032463
-2.3292093539355014
-3.004334094932939
-3.986117412073173
-5.7317178825496935
-4.199406798867663
-3.02611261755934
-4.30923756643224
-7.142576437651063
-5.42413298020127
-2.188003857337899
-0.9276345346784681
-0.7320565861462375
-0.936135590685552
-0.36974352419709694
-0.36932886471824705
-0.17718682558141524
-0.17957301388598684
0.548006926623597
0.2259147418398503
0.02601620840827888
-0.24654837125935983
0.15148494639348112
-0.3796249591587797
-0.11817276807381849
0.40894163150453267
0.6898839516576908
0.9609931764066284
1.177660186623055
3.110279892277927
3.0812480682003787
5.613389865912573
5.612195592087927
5.794881094219564
4.0027970122726995
4.575897649501158
3.2244509851971417
2.5239909799618596
2.433077071172561
2.524653967628422
1.6628067359558392
1.2897300899266861
0.6362080329129477
0.3615992874218149
0.3303851321693365
0.43730477118585176
0.28889885245356856
0.0037261312261673736
-0.8093064863739904
-3.3422964146423797
-3.184536652003166
-1.9571636261361094
-0.7430206987814633
-3.916628646163252
-4.754141108755813
-5.941459945631867
-4.943862207226169
-5.17022401264901
-4.727122118062014
-4.498594931553563
-2.8608804527904006
-0.9389071406972884
-0.6940952584777021
-0.567036134002218
-0.6051172891642228
0.30917505958606695
0.050825023589155915
-0.7315400865271223
-0.6837847461666895
-0.513784624461538
-0.40984068293156417
-0.5238084076828727
0.16295995840675573
0.4284171468118577
0.3479175808527256
0.13104217769116183
-0.11104866006240086
0.41894981742765924
0.8189606164585168
1.2852491542788667
4.032272358149856
3.6550520726466247
6.827407744534737
8.1346392743322
9.404002069742713
4.90314166360315
4.04980278968025
3.272354163299184
2.7533842494834113
1.3883020629090235
0.740165817260756
0.7246959135937087
0.665754000765968
0.31578655731292465
0.21387624258096255
0.1423481183372939
-0.1860564098854395
-0.23611078627115248
-0.21382741577984027
-1.366671079260597
-2.8572166553149363
-3.764571082274942
-4.7111290547530595
-6.488563504291319
-7.183914797278638
-6.379781972409382
-5.751071411103028
-5.363981462978585
-3.758350913802226
-1.9598593519184833
-0.6295528505334935
-0.5212683660298272
-0.4095325698162338
-0.4727440893092779
-0.2536290008219053
-0.3251299866003012
-0.4625640786676349
-0.05807919644650769
0.3125089725339758
0.3439610581779263
0.04848552968814033
-0.14128487888581867
-0.014161687311164413
-0.02099596285853525
0.2744445112171926
0.3987041466264989
0.6407301072441207
1.6392565214853776
3.1758275470911816
5.987890289097225
7.780048957230055
9.394912920199216
7.40581234351103
4.990486639901851
3.044586731086234
3.087064819307803
2.2282193315149113
1.1074681998973501
0.47727624976651
0.20390999804611948
0.28833375228665886
0.07209779834576918
0.14999861070308115
0.06716097171885087
0.1705465301705744
-0.4230830648919422
-1.2030133106286351
-3.062040050216773
-3.664514281480118
-4.671008934769122
-6.6736237880643134
-7.236727442241481
-5.419020879590159
-4.6344956365521695
-4.820527388770738
-3.345400676598585
-2.3136089424235653
-2.247695508294092
-1.573416921836695
-0.5650243832964621
0.2472075078936924
1.0302803726959051
0.022189472648512107
0.23847831621044416
1.4022271881680977
-0.14249378912465172
0.34862301204297824
0.07385766665213411
1.9400842721181104
-1.2511184873602166
-0.44700552171779084
-1.1398446032922536
0.04502197695766131
-0.8171351344401176
-0.06217975715871903
2.1901201390985943
3.5763761120190587
5.947987160663505
7.528459737228039
8.59718033223484
6.071864036011202
4.87823258199136
3.4100480307162018
3.2269926796671013
1.904018181476203
0.9544609376104561
0.5289040175059795
0.3848830512225906
0.24832526004709612
0.15390460262380037
0.14501835953105438
0.004308766376692997
-0.13237288292439728
-0.17397902191728265
0.19099724079607114
-0.7605812823516255
-2.723380555299148
-4.698380311191333
-9.396529613844859
-10.171589025581733
-8.866089527769521
-5.153947411591839
-4.3693203619848955
-2.1822842310335995
-0.9147123339580956
-0.4823809075755447
-0.17946666259981253
-0.5994549026610972
-0.2466017597168996
0.16302477991020758
0.02573740191141629
-0.23754597281218526
-0.26583864274407737
-0.34947516894185254
0.7791513165679008
0.3488361699096241
0.30317834756443096
-0.39982154363451117
-0.44233915781753524
1.5542323526934703
2.597049222697149
2.441039789984557
-1.4752799681720452
-0.6434399966214526
0.6463433601062814
2.8772077484428804
2.3743950606997073
4.981494607897557
7.5329218564882705
6.660295103593113
4.193228247764258
2.8270549175549764
2.8624336617669837
2.1270322214524993
2.311075999360429
1.7503283260771525
1.4837341976286211
0.8682516034992155
-0.7245054267084861
-2.5661006367763153
-3.9831149720677272
-5.492093421394154
-4.947256509262411
-3.401892921206986
-1.9505084526841518
-2.4919974512786798
-3.034738365447351
-4.18140883853551
-4.849760156246907
-4.646378137109406
-3.037511680208908
-1.2153483380946808
-0.30766352465691316
-0.6105432537234934
-0.5982737544579713
-0.20531511035132038
0.37016610684340945
0.2047266838008082
0.0469209906740366
-0.46145205124907984
1.2217084498901705
0.3995309168974598
-0.5199567537247997
-0.8320095504925025
0.8651615099041717
0.5434845411508302
0.5459485855683862
0.7288050292690519
1.466574095234262
1.658128719788085
6.102061333238396
7.958165342633094
9.408750816594265
6.178845969346112
5.191534027950571
2.925460929183545
2.8217481991757563
1.7377572566396882
0.6669639099702797
-0.09095073129643216
-0.31665439389546823
0.3430820633768689
0.26691251850666303
0.21474636719304582
0.3324983752105959
-0.8519400392310046
-1.8384293235066942
-2.2257359453236223
-0.343499174756698
-1.257327336059571
-3.8358274802433683
-8.92169365007123
-8.542157024326192
-7.927891753205302
-5.854283034757232
-4.937448021734613
-2.051606976392619
-0.966720069340092
-0.08039231459220939
0.38479740842749405
0.08974086513239204
-0.00923071582433901
-0.14445553054456595
0.03675192844750556
-0.014806320226156142
-0.2262063925526082
0.08523035422702635
0.10623778582717451
-0.06674602197295783
-0.4854791592415815
-0.5048045981974404
2.0532332166104217
1.4411604692561395
-0.1328018800291273
-1.3074847417889064
0.9569822247739853
1.1262883186605146
1.6930324810915267
2.1028501205075756
5.614599233730923
7.461659066581093
8.124835037389728
6.132813331549383
4.889205836190598
2.5755630903961504
1.815352483829974
2.360914640029815
1.6313287823224805
0.8271168353404151
0.13738076139120928
-0.19416368094322228
-0.015856916259916268
-0.005990338659670642
-0.06647649524114718
-0.4159667162316897
-0.10349219498245887
-1.0818354399672576
-2.142937686825965
-2.6866681624887874
-4.392142352285428
-5.63462992104318
-5.517310521463681
-3.078125965064925
-5.113672618877505
-5.300832564323331
-5.420603206106168
-2.8008183582851447
-1.7311916573469313
-0.07110583657187601
-0.19895320050666374
-0.7733408483206925
-0.5491671265958652
-0.35542186138053705
-0.03573383793768379
-0.18879811376707015
-0.17143218516078337
-0.21930950333949065
-0.18630802856181827
-0.012835566203110374
0.23843431863803882
0.02524526858077058
0.31056794078476074
0.8442089965110606
1.2560987393296006
0.8499003556148099
0.7476834925742551
2.001176711024368
1.9567148590423935
1.4807192768718644
4.312806779181198
9.212469057505622
9.019117287770499
5.42865554709657
3.3277909471102936
3.486570887009313
2.1922692477388344
1.3240711596429608
0.840681950963635
0.9743846699969171
0.5544580462039965
0.12261038612550376
-0.016410356901194956
0.06925478454578421
0.14918933569843157
-0.35962024757491146
-1.1739806844541547
-1.8720842262496615
-2.9252824820885843
-2.668106638841386
-4.882846384903243
-7.209486672494273
-8.405203644193524
-6.432561787824501
-5.26162525387716
-3.8420911053136066
-1.8599669248710817
-0.8681192427327914
-0.5441165019052573
-0.3127417185172421
-0.06413377823623831
0.03831797710664327
0.1594066841157034
0.3598703652288015
0.07556439789804399
-0.26347688424918414
-0.24870589568822735
-0.15725857315650466
0.09454349830831009
-0.25447918075176523
-0.10584407218923861
-0.18007812991823882
0.30106166783265426
0.14075476410364823
0.44086169300151085
0.22047109525695546
2.370286349459579
2.373166140572498
1.750837620252242
6.554101985802732
8.928754203922825
7.262029285562774
2.9644262440828912
4.382518070527842
3.169502696315725
2.984958977598345
2.4305515342506405
1.1982796941717169
0.548283414764228
0.4638715936450663
0.47466199507953405
-0.007770143910704072
-0.08925210112672285
-0.15541370804553972
-0.2611502584873096
-0.9904998443337439
-1.9358095675390032
-2.8650098264911015
-5.7030521096560225
-9.607002047585702
-9.775686209988457
-6.7687923684214555
-3.4780734947401695
-3.312511535333632
-2.468048186565351
-1.6065561821074945
-0.04757979977230341
-0.04938681789189912
-0.08793156092765014
-0.1210443184198542
0.052801350642023244
0.38743030661676403
0.11802769461512157
-0.06322510588027919
-0.3560178759926863
0.06857714069025607
-0.19201543813347885
0.46902723086839676
0.530230136925927
0.49782388901883357
1.6162802606538451
2.31297571149013
4.509799439340071
6.381375391431293
8.953123415232406
7.485323247925341
5.276494749582288
3.3991710710746847
2.8639686422886688
2.3390612204336776
1.468030793483185
0.9172663580670204
0.5207416860311461
-0.05304534087693016
0.027920016489830144
-0.01419648250214456
0.20542807451254644
0.27752978373476034
0.24283456300295872
-1.6137266560047911
-3.0968885815724505
-2.8646418493546797
-2.0112905569587323
-6.662432166976462
-9.165774731048106
-9.633211108620062
-6.753218847402263
-5.407456236039034
-1.8720065980647365
-0.5954653828125916
-0.5706163680656747
-0.5785462393039216
-0.2285895984870242
-0.051352540728574626
-0.15821800774278524
-0.0016970635689720758
0.15054945219035715
-0.019767738349142652
-0.09991058925390726
-0.005854746188003801
0.4704635022916102
0.839224748154111
3.051186686272947
2.0560175854412237
0.8179545556040334
3.8036183748265766
8.587439623425313
10.418006601771994
7.4253876136140295
5.448598248364474
2.858087427332348
2.4987535974982644
1.4397581290402226
0.5172787358174427
0.13904822557213495
0.06162174452731945
0.4124356883655701
0.3064574211522007
0.35444064418255666
0.40030962634898526
0.18071311649617233
-0.45013066209589897
-0.8634473460702143
-2.365725722253339
-4.566287233813396
-8.612070729509876
-11.451154363862361
-11.544481070034603
-7.1209628083214
-2.477611727001152
-0.39762524614574507
-0.10863248352076811
-0.43135351841634223
-0.37237146423212997
0.06592134076979214
0.2406841003438438
0.1601776694016765
-0.3619884110990335
0.006604021115713219
0.2532138334364876
0.5647134863358543
0.27364728309270225
-0.07096440300264976
0.6055112221342637
1.382162517030526
2.1755142672673498
1.8055140578973716
5.076396022890221
9.680313621595484
10.423256958043464
6.56221954061645
3.832927499864041
3.3692289973241434
2.2381129160083972
0.771433372941414
0.31041081213603927
0.07346924170359621
0.634419129883606
0.6841949994488857
0.533506961883811
0.27679553540265206
0.36688983916149587
0.6259934071155614
0.35888947079323374
-0.447362831919239
-1.0461839636915478
-2.262531845452178
-4.565772854796011
-4.940535983295603
-6.460975607289899
-9.74778074891067
-10.746049935221498
-6.704962386150981
-2.7192675144180525
-1.1005921053082832
0.07517762938047051
0.05392585903194387
-0.2888104201358825
-0.36334533318112494
-0.286908094492084
-0.004369295083423858
0.03475863244702535
0.46235525444163944
0.15897375116548557
0.44100679550284616
-0.3698115739008084
0.11589396704830494
0.017216893706327598
2.220948594627807
4.044539890744928
5.682493733783544
6.78043179316679
7.99342626446638
6.991594549462216
4.461556857051866
2.7172143205205597
1.732408505203545
1.0002682338718807
0.9436545192951254
1.2467816282412985
0.81408518798421
0.611855071720743
0.32431305592689097
0.1355092598274054
-0.22439346073192368
0.0022143459181013384
0.017068381706456387
-0.1831464212338754
-0.09354956690929538
0.17765203428352982
0.38090778532516895
-1.0467260833894572
-3.1139882181942697
-7.826358486539876
-9.808210035981332
-9.771888198636196
-8.860075670917317
-6.385112897994359
-1.1494753376919011
0.9105910027545068
0.18325645113638697
-1.352854122694581
-2.6246169716428533
-3.8848567042252866
-1.4694605103398846
-0.5698895923479955
1.8250775264345591
0.4964217136051772
-0.2727104608163416
-0.511708560961276
0.36935898900204533
-1.0888168785088819
-1.0575178599284851
1.3030184031842884
2.3474061936017527
2.9763016128736877
4.088550401291219
3.5632629550614534
7.2697257999404945
8.460249145956512
8.506231250555729
5.090193274235611
5.324647169356887
4.128671536927619
2.767433810778295
1.1038033927662279
0.40297217534475865
0.01643314268327294
0.16145536429676008
0.1514333904429252
0.14481027944292116
-0.02816478237558311
0.1154684781518142
-0.20578459989465672
-1.081174382678986
-2.6849008357550685
-3.598263669229918
-3.8044714918422327
-3.7226539032319566
-5.428939417168301
-6.508345914917969
-6.391052945194917
-5.292417231462014
-5.3944148903064235
-4.6183070351918865
-2.664195731309145
-1.1422622350927156
-0.540126053135663
-0.5459857121055458
-0.2722835310962434
-0.4254262445651903
0.15752203486692354
0.22332809651100202
0.1299274395260887
-1.105978771071027
1.0498426434988197
0.9271914149700607
0.09175337968670394
-1.5772588081916645
0.3641664482326916
1.11759636349988
1.9121553063751218
2.8398571956659966
4.0499829918579655
3.75968275013637
5.9959796870065905
6.318879641909826
6.208742262977904
4.135398835651505
5.126410156694168
4.2216242903403245
3.1967075028340615
1.6984187791792171
0.9718145549485993
0.5633635463729356
0.34501174743262825
0.1589797406814754
-0.2759693889047678
-0.7036761247582501
-1.544208897590743
-2.729439039647383
-4.192129243915146
-6.0997035179438885
-6.3114688524172005
-8.30232683278269
-7.736600066063846
-6.388735672479361
-3.2202953888480548
-2.733362799042962
-1.6819847737214373
-0.7895377237760974
-0.3515721250053877
0.014263362929851356
-0.00027738719405841406
-0.13445890681718878
-0.23061925363455835
-0.07999196785903173
0.027453388306726313
0.039407631812465475
0.23239934371054125
0.1604606916541777
0.17605353542552413
0.37022451383692073
1.0640754291575496
2.4549479338771008
3.736324665057341
4.609139009544824
7.085278350199237
7.3706488587181225
7.208594832046994
5.899890501161324
5.9506080893197275
3.533030022360429
2.2423894892388017
1.4552806966418086
0.72432134383854
0.23041971199246203
-0.049392486913806856
0.28462012148669164
-0.01673036477010876
-0.2665739530555485
-0.09150585392797415
0.47696100141253345
0.3325357823490028
-0.5419996311350992
-2.1394444099768615
-4.481950857399426
-7.245357028428488
-9.501915926891405
-10.321171563208415
-8.667613246042038
-5.601275924979724
-2.805068586281235
-1.2713572318666189
-0.7331337567650131
-0.521771163139986
-0.22027214223736605
-0.05209770367210893
-0.15004530877759428
-0.32350164979922247
-0.35069963858884345
-0.3195697311042617
-0.12584007484046347
0.12002046939990826
0.2333120696232985
0.16002445309733723
0.475316211437701
0.8480141436003882
0.9218585230447448
0.8935005916301538
1.8738655757474343
2.493409923330647
3.025366898629588
3.6707563633392413
6.0785087441854415
5.380648657119712
4.038945123662077
2.567428129423503
3.223378754429388
2.8039461358478337
2.6072930091604225
2.5085477428958862
2.0403170519777896
1.7695126429977335
1.3387458975725293
1.1326741202711044
0.6428788184268363
0.45479699365225995
0.22197011172233536
-0.15867322054382363
-0.6864050748933319
-1.3294740638276825
-2.0019381123857265
-2.182035579513612
-2.3101535689127703
-2.7412651458814046
-4.340359005892189
-8.499554246311925
-11.106199026933519
-8.94658251111626
-4.232001497391064
-1.7444997125568777
-0.8668205860865009
-0.3320494241739379
-0.16269249124544702
-0.13806089456332582
-0.3589507779435347
-0.37096542389517967
-0.1100271122103018
0.22693882108461785
0.20744388463674449
0.15014616943428877
0.12438067008236657
0.06797789883012723
-0.006505250846471864
0.32397886222133904
0.48472478747899816
0.7978276082871332
1.9738043926860243
3.2219733559461474
4.930517045269749
6.001631111152063
6.550085166954433
5.606131059199611
5.8787699815828125
5.970568556230697
5.005088657091035
3.230829705393385
2.012349124951579
1.4210520660613732
0.9043433419633521
0.38627523276225406
0.13617839903480847
0.22019688893273912
0.43160862686241874
0.48196185334264524
0.1898214693852848
-0.753916181940167
-1.5876370685216448
-2.389372513062273
-3.1129199681964494
-3.45555223600135
-4.559145757985898
-5.3631018114520925
-9.087274439587414
-9.832236720735796
-7.949507247111037
-3.31013154931533
-1.8970820564013384
-0.7902847374397226
-0.5966270778410484
-0.5846436571343254
-0.6036450733993451
-0.16219085315910922
-0.182551611444283
0.08865616976562633
0.22984830291622158
-0.13307696463466795
-0.28744603560458565
0.025240510852788993
0.21376950045946372
0.16064302251935375
0.586698358679303
1.5186751412491726
1.9667646017749285
2.604673404846016
3.560367032731441
5.540178908836135
6.95570079158295
5.576037606507808
3.7554558453577407
3.6595595059694066
4.662357260223936
3.660172416839796
2.418360332626195
1.5599947960341185
1.1542467946000612
0.9719295000356412
0.5959910746918823
0.20437408027124845
0.4122278857088068
0.11008515476714513
-0.9214951719082545
-0.8131135926581563
-0.556471744680584
0.18950411848028337
0.3701088151910514
0.4362345535490601
-0.5460823604760668
-0.6465340546363197
-1.3103337428551887
-3.9043223594120158
-4.770524522444486
-6.743688354915655
-9.303686549212781
-10.141441595832188
-6.097767192974482
-2.8665486814918597
-1.6656074313088767
-1.2280616742214
-0.5214956417429653
0.3557688465009209
0.28909204487826473
-0.12744448638573552
-0.49542384745870693
0.11164365508226508
0.07835099257053309
0.1459700823622614
-0.1499181674767739
-0.3762067547316016
-0.4702122910419331
-0.1693438064984392
-0.009265423884430413
0.3964601466376578
1.195656274502166
2.2834005415966536
2.8133984502212965
1.7786938384655122
2.098227777568777
4.311953164045583
5.863506564006652
5.394109986648225
4.492043602058333
4.759629340743825
3.510382859019114
2.732176197726314
1.6027872044007396
2.103462319777882
1.8934787678313858
1.967987275662072
1.2146094275989874
1.0130606142414786
0.7504080994523048
0.6949166045945534
0.26430780922241
-0.4294613011223314
-1.1983343660175831
-2.2129293641649155
-3.3058808048076673
