6.212887721793201
-5.535296787995958
-5.215550465733014
0.8169255215448313
-2.258754796823331
-0.9030867919872139
-0.3669872372114948
-0.31799816137049575
-0.11094416331990276
-0.05116742695472498
0.11457319775273518
0.4216923124386089
0.5409178781115211
0.47927373380692395
1.3775195649549126
2.085010650817992
2.7901882828830664
3.44039805346822
4.114434057876043
4.262997887839806
4.82374165696956
5.285835388755208
5.297985052181598
5.577588703071383
5.042457726696907
3.0599665201032518
0.9287164749254695
0.5556055716063877
0.16236147110015928
0.3782768334715061
-0.11516520551998517
0.05805108834406823
-0.13174207877158442
0.35670127620696007
0.2878733103637209
0.3954961840492338
0.010301782340582691
-0.0630932711061718
-0.16552458341376367
-0.004074298036456052
0.04367501065162942
-0.05631449822850041
-0.02425415411092766
0.22350924796708196
-0.006470116628991575
0.17842032098141455
0.2334688273744478
0.6611817616225691
-0.40565750918269006
-0.4130656778101197
-0.43658001290848975
0.08371867511071358
-0.12418335481788878
-0.22854343287384307
-0.17958740108499785
-0.620401148369849
-0.3254556251984287
-0.9313282096671849
-0.8236821281925519
-1.7514926026921769
-0.6988998559485473
-4.993782480881523
-6.840298962059605
-5.047197619756759
0.06902912463109281
1.0593162147847706
1.1415768657339993
2.2762695327465456
1.1619857475455662
0.9959957039749914
-1.4922684223129177
-2.9916092636815934
-5.937191601698607
-4.472594541255497
-2.97221249554032
0.4856165781938166
0.1711476593441436
-2.0840057696196665
-3.9876928373590492
-2.4324395034147557
0.22642498223119226
0.8157786703415788
0.9439371034038313
1.0333447730260852
0.8700511316102963
-1.3425774786337121
-1.0281944440070785
-0.45285870731664507
0.9331204209743726
0.18099665910762794
0.8513718986723836
0.5165716061207478
0.9057236119406974
1.070904532668677
0.6280675597542573
-0.037705203878179015
0.08784104683890046
0.2751496962730614
0.2669060834122681
-0.1652309841915595
-0.5275187374958087
-0.5522486801303378
-0.4897870685551848
-0.04014280195434387
-0.20631468297475603
0.13470044142208584
0.05012041034035648
0.5444327971052695
0.6758919529198869
0.9595621660013577
1.3823575005500792
1.4457803088621841
0.8403333127693188
-0.22078415463184087
-0.47198351948241235
-0.3862860678259497
-1.5874064151344647
-1.2783925774328453
-1.5582664091276888
-0.8214817840053497
-0.4097338601969672
2.4240638325953574
2.133186574029249
1.117007638011128
0.21932375373544388
1.1041211232102806
0.9809616068996764
0.9418078525720175
0.9417653665120274
1.4854938657827241
1.6046610610900571
1.3592034909017412
1.0585515500247993
0.7523100801413367
0.5707048999422957
0.10084197985916346
-0.1549802723285737
0.8038952144338769
1.0452311442487685
0.7205320784285733
0.30968093490552184
0.04289424424215775
-1.1107397162447992
-1.4705079159265475
-0.8164337010497931
-0.18422651671629775
1.0783511326332724
2.4877404506874257
0.9873900771081892
-0.2672910788251946
-0.3235676796012921
0.928445800864871
-0.1420824254001501
-0.3523569229051378
-0.10270364601168627
0.648093216306498
1.4293939133921392
1.5912494745647299
0.6536162585530315
-1.0655946448844926
-1.3016612093374038
-0.07650710947378948
0.3956149917733512
-1.3354120164353136
-0.6143887121900171
2.5701100856072094
3.975819822401648
3.5238338788229098
2.5681475873930775
2.0860527895854672
0.1908428781016276
-0.03153813233828029
-1.044943119357819
-2.0529453058161122
-1.8720117292586913
-1.2232654456622938
-1.0189435606117745
-1.6807230127718003
-0.10284400242686989
-0.34322315321919994
1.6070854456082309
3.01924857126012
3.9489191133548904
0.7497326092655126
-0.5627594834986913
-1.0653040348482905
-0.6172175886432774
-0.5688967784014337
0.15379331040972055
0.5421628386785634
0.7493412394650516
0.3418373143449228
-0.0812203499134337
-0.5371695174728349
-0.4042467843462153
-0.8242644055264654
-0.6981181363259872
-2.042638084062776
-1.9470675293891329
-1.739214646507496
0.2620214914563866
0.353604912421749
0.13382199746983625
-2.249685354086769
-3.0950119696616385
-2.555889812325882
-0.6282075317444091
-0.7758105712679036
-0.8960112165368771
-0.9313012877485305
-1.4612478464217566
-2.6408396389895943
-2.93509060486616
-1.1069537874656428
-0.10737254089697983
1.4420763380300268
1.141265111377043
0.48492050840155876
-0.7305908842262702
-0.9406836518489115
-0.9750171637164907
-1.8728987938643982
-2.2736722737875663
-2.6229775430790205
-2.7489835010770856
-3.4264501563719363
-2.703633507285527
-1.661493573462484
-0.17780387223185654
1.8361453309282525
2.763762193046806
2.0012009360587353
1.085133551668274
1.2570333711369663
0.3611635320984576
-0.11574271163826519
-0.6313907793324924
-0.7482537198262422
-1.0142904403179778
-1.1037235291899867
-1.4341620608978418
-1.7428743979831818
-0.7409980551292032
0.33246135140843075
0.827545227911028
0.20854557991272357
-0.2744505848000355
-0.1011138765734165
-0.3642364535831429
-0.44567837185290055
-1.0338534172366691
-0.9725239507875195
-1.282875389834895
-0.6777728000815638
-0.1059210684224247
0.0644159658142115
0.8489935164136316
1.0239735178728895
3.43866653206018
3.9700887689161743
3.5396341746150344
2.1752044076671604
1.6118919614519376
0.1308271259923837
-1.1811007125177528
0.21056096815046907
0.22607395465512573
0.06130400224953058
0.047734598011805074
0.24730563104077596
0.7384024498170598
-0.5942092035564915
-0.2454947723855325
0.020235021598447107
0.4635181310661324
-0.07214580792660155
0.29967950302629437
0.7317879782378225
-0.8673338783399662
0.35359059095479334
1.1472337039843756
0.7541377045373492
0.2505374943293879
0.9561120930315449
-0.6493617934367136
-2.031288267233124
0.6551050688869243
4.93272740933442
5.544725167552975
3.5905823999913107
1.6119404855101052
1.1308414345465252
1.2135536945385246
0.08906041124756157
0.8919998445547149
0.5328583268711747
1.6083605086809896
1.4046169434421567
2.414633765653453
0.9130745872527434
-0.08644827624303661
-0.35349248083267687
-0.006675081404117235
0.7043470620888196
0.6672804513914855
0.4917428234953087
-0.1995573721733142
0.6255122399422963
0.6284264549068141
0.33099915941187225
0.01257722825394052
0.2295693241253324
-0.7663756968541985
-1.1745341004661822
-1.052369835587456
-0.593556241288926
-0.03289598373783965
1.029737036023989
0.30074662042160244
-0.07517777308448519
-0.5579947035068431
-0.3344319210461267
0.11520722388860354
1.2000788642620395
1.0988373601741226
0.9009053452979076
0.4943277292135213
-0.08549474875748006
-0.5027504589519745
-0.20938552312584754
-0.31780780227779526
-0.2605368048030075
-0.019475151356651635
-0.1844323920880082
0.2532219075368256
-0.9205220869516061
-1.455332271112842
-1.8100532903004563
-0.890624493312687
-0.9119774420307968
0.015596902538834778
0.1919327540849565
-0.25111417536055924
-0.6459095007601824
-1.866743970356115
-5.214854374089007
-6.96781535702903
-2.5514339888247184
-0.7019477242751628
0.574754845816918
0.4273176032526786
3.3498344402412736
1.565087417653712
2.2122697350095857
1.7050690061701361
1.6543471444232174
0.8936033231444883
1.1557752703356656
-0.391476573400428
-5.891571000434434
-9.969313717985033
-5.846709262832335
0.2693257476862497
1.2037989772574895
-1.448623395934819
-0.21866799271734372
-0.33768913709269166
0.9646923653175408
-0.25923612844038973
-0.8243332549429268
-2.167215017617293
-0.9180213084070209
-1.2513116609633967
-1.0042490046349108
-0.028881124766386816
0.4980957907680612
1.1805375161127871
1.195142636888776
4.039545357640816
3.504813560417174
2.0244327836615255
-0.7227941463797564
-0.20235085612813167
0.12665885955058398
0.1331744134193096
1.0192320040499028
-1.0140741373378805
-0.8811256838049528
-0.6971534942792192
1.3088007810026416
-0.3586687900838416
-0.01496664208560766
0.3208314336880003
0.7800718812805446
-0.10403037131080854
0.10830342079921768
-0.21212792390546595
0.045635320379607776
0.0011781253340592587
0.4175854619798451
-0.13355637628957576
0.925384273359654
0.11432848216520948
-0.5177064055891353
-0.642763591218597
-0.2351919816944134
0.38149623494484164
-0.07661040418803694
1.665551496453797
1.5532545261856623
1.7649493129302236
-1.0921098374415454
-3.4946626264749643
-4.027072131278761
-1.024524343496809
2.6833395956282353
2.188904683670294
2.5344723234515567
4.4336291545274635
5.778360946399846
3.446732990970795
3.110283204825778
3.6742144183748473
2.5056927583089776
0.5889049662062114
0.05218495500593464
0.45231605135955116
0.39805941127127475
0.6857132765251542
0.20850198436026166
-0.17254891754480392
-0.7990588680624887
-1.1459415442291994
-0.9116527203991683
-0.17124780640510187
0.019990985541710308
-0.5159557440184064
-0.3490658871970291
-0.8894826482902535
-0.02626614005257191
-0.3972368650682782
0.2282877742638487
0.18765963063985325
0.7629930957746864
0.05894065932578243
-1.2537496494939602
-0.4053750741751236
-0.10956830521516313
0.3491486568824186
-0.24424593843052184
-0.06930205682847179
-0.022351410598432535
0.5544221999203893
0.73899913697389
0.7256490916586594
0.7712834935195517
0.6124331352247687
0.8005606859853109
0.22197163069413334
-1.3298041643227942
-2.7244885632025917
-1.6418157031990521
-1.3390136162875566
-1.318541122847667
-0.6703149678037312
-1.5202925353936323
-2.0758314268676163
-1.7235702772722492
0.3810613186306061
0.481717634593926
0.5333782900200538
0.5875475812839622
0.22820987745463003
-0.25277612849577824
-0.2383548378716729
-0.7496144929302266
-0.8305607844189905
0.06566184164524487
1.719432735417541
1.4618945545826152
0.07319688095082402
-1.7981879949776425
-1.8395769744000163
-1.8108663066891548
-1.8945570369644718
-3.7881706442812235
-4.348637884690692
-4.770583851352217
-3.2198130768713527
-1.6195096250040808
0.3151571431607302
0.7053190080606465
0.18754089704233934
0.5254332855967135
0.09390171921998401
-0.5452611342200804
-0.28774359712735426
0.414932100915955
-0.23861547673911823
-0.5803448131477951
0.6544857407961907
0.6352036475940898
0.28115330142559225
-1.0829399361244634
0.1370332396166685
0.4174059384481724
1.5300739585302652
-0.21297733875352992
-1.5594071827503473
-2.0324334284463084
-0.33834661629475554
-0.1688476581422656
-0.7664524264319258
-0.34226323302601835
-0.26158571476389814
-0.004032022216195148
-0.01581026183751254
0.1917471926705259
-0.8285617864842331
-0.4275048892042287
-0.0001720334524735104
0.3519494402917178
-0.21881368152586256
-0.32077960604097333
-0.005604527370368372
0.25882104743052237
0.0428091830312518
0.13156278210092032
0.18292400197170308
-0.04268662016181711
-0.09885578057503237
0.18162257671982193
0.49408060859676783
0.16942917016561188
1.0195574794667552
2.717938073021017
3.0976820938321112
3.347976218751001
2.376797823244143
3.7716430336100695
4.370734505334015
4.34341035321441
2.1909509154153195
1.291478319966586
1.2529216178449396
0.5794958581287731
0.494362259562615
1.3717488209325814
1.8696988006769246
1.4557704364101582
0.5818420825943148
-0.16924194539499635
0.10252453593910739
0.34232170620903396
0.7464768204793344
0.12725293411042926
0.4860722206091205
-0.0006198770632392628
-0.2024234609541846
-0.37732158422550854
0.2672941596162245
0.36629037282176213
0.3731871208111127
0.09400837826727824
-0.08031724668491126
-0.12099478410082806
-0.09875459832471406
-0.10212509636231262
0.09183825158334125
0.052167201692249934
0.2490465667780271
0.25006731809860216
0.48549505621328565
0.015348307597569983
-0.300144090529107
-0.3067553698783506
-0.12721564466231328
0.07550176122548476
0.19237105041283106
0.06062091073459131
-0.07380780070631442
-0.2977756292097103
-0.10461799073660107
-0.08603209213999419
0.07767978916058352
0.021157799195407116
0.2365768857272689
0.4351448992244361
0.3018233050349511
0.0876872051159184
0.010760682146838176
-0.08734485024304749
-0.42161519253928814
-0.15945793126294389
0.1988802345739595
-0.1432618295309069
-1.0797262280024635
-1.1706401204340118
-0.8517569046298874
-0.3303444343233366
0.07267002956284768
-0.05257965259128993
-0.3142094919084836
-0.4543844597172911
-0.4831373529961595
-0.507324896605652
-0.6931171075909669
-1.4253735133752865
-1.3831317086718875
-0.5391352664474143
-2.036294791315639
-3.8137725214792297
-3.2169108185076545
-1.6360567448574723
-1.6935095073777775
-0.4749295207426337
-0.2818926574079033
-1.018435575409558
-1.1190237545022121
0.8943449991156925
2.0498917814107207
1.3182324273618262
0.33866159839024784
0.013926516577297684
0.8566790522730993
1.7835863378558958
1.9505899572089678
1.5851692432211106
0.4822554211136939
0.040695097873766545
-0.4165544047910889
-2.2044631868873408
-5.092991618679741
-4.169746474464266
-0.6241173551172174
1.0849326687305623
-0.2601717342402669
-1.9082856756957276
-1.0489696160095419
0.2588503244412324
1.3589917477624793
0.5189094581198124
0.525028653074236
-0.007660418980941932
-0.14716573894024854
-0.13776255643059157
0.40400833158019755
-0.3114151455060555
-0.07308866023983256
-0.0394521571994824
0.06311462269334016
-0.5157543070789493
-0.49900346883252794
0.14710975527436543
0.16260304655544325
-2.802024128178467
-7.262814456859714
-7.546615820518468
-3.2900731691593093
-0.2720810067524757
-0.2854444578803441
0.2029436585696397
0.2173773252920133
-0.4681100512207364
-1.0916290918858247
-0.20272358757293038
-0.257061099481673
-0.11645158014164182
-0.038026120179656446
0.607523070130666
0.3571436884617635
0.14413499076383937
-0.33887800414011826
0.00019423288318222147
-0.05108064307547423
0.5420599301488201
0.2643567885458737
0.45169828068918866
-0.11147910020703779
0.20101051462001585
-0.07714900431823318
0.5695278462877312
0.143102899975626
-0.0602976736101849
-0.35692525588940843
0.09535740160360875
-0.021709468988693317
0.002250606883086758
0.19697707843107656
0.31365171491268934
0.018648789913052372
0.08748335846144481
0.761528715225359
0.5017435711826082
0.6124340397150131
1.678626182468721
1.8849406623695126
1.9470629665206969
2.3531826297963327
1.1840708731872092
1.4354062712556077
2.6877842560799845
4.012101870071007
2.4648121461872963
2.4803004184255193
2.8726847511067968
2.8144992283356274
2.822655063530348
2.331807194337127
1.6794140031544433
0.5073652767653947
0.5660519519518699
1.4715432898311647
1.6924925404428273
1.4074852918807923
1.1864289626887934
0.48125252019211767
0.0552637865633038
-0.43767282750631953
-0.47594537264731585
-1.179216510548088
-0.4050669987917063
-0.1487963819223507
0.6014792773367792
0.00026915325588293453
0.06788826371457887
-0.28594456994955797
0.19584147682756073
0.19737868071843762
0.348900457768304
0.2140202015271635
-0.08815546736505699
-0.09257947766245317
0.14521898144836667
-0.1317401441044509
-0.2892284197218576
-0.47167519844966604
0.3372371993554567
0.8867867399318212
0.7052781196337503
-0.2545740556503751
-0.29709353368698144
-0.4083418448260777
-0.3578752139367402
-0.4558480481330533
0.3882432209821258
0.017307407032421826
-0.1148781074426673
-0.31571797068151736
0.2888827056723698
-0.031979036448560115
-0.4040246146030143
-0.13236861089990234
0.14945102410571526
-0.008562929333912467
-0.1169645859635504
0.2695117599148688
0.3381112570719439
0.26977632945796237
0.09970635674688821
0.09430091011668892
0.17951696212349288
-0.04585035397623998
0.06012584266358654
0.031399084549995175
0.20820598543146515
-0.4565676183254179
-0.14537294198955383
-0.1883459386849214
-0.046326554778923695
-0.30020548380574813
-0.14949331302630464
-0.43631166750210987
-0.18964253452760038
-0.04699460990863758
0.49055247626588416
0.3197195826388514
0.4407878129255918
-0.1825393892619191
0.47337672050205093
0.1268556092190413
-0.19865632641980177
-0.7362489604574052
-0.38992634650875985
-0.5114570665285968
-1.2901810225521126
-2.5671210361048744
-5.753055335643214
-8.235462861560881
-6.1581262261603555
-2.0158340620171
-0.5610062335357843
-1.6941945144190376
-1.308619527819822
-0.05556312319508873
1.1255992187150772
1.5212088344551375
0.8670691161052604
0.425849593062376
0.353407811065274
0.07595178518727362
-0.8994173281063819
-0.6490181576958123
0.11516762902526882
-0.49638171690203725
-0.6549914988417512
-0.5187952997663487
-0.7897365287687348
0.0006576926518131839
0.74069537861261
0.7181802065202845
0.28962795856054196
0.34163740973454615
-0.8689388465602449
-5.795145726090907
-5.6477792639033995
-3.2151276891412444
0.5879510616965107
-0.40494238922392717
-0.693627662956321
0.003978455952285211
0.4143220307081943
0.4128306193364206
-0.507468193731842
-0.5546184255870681
-0.3790617516874095
-0.13544699112316308
-0.2798680501992828
-0.2715216014500534
-0.06150284621857432
-0.001413916473291335
-0.2951861909594256
-0.639328100197953
-0.7095487170664441
-0.6432222051040325
-0.4015027605632629
-0.37850531604007503
-0.28950703652338683
-0.0717719287102026
0.0918197009004862
-0.0071313426326800105
-0.08264141314265433
0.08334879580307057
0.01167284643337468
0.00014353740846156213
-0.12716394935041564
-0.19303599084121809
0.08070734178801416
0.9041421642904314
1.7654511763467164
1.5572735312059096
0.927687327583574
0.03999725491146378
-0.24010435474158687
0.125700144097297
0.8699447569908819
1.7460500960814667
1.776165220750973
0.936134502658411
-0.08500708856045834
1.230907223343164
1.0091453652010949
0.012004907090406707
-0.6001688326349048
1.4965172368856108
1.9314359694538024
1.4541083267015913
-0.1746198836144177
0.5712673114238289
-1.6255369382585152
0.3145249086385814
1.4032656863703428
3.6275093662357367
2.6181472327259914
2.993414033629372
2.844971047362584
0.7016477390719806
1.2654422814842556
1.4216174347798964
2.173555715557255
1.024319767612292
0.9247985621967795
0.6389230032328157
0.5926320534688448
0.8376273818922569
0.477824334277009
0.09472490750242019
0.24655600467134436
1.26487019320881
1.6976831397722325
1.7024468960366925
1.4705382619834297
1.2986218018631628
0.7967812908504083
0.08976929771853004
0.3617441246106521
0.6355302798409174
0.5690113735326979
0.17687064739142616
-0.10456947699225262
-0.3088968229314346
0.09578522333482166
0.673361644810529
0.6392219745504798
0.13495716948114123
0.11264909965995178
0.3285567739318016
0.26034637555067447
-0.19676432276210418
-0.39752795074113895
-0.48145114573265274
-0.48613855728723776
0.033740384332754086
0.3319186675904842
0.4752119274439352
0.33236790884192735
0.36355912999883033
0.14967152934743452
5.094184761356436e-05
-0.17492955126207405
-0.2544781516993135
0.15056548693600258
0.2217298728634291
0.23784881786609555
-0.4594637388207349
-0.5149523455311082
-0.16830413814946946
0.3959017607738516
-0.05539031647730419
-0.30062454617910395
0.06745634735342226
0.4430101407851934
-0.568013957314827
-0.6811332464714802
-0.7259562224529272
0.1500518712202191
-0.9736644271374905
-0.6735374918870224
-1.0298434015653721
-0.40204710213814265
-1.3589577680207805
-1.8970680843509893
-2.6450399884508498
-2.9272380411591437
-1.7185213911793396
-0.9696604778809221
-0.08263334237045324
-1.5144664589003982
-1.5819621640544057
-1.8090551623290414
-1.0570747245245595
-0.5577520772090734
-0.19430529422644222
0.40722201607371705
-0.9586497555021067
-0.3650562132713183
0.7451898460197384
1.5731467013836438
0.016457949457151157
0.263361168967679
0.13442968324886104
-1.9663824619340788
-2.984789448380152
-1.4731496920667002
0.6570929236451102
-0.2743308961925865
0.011084405010999906
0.1408655272761863
0.7188381181355417
-1.2953383010378212
-0.3823151108891349
-0.4221413241292933
0.2813080807795958
-0.753701900574628
0.6641016286734414
-1.1297221664800259
-1.4432931162362448
-2.298839040322421
-1.574794980663295
-2.320925563370966
-0.935016438367661
-1.489869763161207
-1.806445115198067
-1.8629199228616604
-0.6574518059361566
0.036467449122807714
0.8209615197953252
0.3076472338988931
-0.7038282878058304
-1.0502898900096977
-0.4548665476775646
-0.35390020651346793
0.15879210839544036
-0.21852793680827842
0.028421027853279775
0.14501470529421198
0.30210358708333157
-0.2560284731616481
-0.07452651043252691
0.13573323975311014
-0.09242079483464365
-0.3714323356885113
-0.413456374810169
-0.05384920499689796
-0.16795143578763283
0.0010299921256812813
-0.17781376236773835
-0.3027442483862336
-0.52255040237698
-0.5092279298448569
-0.44782078493754035
-0.18072194796069974
-0.05905334255212727
-0.098378545202488
-0.16108592120268475
0.11908460970209656
-0.1343512677821028
-0.1546980452544793
-0.043384369816328754
0.0009985930518103272
-0.25158797018428786
-0.45295623980056926
-0.39116756831208027
-0.37271055375551265
-0.07727676829836962
0.12607312615632582
0.08980203508362467
-0.31570712580158244
-0.20983103740567513
0.11095019917620186
0.3320699363300561
-0.09361544165998968
-0.2006477049775174
0.014207827262523176
0.7345982693574065
0.2825976489522141
-0.598433165383172
-0.6992612323596813
0.42343303667843424
1.1680725554514213
1.029052634868097
0.644413000962469
0.5950472486726285
0.24831271976924832
-0.3162028013232221
0.2797031179048274
1.3262157088663533
2.410840225060509
2.1895668252791363
0.3243458937423178
-1.1151950239032171
-0.365414394073923
0.36610967868289795
0.10925428213111388
-0.05807163918039146
0.6710845820708883
0.2345678401442064
0.31319173897512215
-0.1684337034380791
0.05048930633748771
1.5214618146254548
1.632174078151087
0.513490944758073
-0.2126055406178685
2.871923750201275
3.9032048856162183
3.8124561927990865
2.8938846696299847
2.5111851653190835
1.6038601615359995
1.629790284238562
1.9551892597514733
1.7183681691029329
2.4676596056586946
2.5816768929605742
1.8115346872072466
0.8937096581021351
0.9255946526550745
0.5280124339253353
0.9422068947599274
1.7866491516019039
1.7581545530148173
0.6477011621414599
0.19561316108452245
-0.128477503605769
-0.21651966791815971
-0.017455136884693016
0.555108942263161
0.28336297427163093
0.19825132432866885
-0.05490617134906152
0.4174180490425942
0.13098882044136084
0.4424708419332709
-0.1326269858464344
-0.06233946929577704
-0.1016265345465036
0.1650253415465857
0.014429438324400067
0.3015438388068919
0.43323694034412275
0.15887243769093576
-0.24734275226212596
-0.07724180190505464
-0.30104209489423006
-0.18666606264454216
-0.36926550673497804
-0.3230984450457714
-0.3098804296829098
0.10929095789966103
0.24668250818992446
0.012162690218427183
0.0035725680212818998
-0.28578464887990834
-0.6537352204864172
-0.32822294896177806
0.09016067880927305
0.6994449403643752
0.5196155379300389
0.6597222479155785
0.061592191032747885
-0.934224607181031
-1.1506507492038753
-0.8853420263322535
-0.7930897062948035
-0.7755248063450068
-2.047389722757919
-3.118166808396709
-0.288383849428607
2.3252810670852755
1.5178620638478748
-0.5368377007202491
0.08803761063047201
-0.4418573996508075
-0.7146073514531996
-0.6362551338095319
-0.9992466511545941
-1.8272632922873417
-1.8679921009627043
-1.3784540076561764
-0.9354346464296047
-0.9343814356669959
-1.258841339988424
-1.590183293335205
-1.4229239575262396
-1.02239719533453
-0.6326798564371265
-1.2719319025918399
-1.962935759423637
-2.539552069493543
-1.8721424932207762
-0.792311462056517
0.3561620013481473
0.4107529469202133
0.031032387596326524
-1.3005488015228135
-2.027450921049349
-1.7641885549328866
-0.7248622543328122
-0.7158991228793251
-0.9406872701816777
-0.46378480958366247
-0.4232481534517281
-0.5794694941658137
-0.12510716811452258
-0.32331451663533856
-0.35217741988601065
-0.04223536736809992
-0.17855992821095606
0.03196716027633788
0.07269845940007316
0.10934634187000758
-0.8051600293928309
-0.9147669389823829
-0.7746228045227379
-0.1454013038162855
0.783365883872766
0.30322590594550397
0.6080176804548011
0.8338643951231435
0.08899076799109791
-1.09039537211419
-0.19442245701326127
0.6914802934997872
0.26516941573391417
-0.37323899988988896
-0.018457918379919835
-0.48496313020263565
-0.4341493816467193
-0.5942588241149787
0.5459116746924831
0.2535658701219734
0.9333239241872169
0.3630374890860695
0.639490965982662
-0.12145257036921732
0.06402182283450938
0.20718512531922317
0.49065266199520774
0.08450222693561807
-0.31559659332676365
0.5567953490778761
1.071499062450568
0.6572063750402919
-0.19420556261107275
-0.19265081694719285
0.04173493213811123
1.258906237539567
1.7571542058625655
1.427538441181454
-0.32114875192330855
-0.8030654810507355
0.9151154866705079
4.367666658369357
4.383298501599471
1.7755700955676923
0.6264313078599735
2.173382668483818
1.451747887045876
0.9358521014482978
0.39084305066438113
1.7345518244102407
1.180949517270367
0.7728128169752986
0.19583315405539417
0.49992967291073453
1.1236402661329454
0.8005429186034052
0.8711401793764809
0.6116600439216194
0.8663701921840343
0.8245895649905076
0.9836336812400353
-0.3084373677997341
-0.6029475077225498
-0.13015911399375932
0.6337414457594619
0.19376890671883187
0.10057731894694294
0.23835117138769896
0.21438053563686996
0.48449375303401965
0.6176181685969047
0.6543293137407024
0.634449025966442
0.36960442980287544
-0.10181352925855165
-0.1695431316559811
-0.05719622222581148
0.15886810150162148
0.11405997578812548
0.09397720841471592
-0.6801161714907509
-0.4647246440387096
0.003079820919839678
0.2633307781769417
-0.319126988420995
-0.6064853708190111
-0.38788325451524375
-0.36872884550039997
-0.09566550641255989
0.3317585573845975
0.5012835596271522
0.6248589760676282
0.051429267833043725
0.09985079661497968
-0.4937549573558645
-0.8331920429567793
-1.773157632999772
-1.8413227401223362
-1.121792673215413
0.007015593764099614
0.6906405715904345
0.24830653017081322
-0.8044421358313838
-0.5821417787580161
-0.4466046454719853
-0.5129342212577596
-0.3753946064596083
-0.03263829338341314
0.8103609867203531
1.2625376649198923
1.5966670861210506
-0.10522688941487045
-0.9706818704659651
-1.253995438472111
-1.5737346897374567
-1.8385035145244635
-2.2697805329383507
-1.9550827480055901
-0.885300466343412
1.1630572550017695
1.1193884464190844
-0.0577466924643299
-0.7707439966672597
-0.330595309898482
0.08929945133331849
0.22239545511390332
0.18387824999586513
0.8732796706523438
-1.190089856399611
-3.065093689174415
-3.680784000021034
-1.4441407102354182
-1.1407269934482271
-0.6182954707428131
-0.48714834316684374
-1.0137150289507646
-0.8797541504954054
-1.49417994004664
-1.4053229587501184
-2.026268966490775
-0.762178183987714
-0.2622781436462212
0.2527268889204741
-0.18642632224492978
0.07983323747885694
0.12114326387829744
0.3713765606848315
0.3535013623520623
-0.1340668936443766
-0.5812507066316499
-0.1413929239707193
0.4580892735491387
-0.11891605741981014
-0.6074109953900092
-1.153634615427307
-0.7346294794584858
0.07435033670212789
0.3939142158978965
-0.2131380138283844
-1.3455257173107724
-1.5687628712749173
-1.7129603391212471
-1.822429990954159
-2.305162231119752
-1.6044200650355995
-0.4317599047962918
0.15733771101872468
0.09256094947530684
0.023241890171834787
0.006749159992569359
0.2791745288323231
0.0806831399762166
0.1808673853654447
0.0727324650526753
0.28259019507266386
0.005516126588018014
-0.01278928985633998
0.05719055079845207
0.08437490469907585
-0.353348684060982
-0.7692437643340287
-0.6488994702650588
0.2712036005248235
0.3157055953895222
-0.021380145175368785
-0.24346299892483322
0.1726918014677174
-0.13210228989737216
-0.45179650556203893
-0.6340206813912658
-0.3355371517065183
-0.15924274612581288
0.08473295616051739
-0.10940784585419067
-0.13411528451306595
-0.09010320799658757
-0.1751721592228533
-0.14839231322798335
-0.2119910024654419
-0.19005646447089877
-0.34934084131313564
-0.02361435724752776
-0.012964454481593696
-0.15116169866365908
-0.1940000037996544
0.20964857551950458
0.17343018296639598
-0.0504016712614259
-0.1616229299488384
0.16310074509177377
0.18377148233283697
0.22789947201925556
-0.1193305625669895
-0.28451739305195034
-0.3529550836066956
-0.11085404108150668
-0.18358022767840004
0.012718248754469651
0.05034423179104333
0.14153652397581706
0.055593710954073665
0.008519723022465453
-0.05680305775216544
-0.05703467059936592
-0.034959443952432084
-0.11233373400186042
0.09196780623430513
0.175542044895316
0.1541850113634733
-0.12331193139264847
-0.17901728381234597
-0.14932162402521365
0.03906641229683233
0.07053316634205732
0.10807609998329919
-0.24158198683023033
-0.20991900159961213
-0.22392535588034776
0.08573739752490027
0.033827044996450326
0.10569403433110348
0.05592373024437837
0.1707939428216615
-0.025858665678420278
-0.020460419083950018
0.03619269573313555
0.2966603214093524
0.008067887644187382
-0.049312741385551
-0.23498610170214154
-0.2264112708069833
-0.2656579873880653
-0.1587856833765501
0.10077158712418742
0.2617832648135818
0.37246443012586483
0.32959150009986604
0.9047863369174243
1.420937224162323
0.833237309432955
0.39804821657235856
0.6186146822311269
0.7477739585337392
-0.03229066299339906
0.10128661677725491
-0.12026395102029759
-0.26546747255498004
-0.6295545864799675
0.10195468622473083
0.48803383046086923
0.13234153257352196
-0.35112674350947726
1.199568100053066
2.0311548021203425
1.7147936442445453
0.3080121470151623
0.6277835308321157
1.1322929381047664
1.1588165724604043
0.25029438039200635
0.06592378316403066
0.5608860794006998
0.48000812431124484
-0.04244304690313247
1.252718290300981
4.353735280835249
5.455985426185401
4.161803091058176
2.863503780452031
2.7055251349816483
1.7830726532064292
1.2112104269717627
1.1928096322129078
1.8086362947502328
2.2061400875240964
1.8066522212322262
0.3370002871609518
-0.1182568041630217
0.4406567803785794
0.6982613753475194
0.19583735265774174
0.26611344719742874
0.8363344739816667
1.0999527601709516
0.6283984026786007
0.5614718747014699
0.09536008236272196
-0.3035528224941744
-0.8768101642292035
-0.15037820906599075
0.4661316203649955
1.1825511365321433
0.4593844117577811
-0.3948444150256549
-1.1927564455147754
-0.44065000544026905
0.08942603376077837
0.05254728724755818
0.00022070419016358858
-0.012615164880980962
-0.008325710343315891
0.23285612684518445
0.6362451353163294
-1.1052741470065703
-1.279769673553543
-1.2546980958642886
-0.4574915229126426
-0.44662399956977833
0.9641002937755998
1.9368159213035177
1.3288162391239267
0.7631174906077954
-0.6745954477870014
0.36997068032398095
0.2738105181989292
0.7907526123101444
-0.4971280015193707
-0.07793005142996304
-0.28362887651221025
0.6924588969896445
0.7526838213323522
0.4330474814496566
-0.669388989952853
-1.0049614594218574
-0.9204259324839441
-0.7861983106108376
-1.1943526408207408
-1.4648603966502882
-1.8288980850817542
-0.296248446079367
0.23457913448452272
-0.7010911534482988
-2.241082860601336
-2.6145196454842567
-2.697773196477413
-4.1092786895016635
-1.201941214608738
0.04672930025673638
0.6014073779159022
-1.6925063331340224
-0.7925644385779547
-0.45390710602644907
0.8323924882432749
-0.21267074574022665
0.3100613719478872
0.6580644921104503
1.1731926270030058
-1.8156304781418235
-2.495282028176726
-2.8537364077473093
-1.5812305128587334
-1.8724731090322615
-1.4253258398968216
-1.490270913330806
-0.9542194126130572
-0.5309335025164521
-0.22286735782138734
0.0032165797689056195
0.10541808071230525
0.09081769363863473
-0.6224805734428006
-0.7698879511096661
-0.009703850301999311
0.2142696742212957
0.47622591078096677
0.5392361532387286
0.22063452218621818
-0.8836455591495598
-0.35124208817821523
0.3642766320583065
-0.45350249565063194
-1.076057416825823
-1.724192311975702
-0.766070642067871
-1.4407981416327518
-0.3084743944118221
-1.0569082811773702
0.10663965322621648
-0.5984961037502519
-0.4364315355376956
-1.295942637219442
-0.543071542385809
-0.7005072837379188
-0.3988699803468181
-0.4318316354978682
-0.2547415287702521
-0.3366662290036823
-0.07344654500277743
-0.04821152491831983
-0.2942288674078148
-0.1359650023291189
0.13841537538867418
0.16585014888049604
-0.00042461425106085274
0.07613533959822605
0.06645123994702118
0.09592232542410317
0.16360872009318947
0.26676781089135254
0.10051517497507306
-0.07256235492023667
-0.1020456823713203
0.2144029731597563
0.3533944466348857
0.19139139242333103
-0.308068107219934
-0.54205012156647
-0.520314987233684
-0.3293374089792421
-0.39528699472317047
-0.10019624780823286
-0.18160106625766773
-0.19326751414672344
-0.22515477645599055
-0.24757533599782738
-0.4231631915947583
-0.5846562967519189
-0.5044535074846314
-0.4339994464099047
-0.01249313346687224
0.03544745048013588
-0.08434871142515767
-0.1637944863781176
-0.04919222886895088
0.02730690601053731
-0.028388891246560275
-0.20651607606463027
-0.35357185827808113
-0.34677391155819876
-0.21731142362778194
-0.08073269554503466
-0.0677073811899961
-0.25327770732341376
-0.21226692407161088
-0.11886105934850902
-0.254388291715915
-0.27084388754181893
-0.22564978266256258
0.11422948837570818
0.07469376027250287
0.06730550259103062
-0.16815740154692277
-0.1332697418821998
-0.09839090281918605
-0.15572842337889367
-0.18700168342852025
-0.026472225868292405
0.04032532787328614
-0.18661980226852073
-0.25065806441528327
0.11010340557474146
0.4360094101754647
0.39493445043459097
-0.16713140201027696
-0.29360889460874373
-0.09253320885177814
0.12324242592895408
-0.14730261037044468
-0.02263636636284119
0.21098303157807066
0.1498876353457802
0.4169275049568088
0.5112633687921739
0.8569904012469224
1.4370131751709592
1.7607218080048628
1.0118697091470104
0.48885360428076663
0.5750965874227508
0.5061314543525213
0.2881459770851094
0.467484789483534
0.6962395911106007
0.8627057520803191
1.0470456429128883
0.5782059643996663
0.970256083215035
2.3338037089355064
4.439063097403885
3.951247967405252
2.0210278382740583
0.1359577115175769
0.7570574167784432
1.4861586036156116
1.5535439632818522
1.5146168307879133
2.4929814273012827
2.8509267834765506
2.1057940963090105
1.3591070274986545
1.3889044450913204
2.185075121528728
1.765867769317329
1.2831560467480745
1.2766812653830388
1.1060442104012875
0.43143059514911386
-0.008226049015483785
0.9781307376638694
0.8124486411783245
1.1377526077369307
0.8551796575192268
0.8581559934146065
-0.7698117967968636
-1.337389726296598
0.20434237643077552
-1.366070749455781
-1.5527951597467577
0.2120496160440501
3.2536589598152204
1.6710504714587766
0.8185915531692788
0.17027879953449346
-0.3272482036376853
-0.2587396578218573
-0.09593305845663304
-0.2579870260304725
-0.12393549920487507
0.07977770455352538
0.1072178940933265
0.08677169257979282
0.04118730651519587
0.02462506334079879
-0.098000229418165
-0.20815211283560303
-0.40852457542168585
-0.5221740460706744
-0.4007047502896528
-0.06862450885123551
-0.16336965443144266
-0.2369845200784028
-0.1490867426710063
0.17328061370011402
0.11799296318632861
0.07942661596142299
0.03116109445355519
-0.005147724123713297
0.08054832171845897
-0.24412124703897045
-0.5455471108329356
-1.0468979029063648
-1.0085392388580456
-0.28695581462550424
0.007944465293725951
-0.09719016053603921
-0.13199459371607908
0.16579986160135524
-0.5413246834981386
