0.42524218606313263
0.444533846504396
0.4627358883533603
0.4743318774193637
0.47059915174220235
0.47484583407537806
0.48125232011456714
0.488591674208272
0.48874440150567505
0.49087603448627154
0.4875837056419729
0.4804334262424297
0.46892774399180936
0.4766230336017631
0.48194798290041485
0.4791743860552393
0.47964596882425575
0.48621364237397513
0.4747230032310787
0.4701284819476654
0.4843727956152014
0.4931106590818564
0.4810852366474243
0.4801867085612648
0.4791914862452662
0.48427026319934097
0.4817981106040193
0.47459142946205946
0.4715140153318536
0.48736990046854867
0.5003964351668537
0.5059159611645307
0.506099810714579
0.4222178655649164
0.2105097282369334
0.049047218239105024
0.01489251179315832
0.034975774454502506
0.018097694694535475
0.02144830856026917
0.026861726937316574
0.03446504725816812
0.04670707021752232
0.06206122124605239
0.07151433580465968
0.08306633105214221
0.1238453716224507
0.2519003808122223
0.4790056223951263
0.7131184489485114
0.8424644168100268
0.8791309235363518
0.8789899882997834
0.8832093805637298
0.8837468309947779
0.8893890786758911
0.881747955882976
0.8729129764499444
0.8554127131795259
0.8523290438625905
0.857900180514436
0.8623335903909359
0.8495150824782686
0.8437370944114926
0.8430150326106899
0.8683432047438924
0.8899149198460423
0.8038137617839753
0.6156400620795075
0.364604972311803
0.17471025420201994
0.0982317162023412
0.12698588039594816
0.1402518689547246
0.09802412945739838
0.08203387555208012
0.08933367651720725
0.12080912189149237
0.15880014202692333
0.1810136066319718
0.20066549442211204
0.18556534007901093
0.16775615598047644
0.2818857225753756
0.5563905482968453
0.7964038209244424
0.8805864538146346
0.8889819192387655
0.887691290744344
0.8828868745472732
0.9167006939404603
0.7990226047639792
0.6379477945593067
0.5817662138530098
0.592284811276795
0.3975198824221897
0.18289100338325376
0.12671687669290424
0.16057442347997153
0.1414144802417691
0.11924210043249842
0.11540521073317012
0.1373544841244047
0.16305186299221197
0.17903038260169285
0.16988596318756544
0.16893026019578183
0.1585960257208982
0.21844786660348703
0.41052854891781615
0.6614768120520598
0.8236170358707983
0.8806038153117934
0.8881640853425239
0.9188974879900171
0.7831600820261977
0.478841428795935
0.16533465657594804
0.11973462232807468
0.15852187318230626
0.17762396223548224
0.15988715327157227
0.15822296002818179
0.15305354760275036
0.16364397826130714
0.1776543573777462
0.19709518683575677
0.1972523088591593
0.20192611203170133
0.19900433163590223
0.17499815087114812
0.24970608147048642
0.44037793084016075
0.684823425502578
0.8041661955428228
0.8546049068791397
0.8525507066424256
0.8558098351086246
0.8519357104633887
0.8484924774227713
0.8478646239815127
0.8368680141792781
0.8362517959736184
0.8386977739853685
0.84318315694529
0.8468615783544656
0.8515939092089854
0.8416238374800457
0.8312203450630942
0.8444613285283675
0.8492881121279925
0.7633008834673295
0.501588267334478
0.21471978649407236
0.10197854421603583
0.14522469333424337
0.15011627056991064
0.1059397004289573
0.10232739134954127
0.13784237543642097
0.1627878880410137
0.15730885279922538
0.1548898303293041
0.16274317880039432
0.1539850466885785
0.13509439296844922
0.12833581405069308
0.15855371082970612
0.2901015424901548
0.509654130111424
0.7216019733939277
0.8349630022538121
0.8767688865988569
0.8734955440012829
0.8616795148416617
0.8604979390810285
0.8640272350535024
0.8652368447426398
0.8709158996236772
0.8708960898811045
0.8632624206996312
0.8517671170195968
0.8531968275692374
0.8423315757483691
0.8477586460709846
0.8596740728563057
0.8300087348042937
0.68207446238728
0.41225118671985733
0.19153401209415827
0.11988393524636529
0.13814692028327386
0.1197921466444639
0.09183063208794702
0.09371520799557495
0.09693946247972825
0.10298309792308274
0.10648265072662283
0.11574953555270448
0.11316285056095357
0.1321730263369945
0.13579957035167398
0.1411630748137976
0.1297524423015785
0.2554299776132468
0.48463984208507954
0.7210272130285889
0.8446438084685335
0.9082674935434369
0.922145478149489
0.9065426091228066
0.8962838212068978
0.902891947655278
0.9041235634435205
0.8832827810250549
0.8759525343938723
0.8782460705188511
0.893618710347129
0.8868499777197554
0.9041652596943801
0.9241722565584676
0.9164455701253567
0.8371064221220726
0.6400202255801561
0.3906145540883271
0.21303739651486914
0.16239867013829595
0.1496414293696144
0.12643139028188766
0.10654278471264689
0.09609286432460437
0.0786797312349988
0.061882520601172344
0.06514555569973332
0.08223031669509095
0.10747193197154885
0.11783095719654793
0.11542507334988461
0.09072856860653575
0.181388508284823
0.38743605851768276
0.622573069871722
0.7772296437491255
0.8767593564476028
0.9237099053394391
0.9220154210770624
0.9064298870543512
0.8924373902290843
0.8898782733310819
0.8849873958654113
0.8787610708746896
0.8717429725253666
0.8635172897403914
0.8639889357398097
0.8788623783270504
0.9167111121298648
0.9173873736857749
0.8589817216919979
0.704612178460403
0.4987261989160774
0.2916545733066712
0.18640740995677857
0.1701052832151328
0.18262586419351262
0.1759032059643303
0.17031819196108153
0.16584231263081317
0.16275929532616498
0.16001512807604454
0.16401123036383497
0.1692998617867398
0.18065748066529247
0.18615254837323467
0.17726379728265512
0.17842452717242852
0.29200759666062953
0.5443981298211227
0.7866211782799244
0.9217584656280624
0.9433702334537989
0.942406615274684
0.9351159290100143
0.9164917415971667
0.8873001924799349
0.8626126401367316
0.8569652050822629
0.8514300703879827
0.8680611352641107
0.8951860666171237
0.9101523147711303
0.9006197074040329
0.8793895037550021
0.7929693332311893
0.6284196446138948
0.442531644064725
0.3146108890675844
0.24859206255591018
0.20124161429325915
0.17700541395700733
0.16000938782260543
0.15920295274920782
0.15120421124939254
0.14790272113571118
0.15201601868566966
0.14700923020614498
0.13351827307508513
0.13027877747586586
0.14416318503791892
0.15623949715633667
0.1561624460679719
0.16459816234225305
0.29813819349692566
0.5111399881285694
0.6985267313535851
0.8132999380170706
0.9111090233508633
0.9711848894682109
0.9698170323930514
0.9556703895283857
0.929839017720687
0.9211034595432258
0.882685640510801
0.8871758990745885
0.9146697269277788
0.9410797794027472
0.8828346293893674
0.7061756493873586
0.45506211727491597
0.2438049848575587
0.18192333221362317
0.18192144921954756
0.17986220875928743
0.16580378841061644
0.16121062566313238
0.16093198304717266
0.1564303942984508
0.15846957755389945
0.16202038488537615
0.18117700176639567
0.17783594527091273
0.2092775170971296
0.36894348014387524
0.6246479554311581
0.8208474186684359
0.8967923746960018
0.929176628881456
0.9420666270503629
0.945230010957338
0.9337921294339873
0.90991210890917
0.8903582792057793
0.8903752805660127
0.9049351010369905
0.9156507263579325
0.9356588256499435
0.9225522775561306
0.8795240770286021
0.7739294101554794
0.6093916287649377
0.5212687312872692
0.40498012861687677
0.2821676769379062
0.1592648844523765
0.16920177694613328
0.16272286961026033
0.14467368513762252
0.14912321358857866
0.15590963655797668
0.1513706741913818
0.14278779574448391
0.13702779229775536
0.14108444431885314
0.14183877241840925
0.14991277319422652
0.159028641621685
0.22151923000995744
0.43284529531329186
0.6776301730047081
0.8558070799811004
0.9178258100499589
0.9609152953320963
0.9744589354696858
0.9739729879714704
0.9453628194034812
0.9113932093140402
0.899898464449093
0.9085400346818575
0.9305809691292909
0.955157975455595
0.9606547400674557
0.9149908605799003
0.7735675610888488
0.5591673920931497
0.33451492550528317
0.23281111201039786
0.20485971576386205
0.2001120646891027
0.17247899355115545
0.16522224955950277
0.16433160874826247
0.16903231379822847
0.17367874104370534
0.17090876736480912
0.16045439713835513
0.21369760423162143
0.4056044209143308
0.6594039687279885
0.8396603353508594
0.9152050792458896
0.9497549260849559
0.9688711879099567
0.9750332554860122
0.971087073338661
0.9516198525007677
0.9415661336365091
0.9262232923580438
0.9126730439648345
0.9073928684398419
0.9332566878242894
0.9092560195423951
0.8405661250899283
0.6837624071843128
0.47170133267535896
0.26782760181949294
0.1915449499086328
0.17484276107753338
0.15627357510702436
0.14184749693614063
0.15005719728862726
0.1374550346524525
0.10904981577169498
0.08156831010464305
0.07846994180582625
0.08059622122036567
0.08634489012449144
0.09989485963807482
0.11961418814877298
0.14758604897337768
0.20925054787815597
0.35081193805421784
0.5588814915792666
0.7154412403658343
0.8252005968048693
0.8944463596021291
0.9453521754208181
0.9500963838346095
0.9500233338382658
0.9518936795783711
0.9442806445194144
0.960460903658637
0.9450514995826277
0.8978882443531306
0.7509447062353083
0.5081089277866725
0.2703968001505923
0.17459683024544823
0.17223404387572042
0.16797515947169367
0.15914086273598624
0.16522866073080428
0.16520072791487542
0.1664739529982192
0.17595240911641757
0.17249375340047587
0.20152085705679085
0.2981474990812219
0.5000497199618551
0.6746685829438701
0.824189622279322
0.9013476463691765
0.9519135840022042
0.9586119337706933
0.9750724985794295
0.9771066418424826
0.9698898750428371
0.969102492478386
0.958050519477821
0.9274510951894743
0.8554871684309486
0.7027109673832307
0.5185113426226285
0.33424550971197464
0.21839182704997212
0.14362243690490845
0.13557654656868512
0.1300059108155708
0.12848777079604
0.11725083938941527
0.09989968631323402
0.08924994457337963
0.08041332660520738
0.0794956209091849
0.0822667131761707
0.09461544453705051
0.10446115867969916
0.13554284960116098
0.1977329867547499
0.3448617078275885
0.5608612333679519
0.7232974003575862
0.8175326556687459
0.877176246610519
0.9349953470957114
0.9362750201122709
0.9341614055677269
0.9197858676484281
0.9219812140573344
0.9192144774168678
0.9218255717802571
0.9298669849923326
0.9171994638770289
0.7908528131226407
0.5480941146335778
0.29103720740860733
0.1520285207937749
0.12545754248112018
0.1408919356902663
0.11790966486906725
0.10802207723669759
0.10384370133113066
0.11314540058237327
0.11423545996429829
0.09580840579552755
0.06690919058950964
0.07708218487034449
0.1316639600650532
0.24201206223715516
0.4424135643550271
0.6298653066719316
0.7592288765403311
0.8354962814754225
0.8913556553519022
0.8927115424667434
0.8959287215860302
0.8972571077144241
0.8902131292757558
0.8746251700358666
0.8840901929019038
0.903513965307127
0.9063836683708613
0.8566599129731437
0.7004811636783895
0.4599152561600994
0.23084158959506496
0.1528024827344624
0.1604617813455707
0.14334216168774183
0.11255424590045397
0.10606666587199343
0.11061962631482522
0.08827110196051022
0.08006121750492337
0.08299939750264936
0.0971419359326977
0.08765564192172916
0.07945130393273368
0.10279903923535846
0.18599023802377823
0.3819550438974254
0.6160186806055297
0.7671803688056545
0.8321025633975242
0.8810623210351118
0.9273214171572031
0.9353330860292648
0.9542797134920219
0.9636312273826686
0.9788034157525373
0.9378458254647404
0.8718856005622515
0.8196583123470156
0.6941918859391751
0.4933536091779882
0.30490829273725667
0.23216544220347712
0.1695372919192243
0.14328548157229218
0.12484793083494766
0.1287248304368809
0.12302955855395084
0.11892319959650036
0.09946843831516276
0.0906263867108057
0.08940018344015041
0.12053561095426829
0.1934364740264955
0.37402123432890055
0.5880496984648012
0.7443022341173364
0.7830418770870077
0.8038419174071334
0.8509315375054681
0.8747618561296611
0.8577559070520129
0.845486797098589
0.8534798051355176
0.8418264381353399
0.7644246463911122
0.5890283311821469
0.3367679613591095
0.16938599298090873
0.14106958231855554
0.1556226968820305
0.13704901029197716
0.1106362373542551
0.09849127842767483
0.08202296244860346
0.07102794752597354
0.06789676228326587
0.09086086079160122
0.09721067058181622
0.1154427749893643
0.18701759668822154
0.36762849656512064
0.5732780426694806
0.7345567583910746
0.8028087101756042
0.8418466343234429
0.8864804060906692
0.9277160250994254
0.9519395981160551
0.9668339858601633
0.9792165353798701
0.9841922129475538
0.9569670752506412
0.8833122748999608
0.7996472350058579
0.6823221987694391
0.524508887114929
0.34113782582060254
0.20021422703899716
0.11063549633594479
0.08775605115995393
0.08402679000675453
0.06883757974587222
0.06302573790349922
0.053703826594504574
0.04993677505575371
0.050535912616927324
0.08131919953923278
0.08064982690235356
0.08065557842761224
0.12354082868900135
0.24410052494840678
0.4418372276488962
0.6489225694090183
0.7734953965937745
0.8151830125210935
0.8543834623731261
0.901615022102489
0.9001096037563332
0.9084086830387578
0.9169433405295009
0.9090204982305679
0.8038864092646973
0.679268544075817
0.5041514975468747
0.3230403444051113
0.17373607197529722
0.12517514392409232
0.11451856364213672
0.09095387272044393
0.08438213547266367
0.08872502850056574
0.09065232191094941
0.07989270044505113
0.0666074752622666
0.06799322495180202
0.09769006151021394
0.1771531929292865
0.3451778944622539
0.5690659707316628
0.7616069091892895
0.8419889272076237
0.8662671207326431
0.8868764652386257
0.9011297636401054
0.9091464272692219
0.913936056811898
0.9145567468249942
0.9006496873016335
0.8776889019088437
0.8564185206263702
0.7254681451645582
0.4786043352893217
0.22959377430002958
0.12727491828014892
0.11618926930007598
0.10457950843340957
0.07334501499178529
0.061158594321191966
0.06658468080477964
0.07645632557770593
0.06302423673062328
0.06461901373405793
0.067079469171209
0.08038415118704317
0.0921017593450168
0.14596489596917694
0.28007169890631994
0.48124961594181354
0.6850023749297476
0.7960516478106958
0.8593487794920885
0.9043462512693365
0.9440854866749243
0.9325692645994191
0.9215685620761467
0.9289737337707678
0.9406734566883801
0.9146783165554159
0.8560612017483653
0.6858253559689986
0.45879766518841586
0.24764012961402926
0.14865489229436687
0.09812510783436475
0.09210757678757506
0.07851451134342174
0.07409426922361777
0.07797048132720047
0.08729066663826304
0.07314896874177364
0.056359490117706725
0.048987668350904734
0.05753128882837831
0.09225256674976881
0.16270025149866457
0.31302711219225865
0.5347529603185112
0.7144736174037314
0.8079732574682557
0.8622323142396685
0.9044028764616289
0.8996699935939638
0.9081268152470517
0.9316308722640212
0.9441383901975178
0.9176516096436748
0.908359627525711
0.8279872792993864
0.6357614099307867
0.3722076503536855
0.205422289746437
0.14949303038753142
0.1344358074194167
0.10683388855617779
0.08293100168509088
0.07308440446655481
0.07284708681146759
0.0802515488826139
0.09310003850389048
0.10563782002899115
0.11794718184147787
0.13365642504637404
0.15115770386001715
0.22848903911421115
0.3979948316186035
0.6215851353433182
0.7442166573585945
0.8081006660038671
0.8438167316749028
0.8979264021482011
0.9044788606149259
0.9319099606497236
0.9688232492452626
0.995083065786698
0.984938362162445
0.9496863106262458
0.9131675414117322
0.8019733893768402
0.5693125660524884
0.28674142931621716
0.12448940921331522
0.09641311133321392
0.10226330509055703
0.08132768393731858
0.06003611620447729
0.06015149617754113
0.07134574780602163
0.07099508060594079
0.07913161315212969
0.09234650062797167
0.1135454419500341
0.16202725369747695
0.2882987499633634
0.4646532224852731
0.6517558320726186
0.7439269513971403
0.8018678174084587
0.8341728607587192
0.8787836288412446
0.8921449011122364
0.9070590276501742
0.9211542526552319
0.9083514660509744
0.8834376303860343
0.8310360902136931
0.7343963778013212
0.5809046475766362
0.4139328263910763
0.2750758072862352
0.18352996601923763
0.14587696249747498
0.14676398919684971
0.1366291472027517
0.11331947567231816
0.08538197017561384
0.07215873375983864
0.07646533247173036
0.09095513701992539
0.10740420251986965
0.1163291734477785
0.14258822223998724
0.2006839414732593
0.3354032823314522
0.49286816171240416
0.635800848614789
0.7198577727684888
0.7764470823819923
0.8106784399251313
0.8380891640828457
0.8482715012164329
0.8316870807101149
0.7910956839303391
0.6799674265792508
0.4901073748203781
0.2531455903675636
0.12843209456864546
0.11255576666297898
0.13478749518218305
0.10882744604837062
0.08984589220390295
0.08393409848453565
0.07918131728374456
0.08914705202739029
0.10320388357316065
0.13403308444334516
0.20204059566637297
0.35065136878793474
0.5323501830790839
0.6925535453187653
0.7843253193195429
0.8169785979290959
0.8294768379188422
0.8473973702926187
0.8656866440079067
0.8655320069284278
0.8613376726038442
0.8431638290921231
0.7431878968454793
0.5364341825222126
0.31333520150944455
0.17331827230885047
0.11653673932360331
0.11107496573163297
0.12231592564459198
0.12886498780671238
0.11546786013919269
0.11035870032740269
0.11414056220758331
0.11188274728893924
0.1041619501716542
0.1273590434426471
0.1966714575594409
0.33305220045379125
0.48604157770552114
0.6001803316146864
0.6577092132355045
0.7043448019713663
0.7400840535194575
0.7470063932021065
0.743651799192594
0.7270963106266519
0.6679749377061982
0.556939959277398
0.4338996621070107
0.32369989830878687
0.21378099802549308
0.13358976856554322
0.10805265766186431
0.11905911472521494
0.12225879932204829
0.12931370993608876
0.13679273462855607
0.15042426810831838
0.17955801531351845
0.2398204506402697
0.338284830851885
0.44111623410997414
0.5397650712526044
0.6142368343014489
0.6794643816686441
0.7196961820370466
0.7495635749236615
0.7677162225782894
0.7768294543344172
0.7773081979805379
0.7731772258269803
0.7629743046018658
0.7489854635556339
0.727883571493197
0.6920416128228555
0.5899414274409599
0.44919604082018794
0.32335866071621105
0.2497929480623943
0.20565980425751873
0.19492161630359917
0.2062182050356036
0.21156847747751176
0.22329827604248859
0.243270962906781
0.2807686346825974
0.3142933765450415
0.350011767894649
0.380262040558983
0.40939548677891135
0.4236093624485061
0.4304292018060276
0.43916346425066516
0.44856261605702424
0.4552989690129016
0.4527265152571665
0.44175829099166686
0.4111148097584212
0.3720798433854817
0.3329782131546332
0.3073480082297046
0.28295430909965397
0.2638046643545122
0.24677177443795253
0.23281440316291752
0.2283287359712546
0.241117202477038
0.2570171485719426
0.2828716384350141
0.32709117669554366
0.42617812004020567
0.5189399305750584
0.5970409364884756
0.6416385032209915
0.6887954663573297
0.7204013637520699
0.7560821808971392
0.7818391309378132
0.7979686589556488
0.7991480323981478
0.7928240804617479
0.7663859254502754
0.7185727054987123
0.6519406815640196
0.5825649569883098
0.5314465931671264
0.501721490769221
0.48202217006053155
0.4420769384725228
0.4018073635628108
0.37746544411134325
0.37386438761321417
0.37673569191078726
0.39499352623062606
0.4199546625948119
0.43917397899083366
0.444586839984197
0.4391749325888668
0.4344964394837608
0.4291772023406094
0.425913285173441
0.4205668651420937
0.42010361738022217
0.4253819551697744
0.43706358636404546
0.44657488629474984
0.4476122305458989
0.444949227221644
0.4410202356359885
0.4357409256419496
0.42704982677351133
0.4207706403719364
0.4209475206936436
0.42249157208155885
0.4241738588151135
0.42900887114926134
0.43520159497816524
0.43846427577542896
0.4398673635571038
0.44220033618187315
0.44661382630064794
0.44668267241854986
0.4510667346168066
0.4555505166718253
0.46362900853914124
0.47232963583717613
0.48726947812120935
0.5038799510809568
0.5240381548380326
0.5512877774465372
0.5872101466865594
0.6327288519463831
0.6785509752157179
0.7102199968312976
0.7328562819146032
0.7570650027205799
0.7816476016338668
0.7983483689751992
0.8070986893137838
0.8133961299218715
0.816128732292793
0.811208380382829
0.7926088086268681
0.754260443051508
0.7072975276615051
0.6705291039104662
0.6411936065866801
0.6124585545308507
0.5918821783050736
0.5825050321409082
0.5708953082548478
0.5508339958171456
0.4754991797460899
0.37177918846743163
0.2906936297038856
0.23182321782450882
0.16668997351013526
0.12092675119396668
0.11885906103760935
0.12198556732783086
0.12166427543813704
0.10983944981888528
0.09533920213131973
0.09312890397351745
0.09871486445416276
0.11467179226108383
0.1412921106500725
0.18125677070847707
0.25353005336222634
0.30643351654793277
0.39088601977628024
0.4800755678716817
0.6107364335702423
0.7064375154526391
0.8002974208053167
0.8492271076111799
0.870175940472095
0.8738032934382883
0.8642615788645154
0.848919428477164
0.7631274243538356
0.5649886804142972
0.3319180868478936
0.16139570155362132
0.08396353382390995
0.05179227109511623
0.06238752218586045
0.078857439840165
0.08937379931008749
0.08824734681805971
0.08803553819843654
0.1310901974299819
0.2094989011701625
0.31795917525678596
0.46377351182627635
0.6105492931631565
0.7134429807991745
0.7621563727184683
0.8031324190607871
0.8346929326457311
0.8617653639128747
0.8786769873100666
0.8649435188739794
0.8113509487186474
0.6603351943303546
0.4546697909067699
0.2563486921836819
0.14772137739706356
0.09947815878758115
0.09074026043104294
0.09130984195462566
0.084932992061674
0.08357082030145271
0.07912945747570836
0.08048331354118482
0.07216444482261887
0.09871958746276896
0.16350586463308608
0.2794774360960973
0.44847209896101325
0.6457568351466236
0.7929877720082887
0.8438912179275351
0.8725866404082446
0.8870472473160166
0.9086552946994957
0.9194830875112316
0.9285547299828489
0.8918593329821192
0.7355803223237689
0.4818801129276095
0.22440671007287843
0.09573766051608118
0.06649099849833393
0.07274031162202277
0.05973880947330689
0.04155768892459189
0.03396099561054258
0.04552375746961433
0.0698657200030697
0.12350581527044935
0.2110550185621572
0.36742799874594545
0.5591709737097953
0.7267022910203966
0.8174301174638399
0.845857013150306
0.8587901009763783
0.8599427940820852
0.8507307768709756
0.8441698032657998
0.8266803656119436
0.7746210744877338
0.6120788310758303
0.38417782638137865
0.18259027626759428
0.103029951270591
0.10146077806264536
0.12706902193124148
0.12951723469153348
0.11398480850455274
0.09661231620123206
0.10254672661025914
0.1349441213135985
0.21549166841559603
0.39063526777171154
0.5999084349502984
0.765679793833604
0.8206517439340556
0.832953609574835
0.8234090859459784
0.7976735535082811
0.734645434803687
0.5950033904600275
0.41623635439994483
0.2395577639095477
0.13790906998281033
0.08967936990791511
0.07898487005855925
0.06319341643098901
0.053410829096715455
0.052631163359263204
0.05259660328858133
0.0627648534135713
0.08991268763420211
0.14727311390656275
0.25803358513090485
0.4202834652257513
0.6084576604669866
0.7746109416284572
0.8790427980303543
0.9194758827647677
0.9334337817327114
0.9362292492646999
0.908017995527162
0.860904387426595
0.7288810731291737
0.512893589840163
0.2596599961731775
0.11770210976864745
0.06817044914554615
0.07762066638900394
0.07866495766665929
0.08141453494414287
0.08371461942842058
0.0931600135894598
0.1293531029450207
0.20442945077712174
0.3165153397522079
0.44440438483441225
0.5799005624932834
0.6968638889548107
0.7808848116517788
0.8327151598861686
0.8664076824731992
0.8831148571523058
0.8648027351216401
0.77048634449679
0.5574252950869087
0.31945158499110976
0.1604814957749301
0.10885474887282208
0.09593687257486332
0.10076769747194092
0.10071116808345877
0.10946893558231072
0.14659928520648305
0.25030300431550967
0.3992723923559945
0.5474710183835838
0.6469369761183452
0.7027878819612355
0.7316962360348807
0.7257084976230372
0.6939010635593198
0.5958189027141115
0.43954391411216215
0.28384151401134305
0.17324708631952088
0.11940071346084304
0.09547533383054574
0.09963920259165654
0.09883273543644533
0.13309517091489045
0.19057547651350948
0.29137643666499613
0.4110001067094731
0.5143846527309206
0.5664035440172948
0.5973490938862647
0.6148754992957692
0.6256356373511568
0.6329489361048284
0.6362286532857907
0.6187333012367839
0.5880106423493081
0.5356980296148784
0.46970039767383187
0.4052442634746005
0.35192587355169697
0.31741083169817075
0.3061474107986266
0.3198551744136463
0.35138429151005846
0.39244548075036195
0.4325640620733241
0.4608226072343947
0.47697597093535316
0.4809717644545969
0.479068189386151
0.48776164593955956
0.5092935115713767
0.5583963924263818
0.6136195994990931
0.658344558610302
0.6797379504982286
0.6909088485035232
0.6886639833551484
0.6814683716494381
0.6694879157732365
0.649469899850728
0.622138773608889
0.6026405121917139
0.6004497933022015
0.6075221900109682
0.614673420063166
0.6153032010477537
0.6117623953460593
0.6084796439498067
0.6045498287090385
0.6044360234308064
0.6070868837998946
0.617134795737764
0.6269329995294871
0.6368810091758617
0.6453132725638899
0.6433713665322158
0.6194173462951169
0.5727230939874433
0.5303716280968559
0.502548814675349
0.4914036288077354
0.48445509983607343
0.4837613790481646
0.48082856900160625
0.46014966381561667
0.41725419742900516
0.3443730031928498
0.27027894212933995
0.2081757245112394
0.17810855787005703
0.15586298541096766
0.1420513014940168
0.12825096841736724
0.1275392709139827
0.12769547486893565
0.13067113405783398
0.1344809881933841
0.14278770806354343
0.14865136656086025
0.15113094428182242
0.14647761900663614
0.15507567523095064
0.17957076824495816
0.21307007805348732
0.24686735662162068
0.28424889140603155
0.32260163866809094
0.3563705516748983
0.39421368786669
0.4306945647564203
0.4599779511830153
0.4710108634813378
0.4718965011542032
0.46597326528823024
0.45221327030362163
0.43922134942958146
0.4395215221392101
0.45203188040725456
0.46454360627122704
0.4777205545389781
0.49077497539302656
0.5019667967553518
0.507497444994597
0.510544465663163
0.5126090793774543
0.5202079952105328
0.5300219838115562
0.5410350397357524
0.5490697709392114
0.5597716412309421
0.5642293471991675
0.5652324454552522
0.5637733088882613
0.5609084674236902
0.55500703740615
0.5451051931796329
0.5327251387275385
0.5199822089102605
0.5122139904161944
0.5032779395496034
0.49210644795297714
0.47757262456855964
0.4637234297403601
0.4525904738430051
0.4522294019567904
0.45675507539258103
0.4621960735060277
0.4655015167049873
0.46410792345823504
0.4635417486245574
0.4636845373128931
0.46748797117120566
0.46660994308299325
0.47085818193931395
0.4850309521959187
0.5052367320938814
0.5292787257774497
0.5445527235226243
0.5563337077244748
0.5641631339756663
0.5728506787636454
0.5790637864134907
0.5864569471455301
0.6002096823451564
0.6107746330654138
0.6243463488355514
0.6364934220890954
0.6451646803977684
0.639944442192333
0.6278391465870576
0.6028933920489098
0.5488994920536797
0.4485329514411934
0.31678279374009033
0.20429651550499278
0.14274168062378573
0.13212765862822196
0.12629304429347604
0.11811297385118925
0.10112284752406656
0.10006170390139507
0.10254354445202922
0.10868797500107895
0.10191114193949265
0.10125549854008487
0.12814705018818073
0.17422793657478436
0.24777955516628317
0.34704511277860123
0.4612501686188886
0.5337707038046428
0.5721336720563379
0.570928227315706
0.5611318139949584
0.561120837168827
0.5724819212977843
0.561269131876372
0.5065003198112121
0.42281470537994176
0.33380306981190844
0.25804819068527923
0.19873699276685886
0.1730855518573675
0.19185752609922627
0.25204867890822646
0.32640722421684587
0.40079645012739407
0.467771088997654
0.5308267762187708
0.5771180849869999
0.5944957969408875
0.5841031352384185
0.5634982809054616
0.5489141238301252
0.5475920964919889
0.5486746460037392
0.5557827246381079
0.5612521126753465
0.5691960697465832
0.5718169525276136
0.5688143982932294
0.5631107260346868
0.5587878421549642
0.5558108491827516
0.5536746674957183
0.5538754789250582
0.5562078567508013
0.5612043304604645
0.5633245084943267
0.5647121387722794
0.5635298938367103
0.5645233949184548
0.5627849061737262
0.5587222911160683
0.5447775919680817
0.5043375077688553
0.41797564291411654
0.3044370371938343
0.20444895738266175
0.13931646177876464
0.11057072514384587
0.10403644872343894
0.10945127128058176
0.10788951303643288
0.11228896608102462
0.11481291534471812
0.11830371576249243
0.11704916350833869
0.12110086702396197
0.12824175529552023
0.1553784817494498
0.18441016724708403
0.22291812010080808
0.29784460396674256
0.4072320423956597
0.4831258784337116
0.5136374554251775
0.5271503961978028
0.5412370072003725
0.5387385861114738
0.5148359422067388
0.4641160085347672
0.3710898233904512
0.2721290461944391
0.18520980404553972
0.14175308664250083
0.12065779288008714
0.12351590064570303
0.13375722542586868
0.1411315090210059
0.14559517795706234
0.1382530770354682
0.13820173305859118
0.15599630259725417
0.203737840195216
0.25936467717780715
0.32419881947525864
0.385671015835393
0.45267471849471236
0.48832455885358234
0.5125987265951215
0.5288366256523707
0.5495383745189938
0.5580690200967511
0.5530921118306937
0.532918619728303
0.43997225446398713
0.3278564768922376
0.22328185307222748
0.17777386285453742
0.14436254737413817
0.13448448424174844
0.12565831915498418
0.12724246974083253
0.1536027311865909
0.1926633649655068
0.26782422023353947
0.3561847336754561
0.4376338044348746
0.4918256282322111
0.5310386371243154
0.5346439553273603
0.4934675605205804
0.3996828964818061
0.3180640865236577
0.2509291235280239
0.20347604708422345
0.15782210680526032
0.16681377471107622
0.19495161811449274
0.22638453670706782
0.27986856181071157
0.3449970610240495
0.40394297036724575
0.43968835537882967
0.453450104826546
0.4421178305689484
0.4237403437621044
0.41038283948615
0.40541912995394164
0.4080312863306151
0.413096158831765
0.4181712494008274
0.40422934644881625
0.34280604904294865
0.27944452372217155
0.2338451914607827
0.20241498973983796
0.17278147645038194
0.18615344165750547
0.21216602013726135
0.2232211035672015
0.2315492378038218
0.25239768199520624
0.2642486489295021
0.24780431243466847
0.21906747597172554
0.19313003019861677
0.1884504571156973
0.19203451417681386
0.20167900296143706
0.22458961315593845
0.2740708759827263
0.33674997138966123
0.3887514089855395
0.4055733136412931
0.38413858617640234
0.3422756580777787
0.2939597034320571
0.26067423773404086
0.25372294184034627
0.2753622530178709
0.32235624136520746
0.381424225634832
0.4381867942767643
0.48276258538449823
0.5111062488126079
0.5201038092346391
0.5177982704299294
0.5204255835130362
0.528663914143898
0.5469712175367634
0.5700322595520608
0.5970965958235558
0.6284486674616678
0.657603382553911
0.6670732452003568
0.6618399274424296
0.6535397544074049
0.6551850344727007
0.6563916615264759
0.6650962764915596
0.6672220187388025
0.6517211760328288
0.6128572393224029
0.5651925890116456
0.5214422825302267
0.48726245781103755
0.46221153398365744
0.4423856342180123
0.42029067017037103
0.3826980477380227
0.3225872748029419
0.2647503369759371
0.20965871872530406
0.15712681939144207
0.11549563128927845
0.12271342348342298
0.14527438431062556
0.14749026869455317
0.1385325042582632
0.13633587516477697
0.14455934209990745
0.15774754023077966
0.20745674785337057
0.2810716452708289
0.3861825850810295
0.5044559898389137
0.6312065770087488
0.7418145338736545
0.8090635322527105
0.832417008585535
0.8347593868487256
0.8413203258374975
0.8302133554027986
0.7883380394873927
0.7065867748632183
0.6015912253998101
0.5075507166632593
0.3951332542609661
0.30362567821172515
0.20589289423534363
0.13944186269615766
0.08729423495281619
0.08616234998363853
0.0859550787949357
0.08520864163828645
0.08781027068809762
0.08876074566780842
0.09798482847237477
0.13624341102525786
0.20536552148744563
0.3231740546275665
0.48144729030671274
0.6342136388160424
0.7344699474538687
0.7943238217704003
0.8223633351454218
0.8263617022990827
0.8161433928600303
0.7952103342667237
0.7389435733397175
0.6374879376049372
0.5007916307808651
0.3583984572308027
0.23551558339770653
0.15665049793194588
0.11407547366801363
0.09361913749105953
0.07857188941292376
0.0688918098442552
0.06592135638245211
0.06411060384442438
0.05497572352908464
0.056105828648690584
0.05883940192517871
0.08697677906690161
0.13463707201042838
0.24744519444914145
0.42621701171563087
0.6232964969081366
0.7621715677729535
0.8257547923042485
0.865155429708744
0.8838596736115454
0.8930630668327598
0.8900260959861603
0.8397925566215084
0.7255518706814813
0.49426551038211297
0.25408003067962226
0.09974817448547346
0.07919932087423633
0.08246655508060052
0.08816551782412135
0.10486541474399075
0.11637288355864717
0.11103936523119426
0.0975714831726005
0.09787888166898019
0.12360907566166171
0.1885755414576306
0.32416344298055916
0.48282248804084954
0.6126877204241646
0.6886689860044677
0.739764704905338
0.7732478443091007
0.7896629026635522
0.7907434456499659
0.7481225225432624
0.6395757191012376
0.47176640680110327
0.29235283778580756
0.1651087936536642
0.10528713308894802
0.10033690848260751
0.09464136210534857
0.08865765802475925
0.07568410540939934
0.07763542157915998
0.08660451950304518
0.10675100972785913
0.1389487577451297
0.2109315138439372
0.35294757739256005
0.5229459767562061
0.6662653388409745
0.7529145837145199
0.8025501089802521
0.8196550689109855
0.8210518928360202
0.8048252004935703
0.7634280379892759
0.6840703928227772
0.5144621732120338
0.31563561910654325
0.15914126735095865
0.11297376897047642
0.09989230500907467
0.09513814573088583
0.07663395071693942
0.06302683190850436
0.06446255827674946
0.07491763197352816
0.112698117360541
0.1574657612308797
0.25037868882703984
0.3851570694742926
0.5219817954723509
0.5994500069932718
0.651498201098067
0.6968402882168911
0.7162015719890142
0.6858575313304132
0.6157459068651452
0.4912358752713638
0.34866037994866994
0.20959663534257977
0.12845769873920335
0.0906717862030282
0.08238204559486831
0.08138278328817578
0.0840458570828348
0.09136195382074641
0.08970526769417436
0.09327858765843716
0.11363544373569531
0.1461034564779564
0.2187768576208842
0.3188913680898373
0.4302059213798058
0.5005075688979026
0.5498604461997469
0.5769770475043349
0.5805139784705208
0.5459157133079977
0.4261961935168481
0.2628832495241583
0.12962296542304746
0.0800265066566819
0.0842242567088803
0.08792785767674342
0.08313826588815967
0.07630391132277582
0.08229737308901751
0.08841177118412054
0.1232174534955992
0.20231993699191653
0.31807103029335965
0.4243737475114996
0.49758410440123224
0.544513428778518
0.5892971217467299
0.6264773500312658
0.6458594653672618
0.6401907088493527
0.5866662709211533
0.4680288918489512
0.3220540118208107
0.19523217520054428
0.13260363127614014
0.1031444545569107
0.10357765519822675
0.09764704539398036
0.09161947434820228
0.07325403781014192
