1.157499626475801
1.092122510937861
0.695759343960204
-0.22396354062968216
0.2548009399905427
0.38438916235134524
0.4403612456222906
0.009163637844183949
0.12789797883578927
-0.19753973065791858
-0.4290167639725929
-0.6903409350372193
0.461717376597225
0.3194969579191043
-0.16641581071053127
0.02829496614098593
0.39406041298316274
-0.6894383485737866
-0.2756712770047987
0.8546588200521623
0.5242718079993004
-0.7215253460659267
-0.053911685169571844
-0.05971333895991492
0.3047266172444853
-0.1483291557193017
-0.4324008685175882
-0.18464484781235146
0.9513531082017005
0.7815920818983063
0.33117155986062025
0.011030973002894613
-5.032916708979739
-12.702488239679026
-9.687750599869673
-2.0492823867568095
0.6024978798403237
-1.0126847855980254
0.20103683194402108
0.32480510262284534
0.4561992192510912
0.7345213775612549
0.921249061711801
0.5671868735164399
0.6931197148489496
2.4467424342185176
7.683300551386274
13.626314494974286
14.046769593203063
7.760758071690953
2.1999904035794926
-0.008456114194106442
0.253163535836782
0.03224702586288831
0.33853486086679385
-0.45846736757490564
-0.530098765981896
-1.0500157962251093
-0.18502015901613
0.3342681991107311
0.26600459258999637
-0.7691104747600447
-0.34667928400656034
-0.04332370804816203
1.5196903279921343
1.2943029061290015
-5.166069483724037
-11.29042198226796
-15.062105386062324
-11.393683086587025
-4.588712279980741
1.725249851616401
0.7959593135265897
-2.5336643698395824
-0.959415234319099
0.4379880579076233
1.888526722457114
2.2794612081258654
1.332807876302913
1.1791132674084028
-0.9060092605860697
-1.0685510459120733
6.847773995693882
16.470289543288242
14.400796357655876
5.050957973411552
0.5037279254478451
-0.07743770966528479
-0.28826497182425126
2.0288291635912308
-7.060685350588793
-0.8053740510233628
-3.3708948423778304
0.6311158454271171
-11.685895731276203
-12.877732742336203
-3.370447601420983
2.0314528072240448
-1.1495965942921336
-1.3303427885562467
-0.2302133819596988
1.3169564034740802
1.5418427320684414
0.9587111765688306
-0.5486651648476468
-0.057342179507016346
-0.62005406849302
3.591110452955342
11.524840938859787
15.056895788054671
9.728413429124345
3.4192067664596313
0.45361620184382884
1.8440041588496014
-8.144244357829196
-1.2172746129210508
-9.405203166599643
-2.736002054872411
2.327235051253841
1.146125343190563
-1.0642085378346022
-0.09985159460342932
-0.3101647455258866
0.6354258395134088
0.8406227469863472
1.1664497674806382
0.009427321404150485
0.2804281903525234
-0.17530682374794665
-1.4403708458852518
4.482475835960314
11.4403109621805
14.666729679745089
7.160566202414519
3.0263226801790273
-0.12325201420284637
0.19554770797194213
-0.2324474787141581
-0.2065939824370407
-0.03767120647551594
-0.6597965881340785
-0.03697309233958194
0.14675868070500417
0.26912297759529175
0.22070528455053828
0.2839398512711854
-0.5982043037363848
-0.6242095450170915
0.7944590079163832
0.28960701597749877
-5.159233719639798
-15.702756967971144
-17.2121088504244
-6.764474536682216
2.5947689470924615
0.29349463414003735
-2.6505942084571394
-0.21673854476496218
2.1308990452127894
1.4967307562755696
-0.3287421145073011
-0.14514134819527788
0.4712009082654156
-0.5254879267089381
-1.1334392232077601
-0.4055147350653696
1.813073806740789
7.892869899626948
13.1731552572762
12.716870596950267
6.801661731593089
2.508353060702626
-0.19640055585443753
-0.7089617495772752
-0.07089454563799638
0.21175775834843943
0.07257658134824511
0.3407432928622435
-0.0011885845543657405
-0.4580201508883957
-0.6897182208020649
0.08578263297843533
-0.6519151092520993
0.32562421935692926
0.7149256071192681
-1.7799202831207257
-8.876056345020618
-16.189396540045415
-13.243030477541991
-4.299004610867594
1.095779102214518
-1.101286418328601
-1.6776908733910187
0.11307455445767323
0.1934552690491985
0.36261812660127113
0.20997316821240583
0.556013089564901
-0.15520109950505512
1.140610546562459
0.21759264088077013
0.3218102677274107
-0.6846379507331487
7.540652118700125
13.752591868310013
14.183242256610608
7.416995726396705
3.8174211044942212
0.8326790763631261
-0.9361721416009472
-0.6155272749545326
0.39648758690281755
0.07389694729454575
-1.2504469451079436
-0.4398147978709537
0.13761216749872457
0.9223583896966814
-0.4061239576424206
1.0389169184774876
1.2004198118452523
-0.4636011859866568
-4.760348880197058
-11.825171792515032
-14.964340289509794
-10.654629454407518
-3.0383235825944017
-0.7654344461208966
-1.3926023452635345
-1.1933163341544504
-0.6269952232825532
-1.044787985376338
-1.007832638029591
0.19578210591365927
1.0250856597214617
1.5144969165874789
0.6215415134999471
-0.14435303079979972
-1.481790284600937
5.439596380697255
12.362853013971629
14.108220681242406
9.279394432644244
5.971782761908343
2.8170329335101854
-0.10166905574260401
-0.9351320413626707
-0.8395498095160189
-0.15354701388014258
-0.2934526479402388
-0.37357949944330526
-0.42108590095938075
-0.4935409670985109
0.028298759965097554
0.8924065552344428
2.2709240281688716
0.0405756933546099
-3.504339119626633
-9.262172593895233
-12.353158772659581
-12.424297536564415
-6.314829800993581
-0.9781276044987498
0.7512348587027922
-0.4033594937509414
-0.33510084019492686
-0.2685527598161023
-0.184981038278892
-0.16465003500722722
0.23976613726742677
0.3173178853742914
0.6814571327131621
0.329704062476533
-0.5333250654347461
0.06964379338640383
6.814984169292085
15.143431989629642
14.533382907528155
8.10823724088831
1.2967060695441937
-0.05781709074689688
-0.4374411758801815
-1.1174512447708569
-1.7514929470339187
-1.4812531405922034
-0.33884610326811904
-0.33210808165681566
0.9978638925676822
1.6274958811807039
0.8979748892403993
-0.5719564420258514
-1.2738122189418477
-5.185210231428786
-9.87298131703771
-11.153280032950226
-7.675245299828465
-3.9611295907004664
-2.8410268957590716
-1.4541720201751143
-1.0197615680641179
-0.04838610440385711
-0.4799244899889183
-0.1980894068208823
0.24679785299749674
-0.300407308771482
-0.8094574278635942
-0.19436973595315668
0.8330644537231865
0.7245787271050678
-0.004623065301886958
0.5061429764568716
8.012401869280385
12.780107677898672
11.243204593500982
6.886392399809152
5.868545120027584
3.6045519670408694
-0.08207142450957135
-0.8487985718799007
-1.5498823084619262
-0.5241334906476732
-2.3050691419454963
0.2694155138272501
1.6496296711914251
1.5846031484981105
-3.4947090008028017
-10.59953880012057
-15.066811926746608
-12.67542794504148
-3.712899158636145
-0.00011297964453649319
-0.12355442761560798
-0.8435052209202628
-0.2755897648490298
-0.016718556957583456
-0.27009532492331273
0.12235099532692016
0.21304843988860253
1.1493970128611755
-0.2004633897289772
1.8864943095730191
9.579957782804772
15.342268517237029
11.771967794236708
4.5566973616539705
1.9430552511272594
0.7733998901344169
0.1898030344185082
-0.6862728914010133
-1.4328012314890433
-1.1732297822034463
0.0010200816140049122
0.8735892282586719
0.6429375192565258
1.2004859575206626
-0.78639288562878
-2.581692031651715
-6.3356800123873835
-9.872266883432541
-5.287373848660125
-6.977316160223574
-7.368747100738261
-7.3741675491318075
0.5962135496253776
-0.3887344401523782
-1.0829510683582726
0.26697170705736945
0.40718537816388267
-0.2723377419956933
-0.5149727068138755
-0.3456002068037146
0.2433991212658679
0.045259685973366874
0.4844400465490379
0.5469521056475111
3.7494353032963588
12.67956391820011
14.687092661485025
10.690614418583008
3.721123804131523
2.5853691169282538
0.8126184082553707
-0.0291568498929241
-1.7166101140793548
-2.0381766053664667
-0.6896846918968327
0.5184942139658696
1.3224560668460075
1.4746203795782518
0.3298058767116408
-2.7398327692533306
-8.485397969463119
-12.864010139741994
-13.47914799527132
-6.10222880969314
-1.6770837747921545
-0.2848590644855624
-1.6579842682768406
-0.43540463949916275
-0.0534384486744179
0.2820423029979612
0.2787856347286132
-0.16619842073377414
-0.6272622135872413
3.194592425595989
11.514409000962603
15.227972868819514
10.815381997372294
4.532684633701586
2.0729908103439896
1.1469757095000528
0.36972405456332647
-0.23677092884107326
-1.1680332502735966
-0.6032231318555213
-0.9205704767079214
-0.81301490359256
-0.3168105314995573
1.5518291630668546
-1.4400400969136624
-4.12139366714802
-9.408223074336966
-12.723664470537276
-12.232423851351353
-4.576959114651625
-1.0021313298659686
-1.1141511582305452
-0.8655646902530271
0.4925820211492
-0.7561297581704878
-1.704313132845458
-1.6488903400231216
-0.18590209792900836
0.12757676487236513
0.3449201342475476
0.8129981708150057
1.1831597106418936
1.6783116494762882
3.6998699342865136
8.493683410563742
12.484173211502968
9.393584927194098
6.585561386342124
4.154745767835603
3.0543489491213456
0.28465250482748605
-0.004382999780623069
0.11222074440632807
-0.4567821035373804
0.9708155483534117
-0.9245642445605136
-2.8297953137699836
-8.816612287068903
-14.570146706918976
-14.262727658164101
-5.7479981943089715
-0.14176718218366152
-0.25553306424161937
-0.5300578041424195
0.3652678796891031
-0.0016759689557315494
0.07639350500062378
0.5687073670919341
-0.20751934295649166
1.7416262193789973
5.7975985214655745
12.11413325283868
10.477131778920379
8.971262360127625
4.62948144539104
3.0339562579818304
0.40190098610932923
0.9876338885242248
0.12204859578318465
-0.43300600797875805
-0.047242953867063654
-0.6631183800338628
-1.8359654573009077
-4.317835605511327
-9.166572062863597
-11.051977485635579
-11.055949974639862
-6.951220959719805
-4.486163408704075
-0.4827534201733756
-0.33423814518687767
-0.09108840117184316
-0.6742158843975227
-1.0410691845708233
-0.6389845043912997
-0.5301970780903089
-0.05506234176134609
0.1662655360191573
0.740923881652752
0.5907428485589524
1.8649014552876164
3.7314082292155475
8.827723264369878
12.95997153242254
9.74617001937757
5.654115318669905
3.5786154565062063
3.4691460291117444
0.07678038099356695
-0.12681687267265096
-0.862532275157885
0.13172078453437053
-0.16600419842800307
0.15666566180335348
0.482484792724552
-0.7600512669181824
-7.580799045263724
-14.565521909343046
-15.423414433499106
-8.340521196889531
-1.5942586987593745
0.9260635925487221
-1.3789362492720223
-0.5932552579421501
-0.25070255433402977
0.5581019550745286
0.06540356291549818
-1.1056232501263077
-1.733952912360988
0.6103796568501255
3.27490651168236
6.620886130326493
12.024090127071718
11.247104539014911
7.761814192103582
4.576044296105746
3.351562432588613
0.08135322689047948
0.1930307471571961
0.0797031677036398
-0.42263870632007877
-0.9352775543933057
0.5679013719622662
1.1654263443133337
0.17218218382406428
-2.9834253238629054
-9.370724957685782
-14.43395445109669
-13.744419993902847
-4.682346411635921
0.45955791666652485
-1.0271771794696816
-1.8472749472373766
-0.3892548017076134
0.27317762656992317
-1.3409114612588335
-0.4925930673351863
0.17629079986356908
0.8485523058028582
-0.5691776406581446
-0.492260279339704
1.4008641181575665
4.9914719273049375
11.7578883524195
14.043818202485557
9.069701292008007
3.8953316755119856
2.9375854582554255
2.7755457673253354
0.480700132323731
1.1367976477653696
0.5610908334387742
0.9103313021921717
-2.457455417267691
-3.9576134941495575
-3.1336372929139995
-7.527985584470855
-12.050296605670617
-11.306718986444535
-4.364571032026555
-3.757689017055384
-1.5751086208158482
-1.106253044240734
0.23261397611598297
-0.3417163129758233
-0.2463815374470168
-1.1672856768801976
-0.5305230962614542
-0.07357219623931344
1.868125650847179
4.374051784333415
10.83508561814492
12.841707848153398
9.37515213915265
2.3243785781801596
1.2480024192076142
2.8253772058999433
1.4298191174516575
-1.0203569446588403
-0.7361465972054756
0.47958048221569183
-0.6992020200106283
-4.644107504653925
-10.523778912537392
-15.135622189383104
-10.042918102691548
-1.6989846397412878
0.8731868738084546
-1.1144211954032641
-1.5847663762632453
-0.7286975355948575
-0.9880989587442326
-0.6597008953578332
-0.18787111456245073
1.3778459105001992
0.3809885874128812
1.0939262644528303
4.294489301931679
10.836653992613407
12.338972766262296
9.676722943295161
4.095117107072008
2.342275448870205
2.6780263060337353
2.474137140525247
1.4534143809978644
0.8936632646464493
0.7429529711824467
0.29854065406100655
-1.6335082618148484
-4.419288021040604
-5.019902393645924
-7.039502174185526
-9.468798699270133
-11.002263677660215
-8.455415926895903
-5.374723842183448
-1.3727667105593833
-0.22375566919197643
-0.9113526156528933
-0.3487105105424
-0.5593146785396509
-0.22602309232506468
0.035948253670415056
1.8469972153384322
-0.04016235821275105
0.00034509151552090614
2.5731150156834923
7.233581775563966
11.86420216203004
12.425120505606705
7.474369631085801
2.501256955639013
2.352026991122092
2.833893583761632
-0.09032510076935354
0.4979447569454495
0.5120794494446159
-0.4753705379359582
-6.308045337952589
-7.4770719113324455
-10.507022791736018
-10.866669188506421
-8.9582563457884
-2.91365568307246
-0.639394816917304
-1.4138814553016479
-0.39430423486679617
0.260573581674139
0.11563760462301434
-0.6455772879539332
-0.7971135109670324
0.08314498137212996
1.7818101935046264
4.7677878851446245
10.081482091977541
13.433284576163864
11.552456307458263
4.822921081099813
1.4566916115012447
1.2365606703588956
0.8551979040888311
0.4809998177469637
0.28737777256058494
0.037241400785768354
-0.8344235714016887
-1.3776471235673184
-1.2762228769484822
-7.857022527708335
-14.811828592515027
-14.940633659356786
-6.139131361192534
-0.6651389388044144
-0.6965856519999495
-1.8740696064975635
-0.7311852402355633
0.3255651890152789
0.5922986863755481
-0.8059253308250047
0.09568662020607406
0.14762732622907232
0.798280920950011
0.7030564894784574
3.2317881974494482
8.046408176229038
12.070675022129015
12.225165539275435
6.6629563728572725
3.797827900883375
2.6998483066350336
2.3843541243351476
-0.69097332453035
-0.6600421513963144
0.4443103016772895
0.7019833750567057
-1.559708407977942
-3.517026888422859
-10.21415074676258
-13.621661446834288
-12.669452134463917
-5.939114239179448
-3.0317870675999767
-0.3610518628074019
-0.8155839266491582
-0.2652145271882537
0.23257272621495054
0.5592111186637861
-0.8485018737893221
-1.007368717444072
-0.4423093060080974
0.5126172286484437
2.0832766752833263
4.226861084933986
9.019611641615196
13.303550887575907
10.783239425112678
5.609978403871177
3.255543406284956
2.530233733317496
-0.28397297205991884
0.50740929918525
1.410243421018247
0.7504510760097576
-1.5892068332306712
-0.5575189270777992
-4.822340893579748
-11.533552162115411
-15.813225574626967
-10.007121636434414
-3.355755561534526
-0.9034333780868392
-1.6561151317942517
-1.4341732122652961
-0.5907958331121343
-0.014239059305234092
0.4442677242687566
0.7709093772766384
0.7522668915060027
0.7385617087492453
0.9425545922937232
1.050076728818646
4.639880115251409
10.170347550264118
13.415418223482213
7.357891320917001
3.8330405187161625
2.142963940262035
3.246580228398082
0.393147508003469
1.6458660020879592
2.2147973157322296
1.5755889924862128
-0.6086822174551506
-2.115123092172076
-2.191126152870706
-6.671649122093901
-13.959649399460412
-16.954268204177236
-9.735121206173632
-1.6845778728061735
0.351011625440569
-1.2561372691942445
-1.27749406397055
0.00692279838383027
0.6716550977088677
-0.021040032004849336
0.48819195277136185
0.7928932485504797
1.2719364793238181
2.908908704846426
7.576289775953619
10.581268351314053
11.226156575241367
5.530267159471028
3.476451960679303
1.9383026010155349
2.6766460849513907
0.8016763362595547
0.8948475922762221
0.845713500303508
-0.7681671962554111
-1.494830139896491
-3.144092410340317
-5.798382744742644
-9.20950381348064
-10.01830927113416
-8.331421146290053
-5.492750476020167
-2.2591802113056465
0.05322160196248729
-0.60809051964585
-1.3985802918259433
-1.6762503298023543
-0.7933941849464728
0.25839592271351797
0.8693882728916583
0.986943929996712
0.5354982556745045
1.5755429275326138
3.4857431539961503
8.083160451492034
9.447892762856647
8.575961214143579
5.043415449221738
3.3953585768104033
2.0538814525882376
1.644643449462782
0.6109402280152657
-0.9950652303790324
-2.4354838067866833
-6.667695441064969
-11.39160310553301
-14.21770706716816
-7.482809747935515
-0.9525796743399415
1.3339037111523202
-1.5576029480286684
-1.1388932306681252
-0.35470762316202037
-0.2851668720474816
0.5979440846187142
0.84340989274618
1.8497520522111757
4.080450673381466
8.916646387294213
10.901928857468407
9.612201734381435
5.5063064400463775
1.959196716573293
0.7498943993847411
1.0752319424266543
1.0973564229172248
-0.009278224768736715
-0.25166005947500375
-1.09043061070333
-5.99855593479833
-12.40522285939538
-13.385938860766846
-8.401015752035226
-3.406891979115023
-0.3277064155182039
0.6744575947775788
0.39294372972720415
-0.803827660051227
-0.30654958870738463
0.22691171281085012
-0.13546889511863772
-0.46324782703712897
1.3918255962595045
4.158744847007865
8.182844573660613
9.179362635103336
6.848325234550306
3.4517328972489105
2.7981353241518683
2.144355092885366
0.41534038095896314
-0.20127564057073608
-0.9933293139565845
-3.547282375227047
-6.662098705728389
-7.382417830222873
-6.611985827893806
-6.595134016997299
-4.811473767597265
-1.5322266542206584
0.6603874238010048
0.1919810758100122
0.4232946368424071
0.4487414815480639
0.8178920087856982
1.7480248323121033
3.6157461196048946
5.907862812697254
6.169884195485042
5.918930228558153
4.4683057829304484
3.913652842031932
2.4139080221040277
1.7920435731970017
1.0891588592776182
0.546793905367639
0.028724618767241274
-0.2478583292134383
-0.6121752735069089
-0.8393304627738711
-1.2661135237462826
-2.150517520220387
-6.1260111229140835
-8.444723197245898
-7.550242806239042
-4.413942759228786
-2.6479886282926848
-0.6442912772351418
0.6777953239203041
0.32101634651447397
0.7037879138985748
1.1983612118576124
2.2498603065488716
2.0114845117467626
2.1431034809763414
1.8150163598601432
1.7480067731956146
0.8528325401757338
0.40919036145127
0.5240557466782823
0.563949108381517
0.4041811773526657
-0.15434722534409925
-0.6580934559300163
-1.838608873994649
-2.342097982376501
-2.3460978138505437
-1.537812295495805
-1.463621947803121
-1.1489786847085701
-1.0219733949934213
-0.8374422765021488
-0.2691400314997897
0.7673079903470468
0.9539967656941258
1.5512693917843805
2.6531722956319235
5.945216600680058
5.565708632090293
4.686060354805297
2.675854003951107
2.8294177881798506
1.8963538436845184
2.140849028704281
1.5454170024405292
0.9677716810699862
0.07076240654994195
-0.3794371161840154
-1.5862893006884407
-2.8687931970933356
-3.997921436081789
-4.162543474542827
-3.0671018292711785
-1.7835061438740438
-1.181959242521435
-2.396713895280663
-2.4161744945823393
-1.4605151670881376
-0.21606338988775736
0.17227825785439557
1.0954700591901565
1.4976681818512356
1.153158983761371
0.3247716596018198
-0.32471444371976166
-0.28070958630637505
-0.31915422858910286
-0.19583503003011485
-0.3207852018807898
-0.027794865712292196
0.3167002673731514
0.7008978716561546
0.570677995842295
0.062240655068946035
-0.15978019945530295
-0.23573949513929082
-0.316758599642353
-0.5214659321063261
-0.37675118409451736
0.01061281930243075
0.09264308327492003
0.10093720401328406
0.29010074004888736
0.371563429734176
0.19576084783583417
0.08418526690049645
0.1399783574861383
0.2648094071265023
0.00413076707411554
0.2630437318954176
0.26902692330108013
0.48470951203898527
0.5220376378821231
0.8963905370420443
0.9966283775846937
1.2094922254246154
1.6349773565103696
2.15534215440145
2.731122315588996
2.749327396160249
1.9001412969348843
1.3581771049981248
1.452523248358684
1.4749559347973014
1.0020460404800018
0.5250192203149929
0.3778464364852822
0.16395614225530197
-0.2952211145978557
-1.115974305357482
-2.3009019345217396
-2.8177749234003318
-2.206105425062462
-1.7601298394268874
-1.7241031233498607
-1.2345825735466978
-0.5626287698498365
-0.6965834331636641
-1.2036787462621974
-4.520088964263602
-6.2231994767185235
-4.865133525813037
-3.532224712762809
-3.907994658862636
-2.7457933389696856
-0.12406140938144666
0.18759037741330153
-0.019277513381630293
-0.7094895371549946
-0.8700148612539826
-0.13261788946814462
0.33515762883866657
0.9574156684153184
1.5972191033394108
2.3978796035044105
4.336396959224278
3.1742077911425666
5.067150193701136
5.351372885724392
7.839651941912411
5.742064912944134
5.631594321160978
2.935781208351958
1.2569299716547089
0.2176411779716116
-0.5725028744264097
-0.9205290232409418
-5.147520247399992
-11.888324636372984
-13.98423561398501
-10.231343117654736
-4.645930063782946
-1.9302757637277328
0.6357150654446896
0.988195059258118
0.6309815681953854
-0.06758714952167062
-0.012708517177390688
2.583279553892318
4.704522224411104
6.507616445197777
8.748860194168056
8.806546880213311
6.173621258161426
2.9228035151577942
2.458562780538749
1.893630815096744
1.6243458760287113
1.0146974038315704
-0.8240081061651061
-3.215554209320098
-9.060945263298086
-12.339924205415784
-11.899265923383421
-6.51763888719747
-2.8945931165691094
-0.5242739013922106
0.03417489141496505
-0.3826109935771214
-0.08173030561328169
-0.2664817695446195
0.0812313639285921
-0.49913212311398536
1.593308558409096
3.88717663021842
6.95829428778107
10.139679771895532
11.837084171137295
8.833856211698526
3.054206755154954
1.7217253488426711
0.8676364144661817
1.2964828430088198
0.6496675687041945
0.5442985482970685
-2.201723820043442
-9.376740639501548
-15.222012563770429
-15.448404171284743
-7.720142973406628
-1.754799721064935
0.3749587874213519
-0.780090128922997
-1.0908672329227294
-0.45580159884298443
0.6937657115443444
1.460517752007094
3.2184057160429616
5.252952197502769
9.382378811027829
11.504578497829192
10.05187903863665
5.443669586606903
1.7056137411880672
0.7759852695642152
0.06916158634241613
-0.5527210326666036
-0.3936584163105718
-1.0493662592312105
-3.1235574674527666
-9.752534604714764
-13.67406028166496
-12.09525300682775
-4.773619499820468
-0.09415039247674375
1.5364946321155266
0.14689276561752843
-0.9319455712188973
-1.0423495381993
0.35606462454156895
1.9438436822004725
4.832852826120126
10.508615961367529
12.556390030713251
9.946281532998897
3.2983170060272857
0.7381119384466485
-0.5726714177314288
-1.5441319462619274
-3.781687122275856
-8.378522660618264
-10.726022163605569
-10.600715429424431
-6.098921635604588
-2.8937820044932607
-0.6416699909613881
-0.9474872176542685
-0.5869552400564467
-0.04677994424712774
-0.002073604240912498
0.6100950074994327
1.6288700532375944
3.441625576341834
6.645628273460904
9.73499280569134
11.290451714472352
9.969196869688806
6.265911384114183
2.425985084064937
0.8374739380764941
0.1677280519193165
-1.6926752242523675
-2.826816486034179
-7.92139885784404
-12.959248997341382
-15.194015620019993
-8.51747318427047
-2.971899637386247
0.5670130346074997
0.06265747665932432
0.16497463664898906
0.1380050690566704
0.5667236496623854
2.1715853613337774
4.504580869925358
6.725153338505553
7.673342704932696
8.12977065953273
7.017799587690541
5.041255361818376
3.1098208940635654
2.0215513552215194
1.0024304807464495
-1.098727321840003
-5.658983437491327
-12.783662964590876
-14.278422605748752
-9.538205352971323
-3.097604814126657
-0.7750725778774047
0.28984949382467273
-0.003391763308929123
0.5254660499311467
2.2278209774499915
6.222223146541951
8.938163282429597
8.891917561653969
5.967957464086024
3.3510543505736097
1.7345012444188055
-0.3592643047105486
-1.9084460438231552
-5.884929650712831
-9.376499316117496
-9.342144006047686
-6.635665661509708
-3.230782371520854
-1.4355227778179194
0.24983212566660898
-0.04838802931267536
2.0557461287068244
3.4488183359166023
6.048057609089543
7.177420202669028
6.203072761287201
3.1211334771819614
1.8567329921383002
1.0515843245703336
0.6456082833232902
0.438797925220227
0.19678303085775015
-1.0497211229404655
-1.8433595332486545
-3.138756764065289
-3.9598579164630197
-3.867368051954101
-3.199103395373713
-2.070902511211691
-0.6758052539726862
0.8224658169012279
1.8917470257844333
2.46367135441835
2.4071148793778656
1.6955127096643339
0.9692018220573545
0.23974761115463736
-0.11421450410676087
0.5216073932045447
1.2919119379088262
2.9461728513004757
3.3133924243628616
2.68349754667212
1.283603513275666
0.670253880317713
-0.13469190890249216
-0.4317367023425547
-0.7188273525721343
-1.201080955350579
-1.6398675745104319
-1.1698956850303257
-0.13144313337075078
0.4243438025260257
0.4290738031318963
0.037786859075253566
-0.2124483421016797
-0.19696508377516472
-0.23578891444605432
-0.006828316693927972
0.15905162214530327
0.6028747162721958
0.5878922275032963
0.5968805787825067
0.505935803281725
-0.11651436190045268
-1.4372412142257103
-2.801655138460579
-2.541087953435386
-1.6693688052905113
-0.6687111520567077
-0.41691173829974265
-0.04162324727453385
-0.17596860279347173
-1.2407343111594455
-2.573727983196837
-4.37287165416957
-4.445643663809896
-3.7261930570862454
-1.8040299984710444
-1.334734347545438
-0.8287010350169225
-0.8280199845990198
-0.042701850203074807
0.009372237297177155
0.17853955133387206
0.22859124813302067
0.49840319220958773
0.3518195098389542
0.14877466325773817
-0.27919951651119246
0.5158833734588996
1.469705580840221
2.0099585885118643
2.027836714088117
2.2428920870647793
2.301164835723204
2.026134780408556
2.270588171507631
2.1888526133839448
1.7570031855954256
0.6619747378993867
0.05313826037192517
-0.3553941519583203
-0.8255996990765638
-0.7795152524424541
0.01801036257771829
0.7506214960825511
0.7507035518383913
0.7906168960651089
0.7832652512429518
0.6715092817394114
0.33183889435473124
0.18282124011396989
0.12387682285748085
0.4559349499846441
0.5888393160614337
0.6607833554518103
0.48208387220746396
0.6421122175038817
0.26746235809353724
0.060185895365084764
-0.08754819401944189
-0.1718904878742764
-0.35408580105243076
-0.5941106535910583
-0.7428032671255507
-0.7645757890367223
-0.46609310964399003
-0.5361630519954902
-0.6702894957974721
-0.8720294030650995
-0.8309516896920183
-0.6679773538411969
-0.02166431317288343
0.27154040614745345
0.3264598868068188
0.1983265919375444
-0.08361559480514011
-0.03397049002066137
0.00856732130014408
0.22820603149871763
-0.05268168529274775
0.25489433137925627
0.8503662153963326
1.212346793877575
1.4425196210141797
0.9164398647105264
0.706859052110918
0.4697655750715191
0.5212526872787734
0.37278645899073826
0.443589643922297
0.8251641119776234
0.6338970432154817
0.8143029462083026
0.7288243952125277
0.520275498520409
-0.31321429232614056
-0.7263177363165654
-1.4967452722886367
-3.239633999713989
-6.021992436749523
-7.905009462064947
-6.749176694106237
-3.6932900928726333
-0.6368413197338625
-0.35007686008470007
-0.4908042265372352
-1.0194075796274198
-0.06366861736029268
0.14891043303802562
0.3686658329430047
-0.4066099836952012
-0.03933860396446916
1.6134930988854999
2.7648531831963745
4.41309711549018
5.955933456738153
6.852303350417634
4.351232111145495
2.3017780951018407
-0.07232668443790204
-0.5877847992448927
-0.0006586095678829215
0.6816650477374774
-0.6727673652846359
-3.2861287239097763
-5.021136865876508
-5.340698134082303
-4.545292747597042
-3.558671875105425
-1.5390864545695697
1.1263184545113507
3.6114691685402174
4.461512718517418
4.463353554633145
4.018478332214968
3.7833412332672243
2.777478526093902
1.0426627172333152
-0.6235597021480423
-1.2362912599774836
-0.8750494245202365
-0.07932164028817919
0.06495297070500433
0.42648471806214544
0.3281632822343359
0.4766374242741299
0.1572529668618295
-0.18015325406305707
-0.3422203355125769
-0.2593730327833138
-0.17861957833276948
-0.1281709012220073
0.01204868576039588
0.13994266954456636
0.2997884225798068
0.12721068203174038
0.08325781667716943
-0.07093469613413951
0.059610064904677185
-0.1043093246837216
-0.24375690345943743
-0.8366819488792419
-2.426405051953722
-5.181711891284622
-6.812316343215869
-5.999284788670694
-3.9079497362340487
-1.7247441980952238
-0.39205658522435494
0.32488935342858755
-0.09370549464893801
0.26396718267551966
0.15143695582158603
0.20944802506647095
-0.07527313524922902
0.24310221093735904
0.42845329629351997
1.6282035872358662
1.7419011298581535
2.3104771712230816
4.4955890319563245
6.563246305735401
4.553630162283372
1.8306946194876674
0.8107764463575656
0.8451966601542297
-0.14990526533392687
-1.4341586342838797
-3.0431960203184683
-5.5815711086592765
-5.937646631759797
-5.215154528934261
-2.6074030441824814
-1.2657176257448932
0.1714864659369265
0.614479486809974
0.44245701570825874
0.26782013616340106
-0.4405260552955786
-0.003080638612622153
1.0676741723198397
2.864492255877874
3.3376102189549464
3.8900485378473104
3.6883317816082704
4.020222159558534
2.1389904215323203
1.4564500644924334
0.9742739434350044
1.2421049319971935
0.5118387346654665
-0.2986144959634577
-1.2104095261435122
-5.5767819158580805
-6.726946654305353
-6.2744774292009655
-2.7304794130615586
-2.0046789288236413
-0.5926837879434175
-0.5295699052058856
0.09504903515088604
1.5816156867455922
2.3436380267350865
4.509651316082217
5.3016308065141695
4.886944245565387
3.251509427840375
2.3527805335263934
0.21631909218265916
-2.470583688406936
-5.6270798423267765
-4.897128597489183
-4.0280977797374
-2.8471845866281873
-2.7392364167379437
0.5395000743488698
1.688270604205087
1.8859751155546118
3.2090415062188073
3.9077099527996637
3.536754560591977
2.144723100695157
0.8257049668630282
-0.6799364554557522
-1.1026492084107014
-0.801450256557309
-0.2978225719325192
0.1567293826003823
0.3038923500690111
0.3045054341437621
-0.8365141771205378
-3.685397844352266
-3.8016915192468423
-2.7359599356834865
-1.8858121032563895
-1.778010797367462
0.8023179124274572
1.5607547087854416
0.6633050057963059
0.49968805419724605
1.2509066514831368
0.7110580160577933
-0.9866601896898648
-1.7242101877766733
-1.556246746386615
-0.28077438497512425
0.21504342366700568
0.5786693270774252
1.3746366116701612
2.9688757696068055
3.7607457244163105
3.1200862557528737
1.0093142793452743
-1.2860836478932458
-2.5117756859175606
-2.898957278743463
-1.9971279418810863
-0.41707775362161004
1.2983586706515498
2.8196393008403557
3.5440790561769195
3.4057541185161315
2.6745474664641864
1.7006198056866773
0.5398536253217845
-0.13833232828258554
0.15763878498641812
0.49429983785173415
1.0984382035717493
1.3836625209179263
1.62386017628979
1.8811242982868297
1.7492829055343193
0.5681917587867792
-0.31399906547565204
-0.4980103821014058
0.09871680391775667
0.07239762322651412
0.5222768979050504
0.12754453483455613
-0.9300505623584772
-2.3318362026256847
-2.8598790186455996
-2.6250183888847216
-2.0507894831514673
-1.5030554296428922
-1.189553985938776
-1.3256978428582693
-2.2555573459410287
-3.606646376105051
-3.470216269619747
-3.3054970950381692
-3.1519139600318984
-2.4978712861299592
0.43306753164860434
1.3536576496322315
0.13295306303566434
-0.5374658661774295
-0.13179774560915286
0.4934080161078572
0.7912918878523778
2.9825524573556237
4.416893845046809
6.306656388612394
7.096404285473457
7.605035230188919
6.636477411894717
4.034939902743593
1.4012085799695482
0.14054269579141487
0.39365633932633387
-0.6664182260819708
-2.5125189549244995
-4.905075877449695
-6.299732967804848
-5.642430524193368
-6.745047744137977
-5.490454562953601
-5.863967038583224
-3.9870618923513845
-3.1288576645999995
-0.06791309815066313
-0.012436271322170275
-0.04478622939895765
0.1560977429886454
0.05702849878265156
0.5534449682740126
2.295514953173116
4.147326627730618
7.068511988407653
9.496394140749315
9.165980910560302
6.015378518268638
3.5912324589920974
1.6823708025013875
0.23990202921961437
-0.6130985663431747
-1.2559835155984693
-3.376005655620565
-6.0873381440858685
-8.20177840944479
-8.543590413004228
-7.37297242998619
-4.731905127944899
-2.5545014558360806
-1.2273801706173155
-0.9028348846881978
-0.5808047741200223
-0.17822720770819575
-0.10864515228167011
-0.5480928189202986
0.06780630717636041
0.16401439658929695
1.6882426285034702
2.859617576611159
6.76848734632317
10.726309035989974
11.824769111551015
8.332504251887709
3.81499347187792
2.364038244269865
1.1222546341681443
0.55220359327278
-0.18221825079597945
-3.0140123618792862
-6.854441156400556
-13.877181617962888
-14.411128782150262
-9.259911371649455
-1.2329312166740354
0.19603405238186297
0.34193776461126923
1.0019938151922207
0.6904481288792772
-0.32001109964719265
-0.8080729235156713
0.018443909782782313
1.5438116395606498
3.897987947758356
8.135274091376175
9.519542703615935
7.791913942999349
4.558875934818442
3.065743134052391
2.008988364225447
0.9849035012671497
0.06483257918482513
-2.557255386402356
-6.5128082065204715
-10.06855873800863
-10.764814140918354
-7.634642647929035
-3.58929963388241
-0.2970134763804474
-0.34173278263555595
-0.35902224483530304
-0.7784131569216391
0.11707897018564534
0.5381458754331426
1.2087894134886479
1.9318648810363432
4.3189653659286975
8.520963812917854
10.19990396181717
8.59916172508659
5.198954692413021
2.978131515944103
1.0262975958438407
0.08380943550208718
-0.9736015405470486
-2.483829750257274
-4.761458709990198
-10.17649317664518
-11.92959324633011
-9.389661105333609
-2.7700499028290912
-0.7848878376841497
-0.28524955669134666
-1.1102517008366113
-0.8164271285061498
0.08614358209471086
0.6273044218067576
2.266829123220416
2.686058632220474
5.574775655769926
8.086702838833903
8.209483559883964
4.648092691255516
3.122891646287891
2.7205252271290234
1.1616770263274516
-1.8206424395161682
-4.206697467916317
-7.470601895625715
-8.554529719362119
-8.343824676365884
-4.868336196202862
-2.2671547521701547
-0.4973844364896215
-0.0599557384015554
0.15978442767951628
0.43896580427472187
-0.09940116759432858
0.21439919785578018
1.2214113646352982
1.9480807645357754
4.3604040685759164
6.006870628137529
6.678873197397064
4.218098851086048
2.961172638110829
1.6269960782753683
0.212215857971121
-2.075895909751502
-7.183171187469384
-9.798776639559856
-7.995617046067105
-2.975787525982103
0.25186500313191823
0.2222160580717527
-0.2873755073150413
-0.4100612739230544
0.35960770597452163
0.36686388570612444
2.0883409386888387
4.746149009779309
6.945065598086982
6.378163033087399
4.392621413384209
2.8157594626373084
2.6870215780922897
2.230813697072283
1.1629269201598254
-0.3401253910745654
-3.2114662756914614
-7.118242744332532
-8.758492801688925
-7.609310197216419
-3.7577126354636614
-1.767550603153867
0.02599203847896451
-0.3558365882548031
-0.3616542627466286
-1.1019261922836843
