0.26512806662914173
0.08889293734292503
0.04579148344250087
0.048832886017494644
0.04684448344785443
0.04332535390551568
0.041477842246420475
0.04394419952373955
0.044453799808734755
0.04404599371097093
0.04355322579361483
0.04581949094972007
0.04665511674658571
0.049409308409092245
0.0515384330618178
0.07095673922871115
0.12411189480485268
0.25287616475104224
0.44933000119234046
0.6580219593248081
0.8166147036831419
0.9126310659214252
0.9592067629511856
0.9693042631647174
0.9715072552120962
0.9751192295755804
0.9772820066133064
0.9775319851779076
0.9784716661813724
0.9800160155920447
0.9648944821029178
0.9121803318648087
0.7156479273511305
0.37426682835609926
0.09203957906105117
0.0032834106469803517
0.0219547514614826
0.023341908307550382
0.030682525310001464
0.0362305598675249
0.035759647982371245
0.032157147833890946
0.03182761540980178
0.03194356141771772
0.032689157819000565
0.03535090650693193
0.042790752522205135
0.052914168482333365
0.0931039580300145
0.26834807307391245
0.5021753008541155
0.7126124725662804
0.8253194775667538
0.9045247380527693
0.9220906547193255
0.9155853914813419
0.8851919374985785
0.8064052156174255
0.5505870456580482
0.24231415617015084
0.04313759496992514
0.026051366420596272
0.029955221744903088
0.03409305671646861
0.037110118975620374
0.037357170185644925
0.03581294949315675
0.03579136216050158
0.036688924210850404
0.036947905822176504
0.04018933462800196
0.040903848614535276
0.043283825090277006
0.06877015360850997
0.16215811145132183
0.32994925644658
0.5218018941521856
0.6718222954479325
0.7739661649755871
0.8452105660141052
0.8874264257847142
0.9017377545483594
0.9072069355771648
0.9132464296480294
0.9165092581008576
0.9171064289143604
0.9181302125810522
0.9218461978896602
0.9240608057169415
0.9237306762559016
0.9046026403381421
0.8470395330404608
0.7334829990439908
0.44034662066916985
0.14868335133987187
0.0010621292408060229
0.033936174508652696
0.038767827992610165
0.03672418869221272
0.03513974204368897
0.034341262668360635
0.03287335304541947
0.029585124291287453
0.030137029089991742
0.0333096015571243
0.036243993805698524
0.03913617996030728
0.044664799584072386
0.05739070312365861
0.08914260066138302
0.2432535851546293
0.45354871183093826
0.6477469782585956
0.7663640283084318
0.866244092678229
0.9123012603969233
0.9236414566683241
0.930861582049359
0.9334939189807427
0.9266096709509704
0.8971604132356136
0.8212866102573411
0.6072395169144946
0.298791419281783
0.07390546718297734
0.04487662046649222
0.06442119400761089
0.04694750316649576
0.02158265643795336
0.026234387201322103
0.024101768166072762
0.03583909173681458
0.05368969563464024
0.061826894353839604
0.044160543512607314
0.08169936052615394
0.13538128529264015
0.1264145223992948
0.1195479435499554
0.25476361422938676
0.4772444785511439
0.6335926307367892
0.7347414367097069
0.8231086118645432
0.8895965506200624
0.9159543821751288
0.9267370733173663
0.9375973754197169
0.9466240558374917
0.9513022249552546
0.9498845591399985
0.9460141669615839
0.9471772177945271
0.9521415811599119
0.9557923982544366
0.9597458032401738
0.9645245772579893
0.9665236256264264
0.9650756474774531
0.9671344198576113
0.9703031371305212
0.9715641813326618
0.9697485000138539
0.9685954478036654
0.9697348628307878
0.9707317670684521
0.9674208877168587
0.9617490506102345
0.9570512143552883
0.9571767848867265
0.9593064667865245
0.9624919332052071
0.9655953847152344
0.9696053755948448
0.9736682630976934
0.9754540754239575
0.9778336729080837
0.9792112761332925
0.9781511955713574
0.9784996015642633
0.9899363699797026
1.0022005000234144
0.9693855782640214
0.8310500655717241
0.5306315479762971
0.2023183942236868
0.017498254985767
-0.0011042328874231464
0.01405297606819779
0.01349104217573336
0.01420979836217855
0.014389314575225564
0.013488714702793184
0.011754783283315513
0.009634887540375631
0.011585449894185487
0.014341610323627837
0.02299670721721636
0.03045760143136033
0.03687112212139698
0.036683896192191034
0.0676618203823596
0.20903959825431298
0.4347298745792468
0.6649459075009885
0.8132406550880713
0.8955682271190263
0.9219070454498354
0.9297421465493543
0.9311212229783885
0.9263133547067832
0.9206849017613383
0.9143801454131228
0.9134488739338082
0.9159849196674663
0.9238123987743756
0.9128326571522742
0.8715624164848048
0.6394618266594154
0.35578520249295564
0.17054727879205683
0.1709197061706497
0.158486812611988
0.1437439238881021
0.14035567794311987
0.14805464859659762
0.1506267399044809
0.15025551483600647
0.15284964765479403
0.15416787515076963
0.165422043855689
0.1183897868326921
0.09834434039633458
0.18217880183224913
0.4027183659946311
0.6006001776472676
0.7597637565932205
0.8577633006957255
0.9132549512926598
0.926019624878539
0.9341036030514959
0.9349651935356805
0.9325112527750155
0.9303030427004603
0.9317022795009873
0.9336692022300762
0.9370813985129528
0.9338181561636958
0.9060387846307254
0.7740252920194937
0.47767106019968886
0.16546545830945472
0.018553244607533152
0.021522241507757604
0.030553882217932614
0.018926890269422417
0.01964482586582077
0.025526836092864276
0.02994464623724634
0.028017760322448557
0.028753711244002257
0.03475450039802176
0.04011880281781694
0.042987043158747656
0.05181917157605281
0.196342074106168
0.4313996941245282
0.6587715842090052
0.7835460891417796
0.8724817569100001
0.9176055121098625
0.9348983647823468
0.9388961047902776
0.9346421895009522
0.9274625584514292
0.9245839538287761
0.9267188568561878
0.9045322140696029
0.8517422691102718
0.6775437486223985
0.36106193659589303
0.08522926028419162
-0.003959245169841145
0.020681196018204135
0.019548886416889615
0.018731163703580866
0.022277960611806504
0.02354156000599112
0.024218861643996892
0.026714160526770888
0.028410052321033868
0.02581981095569606
0.026699574887782823
0.034341643059856264
0.047726601640166205
0.10921084566581982
0.27795056779950034
0.47665347513704476
0.6444433233899366
0.7603603616597185
0.8559236733933444
0.8991958143192316
0.917528437994059
0.9254364371791066
0.927159350875004
0.9269733919523306
0.9269845674264596
0.9282430506796998
0.9298135307545149
0.9283123181138504
0.894743359063586
0.8228385354118264
0.7091490710260175
0.45836657405660863
0.2636650445129034
0.15164392558908898
0.142426385872863
0.07664452267191582
0.06667535092797325
0.055582448497340634
0.049817369041027376
0.05385334213939388
0.05945082435282304
0.059480394369470606
0.04720060505818034
0.038370250784650645
0.03980366718035917
0.054723885623364166
0.09107220822053017
0.22316146176352353
0.40622527839758815
0.5882803865179547
0.7193932551528203
0.8290195549592532
0.8850218594162659
0.9113896342903987
0.9258550856709495
0.9278175220863734
0.9202868367141074
0.9100337839169474
0.8859538320530371
0.8387004079762023
0.6677991930826417
0.3626658615605313
0.08876431051048642
-0.00434340889967216
0.008510716572290595
0.011021044223701398
0.00926858593972275
0.011190601149037539
0.013683283009450754
0.012379558992169932
0.018239660236152498
0.019721713134835683
0.01857586654326155
0.019119830375588634
0.0256216219803872
0.05444909356998584
0.12248162577563526
0.2766819432939142
0.4833199164501477
0.6869674096609977
0.8253734529573893
0.9052142474075509
0.9380008412020168
0.945743130862012
0.9465029110000103
0.9442692606200793
0.9168639216430452
0.8641421729396299
0.6951665359331527
0.37463271088368766
0.08439746157191495
0.0392766574466211
0.1114717587914443
0.14100569807398697
0.1280510241901827
0.1452692429851342
0.15053225230165232
0.13837845785658087
0.1374981053584627
0.09930897356456146
0.05743884079886101
0.02187781522934668
0.06041317037475685
0.20539342614367975
0.41912250539478624
0.6235476197422949
0.7560884668043155
0.8533043447985691
0.8999102696480913
0.9177538767252877
0.9283759320048938
0.9359064987505071
0.9333940322266636
0.9062460055659829
0.823212505434048
0.6663926175655359
0.3660177217120822
0.10451632227362577
-0.012203825163068917
0.017807309829801013
0.016897595180876388
0.01648188098602785
0.01564250619548751
0.016801666253000173
0.020988233269142953
0.028886124453492305
0.03676790622220191
0.03631134830879394
0.04482039408989927
0.14547579388673196
0.3352900306421236
0.5394801418890997
0.693419047179303
0.8156957279968673
0.8921049097290881
0.9220301109980782
0.9318800642745407
0.935512411971993
0.9315933827051577
0.9258932197666783
0.9120407108946451
0.8860608136849482
0.796426609285743
0.5829097966222628
0.290020903500797
0.12719701964035712
0.12377704243955176
0.16830738288721164
0.11957947525091717
0.05795434187032499
0.02115091914219921
0.0791728886808851
0.1258743341369469
0.11077651392630893
0.04806916352259348
0.023779948649583518
0.028682138729117165
0.03533337331587537
0.05040608545060547
0.2094509205511026
0.4410941771962733
0.6553918701307008
0.7707093633418172
0.8732508161702401
0.9168075343805907
0.9269957804564388
0.9311193307226668
0.9383689474687265
0.9403982650437871
0.9410103448770086
0.9373645601939555
0.9338155489513942
0.9176288185591901
0.8753304818561535
0.7315458972066028
0.48592925842574275
0.2561696536870666
0.16477916510732887
0.1557045400734398
0.15205473637375064
0.13453539997527042
0.1277987355712233
0.12592788056012794
0.12668474248984887
0.11754452687519171
0.10536119456841456
0.10597597395659414
0.10125015171245946
0.1064269905879495
0.12395277971745783
0.11616454539091403
0.11971465401162906
0.2471233993491599
0.461051647262527
0.6403076456785798
0.751103874411228
0.8368513109979293
0.8854595843890631
0.9073491529338833
0.9149706588938027
0.9145213227320305
0.915749763119062
0.9166832836768967
0.9130362464607971
0.9058748316744804
0.8779193922230462
0.8153057511044846
0.7134764384491801
0.4378042083824577
0.19748969065037839
0.08039186436980045
0.1076548513013673
0.09151833221436971
0.11969148067671143
0.1461962017633625
0.15209744683459864
0.1557059792200191
0.15282202241887533
0.15513484305208392
0.10762105807648546
0.057127455352362175
0.023286515011451757
0.057241394469804294
0.11936956479431177
0.26749927297204523
0.4489445740750518
0.6122184962656746
0.7271799634557878
0.8120481191877988
0.8542736118659366
0.8736332555476317
0.8870012092765464
0.895193235832072
0.8962958698874349
0.8896812927972333
0.8646687837198757
0.8121656993679317
0.6863141547027534
0.40790566094868325
0.13308658917788735
0.003018312119108982
0.021416339884313972
0.026016273877677826
0.0259637013112378
0.025246531464686726
0.02795260116868224
0.027912068733332393
0.02833360251909373
0.029818837940765314
0.032097155567572457
0.03605564726395718
0.0407839049087471
0.051915543182986634
0.1652482053576934
0.35431707137064844
0.5745283424519001
0.7457594412627602
0.8750249320659667
0.9324589305627071
0.9514355005541824
0.9676805439938644
0.9734637326836415
0.9752500939962255
0.9729409276107208
0.9744913688512999
0.9762866550899711
0.9800482665207426
0.984390794378218
0.9873829887312148
0.9844145844305292
0.9767575532539626
0.9738068573592754
0.973521053059599
0.9758855333512633
0.9775330325243804
0.9833117723403624
0.9853980820954327
0.9807330331632145
0.9723093524634523
0.956961744050411
0.9328960607143924
0.8898204160188673
0.807376567316392
0.5492767021895403
0.2268439520289806
0.02534354306950074
0.018046941667250967
0.03299395156268228
0.02908979832775895
0.025232867285123396
0.028192901584364008
0.030852206261951835
0.03135125373240205
0.02902088943812743
0.0308869270462198
0.03271909743453463
0.035127258238199774
0.037621182154113926
0.04257706837475307
0.044871381721110715
0.053393912408187374
0.13789999851093981
0.3061069034382245
0.528117260325194
0.7214523327505288
0.857957619170471
0.919532893584532
0.9430999651238502
0.953346892375635
0.9548581907056833
0.9509299666904598
0.945069583427361
0.9403644477177479
0.9401650386012899
0.94380842759721
0.953882304121997
0.9564336384416142
0.9228232326816148
0.8293196901654134
0.5896746274862055
0.2761875110059816
0.05532055840111191
0.01384636323482425
0.02601830931888578
0.027249123949383596
0.024815014678952845
0.027781125161727902
0.02656920141358582
0.026999205630627778
0.023007795999346034
0.022374604143282205
0.022467839317560905
0.022046627470879748
0.022340412200326606
0.024376227346896987
0.03083872191480489
0.05341236033999357
0.15536040337755955
0.34029483258587945
0.5589035357536829
0.7355218586383373
0.8444589657186303
0.8923569625430953
0.9142945126543733
0.9279063278991072
0.928245196918593
0.9229056752293799
0.9223350168594687
0.9231628276346736
0.9273478571948208
0.932429850512799
0.9366303583487241
0.9370117702902536
0.9377170645518399
0.9361432240078
0.9365707624161288
0.9368308300289911
0.9341956240975029
0.914859576145959
0.8738174816435303
0.8060651859120822
0.6617707074720639
0.38046388094799627
0.12228990286317667
0.014779087680921284
0.036113905284592046
0.038373831975829345
0.03495919669834077
0.030344677749584676
0.030349061336457022
0.030527539616437525
0.03073976454927064
0.029302357250357448
0.028861608512239737
0.03027699840713675
0.03329048318375416
0.03611418758407461
0.04046076462441641
0.04970532005014827
0.07063350594910148
0.19669530040857175
0.39587993126290466
0.6116190423466532
0.7556729872949042
0.8539639457864323
0.8916789685800879
0.9095663563789546
0.9248099243168408
0.9307403851092513
0.9307227344371283
0.9293210331921749
0.9312600148384362
0.9331807469411585
0.9407042453115149
0.9482347595938923
0.9505758330659864
0.9210347929818605
0.8383488177435369
0.6163843488641318
0.31392284127783476
0.08916603877709119
0.034130182420780225
0.04077767906486747
0.03615296538448829
0.03184166659239566
0.03600284127017438
0.040059233453214244
0.037511536669549164
0.03265764626076102
0.027864089533652384
0.02621990446578269
0.02880896470783428
0.03491590997396446
0.03875145559665224
0.041532137308708555
0.05254892014757735
0.08554456888328962
0.2285577677295248
0.4209455078699019
0.6201322018346269
0.7509735963008257
0.8587159462253022
0.9073074798359442
0.9319629107780996
0.9416630916234855
0.9430355727195612
0.9379565941651333
0.9312482710363325
0.9279757500163743
0.9301259162679693
0.9321453722486748
0.9269995116833686
0.8945274985990936
0.8260058755508556
0.6785986269925373
0.3821591086167017
0.1138901471122717
-0.0020642956680948926
0.0186664192218772
0.016900506143421107
0.018024913989922273
0.020582032529763976
0.02408583995281112
0.0287874511588393
0.028958895042153734
0.025520503463288206
0.025897022719208806
0.03220549072843714
0.03865667209692396
0.04550866919839036
0.076681261519652
0.21671234510405005
0.4275017148150748
0.637007090464861
0.7718361224198458
0.8608306289388249
0.9033561244612739
0.9249100756450229
0.9370353677929046
0.940216796950408
0.9387798465917839
0.935829959451949
0.9346613730864344
0.93304608491982
0.9356856051283607
0.9377596612146275
0.9450398988001913
0.9502695705132012
0.9356461473961182
0.8825069833385729
0.7276713065000202
0.4198769496021291
0.12700445784478714
0.0037163620824724707
0.021657667789064094
0.02690195115044723
0.025111561549419056
0.025743214106942122
0.026125383383789065
0.025266512222824236
0.02589413480494225
0.026637614602679646
0.025485279121369043
0.02562022068120542
0.03013413907821537
0.0359464187269877
0.03855891141257511
0.04744939694973785
0.1406511486504493
0.3061607107422042
0.4962208127483332
0.6527722610431432
0.7792079210291267
0.8442504504964147
0.8660763602032329
0.8778077280193726
0.8861495472195691
0.8781802630447739
0.8556347036788278
0.8115198307886968
0.7119509232510861
0.4555553499619756
0.17209319932429018
0.010419888311691945
0.01148750605275766
0.02330517682555057
0.028581170911728578
0.030415266217092136
0.03122084053198972
0.029188476895171296
0.026099100813130632
0.02432249765357529
0.02494267197848178
0.03141554846043895
0.03617861287770047
0.03665735558292384
0.03653979542928619
0.11088857998362672
0.25498727217945594
0.43927283949315343
0.6066256636517073
0.7556039239935533
0.8491541068452906
0.8922484334212346
0.9149006852709245
0.9271381258317378
0.9290710939880562
0.9227821520911468
0.9183675416032455
0.9183988077401642
0.9181953798689038
0.9034000733139154
0.8601900153230804
0.755000894434295
0.4820209404214666
0.17802498100621594
0.004928303848668013
0.00630766106905195
0.017057881223905273
0.023260422382640474
0.02541168329900374
0.02755691845082643
0.029178066966644517
0.03168027967964462
0.031818503981264415
0.032090024318252725
0.03321674871774668
0.03441727086347387
0.03371560688738119
0.034986771210944734
0.039664329963491854
0.04168769103251726
0.040454726035700564
0.07085835502074146
0.21076643327360878
0.41801788677135465
0.6150801232085953
0.7410488175839351
0.8211252604999606
0.8550494474306465
0.8645068603473296
0.8639137417694734
0.8564478584751685
0.8392285730331538
0.8037163396202887
0.6970595028653127
0.4431166613234469
0.16394468100216425
0.01738395961955265
0.01765556412238663
0.02730766097609621
0.025660766541488703
0.023573151198383484
0.023493254247531487
0.022627533127472104
0.02300686395297015
0.019865588120486787
0.017924563330402134
0.01748676788050341
0.022908827311689785
0.030064290184150234
0.03340859997229598
0.04804893841531642
0.11783855901806856
0.27665845327807087
0.4614194024574696
0.6209523645865542
0.7313298025335648
0.8122833144072178
0.8527106873832935
0.8714270490293619
0.8810908944723537
0.8865226166869992
0.8885344423468802
0.8919419684927592
0.8973867332594127
0.8988118225960473
0.8871823058971695
0.8579212088634359
0.7635247236870457
0.525021852382691
0.229420337680578
0.04610381742305908
0.015678305235179185
0.024466175995276424
0.025105940286153657
0.027434655932666873
0.02730723164116863
0.02535101211995723
0.024776194978555266
0.025173572217123723
0.02626839401076364
0.026556077026888288
0.027339131124046283
0.02905300178959476
0.029577780313879004
0.028765331544721783
0.03213674623420996
0.03287000806277029
0.050553473674307854
0.1840675985706739
0.4016718363880932
0.6065076537356233
0.7382568302515906
0.83264719198086
0.884184150533616
0.9051949688215709
0.9265740075629776
0.9372666645650999
0.9388541888410066
0.9361403587018383
0.937334614035519
0.9398681987116768
0.9430684610968675
0.9428526922181645
0.936413236861001
0.9222652639911271
0.887818817338665
0.8214077291044335
0.667462517477744
0.37831973256564566
0.11470735802559202
0.00040571260138011836
0.012278925050189703
0.014209139318013484
0.017991219620903928
0.02062208174342261
0.02140372256537065
0.021809592809042412
0.021574142260662395
0.02113517956087727
0.022576215619358495
0.027882756500319093
0.03301487401145742
0.04004002938630785
0.04327976992636982
0.04781994583712559
0.07762497146283351
0.17410768396524384
0.3264677759820078
0.5026016009027163
0.656353848255888
0.766857579060785
0.823889848057718
0.8524442282474303
0.8691280900597064
0.8803526301501898
0.8847213298347905
0.8845748339392737
0.882344159748236
0.8633260487294494
0.820218977615302
0.7417350067193779
0.5430243020466017
0.2743928053710867
0.06427617530585819
0.009731386050299034
0.011469218147167896
0.01882553412640737
0.01725685364973914
0.018223444368526354
0.019236079221181472
0.020157033249993142
0.01994883534466706
0.018692956537482666
0.01870731808596495
0.022802602337451152
0.0272667535603733
0.03339070817240407
0.035335566992356314
0.06502720447637042
0.17645287783504765
0.34019718027342954
0.5204818921638981
0.6802327200185085
0.8034899681701236
0.8537843770132909
0.8732544551617364
0.8911645637346541
0.9024469960610587
0.903617382416489
0.9023404750237671
0.8992038116795209
0.8835032560016902
0.8333219166943714
0.7161002594675128
0.46387121069362364
0.17969369386578216
0.01427465216845554
0.0017193820499459304
0.016865708682870677
0.018247817371059304
0.018168231507312664
0.014720300663492829
0.012433668859155278
0.012258383894601559
0.011465921007467003
0.012153321148304728
0.016545316186505843
0.023077820844797817
0.025474909030509973
0.028257113703388216
0.033480720159199485
0.035666783641079995
0.04970846674176553
0.1730549613567942
0.3531407427585621
0.538360865355362
0.6638820928456906
0.7699987363072316
0.8189743665629707
0.8446692141113066
0.8597493754077472
0.8682912682541014
0.8735962582403917
0.8758254884730734
0.875857250081296
0.8616845192842615
0.8218774329220666
0.7053976041977464
0.45260876927643157
0.17177704194739662
0.02366869250429124
0.016389366584249443
0.024111265122518096
0.018332568710463147
0.015788739598478756
0.014332107895125686
0.011601662632290698
0.012952375395569413
0.014185298549148751
0.016971532336972267
0.018669458895122407
0.021211133877216577
0.02598054037335648
0.03351083298259164
0.03742829389397234
0.03858107228782097
0.06639072375704431
0.17075801193455234
0.3083822009914704
0.41934520581380197
0.5104724425069032
0.612884587100481
0.700011869446008
0.7475792693888994
0.7791256767297388
0.7976843505104105
0.806462629429318
0.8001927822567447
0.7736395521824692
0.7054538628622429
0.5811059566545731
0.3330885521774806
0.10315724290480206
-0.002429146558492787
0.021173336970887004
0.02660952999801319
0.022685977469005688
0.022508567823526608
0.022335443218677236
0.019471329297873166
0.017143371651366403
0.01812496272693101
0.01963845952699008
0.02110518158024127
0.023932950633086817
0.030101348360609306
0.03698593140681586
0.046861407811143715
0.07676134271821747
0.1594241118380539
0.3032056700426119
0.4633155234214517
0.6035659852410719
0.7124668123177056
0.7936334248159047
0.83818719422842
0.8604636171892353
0.8725486481017054
0.8799960699553987
0.8835968672010291
0.8837572421437139
0.8803764489037464
0.8603527055528268
0.8043527378558605
0.6667983180346331
0.40100624525755396
0.13100299545086325
-0.0008023159729539722
0.004387908954437659
0.017672540751915076
0.01675942525192798
0.01388882345947635
0.02019177077491236
0.03358488188430496
0.042560971364233036
0.029645544938848502
0.015845988619118127
0.011013901711823624
0.015039618915453334
0.018038085787482915
0.02174958248709396
0.022788466807410875
0.024261301270839204
0.02997600507545381
0.03257583790119169
0.027789195531250865
0.05395866785263331
0.19740004734552324
0.37595166020704773
0.5218315919632583
0.6234338868792879
0.7267386666056218
0.7891515811880399
0.8191142539445027
0.8443671743416808
0.8611480030057194
0.8715548605869345
0.862870898369846
0.8384188966154067
0.7485090713881998
0.5367266772731349
0.25017477458204096
0.06515066398219325
0.0164756375938035
0.021739841415841024
0.014448812884580494
0.01340451059331945
0.014280110247806666
0.015421905329575316
0.01520823721298888
0.01636269258201322
0.018493899548090057
0.02370129481976325
0.026306156092451433
0.029757978353844965
0.029266072759338332
0.03137825447774786
0.04030118117273955
0.06164149543060159
0.10307249064427136
0.24643373626631682
0.3970379120245674
0.5044879961982085
0.5480450787969557
0.604602843598593
0.6294229007079051
0.6115007701405757
0.5751078148022218
0.4702861984280924
0.2947484936965833
0.1092624787633501
0.023017236079527062
0.017930275598626345
0.024974374936241772
0.023771448885463606
0.023984043252372945
0.025520393193305964
0.022956181783301426
0.018420130684416426
0.018353603877801203
0.02089710611784567
0.022660071109993133
0.02552753423426026
0.03191326979126745
0.03756606479303294
0.04129864782575286
0.04455744490333412
0.0749980659430973
0.15421495100910448
0.3055167816593437
0.47570081046609514
0.6333725156767106
0.7441584953905269
0.8212451799902156
0.857803060008536
0.8772681187225136
0.88620279465032
0.8900110850358427
0.8890151898133263
0.8856206527827105
0.8716456700566677
0.8356216226859626
0.7687477609747144
0.6476830519297312
0.3883552648333304
0.1294763629590245
0.001358942461313635
0.017814244458644515
0.022275833251342123
0.01969243216731616
0.01813314528149744
0.01871315423359022
0.016743624219096004
0.011424982832522837
0.009896873662533702
0.012006862919672012
0.018361379589018786
0.021055697025538125
0.025892518506593878
0.028259179930058012
0.034590278717184834
0.05912741195647214
0.22191531862008507
0.4181330423890734
0.5849403240725906
0.6792859777580196
0.7865958638112533
0.8426003026479157
0.8664557380882769
0.8814583771051908
0.8852044170492936
0.8869796216405268
0.8882377703892582
0.8948805253536956
0.9004971271566963
0.9061808499794068
0.9055488174814076
0.8985880586208841
0.8668758127158307
0.8037516474424717
0.6683111229268622
0.41125394789827435
0.14983665979694671
0.016675143736751434
0.014032825754465085
0.02244973939328814
0.02888636589814084
0.03300836603836022
0.031920218659740415
0.02829732878123464
0.025968647355715992
0.023570014350424023
0.02244369088662368
0.022474573966674138
0.025156914667700554
0.028740864134142716
0.038335516528792586
0.04398868734752884
0.06385009970419346
0.12537183010287373
0.28181231241230337
0.44981153452191175
0.6024218148902386
0.7188388454566408
0.826249036232434
0.8787045093137591
0.9012757791723891
0.9129776874463936
0.9178674853920817
0.9175107493009109
0.9161416319663281
0.9016527792913864
0.8588805442129159
0.7684061495440937
0.5629363285792923
0.27622760491874787
0.060807995811021864
0.002204254007701221
0.012975690806653204
0.0154368286642233
0.015140447640436296
0.016832389181718678
0.018325395490762425
0.01762925840356456
0.014513385360493158
0.012272608694720888
0.013624592546815851
0.016842036734571682
0.018183934085756023
0.02114703592004625
0.02576236391887653
0.033987625134620066
0.04214898427852734
0.06170465521040264
0.22899606641319722
0.43069264758930287
0.6147543370003127
0.7177150881447509
0.8351550531869183
0.8794934051149106
0.8956747976430465
0.9054916609128617
0.9145713348927962
0.917985609644941
0.9118791794500597
0.8839652363012496
0.8169414701032416
0.69216131563025
0.49686749295912735
0.251043019172697
0.0735138219217061
0.014340415898060187
0.027206216116192575
0.029005330667708034
0.026412981682019256
0.024595539787040405
0.020679564772102227
0.022353039199286363
0.02419848527500386
0.024515046041498078
0.023601920180745778
0.026792089815738506
0.03135218403811777
0.03125808040725338
0.04835078081288689
0.06574034117057034
0.16872660688640745
0.2965671145721558
0.48096838703669326
0.6480672235505286
0.8087870353821449
0.8814978939373277
0.9195388424133321
0.9444995386636387
0.9585093667692607
0.966779176515992
0.9737836398404117
0.9783299164943988
0.9818306973284386
0.9857601092396213
0.988020150513815
0.9901655001457353
0.9919085292962964
0.992401996904128
0.9938253418339789
0.994583080764615
0.9910825212318211
0.9847115157527097
0.9727594741177155
0.9589788477708062
0.9432637047173454
0.9213295371196599
0.8740060030268066
0.7842561244824275
0.618104455731894
0.3556042947475406
0.12527589085098523
0.027670311998962527
0.033398477787931535
0.03547159491961782
0.03304561016718025
0.0350786488865132
0.03672305537342942
0.03547728266611135
0.034876189828960326
0.03486788435812693
0.03791695638601833
0.042538955173899315
0.04671890274955384
0.051284753748199276
0.05468381663339833
0.07606355993063321
0.20187841305948942
0.3986625754000426
0.6070685065399624
0.7539702204453995
0.8559805251877408
0.8968883570721565
0.9144237423171984
0.9263387149848223
0.9290427023557054
0.9266772358167198
0.927738590570289
0.9308367904228521
0.9357885280466383
0.938513731906828
0.9383008816892887
0.9373795716452472
0.9351716224122253
0.9222566253604869
0.883457750436789
0.8139270373541847
0.6919100794768891
0.43683847407986415
0.16949323409434003
0.023704384154314098
0.027067683802526145
0.03300733582961263
0.031493065053889734
0.027495439046361998
0.027676376914956308
0.02704139639935307
0.02773405724398971
0.026455025166910666
0.02984888979750078
0.0321553434854753
0.03803990751876382
0.041332703431864
0.06117630943413449
0.13769666595700308
0.2905735470825932
0.48976054720645157
0.673477975585361
0.8011237627038634
0.8636597870758993
0.8919795235342391
0.9070183982461388
0.9145174065861238
0.9155210806861477
0.9153169795706715
0.9127570680411152
0.9023600307898058
0.879384790914328
0.8246099386001858
0.711712500061718
0.5349404631535275
0.2883909040893943
0.09172631310596752
0.005783897472432301
0.01569808653814961
0.016456685508869646
0.016816539550337302
0.018199603215003624
0.02189862566107835
0.021393951351586164
0.0201444068222655
0.01961555897664263
0.023959430971811125
0.03045463741875047
0.035258298932704275
0.04456976789403247
0.06801510539076715
0.23539886263332252
0.4284672141777117
0.6047091698793591
0.6992255321483617
0.8068675492801807
0.8525751078341772
0.8761461218303481
0.8883372405455137
0.8943747546575509
0.8961062069004491
0.8948273235078178
0.8795022341038131
0.8401807432464311
0.7269188164088014
0.49542713297591806
0.2199913369752187
0.04992875245741461
0.01760524828019456
0.028896617866049818
0.028864048069154897
0.02768348805507343
0.02948317851070759
0.030712061684782927
0.030096483407759604
0.02816584596158878
0.02607687606398239
0.024718220651537927
0.0280341877449242
0.03149732056590118
0.03815182667769929
0.037017885412153805
0.037998824754964126
0.05465640064927649
0.19435470073937625
0.3822037941279526
0.550653069037518
0.6509266762502041
0.7495799626401866
0.8104887789625189
0.8348369477168018
0.8444290079339066
0.8445870433211963
0.8417100944745575
0.8183234415568914
0.7757230164844771
0.6640234434144365
0.4635159897672187
0.215163268705305
0.05917249441472716
0.01817148250568102
0.031621576080704504
0.03532873807869327
0.03240786631299972
0.032332953155654716
0.0322074559642044
0.03185160570640294
0.029939356841713602
0.03011781394321038
0.03398458945332739
0.03833724546075494
0.04280691519164774
0.050572331497587254
0.07213300837092526
0.1961443204972765
0.3566718725556369
0.5137807051842214
0.6129913769433255
0.7157592422323333
0.7752534454410892
0.8092316072417978
0.8237635474902759
0.8283468630077222
0.8141199967237167
0.7653223602618082
0.6628040021405099
0.4647565570114804
0.22898393082681429
0.061342861679645005
0.01572169857809505
0.019083086320830278
0.024531959015959982
0.02304529614455972
0.02000474465113132
0.01578016493452013
0.014959027491678739
0.016337515792577383
0.02125450399220944
0.026105320011142623
0.03233374470896448
0.039418219018148945
0.042436256907109005
0.05159281249586015
0.08192813618185366
0.22981224899267733
0.4092129641031014
0.5781932546216638
0.6850149531600362
0.7815565252195199
0.8273075817157474
0.8520620615798226
0.8739131542159083
0.8838175909343063
0.8890268170571449
0.8926278301963477
0.896738658511344
0.9025831312549915
0.905543276252462
0.9045940256972599
0.8972119410290778
0.8727298712248184
0.8139409493596168
0.6729250279114514
0.40590784203634683
0.14167111831915044
0.016569018497668037
0.02237743195784897
0.0347270035883227
0.032190254997888836
0.03143397522751022
0.031278436793441
0.033069599978075306
0.030175597029465633
0.029066901130645202
0.028724146637576456
0.028898516975564427
0.030813038254638263
0.03926964594751223
0.04728179635665516
0.05571863837783893
0.07896015399989122
0.16996182914978952
0.3234027189255007
0.485705122186001
0.6102843157947547
0.7012633283902636
0.769625457781689
0.8121339406377911
0.8379957459014207
0.8493404365249229
0.8501262914386968
0.8418786062134074
0.8147374371859171
0.7317113319713373
0.6043110534929594
0.3640307254239754
0.13443928833498103
0.0048189297685637955
0.01780016910400252
0.02588321746524194
0.022393528960128188
0.020231199179253694
0.018734738622054575
0.01888751444926983
0.018156948825892756
0.019328895969750414
0.020359560470264267
0.022462146047354352
0.02587774334090536
0.02718107610372656
0.03629280874887264
0.05928809734418098
0.17215492220033507
0.3393793556296775
0.5153310367761477
0.641955205480155
0.7551384509081858
0.8281742685701035
0.8670996242430834
0.8885109683907206
0.9045009590926728
0.9136029869442233
0.917464908413286
0.9201136230753084
0.9206940104466674
0.911329621529172
0.8772263618637876
0.80752848453051
0.6623700236810665
0.3954953582019134
0.13672912312544053
0.014120927779420742
0.014908136501139913
0.02075891977560069
0.01952667322056606
0.02033983434256964
0.018693465277256776
0.019272777638066986
0.017614688782348797
0.015059594045318734
0.014323817226777499
0.015126090976471378
0.017362480081748448
0.024463611947831584
0.030948052029524248
0.032651806710078495
0.043256984756250595
0.067766835677625
0.21150791029778432
0.3659158694376215
0.5174875039596151
0.6083175112045637
0.720792138221889
0.7682636747878021
0.7856585921620836
0.7811799806276672
0.7601958723364981
0.7088102374203147
0.61851945725915
0.4391882097344769
0.2188834263912441
0.05458447286192282
0.0113313415346055
0.016189398772373742
0.022269401795258364
0.020507074922195265
0.02009370990392975
0.021688893113752314
0.022504537464988976
0.019130460486611045
0.01645073133947298
0.01553789751632594
0.016514103199439162
0.01761800720292195
0.022787278370476914
0.028661265961990944
0.037606475527616284
0.03784112576844674
0.05240407822703716
0.08181630974668086
0.1848129505049612
0.33730382014414534
0.4880778669634149
0.5863850040808043
0.6673304631184795
0.7354193857340943
0.7730088335302431
0.789940200975639
0.7977858087844366
0.7943584930105713
0.7770865817858443
0.7167638984334268
0.5679937952561256
0.3170644569768031
0.10294550244420017
0.015870265243000427
0.023899985517317313
0.027228595890074536
0.026414285001262257
0.02641944928312268
0.026331577496343805
0.023632324858908586
0.02341569047928403
0.023475648166811927
0.02545144544927843
0.03199964552341093
0.04301244254760884
0.05654544260760165
0.09056660662418609
0.16304307031103363
0.3060192100576008
0.47642780239434235
0.621760212216002
0.7137587691676439
0.7771656044049121
0.8180624385999531
0.8359130732482033
0.8440681679726513
0.8432023130120565
0.8340098271736555
0.8050529824359588
0.7549775702423207
0.6159160904198676
0.3762941667449441
0.1324973805367161
0.016722864669184177
0.003492079538191621
0.016747495351577407
0.02018206730955857
0.020647826398053206
0.02118155013996522
0.02189492989511983
0.019385637659280367
0.01691473712434581
0.014913436076092164
0.013096986943641177
0.01611062923845765
0.023777868909234466
0.03113320848582778
0.03289578031245535
0.039918850909024195
0.06174370686119422
0.12280955457632545
0.24555876993486256
0.38432194014798243
0.5091873180844237
0.5985314337954313
0.6764846670114943
0.7258943986422621
0.7632080023796765
0.7846952808850233
0.797964652421367
0.8030893504182809
0.7996706802579183
0.7750320472991795
0.7256082002479822
0.5928040002729014
0.35853473741395214
0.12675654305606576
0.02506602270127198
0.023138579973975667
0.03164387808048745
0.030189377935125206
0.02979513150663833
0.026433898377012703
0.023547591634485554
0.02373777776421066
0.024640963762829593
0.025674276475324574
0.027723569566245453
0.03270669394429036
0.038776692611499616
0.043087484215209235
0.05479716702886406
0.11072582183934035
0.25690888776672866
0.4541627318347048
0.6359378240640663
0.7578457497074966
0.8405590936430649
0.8864251658147508
0.9085032319004198
0.9156057983594752
0.91944142240678
0.9243577583966971
0.9308454719916301
0.9289984049609316
0.9055642543985403
0.8423961229341626
0.7373895845017692
0.5156328633414055
0.25372073365627024
0.06550992762976848
0.02692576352043913
0.029254338351256147
0.032873305767624206
0.029698938756790833
0.028017932474760268
0.028610455755659993
0.028821706802137394
0.026450622843895644
0.02246541618146705
0.022924723062200895
0.025898212874826625
0.031008380145756142
0.034685512005045126
0.03843557981393385
0.03984297848677912
0.05757862407454429
0.09668685914535186
0.1593654253397069
0.2696872417566243
0.38424199290819916
0.48234765973287047
0.5432270964499903
0.593593447306526
0.6000894586317892
0.5523343447438279
0.4215850089757284
0.2534234131134114
0.10509675492641082
0.028792271777694924
0.0012753021470746362
0.019779088771539388
