-10.574107757173
-2.58608723402545
0.18248415449962643
-0.11930415417841254
-0.21114777254032524
-0.11085069954571233
0.1479814366391444
0.030576017099712423
-0.024468365865829296
-0.02956607504136631
0.13597590936631462
0.05013754781193856
0.16525149975039194
0.12774747916353346
1.1650983700136013
3.1893093345684926
7.7258561967713755
11.787230186477895
12.521517487948062
9.515564661500031
5.760981734296977
2.7945418217856237
0.6058500128119105
0.1321795228427303
0.21671846180904902
0.12976662226356298
0.014998713876070994
0.056380860207885256
0.09266096464033617
-0.9072920093476121
-3.1628490142865364
-11.791944270820737
-20.48286593970181
-16.933634957702942
-5.325370104844233
1.1202804488701388
0.08322941076406667
0.4404370201470665
0.3328820734514052
-0.02825471310921947
-0.21615000890881728
-0.01977194544535009
0.006956760474956226
0.044735784076970764
0.15970492127588234
0.446390760916391
0.607404957607696
2.411387372860861
10.514646902633913
14.029633666812142
12.626230302729933
6.762420300028388
4.752315629160948
1.0539549999933662
-0.39031579427901836
-1.8236072389657974
-4.727203312869196
-15.349090197562592
-18.496373369273904
-11.950593672013426
-1.0251737129597358
0.23423131945840975
0.24827009829393223
0.18102373554910403
0.014823072601473138
-0.09265324154929094
-0.0012952399593102505
0.053853723020929084
0.015538896679566011
0.19448572834952826
0.04287083919199895
0.1427985885445024
1.5291797110939829
5.603277470568732
10.067468699715393
11.511158262336375
9.001224077744846
6.128632171659301
4.27466406231104
2.5329515862365515
0.8586797258187125
0.328150861728328
0.3623696442518707
0.19576970716969358
0.03583024881017151
0.061427020001505676
0.22295911851647482
0.13287646963688052
-0.019807767662396517
-1.147682155065557
-3.453786437860892
-6.813392039788219
-17.58818270248932
-17.499796159757707
-8.857273325943984
1.9724427160708073
0.2898992090374492
-0.12261835802384538
-0.09506679891142544
-0.04790876251970031
-0.08807457737647036
-0.19729372524791894
0.033114287922257464
0.1903543480279541
0.17606353491445176
0.17353116927652587
0.3317171774259076
0.7635542123751763
1.9051138522634459
9.24665906959481
12.617707600578582
11.651895985659483
7.1170230029900985
5.992803862187856
2.7634300631216666
0.6804117762840514
0.4332075228620893
0.1579402158830262
-0.41305488178634475
-1.766955462921413
-4.552428178696367
-12.84282560057049
-18.506885857962764
-13.493157125928386
-1.7417308029891136
1.1726744124671242
-1.0484214504669112
-1.5218908037125496
0.27910384580212555
-0.12795714211495748
0.7042394142445114
1.0710362338695434
0.4882319231519636
-1.059981050473941
2.2523290208128053
3.220915485989184
-0.5380057736007091
-0.41199473096036476
8.11294024076591
13.348851859305475
9.380889131138751
6.068928358375087
5.302030509290195
3.9892763253311645
1.5814698933039497
0.646961468534253
0.651618126141036
0.541600825066488
0.28069014706577955
-0.08505994891536947
-0.2322235307048745
0.06978304997659118
0.29786180192308603
0.21904902567148576
0.23720429914422997
0.2867264410689351
0.11994290210622081
-0.08687868893839465
0.1235263428094906
0.19012303637458988
0.07566265212843452
-0.10894087912847
-0.06918313261131484
0.06836490162734712
0.059814254259858084
-0.19865276109560195
-0.34031022639744546
-0.2818701752967755
0.007534231886294789
0.12778091398788094
0.1911279851209542
0.18620709060164065
0.24059945277662506
0.2437732501709142
0.10714873957584167
0.14277584904757218
0.08265619351253169
-0.06360483371610459
0.020904359574351956
0.6862061049263593
0.7358478026227138
-1.9688953055635372
-8.300130761537865
-18.025111055725688
-19.698789225156688
-11.089208354275227
-1.1161492723914128
0.9094325373372594
-0.03371603354786588
0.04312537118671041
0.010770972782820843
-0.054035992345942994
-0.10403588516866061
-0.12719374457639335
0.11703374122859177
0.1653696257665416
0.5193058136152994
0.4476536528486397
0.38481124140220047
-0.01123355575235689
1.8586754514101205
8.482666672317233
13.541416579496076
13.812961975304551
8.897684855224764
4.939654321857316
1.5803290998485509
0.4701060659711359
0.08274458574205419
-0.2884720962963182
-0.3377071767266949
-0.37828538089292
-0.05587628875887616
0.15216274401948446
0.4696487464145588
-0.6587844973260838
-2.4762144400481745
-13.926035389523413
-17.020597449987648
-11.114275422053671
0.02234564271557168
-0.7459736135197047
-0.8845733234331574
-0.20329475669893365
0.4619382392086663
0.15432547847299694
-0.02227350410846489
0.15564796912725443
0.07909364975853622
0.6752501222951653
-2.8219354213798242
-1.202726786181456
5.030067686154891
13.232373849742967
11.872908699157914
9.549814736757208
5.879972646150321
3.329499035816069
0.7658804151527537
0.4850386903774168
0.05169542905107978
-0.14723644563990498
-0.1324926044733115
0.08395420803162053
0.1180153637453367
0.20473177697258518
-0.1957945409554214
-1.6667622919782292
-7.920809556673933
-17.78125390918835
-18.732336113414117
-8.814732822115324
0.17813981401346776
0.5418984426105025
-0.6976195169106143
0.043076135783901376
0.35292061362261157
0.2650686086629247
-0.11561315488786736
0.04415705529322219
0.3600473492411524
0.3218581451877119
0.17209442045584353
0.5299277050383109
8.671374151806942
14.103457201101664
13.642313405068665
7.486470295966492
5.336140066093248
2.7074253119917566
1.0375711603490594
0.23986440047585186
-0.2552349173595245
-0.43077786297138254
-0.17271627735918677
0.12809418164469594
-1.3311985671950979
-3.1673966975598766
-10.451911229272437
-18.9889087215904
-16.54996057870214
-5.351310327241984
1.478426471282722
-0.06793857607887147
-0.0490633627985251
0.21280781449353905
0.07581596365107723
0.04063809828034643
0.14971793296644031
0.10175350765577915
-0.15541448192026078
0.05278583592520603
0.45852409032440805
0.8030975148185994
3.68905464153923
10.124383328020867
11.922174440252707
10.067390895173546
6.955022296186941
5.733798704017572
2.596328455553239
1.0999574204896518
0.4744799511028569
0.10337482175384363
-0.011157535360402133
0.0006705284477392603
0.07550899519441127
0.09422880448890536
-0.09007275843987005
-2.0141375430158686
-4.314289419105594
-6.821367863148555
-15.046949818164588
-11.682091772622355
-6.721267135428889
-0.5530523829735615
-3.946911792056844
-0.5981503046365565
-0.6655741458379593
-0.34590476737879666
0.242158385901978
0.335848932805751
0.0017742009988538983
-0.7367873586774184
-0.5298212564117837
0.086004983742512
0.8952131065803027
2.180899355829968
7.92535521257963
10.983828998043917
10.92330648722203
7.866772118091964
6.577577988385998
3.3601382674207745
1.5820664924479722
0.86792708283301
0.11774618492542951
-0.45184112233596024
-0.6151831678295983
-1.4447971118346243
-2.835205444610102
-10.254072893613671
-18.307999891326688
-16.434093063002752
-5.586463164609534
0.771247528317768
0.15061965908464875
-0.10514749703871926
0.11532091255888773
0.1495609116247934
-0.07822344103684542
0.3516060746389552
0.08892317392099139
-0.0687507954944482
0.03263782993962514
0.3901074962879153
1.7296482953759247
4.0819519323389795
9.25201905109677
12.398278389374054
12.218849592651042
8.304362597783527
4.790447667009711
1.9671956276679616
0.46453737959971597
0.04558680827989376
-0.13401902279585756
-1.644320338622053
-3.163304922204928
-10.13853822038867
-19.232029502967972
-17.414114958706424
-2.707248247517641
4.331706080689408
1.7720363569525661
-0.7772804330282596
1.0330931276970938
0.3157805589910889
-0.7292276667042894
-0.05282114988708971
-2.291347907633961
-2.512207965942036
-2.1336615341708676
2.3121213087246186
8.698815346135405
12.823744755066434
12.265506860850563
7.952450823721266
5.832952679655235
2.7963554909713415
1.070616424631791
0.6373233167763637
0.4518340047368035
-0.15074799143061143
-1.6288815996408492
-4.982010007915846
-9.409193272110759
-18.02249375120729
-15.69008396630744
-7.003208846201706
1.8006680995722022
-0.05458287893547768
-0.02494285169091235
-0.050362487432420694
0.0695496034507601
0.2511940209685677
0.47387347106096284
0.47290690612257813
-0.027393474804478332
0.5105427468663214
6.039323987809661
11.388854205323538
12.251406674818607
9.236334317412235
7.336600849053882
4.584550903933263
1.7955120761394137
0.5909971965877546
0.21794086184713535
-0.2351417560101185
-0.34200977630876606
-0.8311505323219922
-1.558793832581823
-5.378052263952326
-12.811008759808859
-17.573333587287074
-9.769433031626429
-0.2051986320483225
2.6718204268596026
-2.923674458177679
-3.697508002835544
-2.2082053636875547
3.4813181723211652
2.802086727363718
-0.9058692126382818
-3.76244102422294
-1.457352892380603
0.29413140477201993
0.39907407520549365
0.9043627280838095
9.542690106029351
13.898595398710292
12.857861576065693
6.919049592667008
6.152487169705401
2.613403092621043
0.6112947645508893
0.24741301597368182
0.4349770047635786
0.12175905450363887
0.03672478999329223
-0.21874708098318674
-0.2129406745536818
-0.9712038235322485
-2.537900202182206
-8.627075078972611
-14.736998326851655
-13.785576284320616
-5.483429314784284
-0.5444775020333456
-0.21898822198135126
-1.0511601839088167
-0.4041998642428294
-0.11225130066572149
0.04541171578325636
-0.5484129368794319
-0.7309999384066316
0.036886763290775025
-0.2835493346480815
0.31061033252940295
1.0515473477704478
-0.4672940595926295
0.21300651724290262
7.6445247202518765
12.835694874802073
10.755359904963205
6.647773723958913
5.1448461952021
2.9164964034678844
1.3133741126892842
0.4572903575951409
-0.02696016970633528
0.07370642322188725
0.056011233470084486
-0.21882223296596526
-0.4296848871790271
-1.6773263670859682
-3.7568184671139098
-6.109758759317965
-16.540333804004284
-14.418871063924042
-7.025869576835076
1.63577921589393
-0.9681911452198073
1.690388907740599
1.590283265198986
0.3540747042741878
0.2165119431252175
-0.17303740806863682
0.13876923799250848
-2.8508270985360693
-3.0296161634472467
-2.0304564204547404
2.037292767501051
3.7276902194706603
8.887782490663566
10.886718066181011
9.796435331436882
6.897688031406451
5.09208934392095
2.533529560688142
1.1615786209017702
0.8020772237348385
0.4915215933315666
0.06615804332177237
-0.3968746254121206
-1.5007505446413836
-3.150185061116816
-7.551092679910325
-16.704509625245155
-16.489144306246935
-7.804096623527147
1.1038816659122446
0.27599603960181746
-0.0031543539864016244
-0.04303019079306242
0.16236418223974003
-0.0024319461209906285
0.025292027145681607
0.08911412530029064
0.13669905760843634
0.2375095017830715
0.2836954586874115
0.6678982964543387
6.799959730482793
11.344131960776737
13.212676264875851
10.273865928651093
7.755929448192004
3.446039909804624
1.1385941994884574
0.974702606380977
0.3469913213866099
0.10718167875504779
-0.1385499831302759
0.09302647443475283
0.1077171743202667
0.22569668584630115
0.26055167144850827
0.17953166117981834
-0.1781042580411252
-0.4594218705940206
-0.17704175368122418
-0.017148257980582872
0.1418688174998631
0.0988499503870228
0.3467243889589386
0.12517858530421133
-0.2799029359331077
-0.5054208419857058
-0.9208565047825291
-1.443941000161048
-2.58453868173165
-4.946630922148274
-15.48599190761198
-19.345965009632618
-12.09002453756948
-0.43779608413496474
0.8968205937258343
-0.2342491940954134
-0.23141586255812163
0.1776020579544468
0.1595582806552617
0.02994284822701466
-0.13982185765647023
0.11196225648554851
0.1099302232988845
0.14448964821991667
0.1496354349548417
0.29735317323836563
0.13765880078145173
0.5113518412246286
5.070365166164894
10.09241429563658
13.320621413218928
11.600104345519508
8.190317185196998
3.6945164648434807
1.4140242923591688
0.6148156351070561
0.09067789980290746
-0.23569344091339978
-0.35162299578594736
-0.28230814257677633
-0.011964546987480298
0.21860333975519475
0.6044325914872594
0.15308005917702333
-2.016624345599864
-5.6102125509724035
-14.37870376075176
-18.8092269888145
-13.252017156291522
-2.4884517099774013
0.7303167650436554
0.07384887782987323
-0.1460465562258378
0.17796662896651352
-0.07271542488852137
0.02580025302251898
-0.2394845778768927
-0.03799151136383191
0.005594110456721701
-0.02527271080086816
0.017627083766812535
0.12214890879421676
0.3877496740744963
1.354418305511253
6.1168825822543065
11.096065752498642
13.116522190068952
10.597099373078738
6.536226424817953
2.8738798094677533
1.316253006676759
0.8167089146839916
0.0203321411691471
-0.3203713013527661
-0.034239502194671166
0.049668646512295904
0.2511017736088203
0.3049195990787097
0.25203047015549174
0.022884716491772452
0.042317655695174435
-0.09443043264239707
0.02565230449972461
0.015604056771741702
-0.1581123558892871
-1.160162877092698
-2.4625256701455984
-4.06513774388712
-8.657668706400667
-16.87840959144322
-15.490438685090055
-6.450648910935002
1.2800890562203184
0.1355956014742312
-0.20487811664932604
-0.276871136925352
0.0002630152123407764
0.010708696798829668
0.01273349596998752
-0.08624443793478717
-0.026444924287064134
0.0849233936938166
0.18080908659705486
0.16942226401921837
0.2607946224204952
0.5546733255439432
1.2556911539371298
7.5637076675686465
11.951077851259381
12.944346665025648
8.643236696894627
5.897457509492023
2.262901367619222
1.0732432679320614
0.9146140762731314
0.3558276475446467
-0.0010590403273801924
-0.0841020746972102
0.11633889877567725
0.11524392616332961
0.4514099022214081
0.45183085694262076
0.14046440832565477
-1.772462405047462
-4.961158514299702
-13.317868132763639
-18.147690455178857
-13.485408150043945
-3.3021513813788452
0.39884979864521486
-0.27748282082276654
-0.2586779275255451
0.2496704806667373
0.24338353098237991
-0.15286180701989716
-0.29123342452730505
-0.287613403626504
-0.09865110407218733
0.15534361452308776
0.3664167159678316
0.2301327373612553
0.1668409027233885
0.6610069703320949
1.979738924142849
8.580791930773684
11.543264408423283
11.951201637882905
7.850483667972374
6.464540995468269
2.9154920166383715
1.4793258565294074
0.5820108507231269
0.08234886576454571
-0.30473871326565577
-0.40249938772807536
-0.19635126119747737
0.12900997509570256
0.12116735884232518
-0.3087516339183891
-1.9483207850563997
-4.111297382894517
-8.84443491349866
-17.786371102551144
-16.096137690265
-6.95726656682165
1.2438428933983963
-0.10595478470736032
0.06746447079007374
0.15342711239049456
0.21022844538284058
0.2820966723616769
0.010286632998866523
-0.2063034947319214
0.02259115535523725
0.37850808055368124
0.3870708821092311
0.41111982608796377
1.870355539275805
8.401865015063464
12.647362182660856
12.570322538987888
8.089741917298682
5.33967039113905
2.551529731346813
1.2932370710250154
0.7275175288728668
0.1908857494502156
-0.08621702151744308
-0.1769932283901044
-0.07011518193087525
-0.0969172899968684
0.1583712125124369
0.12444336517601282
0.43681425513380884
0.31378030278057295
-0.8774053870250286
-3.1883498434525572
-9.29014061031369
-18.46766141387255
-17.57234950544152
-7.397285745738512
1.0764783423955586
0.3146570016829726
-0.10742337606169661
0.03789915345138206
0.022930156610817876
-0.051532269657887174
0.037657354927083025
0.044608787864241495
-0.06914012887863276
0.00809649359018315
0.2708351038205834
0.3487367789263597
0.15674956113523664
0.5334291322297948
5.592105102042409
9.930573725505857
11.403606120367172
9.393086897689138
7.586139599158632
3.902551768037499
1.3095545824090264
0.7038820689684222
0.500509152011765
-0.47815705048768486
-1.3527335619568461
-2.646892373407725
-5.974134452256982
-15.383734397345865
-17.00772903826209
-9.700398660755413
0.06405706446394657
0.7090602463675393
0.3165596451706985
0.11004571832180803
0.04833445889385776
-0.12194181820909933
-0.18536256492245037
-0.10659618957331526
0.03721045949438765
0.38837258891745235
0.28578386503567665
0.028724562313403836
-0.007053609218258466
4.460927073260685
8.645921531749323
11.057134038822479
10.041169449512735
8.938695620511263
5.613010971103961
2.585659594556789
1.3591351109813257
0.7342464336488415
0.11597808937909715
-0.3773365138145469
-0.26487662927409067
0.001875968215123609
-0.01220567227562988
-0.8877183932992596
-2.592603479450247
-6.311347253326811
-16.378797240770634
-18.239757564914132
-10.385800629453465
0.08276143322303212
0.645013209291236
0.37215246952409353
0.12907565498180323
0.12871410910935513
0.09726891094908029
0.15013276278001453
0.00829345809718746
0.0162912202192995
0.0676034639696339
0.07203132874363548
-0.04209983856555853
0.07626985941381687
0.2806535251528133
0.12140166414153118
-0.07397789980899801
1.8242177391025576
8.394484695171622
12.43508720986546
11.82373418623385
7.558121662520016
4.8045865749617995
2.035451215841052
0.5674447750010193
-0.035587114671367555
-0.447952997658324
-1.0331571265208292
-2.1307340047720293
-6.3994102052982385
-15.236570492512815
-16.750318819276124
-8.793643282957197
0.016296270170038048
0.5791258112226075
-0.09881366607644543
-0.1252569205863069
-0.004793817051120109
-0.051943267203560364
0.022759849529884028
-0.18847654994899238
-0.11646148740508583
-0.026267726993922113
0.325323565871201
0.4293277723476056
0.200658587288756
0.8784203065811829
4.187377236165366
9.529193655599665
11.085656950764553
9.571977727744601
6.622646276820307
4.8572107124194535
2.42564237856442
1.1229816987641665
0.57983072657948
0.3259033328787483
0.12070953959285434
0.20445156875275314
0.32668588599919096
0.08550536019808416
-0.697771001932633
-1.7556658220241148
-5.663789110583131
-14.3101722782621
-17.736090882125893
-10.998991215450589
-1.8255307312728974
0.5272722456058081
0.03838585745263616
0.13972293879078604
-0.007645457489895026
-0.1173731712726781
-0.03448902848411985
0.023842634314106263
0.06568930761839875
0.01726098096747797
0.046983245829482385
0.10283223993290348
0.03148671145705646
-0.04874692614943083
0.2022848813692804
0.04399570971362232
1.0610079366922012
8.010847493782418
13.056254269044507
12.290149040852507
7.904950590957644
5.663421703756486
3.0922175131652048
1.2606490972773672
1.2827423244843368
0.6415594201273742
0.09525145655439686
-0.16282980835010488
0.07165532002083673
0.15201508056946222
0.1920157431114509
-0.012946132722179616
-0.3863673214298322
-0.848878372192392
-2.066786799147844
-3.9846652940536904
-9.236712697601895
-17.348567094725038
-15.816742472404119
-6.858098725452374
0.7123927469286155
0.11581285606942114
0.2269248181734395
0.15785172735111297
0.04689844931688013
0.024352214620307133
-0.014127032902800296
-0.026337761987109104
0.08646216350886929
0.318392452857654
0.3079270506682842
0.42150932249105
0.19438443240370826
0.2724105546453617
1.7883015375423863
5.788962750144949
9.141605521005385
10.568029495243112
9.225134841189844
6.630223848293487
3.4219361398161765
1.713262811382649
1.001031708736623
0.673472405428974
0.26212198107605267
-0.008789753731003998
-0.13384045146227136
-1.1410866611271384
-2.5864242668489883
-4.7090382537552165
-11.92264228036725
-16.117889800530097
-12.606997803914426
-3.2726873553333866
0.10426992581213763
0.4413789587542994
-0.09412082860009907
0.05799544312723611
0.060758091159310565
0.05525724172869156
-0.012491874319565612
-0.07535272843106794
0.0008616929089371385
0.24571705508913366
0.2678490733753442
0.36743727672186693
0.11669152919714137
1.781498249040568
6.685540401521013
9.824658146303472
10.81708271342642
9.585049671277174
7.395434889097326
3.0176645305902077
1.1682046889065463
1.074606514375126
0.6769459395843133
0.07022318132582317
-0.07661444356330228
-0.18819980065478428
-0.9420333406698946
-3.0108803584393007
-7.033299433610418
-15.133742926434207
-17.05065100967146
-9.925142501838046
-0.7533162071106193
0.9087795979755364
0.08292652129132237
-0.004775151824797669
-0.20687585062920189
-0.13719790826026082
-0.010517097873223762
-0.047547773228065915
0.04124400845026582
0.2635197022920819
0.39195027949754074
0.14382529114270687
0.16693228037270405
0.313416387348694
0.13116380891281007
0.8425009860411801
7.400789676902142
10.805146884106689
11.113207355806255
7.531273649420142
6.366998607692824
2.9385378153445156
1.5416908528999096
0.9048096777864892
0.5125135707812813
0.31829939917743333
0.13375381396088312
0.0019056964933562544
-0.8503638478221193
-2.388425181731319
-6.9887897234596075
-15.167330095279755
-16.849903639743054
-8.886500966584935
-0.43675955520253257
0.46331391229614555
-0.34672178472331666
-0.15262974671903962
-0.08739790220118918
-0.1638267157701086
0.0810427657967275
0.07397538921474876
0.16717402726942043
0.10187559348901416
0.1525004989256264
0.2861643897684105
0.4518175565541351
0.23504765468285563
0.06916670363090684
1.6685790881534956
6.262037290650837
8.257451343415553
6.657780289338853
5.467634201586382
6.14472867561502
5.2276369407319185
2.854043996573037
1.892784440450469
1.1135204268403698
0.5266967351343663
-0.3761908303544184
-1.5931938044566247
-4.091141359213809
-7.4608743724590205
-14.881044268626395
-13.7958785563615
-6.335183367798051
1.4161490117625661
0.3261715816275897
-0.23541315174046346
-0.010644578728745394
-0.010387476290960707
-0.17184683524825395
-0.13967745879041374
0.058895464533867216
0.0908098080035494
0.0880033231950763
0.16966614317074252
0.3701038636512915
0.4130749827724166
0.5925285842597051
1.7939960944245272
4.959766147189411
8.62689349227397
9.606591202730936
8.415027709177687
6.534049624597003
4.869996749892224
2.673226164751071
1.3365853776487044
0.7251018547482503
0.44684531122162297
0.21604783473783923
0.0096224965610821
-0.2028475943980572
-1.201424601055245
-3.3599980618181724
-8.253265189272353
-15.947524366625654
-16.200194988402362
-7.9083186854294825
0.3114134956434492
0.7970779078486903
-0.05478692999922887
-0.1722361075470708
0.37817683892618215
0.8035866665636016
0.5385653687957151
-0.7749255855229509
-0.8279733791838696
-0.28992521443768665
0.24154303221779633
0.17990801232174672
0.22268980197667532
0.06233305921901849
0.0883700678057048
0.34288222827682274
0.1559899695442815
-0.2871985421964656
1.5701683392827015
8.606482769573885
10.713096771692078
8.752795905373134
6.096137694960821
6.198286783580386
3.7447748749452954
1.7977603653878704
1.5151752238304546
1.0068497198423683
0.6244114548729462
-0.5210377330253432
-1.467120105266128
-5.394589513632722
-12.706943646904612
-17.19311416146295
-11.101446635991492
-2.9205015833035515
0.31585222932226936
-0.43746171187556343
-0.06265813747566618
0.05253597926923592
0.0685077049061229
-0.012820086995184209
0.0692673221414644
0.12787241796461746
0.3124437163004094
0.15629167636126642
0.2071093356836237
-0.029514335670399613
0.12673090310455204
0.5353756016995317
1.280418855471795
2.4858597128203277
8.601674737321382
9.036250545495548
6.4470050504188325
2.6134249559249834
3.3934658880977024
1.4892034265588119
-1.0753278340398242
-2.183577320301355
-6.289296982446785
-10.532262283891145
-11.129160895994625
-5.174714561028574
-0.30521762885406034
0.4226459602569496
-0.07217556304669409
0.012755662014558388
0.09218099645598635
-0.153852684600281
-0.27216306593311546
-0.003991608396912775
0.15261013440267668
0.10577789952885383
0.1720477874560375
0.38314413342037135
0.3391677001059488
0.22395498196320804
0.19552782465484472
1.8264372623858947
4.7530131039607015
9.07810983901487
10.21104172840349
9.460302312637465
6.647158782829357
4.625201075981585
2.1934728010988804
1.1679035228387245
0.5360805556684138
0.22849742313137267
-0.059753713350975776
-0.20367222183695735
-0.838498963562616
-2.161442842241967
-4.01243170267512
-7.263882542699407
-15.559667225784933
-15.532734112455923
-7.68704522986309
0.9873181198399089
0.2676953275618717
-0.15500406504153352
-0.09355721314912854
0.03480053712556875
-0.11817180086965964
-0.3191184831943401
-0.09168655019935333
0.1265993554283058
0.38127100016074683
0.16165904619116958
0.2902092888633616
0.14199968540785612
0.37986592722754997
1.4722279943573222
9.76727439981733
11.773063426139968
10.008436901009466
5.660739221126063
6.438593163194392
3.3602663301999347
1.4313261264214465
0.9001583410148851
0.22476239664618258
0.10651227547397224
0.07548892492388977
0.3985652978662628
0.33699610818006237
0.3410233693625808
-0.03792194987995761
-0.4176455316314336
-1.9027347543033117
-3.7874499164009454
-8.126431470937032
-15.42343050171615
-15.68503728608055
-7.989690963610467
-0.15853907893718996
0.5050148183294121
0.38619759029110157
0.24732000841317697
-0.06528884271719211
-0.2173733927103589
-0.139720885531097
-0.1439179803175263
-0.06757940782802448
0.001852984803027599
0.1609404420615598
0.21503696798654195
0.575679143679025
0.3391902491241944
1.1916847413996912
3.6913038239210256
9.386428938566311
10.079953326574927
9.156616822100132
6.985021833984528
6.444611446547956
3.1473283848790166
1.3542761915178774
0.7021144964403113
0.2933878767413034
-0.021404165470245692
-0.08214704007497153
-0.869331160496552
-2.5663341047083756
-5.428463680128486
-12.328189257888784
-17.202523419633646
-12.92517654646154
-3.5162245081994388
0.6462862079371557
0.1476682714542141
-0.017782861427217442
0.10151649247694872
0.08958037854262992
-0.04176822523187436
-0.1869523825842548
-0.13444659994634386
0.08111903112570241
0.19304665126536086
0.08051384107104782
0.1777861100574237
0.27691967992983263
0.49351567294453497
0.48968154863446434
1.1733402559125845
10.037484672168246
12.101794870564447
11.043701364661217
6.177645068666647
7.046397902530442
2.660301115679122
0.9708835516882083
0.5890117961889476
0.5447804387960996
0.20485648512865845
-0.3663858116929006
-1.674836588928703
-4.02142597187985
-7.486809268379923
-11.717629360268022
-14.74946842718666
-10.65175183505779
-3.550404361418956
0.7719480130879871
0.10794687309093369
-0.15554093914130238
-0.10904651369873726
-0.23495850089630402
0.10040846563105389
0.11072676454303242
0.018993645989654234
-0.05478755164514112
0.19141017809953376
0.2736056533427714
-0.005646217851863937
1.0255620243380692
1.043373621460844
6.179175942950578
7.670430461145337
11.064076347872877
10.025930190828554
9.643188709897528
4.3626515133112145
2.2824569085603916
1.4976417750181628
0.8405896863373685
0.4961885848039065
0.4202677994651181
0.27277659923924163
0.21004685004240103
0.23576471467097412
0.13560247645159829
0.1287209779152294
0.10458174903366685
0.029608056469900296
0.08540069579103801
0.04546433583817047
-0.210033571967648
-0.38226032874670585
-0.7171224980995394
-0.8268375808146015
-0.9429085832077003
-1.3160500558609254
-2.839412045571358
-5.384992712663053
-9.96910012503258
-15.750009659058742
-13.819704233794106
-5.856334731121695
0.34368994733816005
0.12438702790115773
-0.14555908514626245
0.12198232315998384
0.09866438921497861
-0.07474636243907218
-0.03606557022906364
-0.0004983282500036218
0.18294432167345526
0.27731992727287486
0.2507968545392859
0.2739510599187416
0.20394377311191136
1.2827845978341659
7.548891187731802
11.807049740433861
12.504355868393233
8.81410283432673
6.120618284540826
2.454469913065082
1.0521231147023455
0.7148983600574794
0.16223924225299313
-0.14192799233911482
0.06368128521415357
0.18589199115379654
0.29710425742718893
0.16351223161135683
-0.012771013052355788
-0.055278602642493214
-0.13247695398132284
-0.7748998231041814
-2.3279324954220084
-4.171842784956493
-7.321017472638153
-15.304296323819104
-16.04071439913236
-8.747330996402054
0.20179797889269124
0.3563791216252092
-0.09085624654337879
-0.2398575604516778
0.010856272115656911
-0.03809883093619641
0.041559650678200735
-0.076741924624747
0.20363187783537506
0.13838722127847913
0.3530738419973313
0.19756775478602204
1.1906163601360433
4.591221391372376
9.172612867535928
11.951220007429635
11.023045702735194
7.658747227110578
3.7521614623223654
1.6991841875001255
0.9023324827140324
0.4499405003991231
0.0602204460014367
-0.01224606692856986
-0.15359469177338422
-0.6238222350786037
-1.3785143925287453
-3.2864911388480147
-6.773846312308453
-10.606322214492035
-14.792973543845681
-11.799875459006277
-5.156544938012407
0.5948513439430725
0.04551593824319498
0.021591242488060554
0.08298381987998406
0.22194134676449614
-0.030280458569526394
-0.07497267175924419
-0.03173087073737396
0.2606323197101245
0.3897123868162999
0.28821969083724464
0.5586881376797234
1.4067202498038607
10.043025434553893
11.58410109266401
10.574517342099442
5.670981736139271
6.458521027909506
2.742453513239949
1.4142608397703342
0.731467122909818
0.36225084672225466
0.103887134573896
-0.07673300355788051
-0.9195053642401368
-2.359289451443055
-6.795715610258168
-13.88950100597083
-16.5261477600429
-10.203755071068827
-1.9394102506333135
0.6774821751512097
-0.001954187813695385
-0.07083360084489197
0.10798142733805564
0.07373299044450872
-0.03693469662140148
-0.11583824677025607
-0.12533819385639042
-0.08151932474665512
0.19895802560318773
0.20778796925863072
0.3992703667078242
-0.06803647593273314
0.05885636056862266
0.9994545536587984
8.381898005404675
11.270945603315221
10.106956494574499
6.016416432761507
5.919197183398024
3.6545289793401494
1.460890125257058
0.5755236130263203
0.009482123237377255
-0.17261693079833812
-1.4031991750600434
-2.5560255043444613
-6.7019743842028126
-12.030447218833753
-14.901163263715668
-9.359446457433208
-2.4600607145429083
0.8070056145014549
0.22242971987933877
-0.17525230594158595
-0.004494789440700315
-0.007529831487019395
-0.02135101546808873
-0.11473493188134243
0.010707426089807388
0.23200653060703383
0.26115936044561205
0.2681801838535833
0.46592497835639735
1.2936406124003539
7.440678727579912
9.631653123502172
9.426529957715601
5.952640305546587
6.166071917339506
3.569652192525555
2.0386897080426296
0.8719164149087384
0.2749989310467341
-0.853611977040378
-2.927858187714676
-6.151101487276935
-11.882846707742448
-14.14635757108077
-10.058464148830728
-2.737269786092569
0.20168326456412514
0.3269323617078008
-0.0891997722840207
-0.18243308960567556
-0.2534747829966858
-0.0492682465704863
0.08270929805392331
0.29501929197787735
0.2910489611360075
0.3737054818693328
0.42506845855100134
0.18108227333761387
0.5493933353251002
1.8201194211597136
8.873046768648033
10.764042906626054
10.138817431114322
6.40930191230271
5.792494323568114
2.7450633897738035
1.4852687918445961
1.31106555816522
0.5942662031037885
0.3125535673703328
0.2160607883521804
0.2466496988997405
0.3506683646188646
0.177608699848243
-0.056955033312130386
-0.4429250800908587
-1.468924188255646
-3.5273353119122945
-8.460955286890407
-16.021031152503767
-15.854203423032686
-7.506125989289371
0.3485048076108758
0.7409742978283081
-0.15220491542604067
-0.0453767862227194
-0.009332306044151846
0.10746979107806448
-0.17364017691659026
-0.06652175392922964
-0.020565269584121557
0.010462220279278856
0.11487127674443669
0.5073964615724668
0.4807290245485007
0.5062105212710549
1.3944909373232166
5.460100508994209
9.206453386541233
9.73814419563057
7.47475161652565
5.45874075572968
4.101727763485757
2.5505089713662703
1.5517083158178628
0.6806814374100247
0.04715129482643789
-0.4948611135173923
-1.628470141649511
-4.981566312874007
-7.644016708703107
-14.416819684139861
-13.775486225340446
-7.777221513983818
0.7788743601263677
0.48498290167439273
-0.2093813103067923
-0.12973978685247706
-0.0897876334319522
0.009166549632915848
-0.04383393740261763
0.07031682863146348
0.06183987003083471
0.12615513462541225
0.20493583761302853
0.0781999657692764
0.5467039587087958
1.379717315718579
6.772009491368188
10.033466005761118
10.557100868788808
7.597450122239249
6.790994725682236
4.38214905971531
2.3355213403789294
1.2846806488580333
0.9593994421171849
0.5461216710930583
0.2317152881437766
0.15892287972132116
0.034823242281542856
-0.5618633350497602
-2.046195579923181
-4.181872639996001
-8.709507650967105
-16.012479928750093
-15.525974104585947
-7.356491720761605
0.04723252330315298
0.35104699646766646
-0.07393479330206616
0.04878966732021761
-0.09878214391877749
0.03475874164861458
-0.0994853313430758
-0.15330568422181248
-0.04414660911247663
0.04813642498163548
0.13418334631660322
0.42606791196501237
0.38906640490158195
0.10222528083323883
0.6363106827703622
1.4705910552825476
8.62446447721005
9.264477548388783
9.09429807132013
5.449800434697226
6.748477621039905
2.848292193954339
1.0436950424569462
-0.2687166920649939
-1.2590464974702202
-3.0831380949705234
-5.417446809670187
-10.759874851480998
-13.218287000591902
-9.857937211759838
-2.5951878796391865
0.29148343426611106
0.3648001813730203
-0.10573961238379195
-0.024801901095932395
0.09571099258935938
0.04893866107419208
-0.20244461870268737
-0.160783748828293
-0.054770029388825525
0.05857234098678412
0.06623424020897115
0.31015627005331536
0.3524392554907867
0.536712573937551
0.014079014449828143
0.8737771475154749
1.7647338911783461
6.179798445497171
9.149452178351568
9.046442809156686
5.8984282270424435
4.856727542260791
4.085335356937115
2.255366867769057
1.0158820467235963
0.47073646852788376
-0.2056389464319325
-1.0363146734834539
-3.6193610011452573
-8.926206190638581
-15.055760296760207
-12.847137271954166
-5.224514232072282
0.48178321645904054
0.19971662236544477
-0.04885865332872912
0.0003098569116253595
-0.0052723072067327684
-0.1619551582461223
-0.012998062777471434
0.0035974612516741188
0.11854783694799692
0.39289200444788874
0.6607678214519119
0.8119800035996149
2.041269840995182
4.348587821210173
8.578568384794519
10.224515540205074
8.719944589300074
5.519913417097653
3.8044101142363083
2.453810051702598
1.0710380788950733
0.48930568346680203
-0.051951297635689134
-0.5515491503040939
-1.7374106842615282
-3.0045247316184565
-8.34368878934766
-14.37731542049623
-14.627807172491394
-6.946470952052309
-0.7938471078595984
0.7953249488031924
0.20607431747883762
0.02794554530967968
0.032023424514722676
0.04280278530927898
-0.1505575341503442
-0.14825403209608182
-0.1200780628952256
-0.1089869479470422
0.1808185376889987
0.46003438024663507
0.4413203745956239
0.10575430959763785
0.42138423579415446
1.309491357130276
3.6639508629080817
7.364952921511075
8.325790212787666
7.491922676186904
5.360646942660757
4.677193992963053
2.9645838978462353
2.238816224244987
1.2892367103206075
0.7961622921806719
0.3074818798148479
-0.2051202096217658
-1.478317977524097
-2.965430823072006
-7.968251998505305
-14.056155771537753
-13.906691661471008
-6.1014312212879735
-0.11564656363778526
0.510317886390736
-0.087270008721721
-0.023654785709213866
-0.20167398777754914
-0.17317840455160188
0.011411167783507103
0.054191159917138965
0.061998762749702396
0.12295758545523353
0.2989874626827116
0.3641999200325759
0.2586474962225918
0.7025809688191795
3.355719288628768
8.770983955643796
11.83523064407924
10.906505533759985
7.314475538606236
4.9628006361343795
2.751964330300725
1.324683965140214
0.4261539875433471
0.23013744283829826
0.2949801593949824
0.38926281569600535
-0.11082402184192172
-1.4060490337435572
-3.7900878878620707
-6.300392305943961
-13.305403269622579
-15.714727781109007
-11.29264836158834
-2.315049846559893
0.1397144898490289
0.21713804498204958
-0.19046202065001322
-0.10086037692183959
0.0355513968539855
0.012675062788642073
-0.14226503749451305
-0.23911239974572915
0.027558412844032154
0.1784093887575159
0.3066100362557885
0.22062791155735156
0.22500406853333615
0.08444392037070299
1.0641387352659708
2.3464941042485874
3.760713971660715
6.619308985015419
6.873285069094883
5.886340009480613
3.6527662030266215
3.0219810513923093
0.3897606795158159
-2.8653068332778395
-7.844960146084744
-10.089695751739596
-8.899599491220538
-4.578268988923215
-1.6510181778369593
1.1102271974679483
