0.1095725256062431
0.4431386529346997
0.6309019106442503
0.7109640112374802
0.7386882070472409
0.7747525532338555
0.8203011148152841
0.8495029713025463
0.8542584950861338
0.8462071037768002
0.8253522177396577
0.7575929221996814
0.6038547488897459
0.3522804199355993
0.14972509341289944
0.06089200646814666
0.0666849257315604
0.06700915790323864
0.0663259548117001
0.06221477523521847
0.07071572268439494
0.07575462481442484
0.07914619166123255
0.08390347035642959
0.13923646236600434
0.24236317073648303
0.3921479302767582
0.5509608920544502
0.6711077880545762
0.7320199318180517
0.7543312430536826
0.7837787386816406
0.8121181827099777
0.833095766877261
0.8449390497132467
0.8564201293535119
0.8719102533516551
0.8813691734769495
0.8648090109867355
0.8134742264923212
0.6573630981674956
0.4091600793504762
0.16930146722479383
0.06740265571568808
0.0709268371648554
0.09551677499546497
0.09714513507592559
0.09502974504296728
0.10975992413851755
0.13887389342358392
0.17284331397507596
0.22633804328015117
0.33690962797903073
0.5039764665838387
0.6496166861516783
0.7340030171262875
0.7741046507086033
0.8072318710608422
0.8298955693174745
0.8445695808061287
0.8610490335540949
0.8718618541265533
0.8808713443618982
0.8765146675358961
0.8746529235599518
0.870850552558644
0.8418950719268539
0.7617527906832962
0.5823543823985305
0.32642745630341957
0.12565658709204064
0.06437146387649731
0.087320198300597
0.0953461544778811
0.09404156545256513
0.08297754141037897
0.08499215239932525
0.09190069553776474
0.11161926808370438
0.14069752433369617
0.209930266242466
0.35841233249481824
0.5326426696951352
0.6629041525035821
0.7249072790304583
0.7753938414593226
0.8056166976998835
0.8152896394525825
0.8261440389272396
0.8505754814872379
0.8713359713938117
0.8750873625771272
0.8712376594915414
0.8749879023716164
0.8680396976710427
0.8136681678746815
0.6689044730565394
0.4470960076273108
0.21237204947739935
0.07960226076216943
0.05943547546744699
0.09799366089627815
0.11359949352588668
0.10995454888291097
0.10269241266214227
0.12109786333361686
0.16366049064975388
0.2414725704564816
0.36648345535674864
0.5283339118345627
0.6580433259683451
0.7336730849842339
0.7764813528162477
0.8225400701694664
0.8572496242565605
0.8765350966147648
0.8842581451547039
0.8917581967392691
0.8986990464045244
0.9072424591924971
0.8766011484679828
0.7995913787811351
0.6328141552145781
0.3918789230673727
0.1639736693986509
0.07012752821987986
0.09183666615277172
0.12768772879139767
0.13417380443287888
0.11758446205408662
0.115838795360194
0.13561518551388324
0.16040814643174905
0.21683145733213463
0.34461532000567
0.5473439527174186
0.7183017515952478
0.8157701417348264
0.840445068957248
0.8585982600399671
0.8760461225204755
0.892317396252399
0.8982797091232807
0.9015636460966427
0.9056845930251046
0.9035623314879766
0.8930828852482563
0.8420132788709223
0.7336863913504172
0.509732046278436
0.2594235374649559
0.1027568349308999
0.06993018343195015
0.06739503382675789
0.054283952980682046
0.05576711002660159
0.06525696510259772
0.06645411228835932
0.07498474246241629
0.09506438960754975
0.17341616224714085
0.3026459162413164
0.48798922665291455
0.6453653117707929
0.7485384292914012
0.7956191104074801
0.8242893749885062
0.8432651867154426
0.8558008700056302
0.8629637166323615
0.8706417359089021
0.8786021597565797
0.8768264590843905
0.8133177312448231
0.6508350487857748
0.3864173812315268
0.1539299882390965
0.03582753679565426
0.016202414005553396
0.014212617830639342
0.021215214211089982
0.029128548424027487
0.02884076524038829
0.027737872020105914
0.03797556205986781
0.06233118707573529
0.09265510874222192
0.178822026227182
0.28032871486996225
0.42843716066590887
0.5727616291586437
0.7150361780831642
0.7961215352251109
0.8451863019478127
0.8741092275853173
0.8973532960544373
0.925849775346044
0.9323957142998287
0.9235546558324931
0.9172537904013442
0.9007643484461162
0.797066550213944
0.6279645272550481
0.39918961940221254
0.20330039080788803
0.08358852685485862
0.09009691559497264
0.1270637236938932
0.14796690535588086
0.15199990213720785
0.1891967808914134
0.24925677444112787
0.3334809290191979
0.41887177289543265
0.5591286354579287
0.6921261309348434
0.7913944647678162
0.8296433699527067
0.8600803250243693
0.8784065743492863
0.8973002448262237
0.9062524492517059
0.9103702539636965
0.9189601544660774
0.9186254184432514
0.8470186980842445
0.6699373911253459
0.40208908217545525
0.1665374566750069
0.05727339341769984
0.060225971944236095
0.07670178780620043
0.07225250311144174
0.06623885513819461
0.06657239286541662
0.06680330681001095
0.055385120430165524
0.09626119148567727
0.1962750625798398
0.36216726970045465
0.5578238237618706
0.7342783850120116
0.8341569406489481
0.8763550187481453
0.89968987961417
0.9208361386441495
0.9412785327172297
0.9492068637598461
0.9446778306824444
0.9405153474096879
0.937742815863849
0.8903325541706496
0.7650387923236064
0.5522932397275542
0.2884369693175769
0.11603770140101308
0.042800744124745986
0.03043223127061339
-0.0031640995922053343
0.007092277181932545
0.016139799233366767
0.024756999657428336
0.050917443206055284
0.06396224088818976
0.12468839938067375
0.2348079211871928
0.4232434296648632
0.593310408030985
0.7372799220999209
0.8114239951571117
0.8530078168098493
0.8735794202646415
0.8777101767526753
0.8875616602394851
0.9038071306643889
0.90304767975904
0.8729781046556763
0.7895966154667449
0.6072747585913334
0.3690548058517592
0.15907611772915015
0.04760975548304417
0.030611815973817923
0.0519078223897309
0.052864972715804044
0.04170038892289956
0.05550687233910155
0.08748036316060837
0.09766866173815007
0.1482124876218831
0.24801874353661757
0.3955408089636348
0.5448811373305598
0.6941375252314724
0.7971323518559443
0.845409872648559
0.8729211522592233
0.8849632434391359
0.8879052033207102
0.8798788549629303
0.8654339512230306
0.8595012279916929
0.8636925995995106
0.861963594796715
0.810141174021408
0.6592335857965281
0.3976813080734432
0.15002095328684187
0.03783494055889525
0.034956109571275845
0.042514955359318
0.046869234551887434
0.04707990345315101
0.056867362759760384
0.06251827726961007
0.07867718901012838
0.09755404815802354
0.2425830386639717
0.4666895002291047
0.6427049376573546
0.7066873134497504
0.7529204537139227
0.8047029592867372
0.8301433748984222
0.8401252696373834
0.838702486733467
0.8312897030587287
0.8343952359415925
0.831325238007948
0.7931895293242632
0.6486625703898197
0.4061555813960551
0.16150387579472733
0.05894138766093947
0.06241200641293751
0.08202253008111772
0.06753935257179591
0.05703800974922769
0.04664926071038877
0.05030594182858655
0.08112354103794608
0.12564147313197233
0.20743570039271464
0.34425459816060583
0.5193104481696568
0.648233453278704
0.7289962743464918
0.7810406697377431
0.8210776510905771
0.8448838648946011
0.860306785706479
0.8698184025639509
0.8732056721507048
0.8591285973822678
0.8210822714691514
0.7440631968487887
0.6155560365901204
0.4471679155773369
0.3139975671761197
0.2096318016565929
0.15814098061619
0.12303440119827838
0.11686610334206199
0.09956338086950753
0.09977329568211807
0.11210033135187236
0.1294163848889381
0.15901100796007295
0.20310141271145343
0.29796914287157417
0.4081978217964918
0.5431084932691832
0.6557115404804577
0.7537643693894911
0.7994658902777212
0.8364848748919478
0.8528274883712801
0.8605647853135366
0.8441561808324565
0.796338370659738
0.702444906430358
0.5524292228592855
0.3833718355853095
0.2439841877493178
0.19341379606474066
0.186812213438651
0.18006295095958347
0.149598288201094
0.12225885750926267
0.10963077631630172
0.10065386112777608
0.11798552828283304
0.1311919373179108
0.14771747345242991
0.18597420754813623
0.28692443711864346
0.4178823244532962
0.5452803858764421
0.6510029221274034
0.7275524654792056
0.7769392395802582
0.7998319567145916
0.8060624671691893
0.7935344483205891
0.7604992438513525
0.70554456597351
0.6179558104545531
0.45734417938792116
0.30974531262018246
0.2348573248803809
0.230648479385607
0.20196384788012672
0.167880806986275
0.14018995264551276
0.13432931517368818
0.1468052752714657
0.1696760542225535
0.17581583848563073
0.18284115117013622
0.20877668701995739
0.29769264451868516
0.40840686646913016
0.5642753972580528
0.7088515791614469
0.8128602090498154
0.8550032884424488
0.8767526847574758
0.8892762607022685
0.8808714892101223
0.8596135296360351
0.8140303742515004
0.7180387782491312
0.5584321723647244
0.3519979226654712
0.18047638012291983
0.12131394077141705
0.1381446114545015
0.14391561010860154
0.11647316047419695
0.0968216208748375
0.08920966735194297
0.09755522005274211
0.11542006494838157
0.11013676230485862
0.14501953411193713
0.20458969927614928
0.3413560681230178
0.5002009347931026
0.6699843133570901
0.7635164338667144
0.820819345181556
0.8534864458341571
0.8658491305467916
0.858292715827909
0.8295320274443748
0.7725245302539463
0.6740435021371318
0.52472715527701
0.3504441767481357
0.23354152206940912
0.18512677654657259
0.16983491356591618
0.1509525394100556
0.145968999047268
0.144487873747713
0.13744858100891758
0.13357185341573657
0.13704615991619246
0.13861079346524108
0.16084565717226365
0.18844376043853478
0.26834587741535715
0.38333326961122516
0.5294165310190138
0.6324242963867416
0.7116593606605239
0.7622590467035315
0.7960962407284423
0.817711986665563
0.8177826448318612
0.780990398232569
0.6755140201976373
0.5059834306161819
0.3362138791430469
0.22295124454832393
0.18015575501185888
0.16774273205074564
0.16106217675296658
0.14684342427148275
0.13522288047211373
0.1309565988575191
0.1253115299703107
0.12399686519229823
0.15539463485653376
0.20659774807628584
0.2733439585783074
0.37574823253862366
0.5444332631588222
0.7086323710743876
0.8115796968982019
0.863592401515342
0.8973683988247787
0.9179410461321444
0.9194483601571357
0.8876230597068969
0.7791982807473112
0.5833967409044903
0.37526350313382945
0.22490830251588204
0.1734019892516621
0.16299275553947007
0.16004620346358553
0.13464630980609077
0.11274030670498324
0.09761840458614948
0.09647537375131304
0.10737959008679279
0.11636752541776749
0.15363407043711735
0.2044296250575312
0.3005234317918351
0.44938855041423675
0.5980953597872615
0.6885766406449298
0.7395986348785595
0.7947806681196067
0.8263645127819396
0.8498837621955767
0.8639692995807395
0.8452972861838981
0.7968969206468587
0.7136545976239803
0.5842132651622534
0.40511911456360455
0.26164087061640917
0.19566322964379473
0.178169184261714
0.16481915137019876
0.1511888871961397
0.14790545921695042
0.14513284677993163
0.14512783657786846
0.14338093819682224
0.14466747761338047
0.15895449205472414
0.18337741064470123
0.24808152217456483
0.3640891327231103
0.5168192451328504
0.6514892356654838
0.753979774788333
0.8152712868435957
0.8518417048108575
0.8667156913202777
0.8747898129204252
0.8487219915827839
0.762300129344452
0.6186944627050757
0.4328877459429817
0.27826545416975745
0.1858855120077969
0.16418237421924933
0.15401399692078444
0.15055721722636717
0.15409451147586756
0.16075223383622378
0.16650881666692546
0.1718850766970833
0.1780454059645422
0.1902943748023952
0.22816511986558663
0.30369427046856723
0.4254297117899543
0.5529274262177015
0.6563632998476311
0.7178609645027914
0.7669644137512904
0.8050826011290411
0.833349446344867
0.8248057092231031
0.7679318146217005
0.6237763621229501
0.43730980292865795
0.28081895579856114
0.20756376248019925
0.17375683930011437
0.15235371210690107
0.14144492384455548
0.1432491047429571
0.14208223600864428
0.14049548579926546
0.156380286713919
0.18689215078343144
0.22481512343400406
0.2888085233102127
0.41212562160470495
0.5570291897393427
0.6695529280827855
0.7360112815471913
0.7825374401647974
0.8223779505136991
0.8441455568900471
0.8206573431138724
0.7417276456427117
0.6044545820464842
0.43046108717127524
0.2970555293037425
0.23804263929135916
0.21962573695323243
0.19319871504671757
0.16875670556163955
0.15789767644485483
0.15380071536372653
0.15329284287918596
0.1611041828577298
0.17714433645395694
0.19437084472875474
0.23319130957714088
0.32305584008677635
0.44241355144873995
0.549974290918038
0.6308044791953389
0.6896450169681473
0.7335320312866487
0.764765717838645
0.782537739185567
0.7898828026431229
0.768755337164294
0.690213535362898
0.5823446520621862
0.49727971683272
0.3822723167516541
0.2694737264557946
0.18559738016471894
0.17006437669156746
0.1723019928377623
0.19059181902046887
0.20569340500755942
0.19832791076580952
0.1943565699773994
0.1845191436466212
0.18426569809753843
0.19346665501646268
0.2488551615819085
0.3234571564877238
0.40576078026937334
0.46403779642469345
0.4984870387383306
0.49761524264889245
0.48402857262893706
0.4291213023988023
0.3442340447271921
0.2693764113101759
0.25016123411183466
0.21604468813665567
0.183596234992506
0.16682405137428602
0.17988614051392007
0.17349149559547727
0.16505925063926347
0.18280595099994806
0.18736020293259692
0.1912265512471569
0.1959847161158931
0.2234076552849838
0.2268705219324596
0.22740489588981175
0.2815628868706796
0.3717884162050821
0.45513941422265514
0.504035800555726
0.5412451684102786
0.547045189267332
0.5227762735733228
0.49277414170250133
0.43272642764787983
0.35810786939362127
0.28314127044740817
0.24449930986081397
0.21770575747997709
0.2002139012885341
0.18711189932072753
0.18862695631236692
0.19415940006746904
0.19447229925211038
0.19632745602776427
0.22312581448855984
0.29975188892239835
0.4065374145473649
0.5109748467788958
0.5983869501568985
0.6618886261523281
0.7088444414065671
0.7272906403620379
0.682484627149305
0.5432663511638697
0.3789028539339571
0.2669535767996606
0.20881290878540693
0.1700392046608153
0.14353429421652592
0.13278767529764365
0.12814907646766877
0.1251796269532231
0.12225506528133058
0.12811443958657903
0.14048926170534132
0.15089090060521734
0.16752465591176047
0.21691825674265136
0.2732651829985953
0.3313090866518895
0.3995112553268414
0.5063761905774922
0.590342638962734
0.6603370902784493
0.703790727117719
0.7242026530569052
0.6446494189352733
0.5109113102449347
0.3280289779386788
0.19688507135385866
0.12733644332018343
0.12369047447740937
0.12071973091942162
0.11335180963052144
0.11427953205646733
0.11544822274602629
0.12257565102807284
0.13421272419973906
0.16599408554924008
0.21494082900064815
0.27523877059457313
0.35254325329724245
0.457997111221442
0.575657027401321
0.6642139996298515
0.7175407352558303
0.7587058641696196
0.800679591280157
0.8097178356878796
0.7481460975391208
0.5941078509757831
0.37066058409086944
0.18534728140629775
0.09975419792533455
0.10120102482333823
0.1272739119575208
0.14612725968514623
0.14622331731307242
0.13748020817544782
0.13977176311129696
0.15175427259339885
0.16053130290645884
0.1899035283950546
0.2119788848719163
0.2981835678026892
0.45184178019497845
0.6473078860507226
0.7759239103481139
0.8478737143024575
0.8778274601955585
0.8984076018753977
0.9188175519296904
0.938355075373758
0.9226513551955537
0.8223915138875256
0.6314459872620279
0.4165674123564536
0.23810674825369676
0.1646803743849916
0.1634622752850797
0.18446855561460793
0.18051696052618388
0.19015305918900366
0.19804253614549874
0.2020617951545221
0.19509396646658433
0.20543213782057856
0.2656377113761301
0.3956430615669927
0.5669884118466282
0.72403814985085
0.824833022006231
0.867751377924252
0.8903245242661577
0.9092692528251018
0.9175298521566355
0.874643005314323
0.7903321398967187
0.617936774147523
0.38822522368500667
0.19081087927615786
0.11335847530643293
0.10891742363755746
0.11077306179915028
0.11819890664412433
0.11524584180703358
0.12162119819782845
0.11959159780531223
0.12012495417861964
0.12159413902241598
0.14287446971174156
0.17848474667883488
0.21210599224239352
0.31751408282202165
0.4860173343925148
0.690807924952739
0.8042420487058579
0.8636655167613863
0.8832126703259437
0.9134677471863661
0.9330172252123932
0.9211366141328425
0.8559965808292369
0.6717804575774435
0.467161574374924
0.2756327153424888
0.19078227921293975
0.1619255571005501
0.192510929567561
0.18693621012237419
0.17675299994018584
0.18063978144522924
0.1972429923371425
0.19766726991441544
0.19068031904223148
0.20109230370639342
0.2636639870554074
0.40502253496465546
0.5908843723967188
0.7897985487087317
0.8865012435424031
0.9019506344642962
0.8849757484214615
0.8873811968037105
0.8123701353156418
0.6195828174708911
0.3874212607056513
0.22122964801282907
0.15546762651006407
0.1553254791003412
0.17725977593570308
0.18210494580631859
0.15661063194069874
0.14848411952284546
0.16664055214559842
0.18871216610211525
0.22681635896034927
0.24837362379433775
0.30377888642749745
0.4414461733609276
0.6463795020230412
0.8102758812184141
0.8898497239508217
0.9189909582845273
0.8910573664681013
0.7963649348868224
0.6337413682085574
0.40886415652024394
0.24467396341580389
0.14871271052468304
0.142421923036454
0.13494751356529086
0.15098341154798192
0.1474977575429214
0.1428729408938308
0.14396594722556794
0.1464517672982244
0.15275549088279347
0.16924480959690957
0.2064965019226304
0.23060251076699514
0.28101175382794213
0.3701826932417734
0.4810329378939028
0.5900089070039769
0.6942282597543341
0.7552158937914197
0.7385791250906425
0.6235043781125642
0.4929417359927437
0.308677676694078
0.2021880233572411
0.15259726673121557
0.1838587968221414
0.16927735504226293
0.1755049357023955
0.18725770111397838
0.19170339570066386
0.18169086577803492
0.17333825716533655
0.19885724183844394
0.1980295884324801
0.23423681150170222
0.33496897187716523
0.49833843843445913
0.6306227049850714
0.7451898120293434
0.830251924727062
0.8642411120761861
0.8705177526808392
0.8404841205780178
0.7263022436277168
0.5395509432132376
0.32505885922008754
0.17405089361867848
0.13090972572103016
0.15461845650226547
0.15606880699344494
0.1360318541264034
0.1400496303223284
0.1563199146113645
0.16739519459997815
0.18574821237973177
0.20465820185278719
0.2545966660452894
0.33276692257803087
0.44066410141098156
0.5611326351523651
0.6926059413442829
0.7778101527587298
0.8141550098186892
0.8415489182677376
0.8796440936748258
0.9151793583702547
0.9311932476514011
0.921301747810341
0.8430586669167599
0.6973065387673039
0.4671215338547522
0.2770977971714913
0.17854454534038633
0.18012431740354015
0.17198155441709903
0.17100660692483105
0.17826644024330382
0.20040963273652362
0.20715499346191507
0.22660311425408702
0.30846973182594395
0.4480740369239287
0.5885807130406815
0.684551328214255
0.7411899975686083
0.7508490070078542
0.6934947059306316
0.5889620653013599
0.45728380064803165
0.3217920735583705
0.22312324688015933
0.18199290542423974
0.18126183631527862
0.16270036671870292
0.15924992804331872
0.1764201264082887
0.18973218343127046
0.19549151611940235
0.2023263431977914
0.2225429864488118
0.27370220593028766
0.38992644293917555
0.5059593390790029
0.6086620962432567
0.7123614753272489
0.7893005349306184
0.7345608570783126
0.5795495100232773
0.37359321352831326
0.20479602975064967
0.11110978373553673
0.1037263967780059
0.11696834706797397
0.10630250986788871
0.09150398174527907
0.09453333943976247
0.1068945106181542
0.12026188566369572
0.15208679877783787
0.18642906664206768
0.22794756124806465
0.3169400986616455
0.4559701559667031
0.6102350880825772
0.7323384807990168
0.8011635972516181
0.796742498373489
0.7267265884561612
0.5836184548384048
0.3877151090056141
0.21661357564828224
0.14459228964888327
0.1663948161582502
0.18666640066129642
0.1657168199137699
0.13238248632455935
0.11895523942282547
0.11290835164626385
0.13391712190797284
0.1584695510857978
0.23907579810024493
0.3742098928743589
0.5369677757585118
0.6786920179527838
0.7823112167003581
0.8422802506243635
0.8525386583185014
0.8546189062831142
0.8438708876565939
0.7880397182972443
0.6611978456018941
0.451614192600868
0.23889443876828925
0.10495622202516253
0.07811005537687618
0.08565854841179282
0.08472801505565955
0.07705481726525776
0.05959174987459302
0.04199053174459391
0.04573202867322121
0.06698253159803254
0.10340308608770882
0.14147984187041396
0.21120760797553145
0.3496426734466913
0.5390044320404256
0.703029660463997
0.8014303312015066
0.8657952343225765
0.8944467467719636
0.8992847991535893
0.8450687703065025
0.7107460843035847
0.4978798560862125
0.29914515089456356
0.2017388128860279
0.19004383699848354
0.17960657198839272
0.1665656636886063
0.1492041213809597
0.15017480389892018
0.1552483428611647
0.18056513289604287
0.21903855409722753
0.31846568423260124
0.46857458760837595
0.5941009099958936
0.6794733758754349
0.7618734816864892
0.8450980821191635
0.9119632314131392
0.9638150957995344
0.9866107437286349
0.9612199463696514
0.8489772848611954
0.6839605145263428
0.5068182345183897
0.32581828857848383
0.2283949619641971
0.20122220280667535
0.2171604345337919
0.19424677042897123
0.18670600834673845
0.19681833475776775
0.21762237323679004
0.2648309751913466
0.3315551284408572
0.41387214593547134
0.5025315707053564
0.6191132148108853
0.7787218878234705
0.8906607682205353
0.9352188939862904
0.9464805360234844
0.9420903810244986
0.8903558079839567
0.7875501814193675
0.6327158317969948
0.42014793287128754
0.23606974378748866
0.14141338876005932
0.12418961384445987
0.13033771975965827
0.13623497068695045
0.1303406757452511
0.12063606873170385
0.14223336659182473
0.15150680577630649
0.1514033322323693
0.22488885243745987
0.41188858246492666
0.6093932407328206
0.7669116611715242
0.8811262800830822
0.9514361290010358
0.9821411637442115
0.9963747438783106
0.9395637331888221
0.8280592019012869
0.6575465326953561
0.4582093374666932
0.26731237963899024
0.18107474767115694
0.17409942700635878
0.19221455428419146
0.1823676656603161
0.17277578492870238
0.18927601870210886
0.2236488601154013
0.2257561816493847
0.2078495537757736
0.23119909836437327
0.35201761780385626
0.5003046388804495
0.6126969814303085
0.706066577945266
0.7974660585955935
0.8468538968613258
0.8536231113643615
0.865219259704801
0.8981475888084566
0.9431476819255987
0.9805112171524125
0.9867138271398391
0.8739972401338316
0.6917653473253083
0.5110464112253894
0.3933592673479344
0.28404907703641646
0.23650095060627452
0.2378403133693706
0.2559222266350352
0.26485823721022883
0.2697863791594479
0.32978977899336465
0.4032442008944913
0.498457681273052
0.5915197706039285
0.7329256335860387
0.8569173835593666
0.937609432269194
0.9101709738182133
0.7962346646205329
0.6290540178425761
0.44643867536552345
0.30050695076800704
0.21835986435322377
0.18841384161035293
0.16242985543609548
0.148077221632493
0.14076254880697037
0.14286276273350382
0.1402931775287259
0.13011540668161473
0.13005295528679772
0.12831442487632916
0.16373458691551263
0.30741963633947234
0.4534837891581932
0.559796423978012
0.6327839121195602
0.7513156575786732
0.8347791472727805
0.886627337969878
0.9073534264662197
0.9176914823549284
0.915970533087487
0.8368699264431962
0.6767119738897598
0.4416814288845607
0.301954993972802
0.2119313768460741
0.18343613943927162
0.15247421110123782
0.16825217407169257
0.15031272424868855
0.1634013953848956
0.1743638982128447
0.17023792547620625
0.18715823599954806
0.3076418964993085
0.4391585689086952
0.5580056679164036
0.6695508343901128
0.7701310692881189
0.8187683561220962
0.8300863054720651
0.8178409548112153
0.7714892902572243
0.6728140004687395
0.5222435811436852
0.38057119306387843
0.24145516833311145
0.14980956428396883
0.11549954566591336
0.13620285799796156
0.13688791739607595
0.13678863661554197
0.13326771638584256
0.13219575346424453
0.1389624513142085
0.1683440937267887
0.26323284781339484
0.40679142024398096
0.5811487903164362
0.7187624664618691
0.8240938798059365
0.8753312399078493
0.9083836589998447
0.9243254984270475
0.9206886411003306
0.8880591093961019
0.7774680137893787
0.6148714491233025
0.4307073186204534
0.29706485166162255
0.2066457360372892
0.18620203341241284
0.19875104676157543
0.23215825081579433
0.23781074302956734
0.22692134692670335
0.22117988359027696
0.23913729403825712
0.2434103185202233
0.23573916885021134
0.257943927063811
0.35949253554389055
0.47645060698164526
0.5711052632538989
0.6737369058605355
0.7816974993423664
0.8458152053867082
0.8511319284423232
0.8356024168296246
0.7239700948547458
0.5442061271003206
0.36341844845037763
0.2653836913674279
0.23297404146070042
0.22394106143516995
0.2021098433113847
0.1775286811315579
0.1800202987708645
0.19080656302720733
0.19446532398859195
0.23206839873168728
0.30464013306572213
0.41222596851776316
0.5252479553717849
0.6633445248687146
0.781704421133176
0.8644243980988053
0.8980461511114697
0.881917436895127
0.8197163610112899
0.6998315593109028
0.5559871621089179
0.4070904145746783
0.29911255855754293
0.23627227386075353
0.2233544065582556
0.2457985575164287
0.27541083167139047
0.31753972783292805
0.3848485083962536
0.47891029298915444
0.5541060220909548
0.6176792851523054
0.691510767246595
0.7669278254654956
0.7830178825333766
0.7242948449474496
0.6175248122765193
0.4861712012760597
0.3448784516115019
0.22602959175619428
0.14610135264169244
0.11826854142330336
0.10897582219922619
0.10726179497945745
0.10859866248279365
0.10188938771395788
0.09905742922015658
0.10646821268750567
0.13154185106120503
0.171416313049575
0.2761862108580108
0.4144620591421514
0.5380849245079402
0.6396760760991449
0.7286928879576635
0.7756606884524985
0.7701993811707083
0.7026186415831065
0.5901584312554082
0.4296014128628927
0.28261080427141494
0.18330032613383967
0.14775956139079705
0.12810190310901337
0.130492366187984
0.1290371128689999
0.11952052151321316
0.11254192249487785
0.11441210045710316
0.10868267647010052
0.1048543337327448
0.1498090289735459
0.24720334367115343
0.3664271080017143
0.4802087092564279
0.5767837485297458
0.6512219979830758
0.6343210185457029
0.5685076937601771
0.41995327706774543
0.27585768316923354
0.1539170134633786
0.1251870861194029
0.11950324144704585
0.13138239508620447
0.12889520389773615
0.12144826805842591
0.11963518520024148
0.13221719529368453
0.13334304500223648
0.12523222044764343
0.12837020499149893
0.17034889203626097
0.2671110306757582
0.39094604375041375
0.5022280108310403
0.5559052419986439
0.5564274928665878
0.47508365663608637
0.33985772656099406
0.19558103025123094
0.1282688142667278
0.11126668105804355
0.12846097969725803
0.1273356420751395
0.12785536095002645
0.12801723347354693
0.1306573284836965
0.12378457937598551
0.12710786012937458
0.15253403284152373
0.2611127875624244
0.40247721378237017
0.5492877878110777
0.6181354093154923
0.626481164686759
0.5425907233183197
0.3903438207442016
0.26190711620848783
0.17667494315248172
0.15306076994073092
0.12064873786146449
0.13658625131622654
0.1454936899607328
0.1548749206173964
0.1391439850117253
0.13774626890319724
0.1458327431829683
0.1726856424953061
0.20703345853949867
0.27777355317428126
0.3802122430618211
0.47987592369100696
0.537189139868516
0.5480287962404838
0.5112363913203375
0.4329317620807581
0.3387779459305574
0.23707589609810337
0.15496905351755869
0.11026746670233947
0.10214498704186649
0.11985798128000445
0.13994118564838998
0.14546103636414479
0.1698730154477744
0.20775388750554544
0.26169534327333455
0.3075155509648537
0.3806815234512576
0.451404681764241
0.487796213707442
0.47204103636687644
0.40051056508834654
0.3152177066921686
0.21426851151418133
0.13931172817619344
0.0981087160238743
0.10072057881694295
0.1102167550877267
0.12486761393999858
0.13749932250380847
0.13613670049777987
0.14280774995178497
0.17417830579391896
0.2534766156575074
0.35830573245101827
0.4198968065106242
0.35557200495394026
0.23643603857034595
0.137918423428068
0.09190933926110993
0.07246810210935559
0.06999543406441228
0.059264945311089404
0.0530014478618242
0.056276946479246005
0.06328696095321544
0.05853936294011011
0.06489452865216797
0.08749155827086201
0.1267756875829923
0.15698215266175772
0.19491907553989993
0.29612965496132265
0.4268596095846855
0.5321588360649627
0.5575078249568545
0.5144710811462913
0.4169118627231274
0.2854561133654461
0.18814345410956243
0.15524059311406246
0.17537396912420566
0.18293978975821945
0.18257671294594108
0.17604019639504426
0.17423174450286782
0.17575505950928827
0.16989760223192155
0.16474352050147123
0.17388958487718062
0.1987273173463158
0.22743402845140523
0.2766394359796429
0.33595771614949543
0.41555011423252597
0.4775275488616521
0.4880353910436154
0.4069174762007804
0.297830990040825
0.19963757387733766
0.1488529055584191
0.11590980274118773
0.0917179529398091
0.08366188442594821
0.08698977658365206
0.09776559084166772
0.10013360158017522
0.1112356049373736
0.1253512794693772
0.1505973977583094
0.16407637973235142
0.21033352185307821
0.28861600164629564
0.3852379421910398
0.4429908005459847
0.456205836211776
0.3860509538600805
0.29791078410978805
0.2140275641320981
0.17513464302376286
0.14982306887952634
0.15460156785247325
0.15339500426192193
0.14083483907153427
0.12354883975125211
0.1187798812289446
0.12255488923282425
0.13406360023859754
0.15890805117917106
0.1781339855825982
0.19574685980279394
0.2477119573908868
0.35036285496146696
0.45784375394453664
0.5500935672224274
0.6095413452814022
0.6432536132782573
0.6592241938199881
0.6457791598534264
0.588649175470418
0.4534133256074591
0.30162050188626177
0.1603518120139618
0.12365875541267987
0.11418112456556069
0.14199994712791414
0.1336369783764132
0.1457929119560637
0.1470885485863517
0.16184940313377413
0.15444359113676875
0.1668567906535039
0.2144910894966611
0.29714136594130025
0.38230364841220454
0.4750236354720389
0.5327458149802651
0.5310037195227748
0.4701078995062583
0.367660682320595
0.27073423102694133
0.19481812812969437
0.16281595625123416
0.13982284994687466
0.14510345549667
0.14340445343936395
0.14914849439457928
0.15358294310624945
0.16637530625176616
0.17218538406779998
0.18462451976683117
0.2155129372588675
0.24139800952420412
0.27517179686710047
0.31772548448344073
0.39401055296588605
0.461676450147081
0.4945589174065907
0.4685386241189653
0.3829232084163152
0.26449968567003934
0.16866015979814195
0.1509535571294946
0.1559224162024592
0.1462641795839978
0.13228752966669016
0.13546138702059368
0.13617018063615693
0.14286739467190207
0.14822445978478596
0.16511416077430102
0.1923086080311595
0.2388642145157323
0.2653806104501143
0.3027976357258838
0.3550431216047994
0.4134844955215249
0.4202020742782443
0.37213378389233176
0.3084172927233402
0.26146805139436263
0.22008046938723963
0.1853069125134331
0.18288967338024692
0.18600913158628452
0.17117471162164016
0.1458842398746812
0.1473630806546302
0.14932401699851586
0.14769584316970408
0.14212286448292527
0.1508329690679292
0.1787481335747556
0.22379412961410708
0.2706876501815717
0.3240306393319365
0.3767981063028898
0.4095363459065982
0.4118187269190047
0.40647160820947503
0.38414375936432693
0.3479754413441664
0.31160461012991897
0.27835142760989817
0.24313455672880951
0.21059930246045222
0.19281578159597834
0.19134447003163269
0.20609338344682468
0.2161586269445447
0.22712352623587917
0.2390990827183912
0.2410796407194919
0.2611659592005191
0.3032230737993801
0.35582959750099374
0.4048487309218538
0.4405106876873205
0.42231794790470106
0.36814381617503844
0.3099005925362308
0.26147590086449396
0.22079601577427221
0.2017870815869552
0.20567266605534174
0.2253182840141156
0.24065905572677607
0.24538990946270392
0.241549672267622
0.24588761187461292
0.22984343651990957
0.21867156404021812
0.20782778772115262
0.20998990367527767
0.2231227221244239
0.26631273383987275
0.31800065324017357
0.3397738622268738
0.31538417836563243
0.2743902841451872
0.211737765492929
0.1811652015394804
0.17864497106196636
0.2029888780227651
0.20464272686766513
0.19656871373782636
0.1992835913982477
0.20207344077399703
0.19483415379411279
0.18055931094060218
0.1842943910466891
0.21094726634295186
0.2528238350160672
0.3062699726850757
0.3740544674972168
0.43117322928035706
0.4336041525424726
0.36047047941278965
0.2647969462166124
0.1831388958400431
0.1649047909160783
0.16987437227386717
0.18075465750610872
0.16266777447266645
0.15091760804329374
0.13190330339445966
0.1254830299835755
0.12871198779917253
0.13916129558547485
0.1423630700290812
0.13821304025028947
0.16196457775219994
0.21155061600902725
0.2692000606382233
0.32344940476396566
0.3999241238923592
0.4536367106888419
0.43412645253855575
0.3412953152360847
0.221838377880532
0.13879061451309127
0.09363962075531437
0.08840886304085288
0.09635530352776366
0.11343677998095958
0.1156610345319744
0.1096139739081358
0.10874449101689344
0.10266816969508004
0.11189755761387422
0.12199573629847589
0.15996056987342544
0.2216789986618788
0.31472228371100885
0.42153068058914545
0.49312147283381924
0.47958358751505564
0.3775263240410518
0.25478293522601236
0.14660890267682128
0.0865525212079783
0.06627764173666546
0.06385627864797655
0.05578724788519381
0.05330848822198433
0.05657387476262436
0.06296219213116137
0.06599470726647438
0.074905040703095
0.07347474335882043
0.08055514060099851
0.1030519082130429
0.15209250165056623
0.20678647859328628
0.2681941744255499
0.3172238144033551
0.32073137462649676
0.2922212867301948
0.21973459094382689
0.1461064258819821
0.09299381813529765
0.08514204448020965
0.07488457900514792
0.06193257401419355
0.05904747812235425
0.06328624131111318
0.06996056351034156
0.06321665479322697
0.05933133142986259
0.06780443623290325
0.10744220183393201
0.16502324996677964
0.23004184805525413
0.26951522194460964
0.28271765441956953
0.26063317455794066
0.20304976867127322
0.12808826292091138
0.08149286711993264
0.06160562256367484
0.0536778604410983
0.04893441052547493
0.05459236730484697
0.05967387854607747
0.06987670123034287
0.06150016332376877
0.05729418124300033
0.07740327619976337
0.12845249006368548
0.19561792874767142
0.24985438718257744
0.2677366949956282
0.23163720556542228
0.16186938649486143
0.09348612891300732
0.051966935900767744
0.03719983632255286
0.031172650764114518
0.02814707904891626
0.026629748251073466
0.020669222837909167
0.028881839137736058
0.03555766810877481
0.037170725944851185
0.040424491575291335
0.09409797337083373
0.1658873618663861
0.26866762161612295
0.4455611271516594
0.6546774333686819
0.7485089408271888
0.6726960582970307
0.4906995657454164
0.32588097956082085
0.21785347044306985
0.17021028658854864
0.12915906444576314
0.1204828502058792
0.12022658896484639
0.12774050056934685
0.13024210031438038
0.14664351401753872
0.15987275229927272
0.193168735966516
0.23801403549816275
0.2829584465381372
0.377424730806314
0.5203730594353162
0.6619407066198164
0.7550175676593216
0.8087599857584082
0.8020483091384714
0.6995317104534837
0.5022396809552316
0.27607381136783105
0.135766131209541
0.09354066068277654
0.0908812584678114
0.103833925137361
0.11266855404142374
0.114458152688378
0.1155688615156077
0.1281749743165058
0.1287700660902733
0.14998143971808017
0.18247805987618682
0.238716878603436
0.32679236185916116
0.45110787538041625
0.5766701046581797
0.6736363702655461
0.7346405112758481
0.734252177449239
0.6614479569260976
0.547424095696542
0.39034420966535976
0.24564407251127007
0.15483047622124216
0.13958024592828872
0.14811293540656267
0.15969583919692598
0.1724929025143135
0.1619590638670428
0.14692194449226204
0.1548773091285472
0.19324395810650202
0.26395357551935783
0.36154874290688066
0.483339472301326
0.5825237315042596
