0.5292307692307732
0.2965517241379334
0.7166666666666726
0.3319298245614071
0.07938461538461562
0.26237288135593456
0.48679245283019384
0.0
0.13650793650793996
0.40654545454545515
0.19737704918033155
0.33192982456140413
0.10750000000000184
0.2965517241379334
0.6192000000000082
0.16645161290322463
0.5733333333333435
0.3685714285714312
0.8226086956521714
0.48679245283019384
0.48679245283019384
0.4459259259259331
0.331929824561408
0.3685714285714312
1.0
0.19737704918033155
0.2623728813559328
0.16645161290323113
0.19737704918032487
0.22933333333333555
