0.18336162988115556
0.14802631578947523
0.1833616298811561
0.14802631578947523
0.22105263157894792
0.35087719298246034
0.26134301270417576
0.26134301270417576
0.22105263157894894
0.35087719298245773
0.4008097165991919
0.5131578947368469
0.14802631578947523
0.30451127819549034
0.2613430127041737
0.45473684210526766
0.8052631578947376
0.26134301270417815
0.5766590389016066
0.18336162988115415
0.30451127819549034
0.35087719298246034
0.22105263157894894
0.4547368421052617
0.14802631578947523
0.5766590389016066
0.22105263157894894
0.45473684210526766
0.22105263157894894
0.3508771929824552
0.26134301270417815
0.3045112781954857
0.35087719298246034
1.0
0.304511278195495
0.14802631578947162
0.45473684210527365
0.22105263157894894
0.5766590389016066
0.4547368421052617
0.1148325358851673
0.51315789473685
0.3045112781954857
0.26134301270418253
0.1148325358851673
0.4547368421052617
0.18336162988115803
0.05413533834586762
0.2613430127041737
0.3045112781954857
0.22105263157894894
0.7218045112782091
0.05413533834586152
0.8052631578947469
0.0
0.2613430127041737
0.5766590389016066
0.4008097165991919
5.448273411371053e-15
0.6459330143540682
