1.813458371840384
0.2898095650842247
-0.5562509543332329
-0.5047093151234151
0.021103012457981393
0.17638730979750775
-0.15455934299357213
-0.14733620667475747
0.35276062867463326
0.21509080410560438
-0.01532577729633775
0.16761256274995254
0.17171605411575588
0.08589540975799005
0.08085548127740207
0.4183612802052462
0.4441126462119228
-0.0052274330960688795
-0.10121979243329585
-0.1518228785838827
-0.1252689723471279
0.05278441079767032
0.3495176604515527
0.18385866502514284
0.019065452264839248
-0.11465209529604173
0.05603927530209109
0.20892684216466068
0.15869532497150288
-0.2991846004599776
-0.3508841669234787
-0.035565975220952395
0.19231863571516586
0.023328191667253344
-0.22528380791530492
0.04696046914264714
0.12759640689151963
-0.04739400756556863
-0.17680333001754153
0.2552378738868458
0.04496178418047297
-0.04462442158615229
-0.3513272478989483
-0.16393423167522186
-0.31996624501619564
-0.30311005481755354
-0.1333387723838704
0.006061883062613593
-0.07434589444365901
-0.2259557952672883
0.03194465355278443
0.14571919484890614
0.004571280672207564
-0.039095759832466076
0.03761353847697257
0.29612894269949946
0.05647253103630661
0.06420206544184537
-0.024157323928834996
-0.1123285752116669
0.023582798509096163
0.06924421775621717
0.1986744472846065
-0.3132374941074134
-0.44543068409844466
-0.7764634865192949
-2.461399628855505
-6.955003528284676
-10.878173595109654
-11.122528658260238
-7.524814985405879
-4.499835703649569
-2.6280595517490766
-1.8397872605685825
-0.8344425256207318
-0.801064499664181
-0.707164532616017
-0.5003311965679476
-0.2139385152888739
-0.20154607172504915
0.14378730725212224
-0.04579318277362953
-0.27591321414345604
-0.08460337810363233
0.34502080582923184
1.3142627572134746
2.3916101254754603
2.684014839503442
6.961989701136389
11.751977537591081
11.750126235153333
5.201277139582642
2.85218602754625
1.8937291232079945
2.1101556354050905
0.9389101465596983
1.2978356506503255
-0.2659003537501135
-0.0511266800613947
0.14444263070246205
0.4793531337684959
-0.03630156139393228
-0.28757835855960306
0.18048337332382156
0.2858379563832113
0.1083132006514343
0.39220555958978137
-2.4827048667917495
-6.974314861099868
-14.88696487596047
-14.633814209738873
-9.222048353845798
-1.855246422203642
-0.31707833150128645
-0.4224558164833479
-0.13066882666627885
0.05288777478984782
0.8117277042150851
0.5923572681598348
1.609616579571726
1.4733718721340407
3.297822411308329
9.016364265826873
11.762043774792943
8.86731486640345
4.305672243940381
2.3685712464707205
0.7847890775850225
1.2796061011685644
2.0076512805393714
1.1954981041782644
0.4171007894196858
0.3391549515654958
0.10939166183916255
0.18210705816286873
-0.08645900087952216
-0.23212988096669024
0.6287270453916404
-2.9700689509248797
-5.727384468558125
-10.204623161936738
-11.933646054057709
-10.466893507654888
-4.834032246319651
-1.3338563545671243
-1.644515189961073
-0.6515231817461556
-0.6889261514178296
0.25586340981782285
1.0123848978970231
2.093743959666855
0.23871119339828414
0.6787812140859372
5.30789307218207
11.890005489049043
10.421060296616309
6.4121838817563575
2.6706584809213045
2.58371534090752
1.9176649922058833
1.9161363054223803
0.7317342440748557
0.42041147715744226
0.6055185555698194
0.4708848080720801
0.23362638403792685
0.19325362388220205
0.4542765900536467
0.3164739673335004
0.8826781783323243
-1.295912695604409
-11.390330147272532
-17.903487924897053
-15.42173438488334
-4.054103521804753
-1.3571758792695383
0.2501081740584741
-0.525184117772403
1.636096842648078
0.7172140909471539
1.4518007833130049
2.2496838418155924
3.4156560873897295
3.6558309242185345
6.936850703739955
9.810557092395658
8.68373888959295
3.8774154266080734
1.7121038725018904
1.9882171233588535
1.8005616687721056
1.0841618778042454
0.359494510822619
0.1909914970199329
0.4604410952101217
0.5075268123644312
0.22719431951361582
0.008082959817261405
0.1361007545359665
0.08703673789736163
0.052761986497320744
-3.3258162257599198
-9.720069740175978
-18.761018374351465
-14.974966825021216
-5.34233293805109
1.9850579991419623
-0.2608846922861009
-0.29453533287779715
0.1999884184058816
0.2638782035300281
0.4119954918109373
0.9999358437837371
0.9135868896014414
0.8169533896314597
1.3216727538701798
1.9878194499064703
2.4976495564044376
4.043084226334193
6.3017816221834115
6.720386517530076
5.912805831357145
4.05835795626435
2.9430265175309973
2.075257449803248
1.9579380763035872
1.593843490865058
1.4556411107758669
1.0625185925100349
0.334903296225636
0.1328495833392123
0.7293186699499036
0.5671040563128324
-2.1736959224632844
-6.775881172629694
-16.48349468027776
-15.45923644041992
-8.542988874894755
0.11730244598981102
-0.9701943848887894
-0.026196726227557903
0.11845691614048234
0.6231026780817389
0.7480150788530098
0.9635301869520803
2.9674124497531293
4.08024206621268
5.541977179785957
8.855556502909476
10.854553136923846
7.430202316857555
2.819020716727926
1.749890805440026
1.471999548746222
0.8613542604420297
0.24626238697328917
0.31943868096988903
0.3016752174497272
0.5311595485148831
0.26451033541484575
0.28070036502858875
0.014316160985223102
0.35898812908267924
-2.029502525432137
-6.514031879828263
-15.132332256513415
-16.069063455091914
-9.344228508472757
-0.7258304452021539
0.03664185026031732
-0.8625547015723722
-0.39445046740468503
0.6433374408845844
1.7693265720854252
2.317876650803401
2.934806916538116
5.219852171531954
10.18384296667361
10.321856429913845
6.591768193978772
2.2869378940247467
2.4638542652106477
1.8921601484196038
1.4365734520754254
0.3274484691019797
0.2591858329070283
0.521018342147845
0.870908688511137
0.8155373791124017
0.552016165073008
-0.10495530368087629
-0.46700157195368586
0.4810726655867032
-2.336017989925973
-10.001583055340376
-16.84190838189127
-15.091738375089655
-8.047579576534394
-2.0330377129654478
0.26510085974135716
0.6172253191824278
0.3468796094565744
-0.26613897189580693
1.9438726636772707
6.202933962517621
10.002183101552747
9.76397877661273
8.06566450489463
5.750136262728061
3.5129658682808476
1.791124987271748
1.2013840540425933
0.9056856785883581
0.3179232259212983
-0.05305712528744141
0.195347307086063
0.5225739741968957
0.705157134896253
0.3204760310922839
-0.0007259472268583726
-1.086785867072661
-7.496459822485009
-16.995939037005037
-15.940433523380728
-7.401997722490686
-0.9188428732752656
-0.7445121099465836
0.21953098282621952
0.11171321387680051
-0.96940389542215
-0.08298576216071775
2.7357041393133175
5.170316961251452
7.387371379865179
7.680136999056001
7.236809407269883
4.936010735039934
3.1529780893093418
2.156406953573083
2.7298971912684875
2.754015854946642
1.0518969067803134
0.521050378950236
0.8654866329686559
0.8647500797082328
0.36532787685210305
0.5277722164597473
0.43505842740022493
-0.9102671188387311
-4.605584735101654
-10.407490872222539
-16.260009582306132
-12.30918110131774
-4.2947039608816056
1.1785138790309289
-0.20996969452460842
0.15306020087259398
-0.45281972783228314
0.006033599098636843
1.2089324855219803
3.7169590550209843
3.667267784168898
5.842253602448958
7.855973909766841
8.847845696942825
6.207740839382218
4.2887476361636185
3.145493373567858
2.436118745974247
1.6647742639256562
0.6445057234218977
0.3205762437307314
0.352510184526368
0.3303401371668569
0.12280041570953236
0.3119866785071712
0.13810290326968394
0.07923976907776381
-3.795865225088484
-14.269614221773422
-20.813485762470922
-14.673123223676805
-3.6529907803012405
0.5035108168051587
-0.035026054348564886
-0.3239076155710184
-0.39734833519949164
0.5583116208502522
1.4853684976455626
5.189222797275043
9.791107314936895
12.2962603072038
9.832015409726973
6.19287346786437
4.13001707310008
2.6098483903482954
2.410190132558918
1.5548756825990073
0.9443678340081785
0.12512559820656843
0.07036524345314124
-0.3453192692799102
0.03727962007221266
0.9358801629601354
0.07026462008314496
-4.553999144228514
-18.428013555882238
-20.90622016908782
-11.233954194439981
0.9044077886894737
-0.10635082227822566
-0.7292242935257499
-0.1286518980982854
0.7030710987778015
1.7079792727332324
3.8427361955683157
6.779543446957408
11.944018948047717
10.515225293916851
6.389295654651
3.337139867114108
4.269372712999415
2.5859076358869797
0.9975048743504935
0.16776108613756838
-0.28622055209785435
-0.09983233304571684
0.38373511720601355
0.28157172658358587
0.10100406994147973
0.45303996089856186
-0.08527995800329732
-2.6855938974757247
-15.845747267308083
-20.461131972935636
-12.789080430391948
-0.3486872835932973
-0.32546733037486764
-1.086782118708564
-0.13846396020198223
0.8951970969327993
0.49930659226563134
0.3277459775923847
1.8193253051510867
2.6198710355912382
9.702128440947376
13.516156196410813
12.140772102911411
5.170186140270633
4.0872423287400785
2.154917597513369
0.1384243613401664
-0.004288762555499941
0.4097760492995387
0.21040911009733007
-0.3931114254033022
-0.05922932531179075
-0.1465160366124257
0.020217215704661024
0.06540173445166465
0.35650549550972593
-2.8060184262019647
-9.310148894364731
-18.573470021906303
-15.434718951890115
-5.495967500716966
1.7399036339694582
-1.0152945644549314
-1.3063820262632826
0.019419548700813707
1.9295645416650566
4.709686300306589
3.5032071323421228
6.975887900942096
9.80021731437601
10.662168925620975
4.7412041679870045
3.5559537974820157
2.5263328460210954
2.1989295435879104
1.407224578792261
0.7342173786382057
-0.009020219271476629
0.06351906869325757
0.32377267885131134
0.22855259612885898
0.45128495336112306
-1.8663805811024008
-5.401041953190074
-17.709120376845373
-19.05622094554705
-10.856298332720698
1.1515599263591132
1.0895079293446523
-0.02329573581413303
0.24798384158672687
-0.4149222782479319
0.48303778871931297
0.5978039304082119
0.617156495883435
2.270338593717045
3.732802692747813
8.805277180125438
9.868749957315263
9.240564450323637
3.888199467583976
2.9581791512110196
2.714820097291971
2.853650489684474
1.8369194255239483
0.7651877464700432
0.1769280892688153
0.32244423714803017
0.44248009928172594
0.3962059099712526
-0.67738505594612
-11.837541038510123
-19.953093734418275
-14.632404037347978
-3.623762088934487
0.10525805999111724
-0.16600968040646488
0.9778251747978346
-0.5956711974997554
-0.858547360089516
-0.4566529202446536
-0.38812304339120957
-0.495708777742223
-0.3855484814800131
2.392284723660974
7.805425250279931
13.240869114225694
12.48803142648036
7.238939358371355
3.4767040446478252
2.9262640513866933
2.176171239169023
0.6087466491549445
0.2170753307491838
0.07734298989262205
0.0370490751160889
0.01357899400607753
0.21092727349772167
0.6148686445162382
-0.2538178447050654
-5.594083031871297
-17.54429368082834
-19.85626176838123
-11.019423339921444
-0.14256420375560172
1.5030396683677854
0.9365425236888928
-0.6216855257208371
-1.3722358220002195
-0.737967679809388
0.536613725515532
0.9034278596110338
4.32519237752859
11.415912555119862
12.66160386617775
8.936741091781325
4.330567640693845
4.397850412728287
2.8441599427221016
1.641971010830892
0.11336406700451751
0.030139981541666583
0.15871464302889896
0.11269273798060081
-2.0084129710301246
-6.648653572703337
-18.532953716499065
-18.516457714015964
-8.893299946266021
1.6442627345984608
0.38786294347853006
0.0933154567720593
0.4457912975906088
0.9258219334048183
1.7413781541832694
4.047914287274982
2.64396305302617
7.398431154772139
10.516981951350889
10.0977342486478
3.8805801768191537
3.6608699062356997
3.501940276460499
1.3067292651991262
-0.09610292738955298
-0.2911876631579002
0.16597422842429765
-0.03385291944089595
-1.1636815334668467
-5.1971765374724885
-15.750858551316467
-17.81840716992458
-10.173674749857472
-0.4845049495828311
-0.3111037799229472
-0.5684991517552578
-0.35785310893813577
-0.2115534067775818
0.12051607559114959
0.36837386819661516
0.9524610456503
1.5231784197548135
1.7627058806721285
1.9477738749582398
1.5353549617435593
3.980123396495116
10.741503639338513
12.784843477081145
7.638471982678072
2.5858475780252177
2.7772031324278634
2.7250465214736375
1.518390486653298
-0.4215193194702661
-11.449666825091674
-16.9481787310556
-15.01303083120769
-4.506903031082903
-1.934949869222261
-0.27520995454909813
-0.12563984825264196
0.2552719134196526
0.011663318379532935
1.017117382674676
5.856027083692493
7.425046074088911
9.228075070331322
8.700675880085315
7.106264113256082
3.7758012512615515
2.456664952373704
2.0230080302725257
1.4087863819428246
1.5467573412535875
0.7962801487745311
0.26550402891210645
-0.18688735554464
0.012663942471933974
-1.6502080850295564
-11.05345738725301
-18.999558540727435
-15.817778811559373
-4.385331279475598
0.5921550926859059
0.29514051694135024
-1.034837084834964
-0.22717469069478427
0.8359960617900627
1.4305015949545654
0.35200691982863713
-1.5285300423301613
-1.2826579014520252
1.8080754477146128
3.2162022117188758
5.1702350786641045
9.361707147246495
11.175856758854566
8.205784670231752
4.302680162584733
2.967518972052261
1.761806078233733
2.1374617284624837
1.8894261940930484
1.1533605491669474
0.6867593044851907
0.3272136229569264
0.22193947653420537
-0.22729036651216242
-1.1937750989760183
-5.00460692691256
-15.505150983653712
-19.569172075991812
-13.191140272760807
-2.270682197674722
0.27974953962811966
0.547019892332281
0.3252511070032956
0.434230798291541
0.7692104994158304
1.2084466943578638
1.3494831790858124
2.789393391015207
6.081101002709592
10.250454265203487
9.926014635015564
6.859044851617354
3.872478886131037
2.465736166240769
2.1282853020957146
1.9813577094254147
2.010995329807652
0.7926370390017674
0.29397048814319465
0.035131200531583806
0.17579098614157088
-0.2263926930179978
-2.284836907437699
-4.914158954631369
-6.585010916540485
-14.327456389265937
-15.321981435295083
-8.599381849270065
0.9193018414995412
0.6416195178386703
-0.38071708734213394
-0.28410955813809996
0.269788234500764
0.7251775375861356
0.8842821419797414
0.7847972985732441
3.0669341767138456
6.07572557090024
10.28170318159907
10.371194574444837
7.4218454693183284
3.2473620279764375
2.0403731381889405
1.716963032582035
1.501974636738289
1.557774204880302
1.3745340450203463
0.7686008727084819
-0.0798349051927221
0.03636360610416374
-1.6009305526423592
-1.2505150467823367
-6.018814320422863
-16.117497692066113
-18.65369528367627
-9.165045030405638
0.4719190198455868
0.37262315233382576
-0.029803507432792115
-0.2916090085980149
0.012924280625568788
0.5506632573306358
0.7812787861511744
0.9358438570221113
1.7700328555320006
2.269168240445082
5.384400761290703
8.320280765126698
9.661039278502779
6.886196652452534
4.802286317090988
3.5909756629824408
2.1869547559183355
1.3248526391598923
1.2844582571833079
1.381016435263923
0.5826105296467653
0.034369606537620626
-0.5861035520375976
-3.01770807504441
-5.654221903453374
-15.354352892251974
-17.288609663311906
-10.397366552326254
-0.5716761554954698
-0.7227448467028441
-0.8987666080363954
0.3104813447133756
0.08420572699045027
0.22078980709836427
-0.12309654840173585
2.160355242108439
4.342259128000779
8.106767924961861
11.003415799261962
10.944299646184634
6.8457409924488015
2.8903701190841184
1.9653435224703915
1.5278580270179383
1.3625853359833717
1.0619623358706614
0.3044946547746256
-0.05518755289128799
-0.15703980504376933
-0.03767187013796295
-0.10155095920851337
-2.89335755499587
-8.795309919045906
-16.643718325471006
-16.312775833782453
-7.96528912934693
-0.03707759272312222
0.900884375266394
-0.5237959212902024
-0.12966001391164816
0.21977366181429828
0.36625715802274383
0.6058328208676128
0.8592602665348107
1.1106586791151392
3.1602603494310024
5.546393297603061
9.878329815333165
10.715982998338673
8.730970798542252
4.449867054128404
3.054415263183631
2.058083445582554
1.5527741862182314
1.0873344068938686
0.6805316362644951
0.4779349988397692
0.47699795038288517
0.11826773377381217
-0.3887212064547828
-2.425039912776782
-15.869994827011649
-19.91905623806131
-13.041822485409952
-0.40377962938097994
-0.20486003496028832
0.0806648651379878
-0.28147440610220553
0.35755755703116315
1.555120307041487
1.7679824090317386
3.013369444801108
5.790989301226767
11.496591087588632
10.082982228534233
3.751654558719746
1.9621270443920817
3.4235368843309053
3.2017862278865517
0.7197472761510968
1.4726777966689923
0.5925819923304004
-1.4587220275907316
-1.9277084987718691
-1.7244041846977751
-0.10585675960049937
-2.31422869154204
-10.023085333351897
-16.715691237248414
-12.238788520508152
-3.2161376095902514
0.7164286396765103
-0.8020961765526273
-0.40588256578004833
0.015145859993621693
0.8690694021431856
1.222233022802985
3.2365078980527033
3.2542387436789775
5.018841517387007
8.550966033386949
11.073204275228777
7.106667210445834
3.134902054127859
2.0886054280331687
2.2461441550397256
1.7960957697535118
1.3231206384793612
0.4491885752222602
-0.07811253671167695
0.1050592457330339
0.3460106734137508
-0.48124101827840954
-3.6783440214238596
-11.24003743000637
-18.336802781367822
-13.711651645224476
-3.6491565291584376
1.8393328336740489
-0.08401458596495387
0.02861151393254848
0.5343945400002876
1.058575933537745
1.3073469661255117
2.093942982395732
4.125566936825373
7.267025250158651
9.532663550577556
9.598204928585819
5.778643750328966
2.546987018617908
1.224991278289417
1.7963241328912183
0.9027842137260795
0.5804634857829823
0.09600272575028346
0.30590387094913757
-0.2014510574064798
-0.10787006711034666
-0.5985163246799954
-2.928679176522253
-11.204462119162423
-17.98991923784809
-14.388044822593288
-4.440992826657692
0.9451149101713469
0.46860139864725703
-0.3142284091257481
0.11683287987613174
1.0591701578830723
3.2838407711717728
4.063751237406943
5.014585382394074
9.030372611966893
10.53044869966406
7.485824807548095
2.5476084952438915
2.507338297881208
1.953361591375789
1.1768093088514933
0.7253958195772227
0.6647392131752785
-0.004562385828452957
0.005764204475526548
-0.27945943748767943
-0.12224006969904724
0.42349824218929044
-3.661097081661464
-8.843198756511743
-17.631326098985124
-13.511094777370309
-6.7962196261372245
1.590846790415352
-0.3491733414677163
0.46556370542849546
0.6041449886148211
1.039668781546093
1.4319776112706506
3.308363654489052
2.674832244803903
3.6779572057375494
8.051760270159399
10.253079086847137
7.031405186696234
3.6453048456590396
2.747252697429442
1.687650158580523
0.9381625543895122
0.8782822625183114
0.38855846415652384
0.6470605259683028
0.6408119824760076
0.4572989742464888
0.0457213839649761
-0.06388812887019676
-2.249873905476484
-5.322897710025499
-13.245454152551186
-16.94360812307224
-11.504222067143534
-2.1178085297913887
0.8523048790415743
-0.21946443266844748
0.16665460717425393
0.134547157997295
0.6831115714125975
1.1024963771076675
1.6412224225517391
4.5600472125515
6.045379175968998
9.591542828340353
8.734626896632763
6.999067068666201
2.898967656436273
2.288724992699266
1.9603178887373955
1.3358037096076818
1.1565253258691435
0.4059894345745505
0.41563773431638007
0.27261469017793205
-0.16223542127729063
0.604354838921327
-4.766465099446975
-8.624965781043985
-16.63430212644501
-13.303654268750856
-7.292411385289461
1.217638983546565
0.17087885444844048
-0.35365738802702396
0.053440093132928454
0.32853065487981864
1.185919283383491
2.7543277048244965
4.452635849148924
6.528201993271316
9.308520301656342
8.856272053436033
5.340200923185772
2.0152096573176594
1.5644073671293857
1.514146975529966
1.3339232743755371
0.9948863145742136
0.45760649269223014
0.355357345976304
0.5681326870297454
0.8029503789075955
0.1474348450241209
0.4155161509400912
-4.169517416487193
-6.26703917986689
-15.215012546619459
-13.829996532310057
-9.23357066581382
-0.3415515826693419
-0.880172394009276
-0.454988879125462
0.3400808295056568
0.10183969954035667
0.5193795698369478
0.9958872013996276
2.4528968754309015
2.8151486797426206
4.321612796574408
8.731838031422315
11.287460600315836
5.284534626912086
1.971589944761976
3.3720732841664423
4.1496436391597955
1.4536371512333894
0.6856493913369083
-1.654780305497435
-1.0415580056027889
2.645502482415409
0.1734662655659975
-1.849045408073023
-3.9742748979450555
-8.93640976655627
-16.78759746008082
-13.137597073159618
-4.843537640468972
-0.2820034280364545
0.27163927935812227
-0.699536465794998
-0.10600308419328636
2.1685600406707155
4.8055937206909505
9.430092486502744
11.699940882261135
5.227945272317893
1.1927630537081357
3.4927322619072174
5.819808679972401
-0.6429751116847103
-4.381032829070715
-7.72055327517481
-13.299519339186043
-12.853713290142249
-5.279717337467535
0.8838606614380393
0.26496027252930743
-0.12639939716187776
0.5667782215924598
0.2655886850885079
0.09324723061099577
0.3745534848517446
0.2538913638948073
0.1734821355896469
0.02765362607809398
-0.36903498222989484
1.9364655869776657
7.712830524458619
11.287567016313838
11.343573770668439
7.980908272064001
6.970427493878611
0.14766336942484365
-0.9393317523599133
1.210792622012813
6.344644270247233
0.7605766226954312
-2.544077550120836
-3.002421238490788
1.2891568616998206
0.7909883596709438
-4.6443796855082065
-17.865206075068212
-18.305939959231647
-9.070808634032268
0.22642096916549792
-0.31387667387850626
-0.6031683026270311
-0.28682596423349244
-0.11035017672162212
0.5256133299811235
0.6495462684778761
0.6514395316395623
0.027339508341439778
1.8841522242363449
5.863797875287274
9.820252819683963
10.295266436573693
9.001030028851918
6.720877332147626
0.819658962872285
-1.5185327941536577
-0.5437705789419331
5.009327397542276
0.35880916247501154
-1.9267984884162002
0.3725858390362492
4.743475076126039
1.2197145866606653
-7.515754616780629
-16.2311264324358
-18.471338358812453
-9.479435775636576
-0.6533156285378909
0.5311909702425296
-0.435279148275824
-0.028048433812939477
-0.35359232112852895
-0.6348958039673966
0.16569652359770728
1.6233254853729668
1.0031834721854185
3.417223354032439
6.988084017776025
9.737679019222632
8.987951338061679
8.083623050156076
5.110798968069328
-1.1734947464953427
-1.3220821051121652
0.38025079209748897
1.892474595325608
2.9809385168765288
1.8192533623037201
-2.710532147446124
-1.325792336594848
-1.1285858531552881
-12.354747172309791
-20.639541511909133
-11.500499249946214
-1.4194188197452213
0.6306702325510881
-0.24106803689999629
0.00928069675744711
0.2285573044581698
0.5316823449526081
0.925576641386691
1.7804987353201167
1.7282270687429762
1.0747778067907328
2.1291877263504118
6.354936190355939
8.843661039885571
8.842092546557433
7.352569011413215
5.805156305077059
0.10067864418300448
-3.1245181816602274
-3.026837767697773
-0.6485414325382823
-1.2106226036365886
1.4863966950673055
2.9601739010626256
3.6154240655410765
-3.445591644047557
-16.276758771374038
-18.11175658518135
-7.773055137761314
1.805205460257889
0.10080465668150036
-0.15219132483800946
-0.5648712591989501
-0.6616175470982569
-0.5956860963558519
1.7801137856073672
3.4237311479872523
6.02128226123854
7.241471552420655
8.714062656607325
6.366296225972092
5.024386902446395
4.496547803039584
3.0041628720549363
1.306977807287597
0.6584411281780241
1.0706013469900664
0.17650951698057085
-3.3776718847916825
-12.785236681204726
-17.323431010116252
-11.097763721591242
-2.5393520740741757
-0.08243756681474726
-0.18208968038413245
0.18543196137149803
-0.1473046113310847
0.08611363619036046
0.8427969066132404
0.49282698744571707
0.4714943480895502
-0.15649476454091707
-0.09614384751956076
-0.38796141388322647
0.8232381860069272
1.3526525353995558
3.3275706764625914
6.675671313414054
9.290678945624114
9.569586351047272
6.68982858817367
6.512461465200236
1.3969151949170695
-0.8914545493794819
-7.690632579017217
0.7872387996517841
-3.0410348203164013
4.5946705049442755
-2.1726414782612036
-7.759925912275024
-20.048926344947994
-10.978443955450864
-1.1315026856752664
1.9535808367329457
0.18749778988415883
-0.8124721280371148
-0.20369745958787053
0.7774987017182323
1.1462864764171066
0.07108232240750605
-1.5375116459828244
-0.6802153797229469
2.087668172566179
5.859113334826655
9.07338160995585
10.421948343417666
8.3563393378089
5.450038047260063
4.263524137381503
-1.2002978696338078
-2.6057033417785
-3.29298636696602
-1.4695314639355552
4.829455974196743
4.0073176518102
0.48511088988609435
-3.3494983799192752
0.497738620961547
-9.676550982561768
-16.08658747507641
-14.21683775979024
-4.42184653353822
0.04024270152464352
0.9294938686414154
-0.23981682995012357
0.16112061391734184
0.15592890644286378
0.3774109084024913
0.15195965121698132
0.9755858995434398
4.103767243680976
6.869277094076289
7.000670767419595
6.647317752369007
7.1685479372910645
6.5441526505576455
4.2580844142602885
2.2748647895388325
1.1408521184849723
0.287813684421839
-0.860107540715247
-3.5146964369375358
-0.51090902141979
1.5550269802099232
2.194818969273232
-0.502208748989201
-1.8229955248348577
-8.523993998237872
-15.138992462068181
-15.146591101516377
-7.18928556197047
-0.2994175374433101
1.8638529594531603
0.15577091233698795
-0.7444413636240172
-0.3774073409849541
0.8590040068899216
1.2139982941124199
1.9841682881912275
4.402611733459921
7.201217283579811
8.202072959224015
7.349488714817267
6.37505161699681
4.785700343970954
2.9900025608704097
1.8309578987745831
1.1059028293295017
-0.11001534825719265
-1.2523167076074928
-2.6992399764011403
1.263965517698069
-2.0308374087193926
1.5702614524965823
-1.8536285252242324
-9.134090613617296
-19.204016739391
-11.83774139063528
-2.3112590661884487
0.00948256684078745
0.2520727163928703
0.22093916715271117
-0.3339066468514579
-0.12695463257162837
0.23675367469278327
0.5374541722676524
0.7949142647593286
1.29426470509542
3.099636570821508
6.376138204847774
8.451923356733026
8.348122584152158
6.538342796512421
5.494805461691152
4.34692033063491
3.2438102154301007
0.4784298762499045
-1.744510210908357
-0.7075381685249995
-0.5461689495090671
-2.3732575384035233
0.8815169460220739
1.6936611184430803
-7.088022295344839
-17.98512418674262
-15.35960525949963
-6.751317946589311
-1.0806973994038003
0.9463950012456381
0.6867075837783867
0.9919588497276092
0.07002023374942389
-0.036857507770345424
0.09601196570529648
0.8243530011439334
0.4774604291642822
3.5062165803837955
6.635937848625855
8.285420875477497
6.190259277525752
4.764101297151306
4.023792442183578
4.154152397099911
3.109585683710787
1.6712064624313023
1.3023986028571983
1.305228185499253
0.6923747787482176
-0.035804225950106607
0.6824400375873118
-0.17170744325361564
-6.105132571839311
-16.184223844327317
-17.90448207694115
-8.758774864955454
0.09580384251807977
1.6951204098942132
-0.03333122441225601
-0.1522774043961917
-0.24823693063364594
-0.08129862764360331
0.1768023418416182
0.10239036325688687
1.830795387931155
5.794657294356456
9.668769063585371
9.697882091678075
7.040231225530654
4.797199544851014
3.2715483237606837
1.6655755271852537
0.6145893906998329
0.6350566828242005
1.4686606733938614
1.3785386758403402
-0.14711066492148542
-0.461402137878006
-0.959739675701453
0.09794459082911657
0.9887275413340719
-1.6258572676832408
-1.0206768354993414
-0.5008958519739966
-4.879566435366431
-16.402487608042456
-16.193690066321192
-6.4077571831210385
0.3623704357632829
0.783578597229799
-1.040107909355645
0.10934824276222371
-0.0006484861157255253
0.7679767866334396
1.808288011485268
2.5116702165826816
2.8191826329208047
4.375647083477804
6.190357373736007
7.19863672155486
7.153202547983492
5.727508888419918
3.3360617567641047
1.5271255124096774
1.33132944606075
1.5457102558346238
2.16108998869582
-4.531603158606425
-3.466641436847653
1.9566970534188746
0.6135799395523016
-1.965354480893234
2.1914635600328753
2.920010325621702
-12.177916354645474
-19.82702481587156
-12.70718818502909
-2.482452696650075
0.6227710391711828
-1.189320670394168
-0.28405987945498845
0.5762475231856948
0.5789340152539236
1.0446067925022244
2.062268780305511
1.7591247535742771
2.8440110350436307
4.499024299674664
6.946981992817278
6.0071682257170025
5.819845709894783
4.64668621325601
4.429570855899528
2.9215439154291274
1.8351998871976445
0.5456662821362278
0.5961842737462703
0.7166258074007689
0.8247430055029902
0.8328269948860274
0.5875903723725641
0.05958833847866557
-1.6545876935176695
-8.103857283965418
-17.653493364646696
-16.628959639353695
-7.041446415187857
0.4565807797463148
-0.12694387132912044
0.12344340060969003
0.7201452615669625
0.9977920706556918
0.11416864863322757
0.08255231256627929
0.3350509930347086
1.7079952038690682
2.5362719842924712
4.49697155479615
6.553730588962795
6.992148194091079
6.677823037551234
5.428463558854026
4.6779523420807125
2.890253257561648
1.6884117690976421
0.5709269296282029
0.6369786741154211
0.16433683202726804
-0.20991509104537004
-0.3779758387056679
1.410716165915802
-5.2864072298079465
-16.044773997810726
-17.6628759975348
-7.6524544096112646
-0.34746285740056293
-0.13736358038326626
0.16035171939336063
0.31767479730216486
0.13162949613723576
0.15016975920161957
0.2423088850318535
1.0475116545516612
1.531378352146989
3.3480401949175125
4.4002713512311535
7.201289650647096
6.334750697860861
5.195633365078674
3.711788286827502
4.337887667105031
3.8636682801243527
2.5428250084605586
1.6771544029540661
0.5798950394472628
0.9875010713466754
0.8741531786774224
1.1557713670276306
0.9779401727709817
-4.940981949462891
-16.784169073103676
-18.22767113901739
-8.304562218513048
-0.1834057711791433
-1.3809373490438226
-1.4979575924384765
-0.409867017835448
0.4883589480601683
0.49227135625938384
0.5516505753658139
0.39912085691309934
1.2875401572994438
2.984998117136779
4.421921909001902
6.20667904612693
6.561299440730198
7.022937468690785
5.8229426264266415
5.521948649301492
3.6890028313593035
1.8536892606598532
0.214456272249931
0.28484039240957393
-0.045926766491400206
-0.16689072852576647
-0.13815558301386485
0.1812824229544666
-0.007062224368897098
1.455268452784747
-4.186426867628441
-16.31509227477837
-18.751404517163614
-8.430515448871207
0.45636739739482357
0.602479248714149
-0.42693756035122976
-0.5498571527526923
-0.6396571691620201
0.10427410029764199
0.43982742893245
1.3711857070549083
1.5538176690381327
3.348882280514032
2.2635229117834283
4.289269013094235
5.529963918390352
8.457297532742126
7.026180104562117
6.449704614687093
5.167972454472186
-4.355272988251989
-7.133971933165683
1.1621440293676506
2.0453963326216194
1.9328843363928725
-0.5370830781131203
5.911534071907736
-3.980997593260227
-14.406883602954922
-18.883811219554026
-9.33085930092593
1.5658959439023747
0.5429342612212704
0.5388269590796719
0.43921614043388485
0.64112347059149
1.6073847878624872
1.6053494296494648
2.831997246380848
4.595642816979132
8.019229550041613
8.275057073185174
5.973122381812512
3.932538526780574
1.998614725674837
2.100777017527515
1.9195904938947919
-0.2922076201669675
-1.253837081705971
0.4612631820129649
1.979262107672312
-0.26808040453572185
0.5295339005175749
1.7869664157135527
1.5651711012371612
-1.8569986007169248
-7.99707525441488
-16.52185360317759
-14.24852972520901
-5.633147561266617
0.7481051340207743
-0.7552434693045986
-0.3640491964516737
0.17519138945768284
0.7975863221922217
2.4460121663778196
4.439078555017351
6.48264084017958
7.037813117431748
7.293614890261719
6.509692656886314
5.819892234834478
3.4373218204140876
2.9937001411761037
1.9915344003781832
-0.06598005888880751
-1.145102638267584
-0.9947462828037023
0.5248534127344661
0.3914639026573941
0.1829554309852391
-1.56087831957207
-1.630089834846468
0.49313450192788905
-4.33193935447479
-13.850970859712065
-16.613737139458912
-10.24183438940887
-3.6287520057310987
-1.8365647251963337
0.15047333541712277
-0.11701622065962465
0.031170134452700296
0.23012961868946735
0.21659384556337588
1.7062165006105714
3.0377413866201977
2.991140697606376
3.94602720931215
6.323764486161855
8.45162016106914
7.769695261371787
6.475829218745496
4.672598116331517
2.6636417316494447
0.8741520349808716
-0.2663292031150207
-0.017383750689567493
-0.35969508218555646
0.17648655074475775
1.2551427553891616
1.8545787557670457
-2.30004255128412
-11.841206012251153
-19.094079197305707
-13.511023944026261
-3.495111598446972
1.2913968736419454
-0.05959879467414731
0.125363649272796
-0.3528482737227665
-0.07684604313831327
0.21277009435512478
1.0068793111843066
0.833813000837987
1.023040203580332
2.467494138143893
5.079888691689545
6.70087016635586
7.478607236039328
7.525250039902442
6.106613439667684
4.449455319059831
2.4282382260405266
0.6766230252846201
-1.5815298432165836
-3.7655470130589084
-1.0907905029950387
2.6824584935945675
2.592120940713166
1.2296311106314537
-0.35514426653587194
-7.960769395790494
-18.007930065644626
-14.257127244216042
-5.080638199825861
0.32356454448901123
-0.3303771151886183
0.14056023947823398
0.3070371573934099
1.1803057374928316
0.12854846045057886
1.5128191015537256
4.181420859606029
8.123925861462434
7.976445588503455
7.478519747464604
5.824403740696811
3.825883440636435
2.122891113152922
1.4780788350275404
1.0751276329209347
0.3891681447161099
0.3694756321015058
-1.2170331859333632
-0.778428722544584
-1.4656552879050866
-0.8112286956993884
2.094331106894424
1.7219450750915801
-9.03800160331162
-20.040817528898927
-14.646176348254686
-4.774385716285445
0.1361967093696997
-0.8283056586991113
0.09124613426894737
0.5219490457277589
0.9083962712643036
0.8997298770612767
2.376083903602495
1.9694289908257652
2.8230777549589936
3.7916562053858374
6.889691036357496
6.401026822561485
7.009474835766113
6.563864014994787
5.364996757376318
4.836860602939509
-3.017386720124036
-6.46743496617829
-6.220996142584541
5.000203103737055
-0.39153326689304274
2.7973333807786007
-3.060341016434701
5.11133830960957
-4.082851104301745
-10.856599604416113
-18.718821993388048
-7.8248186518042475
-0.420041558633244
0.4307889637005347
0.554107979707601
0.3694276118427069
0.275791034254806
0.5534011228162481
0.4883771456279709
0.22120670550997182
2.1529746594244554
5.14460163010345
7.123568500008016
6.811743135826932
6.343483888663506
5.2273467855633315
4.650058440842724
3.728708329179332
2.8670032835138346
0.5855121665552905
-2.037322763168497
-6.1920376220391535
-1.1151791664064181
3.7334859126922675
5.336961920417102
-0.0024846817035718864
0.8304855508658832
-5.317780505020184
-14.41294499764508
-17.789462563103744
-9.16737931105114
-1.7025262810383406
0.6417427401896246
0.0297189645415469
0.027804150157839474
0.049614387912987376
0.4827010484666324
0.8885082115837764
1.244790277059036
1.9833046822713618
3.0017436804272846
4.586382102025925
6.491090438907978
7.388118512198078
6.890593476597805
5.7087146135843385
4.9028548477570535
2.7794929173842946
1.0049139026396985
-1.780841395532239
-1.8408885681588008
-1.1464673295301993
3.8435980941091072
-0.017327758000722015
-11.155399843042641
-20.28883231524437
-13.046547297033054
-2.963952793191051
0.9796381009294832
