0.059150922421891156
0.045541184705444854
0.05793706717924638
0.08386296297261674
0.10326246369061863
0.12504617541825716
0.16991800517740246
0.25946542489449
0.3649684625747333
0.4903123111571712
0.6116348768278055
0.7144837581268274
0.7801249573880069
0.8302194601111282
0.8663075886633012
0.8909216125258401
0.9094608036250156
0.9230860192375722
0.9285598867385116
0.9306935935152254
0.9330179108709786
0.9318481460708157
0.9313779995650284
0.928647098406632
0.9288534193393243
0.915900726531111
0.8954529247651204
0.8408361176337973
0.7314153089648906
0.592695658145596
0.4635597844034753
0.3456152860183557
0.24537642018706216
0.18045469988290186
0.12832600896879573
0.09053584481914699
0.07768566007613047
0.08579462006415073
0.07875939356552317
0.07248823176397474
0.06633423380245419
0.06013527080325371
0.051699724216346256
0.04699008174097979
0.051469118290807025
0.06034823843848334
0.06633834629280586
0.07220089521866879
0.08420661374220323
0.1181312931647615
0.17094291916893622
0.2511990252680808
0.34686561917547853
0.48512805008245496
0.6147292562554973
0.7150474669319171
0.784829312444005
0.8499758851158477
0.896865940696396
0.9280900050212164
0.95940467276693
0.9755983679692309
0.9808078222839383
0.9861060449709393
0.9918794775374284
0.9993966531858328
0.9994785415212243
0.9764875702325215
0.9225302821552667
0.8499709854504619
0.7905504363653979
0.7360008083149433
0.6572385538590866
0.5592790107990004
0.45246087753787667
0.34953139823498236
0.2592991048450993
0.20344232039297505
0.1689885970358832
0.14351733427573155
0.12341636413525449
0.10419794831704117
0.08703371686959423
0.07514248213762739
0.06871158075752512
0.06806338908073822
0.06789480902101877
0.06578978253637655
0.06052793395606323
0.0581076155190245
0.05978794524125415
0.07477776960321918
0.09677001016582536
0.13058910963194365
0.16273167061389437
0.2028364262151055
0.2612370031821868
0.3611901737692353
0.46900941600879104
0.5623964031566886
0.6454929062971319
0.7265673099293051
0.7847893416140549
0.8151284382175872
0.8389586479478612
0.8648694437195856
0.881368585189541
0.897390739910243
0.90133638496364
0.8661372620431663
0.7885563348651035
0.693958208143789
0.6311992412685807
0.5923069578985942
0.5513245074278217
0.4738619764763351
0.4018967989153304
0.3420206213723066
0.30543486847727513
0.2672974647561001
0.24056480932875773
0.22454336255951804
0.20940563128122022
0.1709575931757749
0.14122514475636888
0.13533242938391915
0.13256300154305206
0.12337457969607928
0.11955131219005492
0.11359839122464263
0.10580240772383154
0.10133989507260516
0.10139427184210448
0.09797454724236646
0.0985581779956824
0.09977863981071905
0.10484605257195044
0.10218200675928614
0.10599050567376872
0.10665015076398301
0.11009121254777954
0.11420618357339951
0.11573725347835968
0.11970716749154678
0.13816965057329222
0.16188591218579557
0.1938526044945431
0.25059270702238706
0.3275250861167024
0.4182258648205151
0.5134777368344067
0.6019849369026472
0.6678571059037464
0.727278762290395
0.7754458845310338
0.8126081681650072
0.8310655700655278
0.8387297853259893
0.8454396420042593
0.8527215644881225
0.8523585526246762
0.8359747245617655
0.8008104400860925
0.7470348431122394
0.6904853990464512
0.6316317727970648
0.5487005879003268
0.44003468750096225
0.3359530589927455
0.25375898930872626
0.19391772077276723
0.1477840335458068
0.11893426125386103
0.10253739293749978
0.08894860605368922
0.07641537442304239
0.0620986633144536
0.06026832931952565
0.05453427928310572
0.0556377480778766
0.058454071989283485
0.06716876619937924
0.07218868387737885
0.07987513338363891
0.08742273192169081
0.09796671912731746
0.1268300914530932
0.19153367181431677
0.274339447903665
0.3672288410662098
0.4613092309417361
0.5650023122982555
0.6613271418281755
0.7437394753888369
0.8036270200601219
0.8418981002855147
0.8670347266088688
0.8794163755847124
0.8893819562396295
0.8912952120714006
0.8854869484960736
0.8688838561082726
0.8387768407078824
0.7855662766386682
0.7254222418106643
0.6639017654297592
0.5815649680918701
0.48097896629284065
0.3753603743761781
0.28841757524552847
0.21320169208101214
0.17163411395416647
0.1424550202229376
0.12234546421483725
0.09998986088082387
0.08988897372982216
0.08042634651197378
0.07038366169075731
0.06137414372953737
0.059019543855064034
0.05837710423775001
0.06109348588468254
0.06921653992568655
0.07670529422560682
0.09405855659182472
0.11527099203662657
0.14471757934337248
0.1934999627285371
0.2505947922986873
0.31664815799328516
0.4074587331545929
0.4921893296052017
0.573838463587593
0.6527247478153844
0.7405801682561426
0.7876584165714235
0.8179593293792989
0.8298320412240344
0.8367866654724037
0.8459750503299087
0.8632510475717537
0.8642434157057798
0.8583914869956634
0.8348954198316711
0.7903015661393231
0.7320440715665071
0.6783046609936154
0.5971747664435005
0.49822333790146756
0.40753749174912535
0.3437327644463398
0.27465358475236235
0.21975728925083982
0.18139899074419805
0.1544744066738489
0.12157123652685761
0.09758420947778038
0.0884924750409602
0.08121128326107804
0.06722901606433689
0.061063221370017046
0.060463946382946485
0.06409089420196948
0.06309818466904982
0.06548194002427549
0.06780640713588862
0.06946943546633216
0.07763892821770722
0.09387639142131056
0.11542675421227536
0.14360614372712702
0.18989241416708003
0.2832543164662832
0.3992315988789269
0.5143818320056457
0.6039321579877797
0.6951265635733034
0.7625055764981432
0.8046243756374846
0.8290736348243479
0.854219024446583
0.8634461016343564
0.8632206514276333
0.8635101985548925
0.8597934337145109
0.8466103233977431
0.8195061685748388
0.7859314295803137
0.7429293745363317
0.7037331565520893
0.6463264405932658
0.564265782926534
0.46821662390485214
0.37159798472761074
0.30029890555054006
0.23364602578577376
0.18609776786615248
0.14266785092152687
0.12396816893873612
0.10008110003350712
0.08823548684914741
0.07744304627685729
0.0679106240563814
0.055677804190676985
0.04468566073893847
0.0377547534564011
0.03690669136325347
0.0394746687968769
0.04143430953318432
0.049833443581370276
0.05968757341092313
0.06803916482225256
0.08071424224264016
0.09677462767362047
0.1300837180376436
0.18825622350732618
0.26931403013875344
0.3696519612184758
0.46425461013400343
0.5514921041528986
0.6343943478346472
0.7143673462703064
0.7699013045147519
0.7997791299638375
0.8125011381581781
0.8092505453092661
0.8071220046951121
0.8071059622037856
0.8064931650407915
0.8057308144082791
0.7812097543275751
0.7391840350219098
0.7025859832182204
0.6782476915491269
0.6321152234725111
0.5600819776273446
0.481936195928203
0.3986037940741205
0.32268912931358074
0.27473147668223064
0.23604696110957882
0.19767090434775153
0.1599834247114629
0.14709217911813738
0.13213965745142187
0.12031918336694987
0.1054800984915799
0.092956208567101
0.08041003347545993
0.07178531304926497
0.06763613956983974
0.06823643134985993
0.0679799657485354
0.06318195257154469
0.06214610965469897
0.07048375443071203
0.08629029748866826
0.10272923701202978
0.13134489733332932
0.18542734629764715
0.23735445038750197
0.29816104105461927
0.3723695578414346
0.4616802459689604
0.5184172536331335
0.5566656587961172
0.6000092237677266
0.6388898066083077
0.6555528787107507
0.6501277182841576
0.6488653789534196
0.6516959898778075
0.6572484394777074
0.636792602217875
0.5990813934093618
0.5593425612787717
0.5366935357288937
0.5109333422011785
0.4718215714340759
0.41125242250104577
0.343310217447845
0.2770009967202365
0.21652004344961118
0.17158665023303507
0.13489429172559012
0.10926839076301949
0.09255318373483506
0.08679688182731288
0.07680439673483498
0.06973692909963587
0.06665519715102189
0.0628527918290881
0.05855307722675999
0.05308300280881135
0.04877948467942551
0.0458072221993195
0.048620720676209525
0.053440288260793806
0.06637867449489873
0.08149212870713304
0.1095317828288885
0.1344820856977746
0.18115566699579388
0.23860108336869562
0.3029848276058591
0.36533012969608575
0.4318150905158765
0.48219632458035694
0.5179915809170139
0.5613492302239003
0.6225880809906768
0.6827087938659586
0.7263362018358502
0.745529170081613
0.7471728542788232
0.7427403106259018
0.7402841923908412
0.7403596440020519
0.7359423788582812
0.7245729382277586
0.6699001557498372
0.5682730125615685
0.4596543344076587
0.3739306424825783
0.3014311670465125
0.23442905580398748
0.17936478978716863
0.11973188938404491
0.07655216696418227
0.05479760756491573
0.05005903293708939
0.04366656895712829
0.037043005529514464
0.029381970892497253
0.024578471007575247
0.02711431178631695
0.03350222017844556
0.039946710915137906
0.04788506667361554
0.060136952427262996
0.07336516694322145
0.09985671918465841
0.14611162988449833
0.19805542140152516
0.25788580556420987
0.34417861231508223
0.4410720748173207
0.5146174417679852
0.5866446177468905
0.6507631483149601
0.7020917901691829
0.7355013652678066
0.7587613858102127
0.7561905925549178
0.7424292659308119
0.7276460292800734
0.6804215262960791
0.6084958623614126
0.5268565036362645
0.46395051484433014
0.38548303647757487
0.3067175229094056
0.23271327372006834
0.18199154841839438
0.1413420326562428
0.11264278211630907
0.09844757865622342
0.08058655340116296
0.07151447802021593
0.06152200222163493
0.05180245070809273
0.048148615692261046
0.049536416904686326
0.05357117948260077
0.04939034166115486
0.05408589050903739
0.057486347202373604
0.06255228290558446
0.07100237018920412
0.08694039685760972
0.1202127099086789
0.18309278880963947
0.24858245000803628
0.33327050388961743
0.4234012506591888
0.5167357053319848
0.5937872911843867
0.6592601080031071
0.7070135096307872
0.7427880762470891
0.7751127036355189
0.7955429053297156
0.8090820506364438
0.8280297608096613
0.8459013863998577
0.8474691218710246
0.8226909490008844
0.7704271245781371
0.7080567420960968
0.6452871122780144
0.5775319633487284
0.5013050770419442
0.4035653594168249
0.3139341325825966
0.23937407108575845
0.1864685231893862
0.13711309180586195
0.10387991785464644
0.08506615046363951
0.07353625938400023
0.06426653512418465
0.05481811564841257
0.050515958209636634
0.04720124917295791
0.045291054978221126
0.040100980332591185
0.036040917928829866
0.03119771262049099
0.032387934349814324
0.04047268374452325
0.04978097374774437
0.08628993822580759
0.15561606188866428
0.23651854518425042
0.31097621487413485
0.39067156638488176
0.47969378478871944
0.5687510985698822
0.6517911925591535
0.7072994888709419
0.7293471764487859
0.7441650587002354
0.7553885156913794
0.763409807689942
0.7588565630712234
0.7296326930576702
0.6486699660281539
0.5530330265132382
0.481336048944017
0.42162209806508516
0.3361895872763453
0.2501602515001883
0.1872317762212696
0.16346824081404687
0.13436987572247153
0.10355150152181597
0.06985950656142272
0.06358358523964751
0.06434046107605677
0.06770707730459119
0.06273530676136133
0.05932303206726172
0.054159949883454295
0.04652334973161167
0.044988321448110664
0.04783523286097269
0.049876138220400906
0.04924294398093974
0.05620393226059013
0.07461737378141668
0.12410332361742578
0.18372376830108206
0.23754023785018774
0.2703878281250227
0.3242868567288557
0.404603357512542
0.4929033504618176
0.5726130656120436
0.6301869411655101
0.6838678357514638
0.7160213046523298
0.7448007836429136
0.7530647471109416
0.7546226878856445
0.7242020193631082
0.6454393797571201
0.5554705655601215
0.4969226917729276
0.4745295787306323
0.43624986707352514
0.3756626899404721
0.2979857954738475
0.236505598348991
0.18654148051519207
0.1370259874390331
0.0977010882684949
0.08097964318447047
0.08253853376457031
0.08212263298645057
0.07755363519449301
0.0696386302971603
0.06115182710171159
0.058986279220179974
0.05380534063394886
0.05076919196011622
0.050950241751806805
0.05689153550584389
0.059635546830092506
0.06775612860586983
0.09205773731558417
0.13673517739315935
0.18115850558523364
0.22561268739137555
0.27111283853636203
0.33956384657812577
0.4087589372501257
0.4629571602687049
0.5094673638353926
0.5537949550272905
0.6102777780991469
0.6481613546214606
0.6750977999756247
0.6767253454783632
0.6878685800975721
0.6858339567745837
0.6601966661402399
0.6150335122890556
0.5772549155682869
0.5512927532260057
0.5270012829593713
0.49749118316273205
0.44635006846534875
0.36466972795828034
0.2722910199367318
0.19087553933274493
0.1416978376514712
0.10364775161321928
0.07586769719159937
0.04973995919562416
0.0397164754404948
0.03935051474436456
0.040229397753818515
0.03811442513166008
0.030777521089240433
0.032373350883473866
0.03613583732145659
0.03812825916815919
0.04161899426826943
0.04846311550086297
0.061136919584896185
0.07919499028811185
0.12603814084999498
0.18962998533682907
0.25188081837552645
0.309798043919133
0.38619345213043016
0.4656547683468382
0.5191427730292628
0.5518999417365084
0.5968405428708543
0.6431271869573094
0.6789175016806228
0.6984074072712496
0.6992838456471342
0.6782233847941231
0.6628147272155442
0.6598894205639553
0.6330293293736198
0.5645791172115556
0.48648773998160894
0.40752520360750233
0.33536809279438695
0.2752468023350203
0.2374363177208588
0.19701271410227542
0.15505010689008453
0.10987893644688343
0.08203226581749322
0.07062834146627578
0.06752191653705542
0.061583413117123065
0.05318051150260697
0.04663239242217078
0.03976446829950085
0.03813777168189461
0.03174820375999889
0.028693847632984548
0.03127118533854287
0.03719709006823235
0.04268251025981537
0.050170129342492265
0.06882335413600088
0.09353517996480637
0.1338645268632349
0.17800538378579184
0.21825793287115255
0.2657011161360052
0.3424504222317716
0.4267265021691416
0.500083843683597
0.5522658862038161
0.6063070421879075
0.660006535333101
0.7138780916601432
0.7385781223438453
0.7466976434412242
0.7601951460308932
0.7576677267574684
0.7305603682984401
0.6838140757877611
0.6376523899128252
0.5853828635036804
0.5365897727605078
0.46763945267117957
0.3758355740957815
0.2804616174765629
0.21462530883840625
0.16096344480347705
0.1210987914543094
0.09684842552801594
0.08536856359605802
0.08063746622303135
0.07721862370504834
0.07585604540441497
0.06706237963166856
0.06369866911051639
0.05988254049608377
0.05890420346686223
0.051300641844552984
0.050975635115063436
0.053264970892495586
0.06190406851633057
0.06646493573665599
0.07641919841422211
0.08842969824311611
0.11314754160357929
0.1525872415099077
0.19848197412642885
0.24832778072140538
0.3146821641323894
0.4024957627240898
0.4821052172684022
0.5386500600403881
0.5752366015985466
0.6332862004184096
0.6975597490805263
0.748256974880349
0.7580397595204218
0.7553033648336265
0.7210488529436037
0.6661531626338429
0.615238368142071
0.5759749779915464
0.5318016965069804
0.4522344093370835
0.34508676613279965
0.23770306898925792
0.1707255031471834
0.1403683847936692
0.12450918435721511
0.10358288560859773
0.0820289461200211
0.06603807109049342
0.06232666388721735
0.05755693243465386
0.0548203187253767
0.052300069451350926
0.0512702698273812
0.050473516179400484
0.05127330674638207
0.05363604793465861
0.053624205460147435
0.05408173044774921
0.06467514628175577
0.08603771293543332
0.11893708629646854
0.16298388572387235
0.2247481046908549
0.28288720733425776
0.3699742950296326
0.46896458444586087
0.5506918290526
0.5927370710221685
0.6591159491133103
0.7393019437844198
0.7809303561957154
0.7861139017021044
0.7999482503159336
0.8217061179845349
0.8169327082193423
0.7733341792389989
0.7065187588155387
0.6255922620872505
0.5462349900475536
0.45431149385818226
0.3548306690050729
0.24963010692868812
0.17167192317725027
0.11759717938430576
0.09195336979222676
0.07928175983392272
0.07676003422844634
0.06202090891902276
0.044884303346066336
0.0362305178350628
0.03722367016154696
0.039705315775624944
0.04172706187230857
0.04635935958112623
0.04620216198637347
0.04586445846963429
0.051830894974521945
0.0650856863530174
0.0770741740512592
0.09576121360656564
0.14965437772628937
0.22404065574522342
0.28670473193597906
0.35987278766072295
0.45359184953256293
0.5495150399824975
0.6034989137426399
0.6479846618573193
0.684539489507446
0.7291051267942172
0.7627886636012433
0.7843021963975567
0.7721352111655053
0.7436810427133432
0.708514071465234
0.6717642209153818
0.6189572482135836
0.5569280218976917
0.47110866133550583
0.3715912037377192
0.27984557300850266
0.21719854496738691
0.16932346585211697
0.13500967642272144
0.10863438718005342
0.08855036643683611
0.0733657088207506
0.06169909664468145
0.0537808146657967
0.04534473515490925
0.039341901539329954
0.029548939529902847
0.02232458880601338
0.01943018887825048
0.020633971363882782
0.02598251520852528
0.02746494234849528
0.027656534975436218
0.03223451969339307
0.05009984270333063
0.08330781109107002
0.1304609311358244
0.18319407060492027
0.2385656757021492
0.3044966732053886
0.3842138360210995
0.4644117267952653
0.532604293064714
0.6022103264889452
0.6668220050997979
0.7084815110438094
0.7208152871787259
0.7226941632466304
0.7277437668789754
0.6930846713786338
0.6223069845296398
0.5423133800518943
0.494962190133844
0.4448861277555166
0.3853433081349052
0.31604203938215014
0.25368949157416176
0.2013864944038407
0.15289916086695235
0.10847622170348062
0.07645918930148893
0.06643857376929196
0.06409001690053767
0.05744784712041105
0.04326155625673795
0.028420837781370296
0.018846418135983697
0.01613087358105413
0.015472837108941068
0.018394556046711773
0.016979162461799126
0.023613200085651737
0.0322994893324527
0.05282739884568673
0.10139688702036949
0.1616472057600777
0.2283104200831251
0.28866269877197703
0.3566416451133425
0.4149526947597315
0.4624417481350244
0.5067204604845037
0.5390618801567386
0.5855110108544168
0.6230333114704891
0.6642615165008462
0.6800821021295036
0.6879503363498173
0.671854293465133
0.6290248271343091
0.579470678456474
0.5465878142056115
0.5261022389972263
0.48693174512031157
0.42462456463397635
0.3476001442422499
0.2604989364119058
0.18899357404540548
0.14482519128378865
0.12664906409043317
0.10999744012500696
0.09440366366593125
0.07301332638669508
0.05993076173186952
0.05235543762799571
0.046524439882667724
0.03937218290414331
0.03965412480846729
0.04298569463735039
0.044646081655399905
0.048778049600781456
0.054611221740727786
0.0590366309021451
0.059455792136307146
0.062276430282340076
0.08050409462555838
0.11804571924938428
0.15611049561125317
0.19601404896837937
0.2407674821456807
0.3169254000437857
0.41059950446798205
0.5055741597497765
0.5902053367385269
0.6652696728900728
0.7240201729392088
0.7648178759138359
0.7961327434380437
0.8143774979839817
0.8181906829763689
0.8018872227190948
0.7569979889083694
0.7109177846862855
0.6760113339099302
0.6470684922725025
0.5985728418224512
0.5260384926703073
0.4291310587465764
0.33093872215125225
0.249432314395578
0.1935510698662217
0.16944159674915127
0.1475474052765261
0.11658189428095897
0.07761419919482537
0.05968541857096442
0.0497800747004599
0.04948460549953067
0.048819945386940435
0.05102933426276743
0.05040502012492541
0.04983520266924177
0.047625926854367985
0.04484778005286212
0.044470209548286566
0.04963812821237027
0.0562565997654865
0.0567081832183686
0.06757474178740955
0.10417984564835256
0.16306928079787664
0.2270612771711763
0.2839054872267218
0.33303731745221943
0.36744049727660616
0.40328054353111875
0.4493804581550125
0.5042251652264469
0.5310398418071387
0.5490814828854808
0.587948238777911
0.6383899143385723
0.6776936693112847
0.6967418929449172
0.7150770926566632
0.7019476077881532
0.6790802703990166
0.6450810404667494
0.6315455194813959
0.6191505786885036
0.5803676412454816
0.5116790867390091
0.4285110037131071
0.34751772850171503
0.26242227715944955
0.1943606153150279
0.15160342403460536
0.11169592624555688
0.07231798125876364
0.04286915833008395
0.035942379973566904
0.0291756990841662
0.02649973441572629
0.02632866096839723
0.025713663147103796
0.021737722530381483
0.02591801678954983
0.033828474117292534
0.03737641094552418
0.042409480696074274
0.06071928395181368
0.08958043040573611
0.1299688898588679
0.17616068964105222
0.22677791258386726
0.29753643164927224
0.36185811237500043
0.4325674949620213
0.500433690544392
0.5926767296205393
0.6612320523047169
0.7152553268033297
0.7368714194447934
0.7231339263388554
0.661183522132331
0.5753331698112669
0.5094176814092495
0.4717088433294421
0.44820719492649674
0.4062978350084926
0.33980131039844086
0.25306980479345187
0.1896163456324739
0.15159149114759365
0.1328162398335794
0.11247419023940783
0.09596338278707976
0.07727633793461172
0.06448328684561402
0.056234157646759424
0.054527730332881864
0.05381299012040366
0.051079867759900255
0.04614183149021935
0.04657237903237854
0.0472539563996913
0.045632404078787776
0.045399695898622
0.049210660583127785
0.05069931867828006
0.05511659994064618
0.08298363313724783
0.12572705869403067
0.18069562166281244
0.23486023411523935
0.2938313681410042
0.34151766817353824
0.3939863106057955
0.44818963658227573
0.5047197768911655
0.5456623024537135
0.5963894202336587
0.6614916419465189
0.7256719907414598
0.7628477450233151
0.7712135494240812
0.7629511924390953
0.7285424149462654
0.6782277969773687
0.6218090477437539
0.5660675548795342
0.49802717839229516
0.41421837401074835
0.3431653153301575
0.281109467592471
0.2215792284016558
0.1684661662839766
0.13044145123558726
0.09830489430689103
0.07186107509689238
0.05894357215722747
0.057738038896481755
0.051387415798654995
0.0403503103653234
0.03252979718997043
0.03246400641073305
0.035508289875186436
0.034472949088509855
0.03414642259119287
0.03463821577854238
0.04091594362598288
0.04746848992065371
0.045611290999675556
0.055307077808904315
0.10220664647781252
0.15990883517936436
0.20396190762311706
0.24524362290125012
0.3161691517336627
0.40497279261637764
0.47829342754088716
0.5362378942655882
0.5946569230048075
0.6523381399549439
0.6917679784427075
0.7230893173103807
0.7536741527400537
0.7769213524307257
0.7798388042064969
0.7476623543120022
0.6498798047981897
0.561873559105748
0.5110641812738274
0.4907042602109454
0.4236191947954797
0.3343523738710025
0.23906167531384045
0.16672567946686614
0.12372901605777638
0.0970247523939547
0.07560705233534742
0.06071493800628084
0.05911025853818374
0.05154046249700657
0.03897617976167269
0.033953581703343574
0.03752778005812343
0.040362825359970544
0.03994245195689831
0.038322183515531134
0.04078691507355629
0.04552338239062516
0.050521547220269525
0.05907750546677229
0.07882581076851136
0.1302955528300828
0.2015287760138319
0.2800507193223521
0.37156643964694464
0.4763731915867764
0.559808941789755
0.6309176093946709
0.6975817968334155
0.7461242225904872
0.7598957412033291
0.7726712166307967
0.7852742869428555
0.7879294153468019
0.7559802373922107
0.6831035076355885
0.6115579186945037
0.5561423709939705
0.5110536241361197
0.41696801531347816
0.293664177974045
0.17758752870577352
0.09950099367832817
0.05227102531797195
0.030230626224008364
0.02443994158259767
0.012628872347851795
0.007250805418908116
0.007112050237588579
0.00896033644681031
0.011990278602444783
0.019746587816015765
0.025850693844836896
0.02570445413856067
0.022287318066803143
0.02119245239130136
0.019141167200828813
0.01510466206794747
0.042725776523172776
0.10345152742760871
0.17901846524657788
0.25697303046923664
0.3573461219765236
0.45828248798179727
0.5316099256601723
0.6065863004531227
0.6837918805717238
0.7512550174412616
0.784518685488484
0.8068078969019036
0.8199290261463295
0.8369564683288581
0.8596694879188322
0.8761691536028582
0.8886788042945968
0.8871958246492117
0.861875320978178
0.803025362392916
0.706747372881672
0.596739293754307
0.49699984728055163
0.39538752010164263
0.27225067184268215
0.16995739391868034
0.11012662341730307
0.08147428326774153
0.061511127445090547
0.04998347592829688
0.035058223510131305
0.022175193614645157
0.015389008114554407
0.011152921909113753
0.008005472773199705
0.005541753225562398
0.00873145541212858
0.009080107584266531
0.00839107173983757
0.011773053678829047
0.019144451848920052
0.025179824164042443
0.04422695802345719
0.0832008633429712
0.1321486514546354
0.18742126779595797
0.26639091300171813
0.3837294216622793
0.5135610781160538
0.641836679345798
0.7304960982291844
0.7944760485418833
0.8385438364671566
0.8813214426038927
0.9193116202739275
0.9463878526526752
0.96690424840406
0.9755589474173081
0.9809211064241135
0.9732930297124993
0.9619853037107496
0.9566779060207986
0.9524159579975756
0.9325827677853505
0.8732367005645625
0.7741877040040369
0.6596112178238825
0.5857481302924678
0.5352201136996342
0.4763137560940731
0.3788878490523227
0.26813172381856154
0.17267819016892952
0.11519426892923798
0.09631405427588724
0.08237458008510477
0.07045616657055956
0.05858144350405296
0.05938244121634233
0.05510797680021431
0.04542795693711831
0.035965521183874555
0.033848481023776314
0.03185645082042021
0.030812208463413128
0.03370769814484732
0.04307006728606866
0.0552545807630953
0.07666572643907807
0.11085617585908171
0.1518661553353905
0.19131461519504694
0.252735265353579
0.34950480226542036
0.4482267655608974
0.5159259217870185
0.5884609560586838
0.6697908816765509
0.736124696022328
0.7740523433099535
0.8091055931492139
0.8421854316488572
0.8622302317164247
0.884432535505489
0.8968276058620774
0.9010789539222553
0.8843221560423964
0.8453667069430087
0.8071311280386305
0.7734564487511613
0.7359008267942381
0.6615795039992952
0.5844676193344635
0.5061892860720707
0.44808675182727703
0.36851481146979564
0.2766475831468591
0.1897179608751767
0.13504760014189843
0.10360208163415896
0.08557780204547111
0.0711174729396617
0.049614631357154104
0.03532540730703911
0.03347157573332182
0.03590965184750888
0.04078449452111646
0.03988899906536948
0.04065987603220393
0.044736734832509374
0.051185299541014195
0.05391591667956444
0.0651601915986991
0.10024927405591702
0.16068958087861474
0.2227759297854407
0.2953224160918907
0.3844939899288881
0.4747643270802486
0.5333034951250104
0.5860531945918432
0.6580650627087858
0.7352587448488662
0.7875617204515776
0.8136625767040179
0.8323052473792446
0.850028133533515
0.8557495655848332
0.8559146952627732
0.8560794857741014
0.8566133575602481
0.8507161888319968
0.8237358071993395
0.7677020081569368
0.6881912565904564
0.5910509296796462
0.4962763649132265
0.3947678942206003
0.29710261446635877
0.21732888915075274
0.1710547509184432
0.13567420809122943
0.11170621570569371
0.09923709627525693
0.08796325761643647
0.06724812578288009
0.05491220772784733
0.04568740950784104
0.044347842562032766
0.04072352171781737
0.04118139531348599
0.03829867589240874
0.04040338873794458
0.03133927518684031
0.034260361681313016
0.042211451499168405
0.07622668315994556
0.11155907098306543
0.1771588499597087
0.25346986374336977
0.3501039655801608
0.43463582807500906
0.5200835934790091
0.5841968369640501
0.657223037661907
0.7161536133804713
0.761514919533585
0.7803739418734426
0.8007786060680409
0.8178343505819218
0.8336360329811074
0.8484325660222565
0.8437284723393466
0.8217977823292254
0.7882022552440449
0.7641722955369566
0.7319039309855881
0.6771605363273184
0.5815025966042139
0.47680659664127867
0.3774289741129552
0.2878611381135501
0.2142543667768536
0.17506667090116249
0.15200239152016543
0.12781884063734522
0.1016078415519382
0.09240080291793601
0.08908858705834917
0.08720447710285315
0.07565799760155029
0.07435394434082594
0.07576988233559785
0.07716102138931463
0.07333140935956205
0.07647652689501419
0.08284595968229089
0.08555203526166612
0.0905109431529659
0.10705028550556438
0.13455333681047005
0.1745564143041936
0.23967800163754124
0.32747241634125335
0.41600916435490265
0.4898041616233936
0.549160662294794
0.6231448586241761
0.6742264880556199
0.7094550638374808
0.7222217428813054
0.7569504309042081
0.7724257112059563
0.7901438341511757
0.796222696604326
0.7993524132695979
0.802355366581902
0.806389712954433
0.786165528259006
0.7392954520915418
0.6781616042731861
0.6286766946960696
0.5938380730188821
0.5620398305176151
0.49147514360711625
0.38201512353086753
0.27030484439317803
0.19087781874334578
0.14588017356999114
0.12040623099728827
0.09906967939601821
0.09171578239550918
0.08567483073103208
0.08208372904598156
0.0754305281420087
0.07152536121707598
0.06314216700629952
0.05661517810994201
0.05536441845415429
0.061425554978581
0.06065800296854479
0.06179986027809129
0.06581307766921982
0.07492026240417785
0.07730728434645709
0.09910381764676396
0.13247341340500118
0.17407725008166436
0.23129191418818107
0.3104383498234653
0.40320992998671246
0.4902472333519107
0.5694835216215907
0.6345481193361577
0.6864676633567679
0.7216528285837518
0.7252496603810588
0.7208191581459003
0.6780134040999339
0.6487400964717136
0.6169921618713471
0.6088684958578248
0.5891934197097032
0.5605790479696149
0.5269878234659908
0.489242858254191
0.4476746845215394
0.3944472326738787
0.3486896673839974
0.2869412099993757
0.2228302653928071
0.17851614827235338
0.1520131817916781
0.1371836741880732
0.13718206699052604
0.13737143899672266
0.12161211914786423
0.11140296755791983
0.09776341520272624
0.09562120343119031
0.08986685326305913
0.0929958190644733
0.08578315893125513
0.08702712278585932
0.08539963023238717
0.08503939474192346
0.08889642235350308
0.10139090109880113
0.12404019497398425
0.14900756812249466
0.17817652525383876
0.21665724186119714
0.29231037456298803
0.3884649197313304
0.48600298707276396
0.5478613028360565
0.6055274965107709
0.6542613391534989
0.7016938302078636
0.7313169634850387
0.7662532155018056
0.7901055125988709
0.8025569024591598
0.7966173038747465
0.794874204360076
0.7853460431062037
0.7622593872208554
0.7351670037196337
0.712205833901776
0.686738865203231
0.635531491086317
0.5737350560897075
0.5032526426942563
0.4207396004657741
0.3299934086279629
0.2339677685606213
0.16598224041447485
0.13294738906091683
0.12013112875444976
0.10173728189693965
0.08171586120035433
0.07614830847257609
0.07542362828547723
0.07731625781020177
0.07678171455011983
0.07770580848216888
0.0774098840899351
0.07194649071943357
0.06880465957617019
0.0833095884853842
0.11140505590720379
0.15911262610954302
0.21472346790852537
0.28750160366801614
0.36942370443265604
0.4524444506149166
0.5126766712790336
0.5626503985000966
0.6174770295439649
0.6729476824985446
0.7122333888151939
0.7298880320317584
0.7140136234363234
0.6596623052434839
0.6153115060055467
0.5852533109303748
0.5704649333617231
0.5340053363715626
0.4874915720104655
0.41930980978204047
0.36443979092753365
0.315078543543213
0.26066232435205805
0.20466468436184557
0.1695883163215708
0.14609210230458705
0.12886773970114784
0.11825636118134646
0.10494056106698
0.08891381006181079
0.07651269096728874
0.07233643638849815
0.06786162019448785
0.06355221233067591
0.06773363421448086
0.07252244675755777
0.07797447451720849
0.0823522940518203
0.10591771713720499
0.13878075001934015
0.17556519439136486
0.21150006252354345
0.25468571268373474
0.29991183769668284
0.354526425964379
0.41823279219212417
0.4821947699820155
0.5306496490836684
0.5731018593607152
0.6066692296080431
0.6579102337447184
0.6966268246609691
0.731281825366384
0.7488230293575215
0.769263059597417
0.7768822950672125
0.7721847315503676
0.7525384516897469
0.7269805113738972
0.6952368763614918
0.6594504497915152
0.6209319663627247
0.5839584216194835
0.52931490998025
0.46364588631191217
0.3876040750770197
0.3090441944798724
0.22972261515877748
0.16710823793772112
0.12169888894134565
0.09817789993880133
0.08690404316344683
0.07790367321201346
0.06244741578649523
0.0471452090188572
0.04243191785721313
0.04499041850320777
0.04623102925580088
0.04478307607176205
0.04193449429115512
0.042404905361753197
0.040786409088502465
0.035552164264215355
0.042907409057688466
0.04220610675474734
0.04962581757562273
0.0544387809287655
0.10799867708190092
0.1709902297541834
0.23643694634666132
0.2881976275258725
0.38014100200491885
0.467821587148385
0.5400406886800866
0.576890793421754
0.614248902583961
0.6290992220194407
0.6539091284378794
0.6734293882040325
0.6884738067692633
0.6592251453904456
0.6055276975185638
0.5586774238343248
0.5381255384017885
0.5203197347853645
0.5013634240304423
0.46510419459907765
0.4102182838954178
0.34371871160630163
0.28854340025143543
0.23438806307901983
0.1861158552477543
0.14444942923925835
0.11971218734001152
0.10724595114453445
0.101957985370945
0.09336775077002564
0.08071677934971899
0.0724824817736379
0.07130309354191108
0.07526838276643426
0.07535499705286984
0.07338056828646124
0.06733602470791014
0.06405118626538293
0.06460240880958909
0.07227565930739765
0.0862492521949813
0.12189894599915593
0.16725668385910697
0.21133026322389253
0.24917208154520737
0.2999978043412994
0.38402035013365954
0.46351982652488843
0.5299675253453479
0.5713288768697686
0.6353913978486967
0.6783022258107009
0.7153942128140165
0.7182966823526052
0.7095391237073003
0.6537284584550371
0.6165441851604774
0.5768098131955097
0.5729188589212315
0.5465821529663908
0.5054656393934736
0.4233697857116207
0.3473213782194941
0.2907605817365754
0.25581926256322685
0.22479961960544548
0.17844911077887005
0.13249457696199807
0.10232373106865676
0.09268980999870838
0.09103052422633173
0.08586663047645568
0.07724669247637221
0.07111953127503035
0.0683198874363804
0.06257757211885165
0.05887971671284997
0.05821225423958912
0.06155070005387403
0.06673538180681027
0.07170713935880636
0.06905604943818233
0.07067572381133483
0.08985649666229281
0.1307708626622149
0.17976615818842054
0.2267087706826194
0.289799306830785
0.37035427148306743
0.46469478837613376
0.5180085099294165
0.5622876792368317
0.6022117603606912
0.6376429736995284
0.661530208805289
0.6776994040242416
0.6853694560451888
0.6705969646782928
0.671528548242313
0.6812061578168154
0.6853357274944074
0.673250144763551
0.6447738067393893
0.619238025657526
0.5880927297813052
0.5632326768422173
0.5381812074887456
0.499561257223457
0.43580526047386775
0.3512637918934223
0.24974210225581633
0.1657910027366429
0.11881939625673447
0.10683198846165917
0.09353563360443361
0.07982599833182295
0.05075467084568727
0.030998114873894863
0.01780815228407456
0.011646916794368118
0.007234066708306113
0.009840982218828375
0.010296737608353356
0.004082393139462986
0.004102291422026592
0.0045923505699445345
0.007629235984293952
0.0054915437010869365
0.0012859377472029519
0.004846211490793766
0.03646303808165825
0.10133313705770834
0.17418801626480232
0.24133094421676166
0.3124390570806701
0.409659583086711
0.49399179800063175
0.5788028942805561
0.6502611602258312
0.713105000873924
0.7313553932708337
0.74717993579768
0.7621725703756856
0.7729559895309388
0.7565735885613424
0.7073378950149706
0.6411577725207736
0.5907795820873458
0.5460464129082787
0.524355156621472
0.49506246021371086
0.43756738894112346
0.3352867969640294
0.24550971058501148
0.18795903559793087
0.15627592336655075
0.13251470423946268
0.10956863916395652
0.09309243684116339
0.07956415468158011
0.06768692670313534
0.06018542811415053
0.05703054099954235
0.04757719013121078
0.03435047843429488
0.023933383142037704
0.023747731692667307
0.027522393071175686
0.03238131414817433
0.037713277897941176
0.04808237717371416
0.0641469852610344
0.10085376051456467
0.14534883406475646
0.19501810127891234
0.2435340527199021
0.305347662395522
0.37136462308208895
0.4257032436912672
0.47041599884179375
0.508274595705009
0.5358522936694923
0.5679867671241111
0.6140182210732015
0.6606287662231973
0.6803579618410605
0.6873432710855212
0.6857664302461945
0.6621743203028233
0.6281472602642982
0.6121544635193109
