0.31772575250835994
0.6263736263736245
0.0
0.8038461538461498
0.6263736263736256
0.6263736263736234
0.712945590994368
0.1826923076923072
0.6263736263736234
1.0
0.5438282647584907
1.0
0.8038461538461548
0.8038461538461548
0.8038461538461449
0.543828264758495
0.712945590994368
0.7129455909943775
0.999999999999989
0.6263736263736277
0.899408284023664
0.6263736263736277
0.38974358974358037
1.0
0.5438282647585033
0.5438282647584862
0.8994082840236746
0.712945590994368
0.6263736263736277
0.2487725040916454
0.3897435897435881
0.712945590994368
0.31772575250836377
0.8994082840236746
0.3177257525083489
0.8994082840236746
0.4650349650349593
0.4650349650349593
0.7129455909943868
0.5438282647584862
0.24877250409165974
