-0.8165842629867781
0.7437529484280916
1.5555537476022214
1.1639700430801139
1.307022703658311
2.692309785548719
5.372845183025253
6.330182260814601
7.520630914946277
7.279353940238058
6.170932877941306
3.9384719556707712
3.0056701633872804
2.1652877131303754
1.4768414317523384
1.1123514659505276
0.8175129367533953
0.3284320500563687
0.12802240660282574
0.13945904134519352
-0.07018588800977722
-0.028208790347234915
-0.16385406950378825
0.012379255961540995
-0.7771615684927993
-1.2268681059594357
-3.2770084278793874
-6.565248520134403
-8.323179049157678
-7.748152424527219
-7.076669903107199
-6.014331949877596
-3.8953032182496314
-3.127721454846358
-2.2674098489789323
-0.771011084580989
0.4865375992812174
-0.42211358991765235
-0.37626970809290666
-0.36923987769123195
-0.3719377799520302
-0.5061327952144458
-0.2825785485219891
0.2687421929896334
0.5327472088605771
0.3594064712593523
0.3517529355517751
0.7203431114120687
2.0354807653534897
3.168697560250495
4.81536636594866
5.7399956344438845
8.29574585441856
7.776072370382571
6.019092640585168
4.1869107307252875
3.908794360310547
2.8134033348329126
1.8734438594892175
1.8788800647428205
0.9716217121380482
0.3125672588824402
0.3178933612200663
0.34640595398934726
0.451030538904258
0.004913300123488024
-1.3794582773221702
-3.2374372846353032
-4.353557802288243
-3.565232945103853
-3.2729776830272876
-4.7257352673514195
-5.877572583605111
-6.409087995667449
-6.175768758173681
-5.413937603392929
-3.3514070671274685
-2.0672234014255184
-1.5282757656091048
-1.2060582084286116
-1.1531049490928031
-1.02985388684682
-0.7134740839180126
-0.38585408280613254
-0.03889150060721394
-0.010114803583167223
-0.12630158907853395
-0.315710914818796
-0.14521910622232428
0.1008197833337795
0.8993894617178928
1.3195344337563755
2.0291459679671044
1.9285536589170507
2.4062853360726444
3.50403461802489
5.997190235222932
6.469154534373367
5.603219228873799
4.985790188426613
4.8644642179304105
3.4933219010850016
1.8203457962119196
1.4298125838164484
1.5546477463034691
0.9899484881973112
0.961329283242124
0.23673870320382123
-2.1119473752284277
-4.654855630683726
-5.675887603278891
-3.765538012512506
-2.3335370021991992
-2.458947028246328
-4.647751857089212
-4.317910653660296
-3.592570652581442
-2.1951451737018663
-2.2882442232705094
-1.6039593256405484
-0.9612868061543851
-0.9082638766978722
-2.3068822863266654
-1.7839469051643684
-0.3535629223469851
-0.16616567045202593
-0.5513053108183691
-0.22939605036146196
-0.3571752579247388
-0.46775901004866727
-0.26775075907357665
0.0032626061699592263
-0.20518347598428205
0.03501784519895647
0.07322770890219958
0.3040447656738845
-0.1598427487598586
0.22850993486894955
0.03957870541285782
0.2064637070277921
0.2468982615371993
0.09186419429761067
0.23819484079122655
1.1077489849047306
1.4229756967502056
1.9180015385248086
3.404406151670649
4.615942745658936
5.442046722228782
5.715112320833515
5.310432004094451
3.9523301400659636
3.5652993831988367
2.890027334438338
2.229737018038415
1.1074441140312392
0.4598529156276892
0.4025914006961987
0.4369153490317983
-0.021780711806780394
-0.9830296837746206
-2.109857068540387
-3.2265358184311936
-3.3929666439473047
-3.531217574963196
-4.975871093804298
-6.519954023961898
-6.244897710492859
-4.9316441810411735
-3.5904761121575546
-2.7680212336176355
-1.7309863375167522
-0.9838120989816785
-0.8153272130286364
-0.7519938978388127
-0.8590026665153073
-0.10982003969567733
-0.3440430021851973
0.0662081276862533
0.1689794346844136
0.5228816526057471
0.30119506067997787
0.4611869703755929
0.45285591228311545
0.632639232337601
1.7318023395465512
3.8822148216734274
4.9683465653609105
5.573363589752708
5.644823392531598
6.22158488139102
5.779489771795224
4.944740013639699
3.593252680277112
2.2962648135235777
1.5081975794012523
0.7428989385506184
0.5979348392950086
0.11479534990626968
-0.34849581451962386
-0.9961855432680635
-1.8064209240234173
-3.192633844152864
-3.608642089680247
-3.691228582854318
-4.940207840273233
-6.035160107941787
-6.337115514999776
-5.216567947838995
-4.512952989870996
-2.494054687610749
-1.7507456238737387
-1.2065733604859934
-1.3413362000408071
-0.606053229060105
-0.5677576330709048
-0.6025610892729901
-0.5405710776731987
-0.14127599246840047
-0.038546377038841395
0.16298289881594774
0.48738324246024234
0.4493252579952178
1.0411957419730775
1.2727461266881155
1.7667952384047614
2.9269430031098866
3.425689774208934
3.9632019416758855
5.4486345096784845
5.083835787036544
4.8989480389435
4.733177053667496
5.271325226445512
2.8246948989168676
1.8180547684724815
0.7123627106841316
0.41727745490215556
0.5513030914503056
1.0365598345107057
0.05954208804156223
-0.3511157226069862
-1.4097640298395382
-2.675631221540891
-3.4954496743689747
-3.2243646343735115
-4.86779367300665
-5.937085712522
-5.441150769140552
-3.8282836381671452
-4.144750781638663
-3.2937777300913633
-2.3014979103985143
-1.6154750442209544
-1.9741902088194845
-1.4392216229446393
-0.5455040662092128
-0.43687150679293063
-0.8389360318044724
-0.36994768165919173
-0.03595649922423379
0.2176168691413688
-0.059562571975179876
0.14302532131354068
0.13946802669678843
0.09978169982661303
0.4901695650825053
0.9742477922162036
1.2930217674578923
1.6907633708911056
2.77717622639719
5.601714137952209
6.958636944758648
6.909013987603152
5.373019558928057
5.471664335131442
4.042740775490189
2.5271279483604903
1.4669555512118067
1.5087233773341122
0.5536246312664048
-0.01352701240338932
0.01737282763555565
-0.223005890422899
-0.7909866190060694
-1.6262492893742633
-2.0144843396715144
-2.5801233026389307
-2.3517730790545484
-3.4444029575294235
-4.92363946000393
-5.762949541300623
-5.797118350634504
-4.277944750624256
-3.9991727858859925
-2.852895475177287
-2.605795016677546
-1.1219809189674488
-1.433224134313745
-0.7107367910615853
-0.6475464343374094
-0.5719453332285552
-0.7339691919422676
-0.6595286071043134
-0.4158544369522436
-0.050883725588858106
0.15407864601739843
0.1175784441784454
0.5039480428911592
0.5912477897731733
0.5010954846797674
0.7605046452232591
0.9636231258588216
1.998545421841395
3.4903503281809676
4.8634683978856525
6.020275864783365
5.676158934931677
5.23424964113373
4.974134620904933
4.798379906139568
3.332037494666565
1.7926695269451407
0.7633204916604424
-0.1950355709347236
-0.1277124368492415
-0.0009625494795884072
-0.03676782977964712
-0.04574103795074407
-1.4712636048422443
-2.5215431583399295
-2.1958831082213695
-1.460297500145616
-2.767948084596955
-4.32199475071001
-4.68874690194851
-4.999944111244703
-4.554879885632402
-2.8774591578810162
-2.3210709343591174
-2.3025634057096456
-2.261248778177326
-0.7734747355995342
-0.897151300002934
-0.7092284450683223
-0.8903450925222015
-0.7514333954687362
-0.7527705054984672
-0.5174832255716992
-0.24895040876551455
0.03601750680121153
-0.015387936079470988
-0.28788079061944405
-0.06215057501074339
0.5002586865607856
0.9483925834773771
0.9863363714016947
1.7169396192779787
3.244946937859081
3.1156262453913004
3.648395440027051
4.452511007208936
5.358641287651567
3.4042204598503987
2.294904309779028
2.6006138982965736
2.3328349704347535
0.9997843261465835
-0.3255096255955892
-0.07574035984428322
0.16983665546327859
0.3331469759939932
-1.2273502355899457
-2.2626725285108
-2.3843299278354175
-1.3589415329926862
-1.545611611662917
-2.346706246026164
-3.6341489359818198
-4.07653230319206
-3.978553243656526
-3.628857196237338
-2.696003592994576
-2.201541510446705
-1.537554057754243
-1.002912421691069
-0.3453781144513325
-0.5995491055486759
-0.42404805811194807
-0.18490391691683966
-0.22814431931602844
-0.25798287613968734
-0.3282044650769195
-0.25821108776315144
-0.17833574880636105
0.16880990861340212
0.28917405507504246
0.7763031740462983
0.9068072527340619
1.682379247305333
1.497018172133171
2.8004148778811677
3.4467249823741164
3.863024654229822
3.740718125413612
3.9890976491874603
3.022874043868836
2.1477153801994264
2.60145895841319
3.674331046006602
3.607242772516925
2.617644478193367
1.1515780947457706
0.09862105183261062
-0.2659526191752813
-0.1473670941036392
0.004527096672641856
-0.2650359086262442
-0.6821664378313577
-3.2803669486752955
-6.097628591296144
-6.517120689234611
-5.1434215155048415
-4.349968526163962
-4.020126674551516
-3.303855961009143
-3.5779740241872453
-2.590783345191768
-1.305273563955997
-0.2843144776695815
-0.38354783879766735
-0.39741380565683093
-0.4596620782210343
-0.2882099930953214
0.15215044672450279
0.3832745035277181
0.386669444201542
0.4763013455086598
0.7351131452188499
0.7936928709575103
1.5894931344862229
2.775294641990257
3.1166274910216205
3.5898230497610957
5.1775684050523605
5.813607750134328
4.4127220170398855
4.321630558734332
3.8471118340841897
3.07971851125338
2.004574505917432
1.3956012325443683
-0.15424759531769194
-0.8256795974463567
-0.8869941990443162
-2.833470179039667
-4.3155398360797745
-4.898361523508907
-3.7743593275160725
-4.708048702005333
-4.725930814090171
-4.440254951360253
-3.043303518100448
-2.4389709457291042
-1.7219550323960293
-0.8517122076051422
-1.0716615153036315
-0.5443245228568233
-0.5995485479148621
-0.5831730908125342
-0.21923010094990183
0.08326807274551265
0.24208575467486743
-0.2508502692867556
0.28173293087295315
0.20402740160017338
0.30395614219265216
0.5070052370171817
0.9562816001043396
1.996338783064051
3.772804734057849
3.9293796719036127
5.081283232895158
5.4078448061740145
5.600067280368075
4.623095151143884
3.928369009123448
2.865204097660667
2.146473996978233
1.9394776433056906
1.225812101651874
0.81234871840365
1.1368626103931148
1.0722975354117303
0.09406412827001252
-1.4866903722085014
-3.1358294653646785
-3.7422229489226306
-3.7661777890847583
-4.065308935757392
-4.573613178406824
-5.864383057507488
-5.377873610053431
-4.4736036898105445
-3.174332873782177
-2.961325883011623
-1.9939904370728316
-1.12882604346048
-0.6917934647783225
-0.556183455588907
-0.5669051685463571
-0.25812944632654317
-0.1988825422007346
-0.11461165168420147
-0.3114044787378142
-0.24360374422566702
-0.290592318500349
0.0714133037593964
0.4850849636825632
0.5584974001932396
2.1905378686839176
4.159567419771195
4.854148997735444
4.467460181392844
4.781721090644577
5.341333104230564
5.343438826869497
4.982405639356565
3.330497778707134
1.3228612546707172
0.8890729350869278
0.6734074194686795
0.4812775199137325
-0.27319467712313417
-1.7534322008131047
-4.857763621771257
-5.738216370894657
-4.301818654153514
-3.582837052735732
-5.125950647324137
-5.161760146569714
-3.775708516734933
-1.425812124433445
-1.7459019054944338
-1.8491024520394386
-2.0215196976234946
-0.3765552793065339
0.04541255018455366
0.20199697371207648
-0.29830623259377703
-0.20473648164598787
-0.3097849310284302
-0.4581960091105834
-0.09210169701005591
0.17081468477171288
0.1224543215657001
-0.03799165436766788
0.417659296779047
1.1048064912495381
2.9691569901607147
3.577226681019199
3.2289881729465244
1.9708554164900003
3.233941716230164
4.818990047020938
5.297999576956837
4.782582909013323
3.4544325332081858
3.2208536751570622
1.9292081340518648
1.7267687394351232
0.4958378080816581
0.09347644648217555
-1.8252401113520824
-4.7257583763595585
-5.398128851819644
-3.512872427231837
-1.343586782537651
-2.2967826994265588
-3.635230627983003
-4.6606136679977395
-3.6888118274912083
-2.9978470700281057
-2.97092958456939
-2.359493950232175
-1.0032867050415226
0.09353343480598554
-0.024954046687185347
-0.27413986751743996
-0.47490029383998966
-0.5092081917268975
-0.1299328728919043
-0.3108563151738514
-0.18216892042996863
0.010862987501434484
0.35647762524224524
0.16464067945490893
0.48723490654666685
1.4580965225827882
2.6806464046543774
2.6653996915246085
2.667250908368382
2.7300090686993443
4.10706048250562
4.151705440320231
3.2518933811145927
2.7906122140014187
2.659655471513741
3.388969384311575
2.2730145913387134
1.6161867212499357
0.09765273016430334
0.6685940771525758
-0.12207739937929954
-1.5382374380605535
-2.709789231071212
-2.266715803246007
-1.5577297405369614
-1.4574882159979894
-1.7706059877984566
-3.0684668818428458
-4.900820430424383
-5.5427224812926355
-4.884928836239491
-2.9506621008762766
-2.2830051622952454
-1.6668032652971114
-1.5676642797586018
-0.6014090253077318
-0.02195764176781344
0.05273298056724032
-0.12689835732949983
-0.4402142425452038
0.09574978765400119
0.22574918627897614
0.11954531080215036
0.20944410600662597
0.4106472739555922
0.7604282450420361
1.0834842421928859
2.810589033713148
3.8155106692098553
3.7350499823220553
3.475033532616221
4.583724492677601
4.767678972984755
3.209280280945316
1.9654301224348443
2.6964360680606227
2.777198645187464
2.147418883398697
1.1693943354376743
0.05258630255307222
-1.263627651180735
-0.924519454714688
-0.17551839909534792
-1.6116054714200498
-4.107012729724082
-4.6854826337965685
-4.737752182446161
-4.329426648787169
-3.6072774275618196
-2.268629076849819
-2.4254162171148823
-2.5177564327315967
-2.710270226591931
-1.6708002377635076
-0.6842354610730124
-0.18638549575323243
-0.3563102051959233
-0.5041740968709943
-0.3928871448261519
-0.41207544736021906
-0.0976017970563696
-0.383374075313724
-0.18326136762087109
0.15464026233349146
0.3555542837813893
0.3291252114949647
0.4492571449606392
1.1191934876104612
1.4827095497284137
2.419760813905592
2.6484514153535663
2.415152945121523
2.846590995891322
4.604958365745753
5.056564796242489
4.401440490867108
3.1309225512129886
3.24246935904567
3.2219695887114503
3.23229337962271
1.4820018410220577
0.48717126584276177
0.8098501553800982
-0.15164515640549744
-1.6264415075416196
-2.8047775506408974
-2.7697011524960136
-3.1361715845488685
-2.9275854445902114
-4.137019205359929
-5.5082327145236105
-5.722437397152832
-3.9501785182896234
-3.219711842095592
-2.391879200950194
-1.4550219555775357
-0.6887917159175144
-0.283865842381586
-0.2051305510789922
-0.08175469803799805
-0.5276199463648149
-0.2018226312691201
-0.2289677168659701
-0.05870022175328934
-0.4562136973385808
-0.0195004037693719
0.13736014664592217
0.5183458574301284
0.27365203321951165
0.5972557606540011
0.7206299897336044
1.483070601627875
2.3663819943795876
2.7536839569914244
2.9907483956984433
3.9812630046592687
5.268815915501762
4.776567272659015
3.3926905663189824
2.1951924934896376
3.482975929191603
3.856412919726814
3.041833547989536
0.5869670784043365
-0.16418368120772842
-2.055270713401267
-3.2937414185858302
-3.0548876695061646
-2.3558034090316102
-2.6503968890738285
-4.774037230194087
-6.428858592256709
-6.443021828612871
-4.01865395052427
-1.821427101210956
-0.9515520261871978
-1.2555779249169807
-1.2932363693146713
-0.9594525017716127
-0.22268443219657683
-0.28618388715379534
-0.16419682255663873
-0.15121495644153907
-0.06178797743818719
-0.04780521887884052
0.047987434018898024
0.14176447129658504
-0.0007105484706703263
0.027451499256104954
0.6356049500404302
1.2817539992205889
1.9739624016620154
2.6428079656443786
3.705853138018769
3.4883461586043696
5.22522526172223
5.939417364974035
4.903634676404101
2.5227145181742596
3.982732685468306
4.8111596802668455
2.497704744677609
0.3110127303833575
0.8300609168297144
1.3054720601161471
-0.28640458591154067
-2.61591173882047
-4.008925225407841
-4.855589803697052
-4.761436322382084
-5.515409771362006
-5.968849491186902
-6.312033724582771
-4.677491025086536
-3.2444846275765094
-1.5386285755248275
-0.760296597498205
-0.1513035363285914
-0.8843475185653705
-1.0281963343774438
-0.5192271306601863
0.059589139589046415
0.1488987368446877
0.12130476580101142
0.2779378625290757
-0.009431855685165472
-0.020262211004352007
0.3579861902932417
0.7952874827097723
0.7193092618944724
1.1212223733184503
3.2335898471832625
4.4631766811362965
3.759844571445152
4.390083343484883
5.623143712310119
5.755391426995788
3.2390324256087255
2.6691448868806327
2.1932896590077293
2.6739382372061398
2.0210122084216793
1.2908119677787402
-0.7300191139231254
-1.7072501071296404
-2.1100182748866714
-2.204991032991025
-3.1684183621080746
-3.721753578953323
-5.149161633731448
-5.971047455866901
-5.504737843752719
-3.758821682467158
-2.872504746916054
-2.058827365763849
-1.5825173545600026
-1.2050412445931065
-0.9110794569650859
-0.6999967305641885
-0.47509691873306137
-0.5061647706532757
-0.36017001693473977
-0.5875777205656598
-0.43346104343334646
-0.1736639956657839
0.07222694913793454
0.320912630678534
0.08894562839820498
0.011495557616455678
0.27467908307742667
1.0719193805962004
1.992478103264477
2.8291872026851226
3.1639883681459313
3.322296305833571
3.955859850194588
4.7830297689424155
4.811873446450224
4.091553976166718
4.17636200545411
3.8767007166509697
2.4995703566405636
0.7400265680950312
0.11273256407426374
0.3029762179407153
-2.0795457300203877
-4.246661210939881
-4.799616268664492
-2.8410713950831807
-3.0045637426994944
-3.5725691772368884
-4.158076125165096
-3.7411528684795154
-3.1381798302191073
-2.909240012213467
-2.665376349808171
-1.9210219441194059
-0.601236931931852
-0.14091341212525052
-0.3985301868076198
-0.8511774518203438
-0.8904431085221098
-0.5744651787231674
-0.16293267329578334
-0.03948218832678171
0.17530313626625227
-0.0849236150947546
0.39804225743117927
0.5211773548080317
1.2316745707941117
2.914169290480821
3.6150191243823135
3.9997928593830707
3.621136721330936
4.078736780482161
3.498662978783166
2.8493432025177365
2.6567227409686245
1.9404851803342054
2.7869478418605533
2.2513380369644667
2.473692301821301
0.9492351377194981
0.47209405321879766
-0.9657625730811097
-2.56976797984931
-2.973248920669954
-1.9729718550518627
-1.2291345125030528
-2.350229632615018
-3.7384308291799266
-4.621465223503851
-5.2260724698203855
-4.290321741990263
-2.650102965696878
-1.090567631601391
-0.9990974379255224
-0.9356265875445959
-1.2834202367541065
-0.7849538792895782
-0.4545194462324062
-0.3498598647196617
-0.4291354187114894
0.016916514259438232
0.19989418973299738
0.0996232210829658
0.24791807672290717
0.34999032839676236
0.265524549685054
0.025149674049721456
0.16923828876198538
1.0936598605930439
2.2524974774296824
2.2838865817120197
2.394213201427708
2.6852059906379457
4.569475073886074
5.620446265452099
5.698479316907383
5.077870619325315
4.503860169092526
3.5250300029483643
2.4478621784775005
1.8788920514525789
1.094685272756225
0.22879109954324153
-0.978207615436393
-2.6933540286436775
-2.7648122533248976
-2.09438704658144
-1.7365704982455734
-2.909739027002935
-4.352060949128878
-5.814446035423566
-5.891540195719785
-4.890384465340212
-3.352874671761569
-1.4465683870241537
-1.3136514883575847
-1.8579306597339353
-2.338061705168149
-1.0757268374316038
-0.594320632230305
-0.01772815205575299
-0.03987960675541626
0.13256333254961303
-0.037458848270523114
-0.03418904734101329
-0.1325565488924345
-0.1666888080903613
-0.022654230274534625
0.3100751198449738
0.3971082931869962
0.027095007172927857
0.6519935141424937
2.196306231656237
3.5333661089716455
3.839519782398198
3.410652603332925
2.9479098135293955
2.0641907894633214
2.150402775270878
2.7659948774331915
3.2906824242862514
1.6088805948416
1.0824984647005846
2.3320053535454517
3.0265005336398474
2.35822529836288
1.1428934180180124
1.1001119827045893
-0.787769092110642
-1.372040243348274
-2.0399537959361496
-0.8121312591210824
-0.7436964475735787
-2.326976246581457
-4.121313270387705
-4.990084981554404
-4.859596512683799
-5.105727080536219
-4.08369971066466
-2.5654314768254984
-2.3944498673430448
-2.362676699207729
-1.7669293757205051
-0.41560670139104644
-0.4060008533640653
-0.16055788010640376
-0.010264406839741993
-0.0368998692776082
-0.23855643700335233
0.25081765555006164
0.4746274396645892
0.21287620969391077
0.3019841850330229
1.0985881953441927
1.7316687872354444
2.423307567188045
2.771507986931217
3.0370333765684276
4.24551114392454
3.859300843543911
4.242562955221493
4.071971734941607
5.534582344569151
4.113319361050892
3.2413964699162596
1.2969655584878952
-0.8242495863563251
-3.7170242523916768
-5.151021139263039
-3.954929304121271
-2.262530284788573
-1.4100989041768
-2.514561595079856
-3.989791476603331
-5.203890336299636
-3.807207549658895
-2.281491269092458
-1.126515078840919
-1.2205229756503637
-0.9906484471395292
-1.1212226911481462
-0.7675830653399055
-0.49494775193130414
-0.10238563883263756
-0.04288441274869486
-0.16398734163021347
-0.296282176180871
0.0258328525295473
0.04089464203876788
-0.097293139254217
-0.01396249080994737
0.22865788107031138
0.08931948570914139
0.2650368757419825
1.6720219917958372
2.5646055334071165
3.298113778127094
3.249876747145799
3.5382680415453374
2.8611780019522053
3.1481185459356134
3.252199558589
3.3918084185328583
2.456551533753017
3.0436270667968857
3.9061333027718326
3.850820927695855
2.230545256911443
0.5019482640459924
-0.4957414190990763
-2.0645266495699106
-3.018877078133973
-3.3851249540170794
-3.3444895718526593
-4.082422589234574
-5.0285282628930945
-4.263183520835694
-3.7233508642606057
-3.5718143514491154
-3.1867837270609343
-2.2814829029034898
-1.9281934157214722
-1.5866291526000091
-0.7750501763799388
-0.07233199564473138
-0.38103738586962727
-0.6622263259999336
-0.4692307905212048
-0.003947446754242128
0.18265700786721362
-0.062120447200598373
-0.01959158983902032
0.0295075912409663
0.3766636708464512
0.39315277768027207
-0.11143193525869546
0.5817472085536346
2.8139741201346524
3.4621313220933065
2.6431843466247487
2.476902916688125
4.255531729944998
5.328218452963198
4.399238095469883
3.476668003482261
3.5051417243533596
3.4608730170083803
2.365790309265446
1.879280332060498
1.8350901257804808
1.3948319814404002
0.17504710654624372
-1.9305869936697881
-5.866952970829082
-5.28037474154568
-3.048562669915411
-1.2215952637729883
-4.025103924928168
-5.356009255467797
-5.717441913430046
-4.340159750818706
-2.579799804545533
-1.6022558198290506
-1.2850620035165092
-0.8935268597440459
-0.0962807680858315
-0.4541877624705592
-0.7538569641200756
-0.30135588349976405
0.214451901286758
0.17010271811083633
-0.02522240418433565
-0.09721610648203591
0.1478838934814864
0.2841880390241481
0.29988988977867903
0.5133574947901951
1.184898318104159
3.088184523694461
4.27399339102519
4.7113165985114795
5.490943219474694
6.288405116390262
5.0061450121790045
4.266520056294285
3.9998512463249023
2.9125455454244666
0.8262911167705659
0.766528525647936
0.7561842187235687
0.15930770423679536
-1.9169506772755864
-4.372603785396647
-4.29273533646533
-3.3249328620321843
-2.705324811471202
-5.6451365293576075
-7.398230240366411
-6.964598956096684
-4.685192101645988
-2.833798101621534
-1.3224239456378906
-0.3474410784846613
-0.7086641540846418
-0.32268401573663913
-0.00832531087917267
0.11089717255331018
0.18179652933803997
0.46537855281428536
0.3662463617292887
-0.008774382376573964
-0.20502816430541965
-0.06569194053011074
-0.12307711142835984
-0.2421903079728427
1.6572668673136124
3.6435450542663634
4.534016269138408
4.677273913358794
6.02238549043756
6.056181960316764
4.3996462607027516
4.49858248757632
4.63233480711633
4.047788212172495
1.9958200828334618
1.3373526848049642
0.7872677546655974
1.0216465309517746
1.362781175398238
0.9899799410416129
0.7505790415043583
-0.08897877872311283
-1.5192302202617824
-3.53099751511592
-5.776679370674969
-6.600484747642274
-5.984366788424388
-6.096739630734887
-7.388210895538049
-6.137596675440458
-3.589846230082075
-1.7191404089737903
-1.1977893493591272
-0.6916590910075117
-0.8955151450899856
-0.7729817937292128
-0.4071711300054682
-0.2541651723263995
-0.1888469481548536
-0.14782317285824687
0.19138213119398184
0.020919130328273795
-0.04134215066574006
0.20291891633950018
0.4422838902054854
0.36212233890728684
1.14282803156495
2.338434319170974
2.936867286699392
3.316356980479543
4.738178712345879
7.040310519634071
7.789899387225251
7.696536073785092
5.319565133003484
3.8387970187621505
2.644067275515986
2.5666563682043115
2.279410660202222
1.624573942724953
1.2309837450828927
0.5192819407949163
0.3217295404083403
-0.45768460269677685
-0.678463560105019
-0.31844386139708003
-0.2557168813933942
-1.1899914127333182
-3.560764033247486
-5.942939793631872
-6.874589170809653
-4.431785251884195
-3.0316809955701864
-3.5343814563338647
-5.845554422505357
-6.645367514024631
-5.727212018978247
-3.4490352743816883
-1.1328128792008674
-0.8363684514469956
-0.7151048108727536
-0.7124833839904362
0.04805986273735433
-0.25646786496769575
-0.5808011917857927
-0.5677461451946577
-0.1270224096058746
-0.1195218122013729
-0.06265454142042863
0.17372938088606157
0.5617421484731924
0.7310708086216401
1.2846687405590391
2.051426965199898
2.460598768578667
2.3669075915795212
3.685239009512132
5.806172214709575
5.92331779772896
4.061949373567494
4.352102056300166
4.8797955370712645
3.9800288607468532
2.275658837257662
2.103194990355743
1.9847903099782844
1.2026880040541172
1.3321382273439333
0.7437042213951931
0.25508088361068887
-1.0054078727915943
-2.337326945963391
-2.294134734262335
-2.0204807572482704
-2.2533373174155193
-4.4592793676968245
-4.626713079889183
-4.696699995743832
-3.4861520546878184
-4.7743164214491545
-5.512033699375331
-5.215777336301241
-3.280221643996883
-1.8867311104640732
-1.0814567753213327
-0.8676197463486139
-1.2901704949505288
-0.8573534430067655
-0.11122989442304368
0.14628456685123192
0.29249056041647126
-0.05372972734481028
0.0462526180100696
0.24461152801834046
0.3869138825103113
0.1638370283129891
0.6746564951481177
2.105344947433195
3.626418409361296
3.7251809344097695
4.352789178387248
5.350294430220149
5.416220229080784
3.5123500826859066
3.16498196801015
4.320712087016802
4.631620928404098
3.13817853616286
1.5660513751465068
1.1185602405136676
1.063373169256059
0.3432859230791081
0.009907780676401976
0.00988743067969212
0.03203230716880516
-0.35383012369509814
-1.618822897959534
-3.362027942543636
-4.770645093989092
-5.8284196146489435
-5.686473885985506
-6.09050824155662
-5.859916785254827
-4.786423518936634
-2.776448293938731
-2.1228325696324934
-1.438079543132225
-0.7481471658262496
-0.6764303195291214
-1.242907910013454
-0.7401550833020075
-0.5534878932004089
-0.08037401674848378
-0.2174592506529363
0.027472415740118945
-0.17296316526464472
0.1262827707321305
-0.5438468130662872
0.1752651896683725
0.4770653890713505
2.04091389964631
2.1199432693873126
3.9359867385988205
4.578660827018948
5.7980461102077925
5.071911749691182
5.126865924240295
3.8467946091018583
4.381572041871665
3.5358345431140594
2.721678369186972
1.1315413403912784
1.2242798516759674
1.0233446708329135
0.9481009439511939
0.887791982468803
-0.282245620974611
-1.3158414006073442
-2.0157316251105173
-1.4417975824253746
-1.9361018730822201
-3.2846036794963696
-5.739476383385376
-6.28175999777647
-5.9626573516997485
-5.374070159964611
-4.416406280201097
-2.351261752541601
-1.3838567628599023
-1.4510130529692946
-1.5726599451241758
-0.5524223180401625
-0.19873295157522167
-0.1130465973297438
-0.6927887700782109
-0.0782431956434651
0.08495627968631941
0.08346834322299379
-0.2297767217851682
0.18870705212713934
0.3821659672366235
0.16236453476248847
0.2975344734780039
0.9923605411559651
1.650183078294434
2.4001846496230383
3.9072952400010803
5.267664882223026
5.312204880818128
4.427699836109707
3.5613900402842273
4.43905177976318
3.064897765886148
2.113714546911774
0.766000742629517
2.083721281374283
0.9285168181047446
1.063087376713228
0.36473174718903617
0.18778299991632788
0.1801771987382146
0.24206078235187212
-1.2134510817256874
-2.812204570047412
-3.668030869101553
-2.969094574627158
-2.090317300631365
-1.9078945500757254
-4.233881214630171
-6.567601204575297
-6.70261674826175
-4.7656215389891905
-2.6998587104014318
-1.5284365543622591
-1.2801930960762762
-0.4412338200304731
-0.36245709986864666
-0.21546610110304318
-0.3991920542383096
-0.23431001549597624
-0.5029916526466164
-0.3916193337814727
-0.07504557934725146
0.3636681914656234
-0.046053120602175375
0.06851143857279406
0.24079304346767386
0.5464310840975128
0.14322131653676276
1.3077919980184864
2.0021757454939206
2.4962302005999324
3.432879846391198
4.748786138116311
5.566294809795146
5.222238201912193
4.754177296181067
3.9038758628734143
3.115172641236787
2.1111099136191536
0.21580990783843018
-0.2658301341094688
-2.568345242758125
-1.75639845769332
-1.904876076022099
-0.4874199608112632
-1.180504568887362
-1.7168623044053954
-2.015473470217129
-2.264697912708118
-2.4940904239592374
-3.1936471108598234
-2.745453917392448
-3.704907443077513
-3.8466566763943364
-2.6588470272273743
-1.5901779888402674
-0.8897704562163451
-9.643185282959813e-05
0.01136232037179783
-0.9455591909313583
-0.6125490953966988
-0.8183731413116615
-0.12853270629213615
-0.3452610100878905
0.18773794808486077
-0.4327596079931147
0.07463783127623995
-0.09764955320833463
-0.021614129427823932
0.2314216566947903
0.7496687247177657
1.3589576325110646
1.49804238891071
1.7501374278807453
2.3088429964411423
4.539187962107711
5.7692727101008705
5.852284040485098
3.7114989457977634
3.459971620483059
2.92403055856385
2.8459494632614337
1.7773879966306094
2.096175121006131
1.4311378258239973
0.747083391617219
-0.3563759150648174
-0.10458597088023253
-0.5716896752323734
-1.3851993531206819
-1.6255430100733927
-1.3776701890715388
-1.5280181219124631
-3.072442447015015
-3.7077860997967793
-4.228944803727315
-4.950782533708159
-5.44477151026898
-5.761538404040824
-4.079131688769019
-1.9820910812131713
-0.7689756183880679
-1.1036308114506694
-1.2012852417951871
-0.3340531636666424
-0.04348081122593381
0.11355777148347852
-0.032072595604911415
0.05544563592294614
-0.01775546353402758
-0.3278036022301104
-0.18850986859577362
0.8702957345528901
1.6857280453092713
2.8624542121405168
3.336650507938419
4.366688145569694
4.915326045878674
4.981244770935918
3.613933239846454
2.9984236332639487
3.2895978626322857
3.328239177274265
2.3571423789990917
1.059278592993931
-0.95246451572616
-3.261079091569857
-2.6610479542763814
-1.8034917045104186
-0.8873026541191524
-2.187575819409291
-2.790825861665982
-4.090905733705735
-3.292201131270596
-2.9616748430587747
-3.2649731514694835
-3.35985839941294
-2.1045820824161576
-1.4097728410191042
-1.0334617562064112
-0.6366827111881194
-0.7989480068618621
-0.9616050603102078
-0.744067145671365
-0.2505752747274496
-0.26848897164057606
-0.2585644718287311
0.2508853130283113
0.2873287525846307
0.3271216655789918
0.262669172076724
1.4139253851231617
1.9717819729278012
2.2070666623216084
2.1560920879308374
2.591139009611625
2.7135675007764615
3.276875296061956
3.8223819736649274
3.8377186673936974
2.9072927460987206
2.547132616622954
2.01404221483979
3.0744602482006873
2.3229954549746843
2.079300042325008
1.0524722394683137
1.2264018143935378
0.4571541281877549
-0.281853811010711
-1.1787767916373109
-1.533476418950741
-1.9046181007444325
-2.147185594198715
-2.311109005727561
-2.218412684594126
-3.2786106983541985
-3.940141420100493
-4.562508674093807
-4.713592835828101
-4.759294759265966
-3.7568626332635957
-2.7245609397821022
-1.4112593401527393
-0.6764314065213085
-0.5400221970860329
-0.9273754455309486
-0.9181324060583339
-0.28279746969866015
0.153510038759687
0.07443664515557491
-0.0868771910423346
-0.17091490683642588
0.028224664235886397
-0.09710977639502871
-0.31405468945724446
0.4413146876084117
-0.04207813817646089
0.4451826492525488
0.28877780118858254
3.2135937691883076
3.7794931603363584
3.9268029955488983
3.1056408707528487
5.516602468743093
5.260835108607147
4.333146091902341
2.211006284500169
2.2414865497325507
0.8910191661286399
1.4885943851064078
1.1712155859692541
0.9026651139137042
-1.7549196827291589
-3.221846872313091
-2.8110164210544997
-1.2331131259519905
-1.0683482169854959
-1.1373786452953973
-2.175553765882004
-3.293154642219075
-3.989974337347198
-3.31051868129216
-3.249320230345121
-2.8963324698754778
-2.4999855605098995
-1.4842345139548945
-0.7479741717285073
-0.3172779464153849
-0.5154140760551907
-0.759058285218442
-0.494057854564788
-0.07076329390361333
0.237917353471404
0.005196857186135236
-0.1184657259844977
-0.3626726147130863
-0.19709030655164367
0.03307335265237126
0.46039502986844194
0.838415573255066
2.1389816282506
2.721464271596637
2.644414761887284
2.2705090992790193
3.049543367765696
5.041352747540819
4.769968583474005
3.986861929227792
2.4816810914653877
3.843751258735083
2.5746496777203975
2.2255192201990637
0.17414817231533478
-0.525453518718213
-3.348639915135982
-2.2310563976737123
-2.3840623178976865
-0.23345725645670606
-1.5802023572905333
-2.4669908143751744
-4.925751220910401
-4.5629044495278555
-3.3936477889753167
-2.0964791504010307
-1.8611785774665912
-2.781030529594684
-2.7572720290124755
-1.8102507536005812
-0.5780352641968127
-0.09955714634260437
-0.30983362499258077
-0.5171962800049272
-0.3676296720805328
-0.16797863031900628
-0.34453891905174466
-0.2218713243600659
-0.04004774839565356
0.20030674885710614
0.31108090517619197
0.29830545311971907
-0.1590653952374509
0.09718046238915531
1.1508463710575445
2.454861959994942
2.9397177315725047
2.8165567496520922
3.785432168889342
4.8332978791372225
5.660431013584302
3.1988232931971456
2.656750158444494
2.3954448674317117
2.1258728003303493
1.4332341063457192
0.9701517131370012
0.4602031212568631
-0.8863494820138145
0.05589501384121716
0.5806565744700511
0.24777418065553633
-0.7251349638514227
-1.708580281449436
-1.5321468649118901
-1.8687177525733496
-1.4916031763453579
-1.5030881612080664
-2.31719701591745
-3.825359804975573
-5.072488114827017
-6.091301378255404
-5.0370659711506915
-2.818296388794666
-0.7192444677045591
-0.7977812914334091
-0.822578116356686
-1.74427964916824
-1.1853933583073593
-0.7913977553892632
-0.3696741293824075
-0.26477100516373536
0.15641493063131126
0.027345323371500377
-0.3728606681334434
0.0011938969538163853
0.02940354887507197
0.18221312486097538
-0.1282615369924282
-0.2523363572330535
0.21361642461541547
1.8970095954519768
3.8922059385632264
4.371292752424956
4.028575677117789
4.2664867718347494
5.833231560362787
5.059932894834453
5.088665776795749
4.287495956716753
3.7706304388857816
1.095023543814406
0.9494725516108378
0.8995580746803867
0.6470051493152263
-0.9829440581756317
-2.9541416127824762
-3.970807349652047
-3.022691426005191
-2.6839901507441795
-1.3014753772084748
-1.7575617844657698
-3.449704276354705
-6.1368355186259915
-5.3866251827413825
-3.4530404992250325
-1.9009867338825102
-1.4256731476253648
-1.3767639045304478
-0.9885721393676443
-0.8116969295748699
-0.7126336787067269
-0.450089915339114
-0.18929322687646116
-0.5672010520999266
-0.7936027018149988
-0.6250257175354662
-0.01113908696222208
0.22647968271051563
0.2915352646199351
0.31991782498602905
0.6221459565462816
0.9638764852392697
2.202406515211941
2.6697044130116594
2.9801560328488867
2.9109570864595518
3.7088165805374054
3.9610176411933966
3.2603172365508812
2.682765309031744
2.271515811793044
1.6546618778687383
1.92806840727724
2.761887236945579
2.79663270899991
1.1837517370716026
0.4191185546676673
-0.0946104503596033
-1.415526596602355
-2.041623602311185
-0.959567804699294
