0.6847826086956544
0.5468750000000017
0.4200000000000043
0.6847826086956544
1.0
0.6847826086956544
1.0
0.5468750000000073
0.6847826086956511
0.546875
0.5468750000000073
0.6847826086956511
0.6847826086956584
0.8352272727272702
0.5468750000000073
0.6847826086956511
0.8352272727272781
0.546875
0.8352272727272702
0.6847826086956584
0.8352272727272702
0.6847826086956584
0.546875
0.546875
0.5468750000000141
0.6847826086956432
0.6847826086956584
0.4200000000000077
0.8352272727272702
0.4200000000000077
0.8352272727272702
0.30288461538461775
0.6847826086956584
0.30288461538461775
0.6847826086956584
0.546875
0.6847826086956584
0.6847826086956432
0.8352272727272702
0.42000000000002063
0.5468749999999859
0.8352272727272702
0.30288461538461775
0.5468750000000141
0.4199999999999947
0.09375000000001403
0.19444444444445322
0.19444444444445322
0.30288461538461775
0.30288461538461775
0.30288461538461775
0.09374999999999375
0.30288461538461775
0.30288461538461775
0.5468750000000141
0.0
0.30288461538461775
0.19444444444445322
0.09375000000001403
0.4199999999999947
0.19444444444445322
0.4199999999999947
0.30288461538461775
0.42000000000002063
0.30288461538461775
0.30288461538461775
0.4199999999999947
0.19444444444445322
0.09374999999999375
0.42000000000002063
