0.5608966998342269
0.7717209822178984
0.8423192908875665
0.8631294113172668
0.8854588365654726
0.8892378679769023
0.8918789333603607
0.8891463745730724
0.8860909006836993
0.8850638266099489
0.8889031471310739
0.8933280365425328
0.8896981425352846
0.8854833290974107
0.8819894410872218
0.8893099663727483
0.8885009996445117
0.8851795156804223
0.8806960337376284
0.8840961628105964
0.8847580371517608
0.8852890321299957
0.885040321623351
0.8879535708492103
0.888630144794243
0.8901659932855642
0.8904833700705566
0.8863883021589107
0.883942199341531
0.8868921008504705
0.8900534323534892
0.8849349281772863
0.8810525837439753
0.8818242608540616
0.8854426933363269
0.8842402746461335
0.8821068146708513
0.8839044702353341
0.8892312974253451
0.8865127254750098
0.8856491260281125
0.8944349107996086
0.8882399986661287
0.8198582615419873
0.7342136455788792
0.6369651336022323
0.5009123401188091
0.317355573476106
0.175866898440892
0.09512914034889429
0.05778452076953672
0.037021973865378366
0.0323685317743124
0.033968491388681445
0.04252270962135656
0.05149838516329231
0.05848534554886904
0.06866460504385355
0.09079311905999128
0.1329308186973075
0.2056585476951557
0.40171481634513906
0.6366473922838228
0.8210515855916606
0.8799566992739604
0.901765017687238
0.886954504781763
0.8782187666732915
0.8838753603632776
0.8902345991355342
0.8901150868405093
0.8849025261731911
0.873972451226454
0.8654381229844289
0.8665200725150489
0.8685114478193745
0.8645745992795882
0.8709768098038462
0.883132991791335
0.8345877667873225
0.6989347527044053
0.5159721332969289
0.3372909952592945
0.21191356168264142
0.1451585566729631
0.11829534513087897
0.0816215099849443
0.05646264548227336
0.04730374628016938
0.05297386593307063
0.06859211079313289
0.08064939942508667
0.09167420632080786
0.09419078058787285
0.12308439078234162
0.2567453323604207
0.5100725874406243
0.7392387084967769
0.8407814565090868
0.8573263689836198
0.8534996946188309
0.840095121548835
0.82148717332523
0.7956100228058323
0.7689056844330401
0.7668738562724544
0.7610718256282514
0.7534449707932716
0.7414101479441558
0.7492165612473991
0.7583501068428169
0.7917725538626545
0.7877540637606766
0.7021097666791895
0.5429540710626541
0.40049260637659395
0.3052077760152453
0.2407159463995781
0.17172669180511077
0.11497701574224833
0.08248517543917523
0.06848323756631278
0.05944388416909553
0.058052208411336036
0.05931653726753548
0.05791676781949066
0.0623314900031824
0.06748381160561748
0.07259718957714464
0.07774651302747741
0.11522566177839397
0.26035607087896123
0.4954915477598489
0.720590307757639
0.8508718061507135
0.8996381244167955
0.9025227780683147
0.8964379354416394
0.894894502903967
0.8924637217514279
0.886899617678177
0.8918812072956759
0.8950271441437269
0.9004434624677805
0.8940463117483255
0.8968604822762386
0.8978122064825809
0.8500102785778718
0.7100072661049448
0.4904691186624955
0.31155711681749904
0.21458550438219548
0.1781728007942487
0.13276211432600885
0.09600521754891804
0.06859800761402893
0.05264301867315198
0.049249278020445514
0.051794829213311716
0.06065208075500612
0.06982360759601645
0.08145334425972313
0.09351281084865193
0.08130475580437738
0.05734598091115442
0.082372886996827
0.28850719494361105
0.569575920210561
0.7759931244285708
0.8289173828558092
0.8435510678153715
0.8420357627808491
0.8419400071193471
0.8523440354918376
0.8743299192913115
0.8931280173627155
0.8952541778919072
0.8949416952780529
0.8999193217473238
0.903844267369226
0.8309313109963588
0.6564598144975184
0.4447379733093806
0.29620779222468896
0.21617961940262825
0.16390400503119584
0.11801946763294256
0.08775880584336254
0.06245269584143527
0.04815369662804442
0.04798214007558954
0.056684920725649623
0.06166552834130391
0.06821808300674338
0.08049925946321812
0.081556350079923
0.06804767447400273
0.05725952098418481
0.19262976354579678
0.4333124543871578
0.6883820510281107
0.8204406457541515
0.884097170323072
0.8838655824829098
0.8838222578888342
0.9052829035150883
0.927301157038202
0.934336080431932
0.9311789782877167
0.9336570865116637
0.9340829381121359
0.9294824669806745
0.9252052343895153
0.9144230303091521
0.8893314213827173
0.7879173040536425
0.5857783017809582
0.3788315440168788
0.247279569472321
0.19497331842665622
0.1566126180906642
0.12699941406477136
0.09761541933095187
0.0846101734841644
0.07775921132829505
0.06983824164419936
0.0704125948907185
0.07648204310872304
0.07984143614302669
0.07821832595026741
0.07400028695077009
0.051333536419032016
0.06606952534921963
0.22587959568885335
0.5154987165367915
0.7521187002505847
0.8650877774981933
0.9069894027413803
0.9372918491468567
0.9391138602025708
0.9445958679689241
0.9494697545466244
0.9527025927723423
0.9580113686426602
0.964653333167203
0.9691708906457454
0.9653478641806907
0.9073010117615592
0.7197208204011469
0.4870515862659004
0.3070494498956092
0.21340186835591682
0.13821508711681732
0.09005507595366039
0.057735853072825805
0.04419116696690898
0.04136824502916504
0.04494947316056045
0.05047424831203717
0.05208960961677755
0.056771036476412184
0.06423789717849297
0.0679553151740673
0.06888987303104938
0.12363884846405657
0.2961684403926107
0.5603869870481741
0.7734192064074511
0.871722630817472
0.8951878584563882
0.909061720619676
0.9108165711902901
0.9203071198506324
0.9317937798877446
0.941197241645695
0.9429618768874382
0.9532146037298457
0.9632439793758135
0.9344095680303549
0.8192241369741012
0.5886083522113372
0.3522163956642196
0.2075130498407724
0.16943856288450393
0.13931510562586158
0.09965587745593929
0.06344112255291051
0.04984235810990938
0.0537062498011332
0.06447482848133376
0.07104482562253399
0.07640135564110231
0.07820671992335962
0.0748375483181685
0.06803452139962976
0.068540591978962
0.10733206526728951
0.30519504964602717
0.5872710953053006
0.7978048359399905
0.8469990768641297
0.861475893465413
0.8792534117015397
0.9037024913758718
0.922754020375392
0.9352303823389831
0.9402272514539932
0.9440475908421844
0.9521351986938973
0.9674219459191113
0.9563399118928531
0.8675004669166874
0.6636751034469074
0.47091165517642375
0.31710507688083717
0.23391391108903437
0.15300118155405204
0.10946037142775138
0.06319522121097555
0.040801816409874125
0.033164562057066645
0.035302649590817775
0.04249417939765197
0.05148753482244
0.06323401296796409
0.07019779960908383
0.07172904644080663
0.08363877629918809
0.18704871121008032
0.40901180637975487
0.6605496228884908
0.8128807890653396
0.865574900342895
0.8779974771177751
0.8786430573064712
0.8710460235761188
0.85641315219111
0.8485482199399557
0.8441126638260887
0.8478827621088472
0.846480691160841
0.8428909487236402
0.8387864589365742
0.8367041337382862
0.8335083516235127
0.8246367177492623
0.8246795520206532
0.7885582613834778
0.6761884258356439
0.5139497795777619
0.3616424607831765
0.24609484416817226
0.1645993254305887
0.12181361105554199
0.09167652358989245
0.06689020801111387
0.05186847746608534
0.05691614471574296
0.07209400111352637
0.0785808758680654
0.08279100253079853
0.08630023091231792
0.09167895440630819
0.14924994061361707
0.35193453432490784
0.6104064378316277
0.7995373196366241
0.8607720163649822
0.8746757558215639
0.8665230668657006
0.8474389837354986
0.8205572090738158
0.8107926979406263
0.8189229826382488
0.8195655329433543
0.8068271996831291
0.799713461458621
0.7967172684003567
0.7960896301374789
0.7462842604960076
0.6425028767785113
0.4758063092911546
0.3425539575289157
0.23846840226785146
0.18186900610054954
0.1301473474936915
0.10162092203151463
0.07525139246650378
0.0562340960042484
0.04985470853390377
0.05285768302173687
0.06508869778961608
0.07601403832416531
0.07963234512747956
0.08786037862988733
0.10320776199773057
0.09751306239551757
0.09653310644393492
0.21004170842239747
0.4421176881833478
0.6759668930179845
0.8052524193568743
0.8550657938673438
0.8694369038824579
0.8731454570124524
0.879970170560598
0.8879015603623945
0.8982572374932205
0.9106983705845582
0.9233145720930012
0.9295530103262069
0.8995956476730281
0.805918381562102
0.634416408973401
0.4397986548213086
0.29636787356335575
0.21700956521910825
0.18180654533125876
0.1494506788445539
0.11524277960822339
0.07824585396426574
0.0640547548756029
0.06552965447669779
0.0705612594017027
0.07130917689962035
0.07134666525539968
0.07552444202614318
0.08719526391690399
0.08941746032132261
0.10256870085961509
0.2151592836231797
0.4445803821197801
0.6547117078676555
0.7597750757617963
0.8033415181739734
0.834084684776241
0.846419674063735
0.8539984885724617
0.8692529627348872
0.8777860265725921
0.878580160468345
0.8758950534450461
0.84935864481049
0.7693627886124836
0.6230013579458492
0.47070965580114654
0.3240575361078756
0.23735316421430308
0.18391592124312658
0.16366235893357217
0.1236295544846445
0.09317037095517634
0.07269488708448751
0.06532473158194914
0.06761112965032876
0.07305036385728852
0.08229702026036499
0.08852083448170432
0.09577916444138276
0.10516972765054547
0.1093211200901287
0.09486601769183083
0.10668784496858827
0.2414919174778865
0.46477363595923404
0.6663076525976355
0.7834937422585749
0.8588024307736594
0.8993540389096507
0.914963309855538
0.9258384270555519
0.9357422114866325
0.9445224587252185
0.9463408126741225
0.9474373434343155
0.948285891501586
0.9242548373384832
0.8268502483384577
0.6169072639275425
0.389742591184728
0.23931830364869983
0.17332049731784077
0.11472952234819236
0.06641266273303595
0.045207961930751064
0.03949290019592487
0.03874427668390113
0.04183898284578785
0.047318734268098836
0.053841627506990855
0.06917735088967944
0.0802978382499501
0.08299204082871002
0.08045584458822842
0.11373497982292657
0.25529872629199807
0.4999410621328284
0.7190334454970917
0.8386429377247983
0.8841418898607645
0.9037141618298161
0.9044429276327779
0.8997358550983838
0.898643217306043
0.9004572070698481
0.9099765795281618
0.9152384537735127
0.922078065394894
0.9324306533405905
0.904890830009696
0.8100773039761665
0.6288314302404208
0.44548039055072836
0.2907758376433192
0.19960370611846098
0.1402379469583581
0.10750234828296257
0.08273740736300124
0.0647900569030552
0.06109281941729257
0.054682750857064796
0.06043523721345648
0.06534153850812952
0.07269642394005121
0.07498574967630756
0.08600683624190841
0.08518550931469533
0.07172390326247266
0.13542194303000843
0.3496514510271746
0.5973906407690086
0.7671115596807099
0.8360651313447991
0.869860184913008
0.8688063687372157
0.8756654203682777
0.8825602473496303
0.8973596289321876
0.9037557883796655
0.9116132957653895
0.9012313738510034
0.8601265772093165
0.7072230119844162
0.5041273996161411
0.32144720083264466
0.2204829024094709
0.1552331323026075
0.11393491703048364
0.07646040376662434
0.04719343386623757
0.034699174674752836
0.038825380555698466
0.047835691139581735
0.054678592381732456
0.05835071351603448
0.06678491257772799
0.07449336637946836
0.06595871883688344
0.0677522311052357
0.20417447586335133
0.46212689751730196
0.6666559389857596
0.7582354430663665
0.8132595150711788
0.8700795711625336
0.8833837286342806
0.8917599496318941
0.9016120328532702
0.9207066648807063
0.9313525603976367
0.9164508864414329
0.8498870755401511
0.721314640879591
0.5455254801552297
0.3650212547974214
0.23400174350546787
0.15992092540388375
0.12639192621242462
0.10133815795494372
0.07240973789052182
0.05086661429932897
0.04225175890158187
0.05021283257075025
0.0615534042557961
0.07316538231722905
0.07703300703341075
0.07578703005799556
0.07328394679490827
0.07519813097181753
0.07154236399762716
0.11920547459391251
0.3125252991817298
0.5409119381724362
0.6717511258277167
0.7205304084045225
0.7988048380283642
0.8693420387437603
0.904372895233733
0.9171525782193788
0.9215717741261318
0.9255507868846764
0.9341409198632884
0.9431250626761954
0.9121809564499503
0.819023236369196
0.6805395791581068
0.5012921091521654
0.3331963850704422
0.22666443097170302
0.19337229210683138
0.1585926747176838
0.11808114384009011
0.09226816367869735
0.08365890171687303
0.08407686585103781
0.08418294670937786
0.08620401435537658
0.091959361048012
0.10290000541027625
0.10769739109849934
0.10919502780106352
0.14101406318934842
0.317145544885152
0.560393862696727
0.7532933183393198
0.8149890763802996
0.848877168372433
0.8701407075506172
0.8886182376897436
0.8980777735047089
0.9108794661229482
0.9208750142622686
0.9314403220607551
0.9339868288498191
0.9306465551406252
0.9207509591105484
0.9136932267924809
0.9034278981442917
0.8430118549241588
0.7056077747203173
0.49192119195557343
0.3038417257256706
0.19361549881644155
0.15092390390250784
0.11564183047943474
0.08389108457492286
0.06086949448218763
0.04950897550296863
0.05328788644873635
0.06310375693251996
0.06937499183156853
0.08606282833164068
0.09341539959318237
0.10225810211419953
0.13199751322884554
0.26348443918694225
0.45534323840852853
0.6520198088058333
0.776239372286325
0.8453963717104793
0.8717863448387381
0.8870252860444157
0.893152663828659
0.8926227929173159
0.884470236280441
0.8610752318542515
0.827806909925873
0.7996771773858588
0.7934381005550943
0.8024854277337359
0.8255478573618016
0.8405691193158213
0.811249846236974
0.6961818856497517
0.5508267382193655
0.3744969119014053
0.22554740717246358
0.11398589488754798
0.09422039110914085
0.07624775362263916
0.0630800900318631
0.04710067790349484
0.05175552855124813
0.05678748679239766
0.06348851008575992
0.07197799056235459
0.09281776625778618
0.10316233272321647
0.10967184384502181
0.18909538532849943
0.378955373649839
0.5457044692449414
0.6663506340359454
0.7653218829069747
0.8580054552483771
0.8802267252334302
0.8832939564095914
0.8849601847366338
0.890770021051532
0.9010153303708863
0.9198899012353033
0.9360304419796431
0.9288424739962786
0.8563572144341806
0.6909139708564773
0.4846100590676036
0.3140182400804751
0.21633477197908357
0.15182901218104336
0.10081119378103406
0.06570299659467566
0.04914518602673253
0.041449568459551826
0.03682693914225054
0.04305601584720471
0.05254694408709842
0.06246676225172676
0.06872804460169814
0.07501375647810923
0.07835533564009567
0.07966500061681517
0.1238504765615934
0.2545420980485076
0.46748139779337194
0.6499213525681468
0.7694627674119456
0.8311717227486788
0.881846634015038
0.9067479090304223
0.9244401774708236
0.9357752424884418
0.9452273380488643
0.9561264266697335
0.9626954583583515
0.9513713298931668
0.9038174312860493
0.7848824507994983
0.594924574637218
0.3782195451759434
0.2369546360204477
0.15899778691240324
0.12590979556022622
0.09110280925844544
0.07520226126589447
0.0643912611675149
0.07215301195136381
0.08373412504883154
0.09292108456827403
0.09683997177078764
0.09765028431110138
0.09593639270866273
0.09940610914125257
0.1000403876985413
0.13691018927244814
0.25693961371648183
0.46186985301075345
0.66219963392943
0.7989936298329061
0.8792212247476185
0.9235318942028072
0.9445238024565588
0.9548848530890182
0.965705520709173
0.9724867782734885
0.973800022878129
0.9837725726229494
0.9959168143208466
0.9881976107744056
0.9102712452760632
0.7631577513274534
0.5444108234996567
0.33167426588684995
0.18577464259244414
0.14222064786558625
0.11940552460598451
0.09231714323531073
0.06731104417292658
0.06406306329380118
0.06746081813452165
0.07473508671404247
0.08200989552808932
0.09058418182615999
0.0931479951578784
0.0993634737107157
0.09861075949588335
0.09524039979038326
0.11665596839741153
0.20542448132977897
0.38014119501805704
0.5523723779476402
0.6692767085345408
0.7333352326841658
0.8037615482538039
0.8587237047037439
0.8992416052279463
0.925199122519565
0.9428021870317391
0.9493847156335412
0.9568244278040374
0.9585799010066285
0.9561293171696599
0.9515437598699602
0.9201894694996983
0.8491231104102679
0.7574256242713643
0.6043137833624905
0.40989495223206523
0.24597544144907552
0.18620876735871966
0.15991091725784304
0.13459067694500623
0.10445822694556327
0.08492346030337511
0.07085448156518091
0.06485260932193006
0.0682795170108729
0.07875794540827064
0.08477178045297261
0.08348626093895994
0.07967939970511871
0.07560240938803015
0.07082319689747149
0.0766744455404131
0.17192385988948639
0.38062782370945936
0.609060505833838
0.7524878433962994
0.8285804678238788
0.8808045015894234
0.9104539492592497
0.9265363334833523
0.941306833951401
0.9532264912268151
0.961094289722878
0.9607511397142605
0.9154014797891177
0.803982868512041
0.603465427375296
0.4063551330146437
0.26285423312906914
0.19197102786677223
0.13765115985373727
0.11399779670184391
0.09683463863939329
0.07613527502569116
0.06336860047870527
0.07171618371205263
0.07968198310287976
0.08448838394551038
0.08190191245889078
0.07697136093599777
0.06151844318391021
0.07391228212813195
0.1770338126446956
0.3982787449339136
0.6081293073041907
0.7396902866999758
0.8177772744018412
0.8906393716651008
0.9292060370750008
0.9492134292163172
0.9711370724734356
0.9872007349069756
0.9922541495310204
0.9954727174528155
0.9968114661765581
0.9623130433766732
0.8794978880976441
0.7403562308166067
0.5481831254099183
0.35876767163862217
0.23388952339455846
0.18815109310136102
0.16355278179144314
0.14424082727898746
0.1179449044413477
0.09537267114778289
0.0811896467592522
0.07382552216654115
0.07615433789022832
0.07764283107981693
0.07806247731988274
0.07716925741471159
0.07839281286890876
0.08023681694679985
0.06972109748194646
0.04814569272735888
0.07683837857498961
0.23332670656721144
0.4480456322467241
0.6293324226426615
0.7457721253217404
0.841172685469346
0.8979131706191108
0.9281546366401728
0.9355491329182646
0.941878414032268
0.9505655301490514
0.9606993714589769
0.9647317724056869
0.904732394131633
0.818172022694046
0.6999265794787464
0.5359531550237489
0.3352025231149318
0.20239824579613913
0.15184223528922072
0.11765528710122201
0.08873117525308442
0.06530227201229949
0.04997788859419382
0.047935268048893157
0.049710125117239656
0.056501365340221064
0.06711643873010076
0.076327636500054
0.06467615727909529
0.046771606679553594
0.03584959639801739
0.09976831781864576
0.2807880567382912
0.5048686714250927
0.6550394073128843
0.7461689075164244
0.830807669355804
0.9008840387890712
0.9388691874403882
0.9611313674723787
0.9773176294342679
0.9908165660181142
0.9994713146755513
1.000114383850277
1.0080363547621416
0.9471627164078376
0.8215112383639878
0.6246684867737333
0.45295661969224876
0.2987611280774372
0.209973286790194
0.1564902758659066
0.1270487217272127
0.0927206910608878
0.06665266088642616
0.0572086710708971
0.05803830636074232
0.06653333413697492
0.07629763207347875
0.07537639321436021
0.06870658030954982
0.05472674658909163
0.03525696613935418
0.0844587546748326
0.25107907006088714
0.4815539295399875
0.6129305138010368
0.6868699731471826
0.7318036947217299
0.8016455346910029
0.8571177688157253
0.9289222100214484
0.9719825660634933
0.9959998424908048
0.9727278029001313
0.883540147421868
0.7685136564054681
0.6720264682468344
0.5428543042715372
0.38941566495933533
0.25489101363575073
0.17981932707110385
0.13776355758020134
0.11747426709337333
0.09957732922836914
0.08481064688981457
0.06894203520628914
0.05356133919168387
0.04848855736553198
0.05235098583099353
0.05879548604060671
0.06958201368847253
0.06852999894517087
0.05431258912838623
0.02487972811875876
0.058459978545597674
0.16812719410514557
0.34804065388421934
0.5157797170380187
0.6509567352567929
0.7399237892887762
0.8063121983112105
0.854967066499419
0.8859998782795434
0.9141967424269559
0.9359783467814151
0.955083606003543
0.958068052444869
0.9258146769995146
0.8235758631226684
0.7145340481653887
0.5629599472851411
0.38301655574600757
0.21514155325372622
0.14770699543490057
0.11471130363764011
0.07572885729493473
0.04307076476164208
0.03143236821764226
0.03430796972627095
0.038215813816588985
0.04488359015817869
0.04661272537342189
0.04811518202830098
0.047569994067613725
0.04162686377463912
0.031747505151683376
0.015157802378697304
0.06894878761132284
0.17055317953123772
0.3284411334541659
0.4813377061280028
0.6144696520545462
0.6932969205763961
0.7476099137438208
0.798413539359964
0.8407637837822026
0.8777182122432268
0.8911375774934631
0.8725393828415049
0.8247598682205877
0.7699663570559282
0.6988513542266332
0.5847612355737923
0.4489101946560583
0.32098207642256454
0.22902283668876866
0.15187794011319222
0.11952023578087567
0.09719409392321712
0.07886105631741637
0.055474404926823095
0.048706509720697976
0.049339862010675126
0.051710551127414836
0.05767022696599096
0.0713999350342154
0.07208878823783565
0.05706368915978516
0.024319677144925528
0.0215057156357977
0.08567084880542625
0.28379797609714147
0.4891163143717824
0.626750067310467
0.6801080484572097
0.7407180177670151
0.7890529391883092
0.8276421037153863
0.8599742415618421
0.8851428915312691
0.9032563696342182
0.8861582053070742
0.8222718457972974
0.7215427814178412
0.5816901320282762
0.4029915834332776
0.2479353710306137
0.15692895926337627
0.11036550910045431
0.07186206571431232
0.04706103744293244
0.03384537706314154
0.03019048730186955
0.03321381217950099
0.03249838508074217
0.03328500718394862
0.030315457442306397
0.03691654562601075
0.04214547967408301
0.03770121446829257
0.027103119648304252
0.022345752705441292
0.08428635944291873
0.21555398342062093
0.40078176732624216
0.5532989604114094
0.6629319969500673
0.7329917734146658
0.7857766951349288
0.823645010102322
0.8541634008393757
0.8788623463365627
0.874908173267856
0.8786617483824148
0.8259549447337808
0.7363885230529272
0.6330790026633053
0.5179056456435543
0.36952177522164803
0.22973705450960027
0.1705217493078874
0.12353343880915353
0.09667859545551882
0.06998291746645895
0.06064945335551836
0.04995125921662169
0.04630415547679004
0.05113437479057251
0.057918578848166036
0.0609805078457034
0.060059603386326293
0.06244084194427852
0.05041727035327986
0.035944557298821816
0.06571536237048856
0.23871273897702067
0.49573808854994633
0.6713024724905221
0.7422656236375509
0.7841530094266376
0.8389018833693742
0.8647532663559084
0.8775052193728071
0.8814036900827671
0.9001494531086744
0.8777621684870196
0.8150844292916091
0.7350707743871098
0.6585966222181417
0.5111310170492215
0.3361319160452109
0.19048374212214067
0.1145719448770305
0.08304885194557932
0.0736833329929972
0.061326432561859615
0.04818534892925543
0.04136624075087815
0.04574539116321587
0.048553762121584174
0.044128489901847125
0.04696274624224706
0.05087203057696178
0.038740052040694466
0.03723014093655791
0.1027098498688922
0.24465433108728063
0.42866146691298634
0.586618649108992
0.6887724875049532
0.7380670343094025
0.7721139251006653
0.7856895761272235
0.7884715363648748
0.7961622292348303
0.772697719442927
0.7215839371829991
0.6498440524149814
0.5894117390678179
0.48933950647365876
0.36600210802066724
0.232482020869192
0.15611750046285397
0.11363141703577001
0.08946221490711226
0.06043490539498836
0.04783017190624389
0.042157616437918356
0.04144832268405895
0.046372301949594
0.04561950972634976
0.04755160902510571
0.0458852817131066
0.04518543054471777
0.03413781996169047
0.02558595976331954
0.07418357565240837
0.20195216785775388
0.3617486527930842
0.5126788374801232
0.6241074106456899
0.689232155542067
0.7030471526092039
0.7043348311011338
0.6897299430038049
0.6734477653294222
0.6596714732101527
0.6517278286329141
0.6645731392892148
0.6544977488179842
0.5972967171503476
0.4936040669595925
0.3808511106456743
0.2644493648999815
0.16635556480991093
0.11919691229111112
0.09653578754936808
0.08681109107811885
0.06218637142282934
0.04046003122377396
0.025637287821657376
0.020321274848646237
0.016511831911986203
0.02194533348077827
0.03578966327314091
0.03730318212923253
0.019788575371152847
0.002388035637601052
0.007450529342672509
0.07322340429888055
0.2518285380450095
0.44858072747693556
0.5889402125699614
0.6412288444836695
0.6938080263304603
0.7389561906599235
0.7778250075298478
0.7946244199213586
0.8018912128724314
0.810183519569046
0.8187955101126225
0.8222379357928531
0.8231166615285612
0.7965175973404442
0.735882036685884
0.6015953598138237
0.4300655831605921
0.2687124676810606
0.18499053575809138
0.13909544396031615
0.10726062326104434
0.07750645160745
0.05664434510150255
0.03888195253979149
0.0247772230959995
0.0256858992074711
0.03352603447870053
0.0388436974375837
0.04472405922644679
0.046478904302612915
0.08740524534157976
0.25517721995005005
0.4998542787110349
0.6836851679510432
0.7533611816333279
0.7786372156833096
0.79683507403238
0.8157275813980677
0.8324080899489744
0.8401594714162517
0.8485227076363859
0.8552263555680233
0.8495853794222517
0.8195738536707855
0.7521119038075663
0.6392036888337371
0.5039286753386214
0.36400297378276547
0.25605944692055616
0.1827100538150941
0.14637590434750058
0.11581929929413091
0.08651163080715135
0.057941499541885724
0.054551838389603424
0.06391251783207262
0.06844611493013857
0.06024840571464397
0.05640462505922865
0.0663097409186853
0.07115873041775893
0.07138404043696456
0.20621907534948647
0.4513970133555481
0.6627229958465775
0.7246081955132972
0.7333418520952626
0.7388158095802564
0.7479465110898441
0.7612795824114792
0.7605814485117101
0.7614886453926843
0.735775468272933
0.6921649117063894
0.6366955122481692
0.5786273693052176
0.44868885253359964
0.3026955921013632
0.18825236053884647
0.15069439892878567
0.11826578641390798
0.0969177590254839
0.061602274645093304
0.04096837328398681
0.02732522857597964
0.027225494053524882
0.027427607197131484
0.028054812011992294
0.03065874698985739
0.03942615030323076
0.04909384237650563
0.050013396914428125
0.04824978123900111
0.05377700107311875
0.10210254937393409
0.2726340565215487
0.4766285435668558
0.5804676332699867
0.5983159736898782
0.6141998618728282
0.6655441684420254
0.6832317025734602
0.7032177944154049
0.678835864695325
0.6260116707958677
0.5775497761525135
0.5437960653243363
0.526537106413983
0.4034818603634094
0.2744692059103176
0.18815384316281686
0.17052439276752263
0.1366381344558125
0.10081310208684968
0.07428270367552628
0.04672654857434799
0.03643292197212572
0.03707351086303743
0.0444453774439064
0.05528632065360854
0.06662947583945937
0.060573697648792196
0.04259587568240336
0.04053063215555265
0.059359256354984125
0.1404641368298885
0.29404450761478934
0.43406829513807654
0.474746119427466
0.5203910718569571
0.5809327465606675
0.6197316274231073
0.6317088703106738
0.6659342978376508
0.6728958216237686
0.642734964552022
0.6475328697727842
0.6295505111641523
0.6118191076491086
0.5641444489247416
0.5202725725988355
0.4025667927710835
0.2810644164413248
0.1818280353215067
0.12801740445191925
0.09315872225224871
0.07684427484322721
0.06917053012139027
0.06058463698770002
0.04969447301879443
0.03894263761961202
0.036308113488042505
0.04390058667956786
0.05368386442934027
0.05360549762589835
0.04922409043651356
0.042375555081108664
0.03988909727490838
0.06736274863620192
0.2169020997640786
0.4198422717616544
0.5497776340585283
0.5587136896365947
0.5969190045244308
0.6664894948604272
0.7331574449147957
0.7479803071285624
0.7493146927697786
0.7451209125307104
0.7448606668453224
0.7132291875020162
0.6195905277198268
0.5265117786195059
0.4411013956660722
0.34360177917498297
0.21711742768270267
0.12120246938586843
0.08881306754732443
0.0904510261972937
0.08605932269360937
0.05915481012386977
0.044386301027808744
0.04040681286996513
0.03850985181990673
0.033898596314266796
0.03597776586255308
0.039946594200733
0.04694630514857209
0.05061098927585095
0.034719723698141636
0.015877923899938466
0.033100926718033434
0.12465535815085407
0.2599628896643107
0.39892872875812063
0.5107910988913508
0.5853091806365218
0.6189789687480611
0.6486797346862854
0.6658002716935583
0.678408808650144
0.6664144400092629
0.6627634812110065
0.6489525228238692
0.6071362364468529
0.5630198312527581
0.5290257146883268
0.4524729521438078
0.3102749341477141
0.18840274037291121
0.13830972829839216
0.11516842374849039
0.09433440304958753
0.07129612851539921
0.051807911978601594
0.04100924714810478
0.035006235682875975
0.0295293557454774
0.02600213532679159
0.02983387949268058
0.040061393914125165
0.037926200242486295
0.0376677483953776
0.054630624123572134
0.1451470702805752
0.30694604472587456
0.4846791499499361
0.6059926972755132
0.641270778677982
0.6795742928739308
0.7330870522480246
0.7952700344203933
0.809496841463468
0.8223510161579015
0.8304119957729237
0.8363201603364687
0.7945619096959328
0.7226197801492862
0.6166646257237797
0.46468804147499954
0.2984242039615836
0.164900590457792
0.10076471613795927
0.05416019514937547
0.03531979437433877
0.016732683595194905
0.007525125569951184
0.004703642274180138
0.0024845636092347963
0.004568535419069565
0.010935834423869395
0.022886214059917684
0.030852816892589816
0.03276696721188435
0.030100678076105003
0.011678028487656275
0.041979387406764095
0.16609999469147538
0.3925557408993309
0.5756454421553258
0.6828444307033639
0.7261887770401495
0.7724820854455061
0.8037693032260316
0.8193826799286104
0.8256346404384921
0.8277352022662886
0.8338412816698054
0.8180669626689115
0.7641576899171982
0.6694414381628527
0.5599203031086764
0.4244244649378221
0.2893265839863318
0.1786640348897203
0.12655401274926895
0.09803185119126122
0.07662996402341613
0.04246381365486257
0.01679564295945126
0.003870648721270615
0.00018180352309437806
0.0013294058242821517
0.007697707476863627
0.01967680433685379
0.035984316275066264
0.04326225181748758
0.027431830641160816
0.0218157893511328
0.11154701362318523
0.33985023374130513
0.570454988349754
0.7083512362542317
0.75860555815972
0.8096153276365092
0.8393740743210565
0.8624528559189439
0.8784494001188521
0.8936592485675795
0.8935189028456265
0.8782336121655152
0.8354994404151841
0.7608754670591652
0.6493808474280027
0.5006546299568198
0.33560194919337355
0.19518381373640512
0.12031317296344857
0.09259978890275161
0.08539114449309788
0.07970702338518315
0.07259105376258568
0.06679068581296656
0.06174126014292788
0.0655931109894713
0.06195409988334896
0.06599894352096443
0.07109294305039882
0.07432089943671913
0.06368530735114096
0.04447550526901845
0.07719410079984206
0.1536261515630658
0.33228137028530136
0.5201145322710321
0.6666324593061175
0.7059521345325557
0.7469349872624231
0.7988438844321339
0.8484472893633109
0.8792931846613307
0.8969585408957925
0.907552550435919
0.9044204166759541
0.893519269115256
0.8866066370294463
0.8600142092228481
0.8091048282894108
0.7274703795181301
0.6240904557576503
0.48369881041136215
0.3518741612034145
0.24671696283170882
0.17387959922911306
0.1258642677468887
0.09436087554967465
0.06555821293242597
0.043501922125397455
0.042123558361191075
0.043331387429978496
0.0424612078957782
0.04222758267274236
0.04863748602809016
0.05049952261379406
0.04739224760681861
0.04447105438640851
0.05488465275893536
0.10168828116478126
0.2404934508096756
0.4489866685027321
0.6250401221793622
0.6913488054835366
0.7118896342689933
0.7383101537992983
0.7800099900141626
0.8153061492588509
0.8471106672046099
0.8453106759690262
0.8277068303256617
0.7721915864679836
0.6889197903261887
0.6183631397832867
0.5235669162736527
0.41181370100306364
0.26926585706991124
0.18498026024754474
0.12417398216024933
0.10754412065321749
0.0878414489277831
0.06604005737057729
0.04507678544631362
0.030327370999250255
0.024709931530373323
0.023972808970653944
0.030102031064730847
0.04653853781767679
0.05825448438632501
0.054694761252022744
0.03693111050723085
0.02555204263295967
0.05956333507923838
0.19412712354990058
0.4095235300803876
0.5876386326680558
0.6673954100467412
0.6572079049961184
0.6395494626891581
0.659601808426849
0.7106014356815242
0.7376699930563813
0.745013965917536
0.72790765518826
0.692016634739253
0.6752526542415607
0.661404467466244
0.5834471032685333
0.4541561676969182
0.3362500968979903
0.23324846905523106
0.14178134529299516
0.08582281844044115
0.06480390842588168
0.058200556816401364
0.058535078093080437
0.05901660902985826
0.05451008886369024
0.047695352189498566
0.047167936689404305
0.05117796167184906
0.05861540764892573
0.06595115862804615
0.06834013695957772
0.06459023591506353
0.05268869107089394
0.030052108402818578
0.07089350105964545
0.18725814766911433
0.37747204247396576
0.5571547601703712
0.6664960664902777
0.7101258871173719
0.7471684062183159
0.8038129879771275
0.8356634475926137
0.8660427573442289
0.8912171712513177
0.8780901648814958
0.7895736235056146
0.6927347200401279
0.6347797276303095
0.5716270908002499
0.451325910872861
0.3080484312152224
0.1898212677258751
0.11621517761793788
0.0896389641586208
0.08333841927580518
0.07712379316661103
0.07602001590175236
0.07844997631834633
0.07604410461297517
0.07642884588794266
0.07946478861900565
0.07934813949631743
0.06977543433549649
0.0624758147771001
0.050068472611251094
0.05404494483989798
0.10961580731298795
0.2638935626452692
0.44295529045601034
0.5667915013850734
0.5898373236722467
0.6028902916223728
0.6104373484752555
0.6251343415571521
0.6196260783330807
0.6173127958058454
0.6171038757448821
0.6172800358869484
0.5976409879624339
0.5542550555924861
0.4777376653275923
0.3965399238823152
0.2971077784012941
0.20510341553948902
0.12459432334041406
0.09165185578792143
0.07498230065981068
0.05714465803044509
0.040354239168171616
0.027537932087188684
0.024250720860332534
0.028035176845376486
0.034443056368836864
0.04802597200404016
0.058113757496266065
0.054229625445029114
0.039878277374650044
0.026600780495756562
0.029618837308924284
0.08709953306913672
0.26230195522050215
0.504817592549764
0.6657778977129543
0.7233703075399521
0.7495091995414415
0.7937545945099417
0.8128080416691265
0.8336059470192225
0.8609263587717728
0.8898650863269552
0.9001632452566005
0.8701803465073565
0.7710210638226447
0.6934611627394724
0.5992754765237149
0.4698248290705061
0.30651937426161757
0.19476846850662727
0.11617367061392823
0.07815962636207749
0.07995177316423013
0.08030655650739907
0.07549948920352903
0.07712649206886897
0.07337063881158659
0.0611303076503723
0.05556123808085367
0.06783462486060003
0.07506053817791754
0.06544042036516672
0.043835816446147924
0.034214403557101765
0.03600783559011338
0.10187731753312923
0.21973629322984456
0.38901429712673896
0.5054189322428395
0.5780271894435189
0.5948349365433012
0.6364166728588966
0.6556438664133268
0.647680272218454
0.6478506492266572
0.6569145714495708
0.6500991677349273
0.60431901746721
0.6035523681884372
0.6024696783701268
0.5444622236990819
0.41968927220446095
0.30054462504790447
0.2092267685364012
0.13382413416327504
0.10219217041252217
0.10100748433759299
0.10289738189944794
0.09015388294955218
0.08462124195060258
0.07972166791163346
0.07571522934841207
0.07238130663701235
0.06968275211029197
0.058248854574437604
0.045277851964704206
0.03343520908615414
0.05898542833489526
0.1716608033305474
0.38546101558272367
0.5552801597257079
0.6298528714064977
0.6259810859114809
0.6320984381706467
0.626356993845629
0.6335684304756493
0.6387847162960784
0.6551860910381321
0.6611225350437757
0.6526483903127183
0.6390722251347376
0.5892051346631816
0.5098674137770227
0.4092698435231649
0.3068741222694645
0.1855436509282191
0.09321324211022816
0.05391337016496603
0.048264324211159566
0.04489218916238061
0.03393825625080893
0.02220451587069818
0.020984827786413703
0.0299650055208273
0.038267973046945306
0.04111506249458883
0.03837465345723129
0.03780537405563396
0.04046776417325482
0.04495536234584112
0.03695007975209456
