0.7591674581590899
0.8227138889910799
0.874412284263952
0.9256993969012829
0.9676926921564525
0.9917828024704096
0.9913986606754781
0.988572004653067
0.9881345470202683
0.9851026212665748
0.9769962204411873
0.9712404148460676
0.9702208274406434
0.9740175160752291
0.9782969322086094
0.9806750108157313
0.9789482946643574
0.9744884398105175
0.9740551807317648
0.9769469203023347
0.9757237935265309
0.9815501752671192
0.9863923270273107
0.8510903445083206
0.5313530564424976
0.27358662171163656
0.1489431209854921
0.12280062024672114
0.0599823906035693
0.057862584747095935
0.043174727328530386
0.06802591956093201
0.10217144504397101
0.15984105194474882
0.19147076569451066
0.1908250407799889
0.15818774999866764
0.1478477555007055
0.18129007026249983
0.2408726644699754
0.3396840709623336
0.5283142048051599
0.7239816176713034
0.823951114624772
0.8323655928569231
0.8396070375621831
0.8441651224388128
0.8492283516182818
0.8541507659864692
0.8659084408590706
0.8868321263324301
0.9030855743016608
0.9095082977814799
0.9125018650090606
0.9202953326717768
0.9296343573975729
0.938460399873217
0.9443768472462608
0.9144368127715867
0.7819793668865198
0.544019805405897
0.3216396216950926
0.18256562308117036
0.1172593899996741
0.07638347064119502
0.060044734444998374
0.05099167672686052
0.05521119414034881
0.07236513370783386
0.08950373638150538
0.098176112792095
0.1038096859970529
0.10978163912209242
0.1889915158627074
0.2825932123909258
0.4221317656331166
0.6329556116095307
0.7720497400619069
0.8272794210159379
0.8553473868007587
0.9393237548167163
0.9330018858686594
0.9139072457496477
0.8998972663457142
0.8949918911939667
0.9173864694910406
0.9292991870006734
0.9409035735188045
0.9271473232710077
0.9037880161415224
0.7366395722039949
0.5021257253270024
0.2817542737720774
0.16509435270077683
0.05996717489106286
0.06251260166009406
0.11649260700242056
0.1419713954464252
0.1628115317131845
0.18505568475958953
0.21054726580901867
0.19343562267487696
0.20778353270436128
0.20975362665704672
0.17897217201333673
0.16782695778814044
0.1537311563620741
0.2022261435887529
0.3507597354832007
0.6262039443071721
0.8355717913768685
0.9124752264432102
0.9242518041610397
0.9343062879589266
0.9371576185914918
0.9537190183807369
0.9645487044524046
0.9695760813659757
0.9700129271969347
0.9686024898845309
0.9742615871631009
0.9479782057888297
0.930287929336231
0.9313236716762372
0.9412832748853582
0.8621134024087085
0.6260111907250347
0.38350920842717773
0.24566416650302628
0.20411604044250792
0.126786773066229
0.0969501689100389
0.10861012928213899
0.11293609073681224
0.09437950086980396
0.115458192489901
0.1282629419828404
0.13445118229977365
0.15869696302002664
0.1783847413901717
0.20296559845660883
0.29543084893569005
0.5476074713879041
0.7851327332588274
0.9040119778954742
0.9024951327921754
0.9093007644191571
0.943287458099857
0.9604223324245627
0.972205717176082
0.9800830325428678
0.9935049703770564
0.9886502651803244
0.9928305323083881
0.9919820106044756
0.9731008590541511
0.9418152906767169
0.915069702239304
0.9016809320131977
0.8856499306547457
0.8293526843342924
0.6326752394244767
0.35843666910725563
0.15982171506141785
0.09093899518357026
0.06532502367518885
0.047387801145489176
0.05350424515235578
0.06450584832713287
0.08768577070196086
0.12373360962527025
0.16253352585041908
0.18637083225595455
0.23032833182498996
0.32030738201859665
0.5121250773414593
0.7306185931498056
0.8743364385692067
0.9088858664611603
0.905596107512895
0.8953213902787311
0.8870568690257936
0.886721671471501
0.8792717321255895
0.8682831332694172
0.8743471208004431
0.8856900023501871
0.8925595741607889
0.9096924093182377
0.9154653797344765
0.8765939514079822
0.7962897940676827
0.6100080911306512
0.4091477624538016
0.23852530346500606
0.1487063131400842
0.06897234644152307
0.05319564578343837
0.0578988105990926
0.06912676279807503
0.07256329534356348
0.0943601094618393
0.11512663686833235
0.14036988343781928
0.16886684560329873
0.23182327308974365
0.34607908154005784
0.5407094058361884
0.7569261851598466
0.8765196412164469
0.879262651246447
0.8371880064403605
0.8234831709489608
0.8451282882502794
0.879831613104361
0.8994201558046451
0.9252105649222584
0.9678145573284589
0.9786719134666719
0.9545375643270658
0.9212653365302496
0.8494991097850687
0.6616636874534066
0.43391849462816384
0.2594137621438387
0.17063898315038042
0.11077115559303585
0.08552352812566519
0.07413363411741772
0.07250395265451634
0.0770551671430398
0.09246842811584269
0.11479272210549615
0.14049916127111103
0.18600028910523575
0.23905687192054065
0.3030475246869061
0.3719758439081825
0.49999395700174654
0.6726782819843689
0.812680726442977
0.8689531771871097
0.8807642999016276
0.895130648040046
0.9015934759676829
0.9045567503517298
0.9053213533812339
0.9193470647903604
0.9468326057821657
0.969696996679313
0.9692978598903143
0.9561596575924884
0.9460544981254144
0.9131009198496461
0.8223325666515138
0.6000343804370847
0.39872006508589136
0.23739385879285238
0.14431103366784004
0.05254389396704173
0.034802893359667006
0.036064530746907617
0.04366972548365049
0.05575835188911219
0.07181049951930935
0.09793474155427682
0.13374979285821026
0.17435267845625446
0.22080635052346312
0.30420898101063687
0.5009931507463604
0.7416546221042281
0.867051176821275
0.8599186165703051
0.8412094487508774
0.8530127131930545
0.8492914801275357
0.8506542782930816
0.8652673940979299
0.8584676951272161
0.8493804250207799
0.8494031690993797
0.8568006053804849
0.8510878838870477
0.8402957724723835
0.8038037821413436
0.6964987266115126
0.49548770463870284
0.3034376186688573
0.18443691339543236
0.14283152500866111
0.10282868548576789
0.07540972876159983
0.05845042303451278
0.06838040923617683
0.09580729729816706
0.11758234858419657
0.13454067874729575
0.14569473979574854
0.17628224752996194
0.22860839033453115
0.31884671000481524
0.4082995162826186
0.5512414135829056
0.709715877957181
0.8465521094643305
0.9042781499284707
0.9322545094356723
0.9469595612918117
0.9610931311943605
0.9672504021271295
0.9580953711749131
0.9417306704457747
0.8639454307416137
0.7629089294654336
0.6209622690072847
0.47061423258896434
0.3098846805889131
0.20437190404904912
0.1586196327621619
0.12810149996752734
0.11731744395794885
0.09674283605993286
0.09070136839691553
0.09099184743446893
0.11067420641801051
0.12938928187864518
0.14459709263644416
0.16374080678268654
0.2179736432546588
0.309619899385983
0.41407565909437843
0.5442168982595553
0.6891738629638106
0.8093032494866959
0.8901129265660355
0.9261388301942257
0.9355291243411412
0.9030770074293186
0.8932777233165344
0.8763264675969156
0.8823375062181877
0.866428906125391
0.9057756991384553
0.9461763018102838
0.9584896337564529
0.8957367659202851
0.7160708449961493
0.4535273901005929
0.2533305333130522
0.19471012337423643
0.17558215819118436
0.15053509379212957
0.14643906195256118
0.1563282826449765
0.17521432258513459
0.17995385582174464
0.17315254077141384
0.16932609572599902
0.1760739967344298
0.1978503391805528
0.2691570699399841
0.3551748255196815
0.4503927015955353
0.5556322254124131
0.6979240327282166
0.8073955736371077
0.8732255009744352
0.9051960950369891
0.9364536324221279
0.9492913419456963
0.9484163581118662
0.950297986382049
0.9746338214965621
0.972805230810684
0.9613580928108081
0.9212307468562972
0.8517988041765991
0.660362271895207
0.4577775837407788
0.29674627620322125
0.2423107896316418
0.17191097963271812
0.08876375593339308
0.015398308528153177
-0.0014537993116508288
0.002965196301931728
0.010381151085230796
0.02383551857131679
0.04451573571483601
0.08889330102572915
0.15950708261130528
0.2333009753352076
0.2908812339953869
0.3527234960964627
0.48417564579757616
0.6519797823075049
0.8082246939234587
0.879114322492168
0.9291964489197375
0.9224781607725817
0.9130798909082819
0.9075453095947817
0.9353684259103604
0.9422108019320659
0.9497198169855585
0.9517811941955572
0.9255965084665586
0.8172514087806164
0.6409326067475786
0.481653859889965
0.3360939363933716
0.20903198264337458
0.11075452499215357
0.08161263444234106
0.05272454606151328
0.029832946124503466
0.023628604170477338
0.02775252728009009
0.040742834523083256
0.06634306410811197
0.11342323086518993
0.19216572673718788
0.2617008608647737
0.3300413337182636
0.4794359248844736
0.697240435153165
0.8139239842623212
0.8080914005313711
0.8150503263426023
0.8477322822986391
0.867277631321206
0.8677176587317927
0.8836351101944093
0.8907661411687171
0.8926689204139721
0.8896511114660484
0.8843740980546341
0.8836398466100724
0.8830311817937593
0.8918699711956831
0.8886230675647512
0.7516341882616387
0.4929980530746566
0.27891723196894813
0.1842381833116562
0.1290981799738568
0.07487317546818315
0.059968270863379344
0.05640471158649538
0.05513382673444377
0.060735524869284505
0.09627201203647964
0.14197110625790493
0.1823825712880523
0.21230590634008917
0.2728424812483493
0.35993908329741764
0.44380489663831046
0.5838343655854354
0.7331390220543241
0.8452387465777396
0.8682988273269354
0.8938947694517654
0.9192509919769293
0.9389551106119846
0.9499209312946176
0.9530755319869914
0.9625057123637318
0.9524636672848975
0.9461087453100706
0.9308545151709208
0.9274643227977624
0.8602309613405601
0.6955048512140952
0.45977201743593
0.2588361151184936
0.14668305915026003
0.08180241814625881
0.04040688584464054
0.006576784959823748
0.00431400063894629
0.013328466161341063
0.03898620345643177
0.06462784292075159
0.09995873251388272
0.1371532588542526
0.18729906737533752
0.2621728241032889
0.3292801440141707
0.39904425698336343
0.4662249973557701
0.6099908963830478
0.7503966035160413
0.8606283516028128
0.8908566878088015
0.9245197654269623
0.9393367726442826
0.9454306583750817
0.9422854210048917
0.948597058174068
0.9473125935974501
0.9441094806942354
0.913046814840187
0.797030829804486
0.6251583990903343
0.45768552533751256
0.31729067627723373
0.19088182989699617
0.09893204979935574
0.04633519163240126
0.027466761625287325
0.030540618422488792
0.044305081166751276
0.05590556193176339
0.08938851518341473
0.155115646275083
0.24016666408174758
0.325133049236364
0.4101280111724295
0.48876000052468227
0.5713069132639048
0.6692467410142392
0.7560119447394228
0.8112031847542989
0.846182723643879
0.8757828429670073
0.8945040209185754
0.9104515936170297
0.9214799044178521
0.9305777412087477
0.9352922383562339
0.9426670457067899
0.9278812371362877
0.8277833309997251
0.6095343636623188
0.3988347585326617
0.256937724084405
0.183686752885496
0.12757281129101028
0.09373967554565493
0.06817890366090967
0.05908180319000057
0.06752986843378554
0.066970949370975
0.08236723662088588
0.10796763381225624
0.1701230392763335
0.26488479698558215
0.40996452071948203
0.538636801467515
0.6005781557346606
0.6593951512692788
0.7533207189204725
0.8506198212212042
0.8938380065595258
0.9198228291162565
0.9338976723387232
0.9357898149482513
0.9545332335373198
0.9350569007730334
0.7792996403477981
0.5478225707717579
0.33334061271302584
0.2212441147799762
0.13236606903142845
0.08960474703401905
0.056758001830289846
0.053022686855814974
0.05206751696922272
0.058392396378003565
0.06853739327079841
0.0805690995436885
0.09215056689874476
0.10772307911527963
0.1312441641473639
0.1847250673493514
0.26985516590155245
0.3678055532507555
0.4284779544000408
0.5003611897237903
0.5791460104379309
0.6682213759365371
0.73240172896088
0.7859335898516617
0.8057571139616565
0.7958620020028475
0.7123571911223779
0.5249332336111177
0.3379204831277013
0.1963979093771402
0.11721147316720959
0.06278352311384394
0.05390526025070674
0.03676849421631081
0.03599901251958666
0.046037720711288435
0.0610891915048391
0.07893960331556671
0.10669929282916985
0.15830802410027023
0.22384034629698343
0.37969232308001233
0.5014110302981949
0.5548066683691137
0.5650995089342374
0.6436296673239824
0.7164271908023061
0.7622252748174185
0.7916050798895597
0.80910431000233
0.8187688295796026
0.8263040647213235
0.8250037347048923
0.8226481378709392
0.7999130761466364
0.6869192936720194
0.5139379886416848
0.343088005077508
0.23218124849828636
0.14629104269670876
0.09784691016416809
0.06909362708778594
0.0512546633808312
0.047526983876918116
0.056615389808406275
0.06741242636523329
0.07276114418600277
0.07852336839370277
0.09885983605189531
0.1350209634206577
0.19491740160777932
0.2859124935834228
0.43374416956180295
0.5307219939963307
0.5751291372834133
0.6259114656122933
0.7398452005142339
0.822678585940094
0.8652523185344836
0.8820594580195312
0.9004619522449744
0.920020765045429
0.9370379112606179
0.9469859704270437
0.9601755885075293
0.9700199619315073
0.9687850036074375
0.8977584409000785
0.6808292328712323
0.43572062022287006
0.25474792169051375
0.18714715903465096
0.12736963333753956
0.09895668459126263
0.0632633366139074
0.05029100087270938
0.04687840073081327
0.04963733600672213
0.0555215236995121
0.06999381621458163
0.10430936279511245
0.14202788214755796
0.17422091652471272
0.22845501931992013
0.2948874591873608
0.3612709858784332
0.40344210571777783
0.4814811418727049
0.5847093627430007
0.7073541391136449
0.7970398862813662
0.8653557839818151
0.9158653600890057
0.9469628854678938
0.9616374195903512
0.9667343987897493
0.9735436687906831
0.9759041940756346
0.9250210296104951
0.7893266053623323
0.5775018162326322
0.3927430363802456
0.26663159110157086
0.19741460007382333
0.12705499287325822
0.07313166483885339
0.05049626433854272
0.05697905691468505
0.0658132954612886
0.0740347348587897
0.08828532085924362
0.11015219806502745
0.13337980488868686
0.17177179440084736
0.2240199509868006
0.2939714890915765
0.35601138458679704
0.4160506470553686
0.5213548683951539
0.6483489216373303
0.7496143611609717
0.7999235110575393
0.8474146434592595
0.8847108567562596
0.9054550892786606
0.9167688682107233
0.9310468521782005
0.9401666255199584
0.923450356482558
0.8367432273884146
0.6361792962357844
0.38998914360564574
0.2184013356121316
0.13615838088895724
0.08064751503992515
0.0483356954789059
0.04828320511627579
0.05143589649883182
0.052553307133629316
0.058825073898010186
0.07038364599000424
0.09436540254178749
0.12406097876929867
0.17464588624468194
0.2414481516614923
0.2898987838482898
0.3719042143284691
0.43087592903676436
0.5063807238725855
0.5683499470355451
0.6767482016746782
0.7581207295309866
0.805504450155021
0.8283421000348443
0.8422902912472376
0.8735051052908605
0.8792043205354734
0.840763117735975
0.6717984985939451
0.45418989223345213
0.2764541349711976
0.19083832189904054
0.11082978611320109
0.06120101785939908
0.04221779446560772
0.044612396213669345
0.048530476294098984
0.05534143831459218
0.06968266759638572
0.09522018015429501
0.1334097525487708
0.20409989510008542
0.281933460731971
0.3908558741755669
0.5429179496581912
0.6970153277391103
0.7880937636467261
0.8311017152649888
0.8511803277637958
0.8507618770718843
0.8563072047412694
0.8750981791297323
0.8736547379243381
0.7925432647808482
0.6207047307462121
0.41538748432852896
0.27048448004256354
0.1753300126195398
0.11123635361612172
0.06800835712015547
0.05555161667244847
0.05173697023277046
0.057331101422730756
0.06644942485975255
0.08131421789262522
0.10700441942870263
0.1283054736011278
0.14286008417976961
0.16583769089758282
0.23667700245586976
0.3132478592968013
0.4006916157847826
0.5008070531009969
0.6105976313055067
0.7093103229286839
0.8020146513987935
0.8733434296346723
0.9039274718228726
0.9111303517953717
0.8774462445782867
0.7227495237024895
0.5127421594946973
0.31659505327054743
0.1924139732461011
0.10135186177497899
0.06273406790669464
0.04583438217520139
0.04601295914874085
0.0538969336781407
0.06181430404814986
0.06903791861908873
0.07488916534828996
0.08847397022754623
0.11102524973329103
0.16092341524829937
0.24609181932502092
0.3258671151065229
0.3708510767410292
0.40494594843398063
0.4677741573501446
0.5449314343647609
0.6026520139272156
0.6541577592904453
0.6901820776016749
0.7253227543861094
0.7359464801201325
0.6902422708786649
0.5504614364415431
0.3605682220740352
0.1988327098551535
0.11151924572002729
0.08245406744571668
0.07692579137805536
0.07178330697996352
0.07309906620565539
0.0790811995270322
0.08997057433808012
0.1054319352544808
0.11913684818169067
0.15865314913447165
0.22621265227368512
0.2988223523824438
0.3290306209711366
0.39739137029973226
0.5049063521814043
0.6391577591002322
0.7417685805622258
0.8294190997448556
0.8694419578298895
0.8608031671192503
0.7844945077290808
0.6294173947210255
0.4460497475400092
0.2692319519483931
0.15935127407615884
0.09663359204447358
0.077738280607122
0.05996165581948467
0.05763373339447017
0.053143028044592575
0.049681211551996035
0.05396393055427832
0.06666829941878248
0.08515393046396177
0.10434314038172998
0.1319135240618533
0.17849998127066824
0.2577885451317161
0.32559262087342594
0.3922004145173489
0.4879683290427088
0.626029088495476
0.7430745875607903
0.8117332668409296
0.8375899071371219
0.8193888502535968
0.7892382499683442
0.7653019780236008
0.7489397454132147
0.6190482492769049
0.44986595549236247
0.2716523610555875
0.17054031070666956
0.08950726834350246
0.06852611259891239
0.054823054175667824
0.04811808086619128
0.048107527427577144
0.05535825668590107
0.06340357019708844
0.07323909773700774
0.0823203412322185
0.09639302472353148
0.1396473317157369
0.21777948519228046
0.2956652831004281
0.3246508715853334
0.32988126856292677
0.35623182895090916
0.449199601845175
0.5841385707803357
0.6966924096672424
0.7517011923607594
0.7662761025392016
0.7777633491084739
0.7776161711928005
0.7051669357075456
0.5337035838273474
0.3439920205845882
0.2000229074897742
0.10789463383472259
0.060874458472329265
0.04780273582815
0.04337121137330618
0.0356891725426821
0.04085548420956195
0.043860763159686664
0.0477362823729735
0.050144016500154896
0.06642497549048966
0.0971749874905818
0.15155362812030582
0.21478842731454773
0.3025536926952234
0.34528925380127085
0.38415933049237433
0.4432783108817978
0.5410710841862885
0.5998825429340167
0.638166019651353
0.6699330692093405
0.7000879722795089
0.6555685835792128
0.5165728405343861
0.3337220696884955
0.20639666749745428
0.12611381724592902
0.07936174502062657
0.055179265702073266
0.04968039935771606
0.045390564285525715
0.046652384064089863
0.04877178302909309
0.05792330317403542
0.07013261241187402
0.07878364167114511
0.09292161699536143
0.12320246300437049
0.19257483256362104
0.27153497429145607
0.32215880090682675
0.3429977518907868
0.38945323251830377
0.48734106854122083
0.5941480518188806
0.6666557556631053
0.700865190004992
0.7144802673247949
0.6320498472884823
0.48308756000491926
0.3221167806984801
0.21486184473993153
0.1370046375836967
0.09526589553052975
0.07673253728512412
0.06493343934388068
0.06546181823629539
0.06317621831580272
0.06547772809036453
0.07195081000291934
0.08581552214958442
0.12829287810323198
0.1983589380334837
0.2720666224585875
0.2963420587585147
0.3202487207087475
0.3978324770232217
0.5237534179760266
0.6174722616395878
0.6786778420753476
0.7217114808241287
0.7443494793003731
0.7202167802035915
0.6457568899431946
0.4869058152185348
0.3007941520711984
0.15694879643680365
0.10347261834715049
0.08482089647952534
0.07460521493689047
0.05995144266421014
0.057861991094066506
0.06438399009952175
0.07311137034965126
0.07970305147160262
0.09686986262131289
0.11353821791301906
0.12884614606338668
0.15461529629901513
0.2019896930515297
0.2576461008509191
0.30567278620310484
0.36364601677000064
0.42754933352594704
0.48035647723070374
0.5065672952191104
0.5017948574491597
0.4523273886687976
0.35061228909278136
0.23801804168904378
0.14931069216286807
0.10167000030788462
0.07611775812858554
0.05784800876236955
0.04757119150109461
0.046055097231953175
0.0539469759879819
0.0608146447587546
0.06935941635126225
0.0804353980766927
0.09541053507000094
0.11691214926271137
0.15788608122224318
0.22171768383277782
0.2820562070670234
0.33851942936779345
0.4242526279791895
0.4671697287555572
0.48939942240864603
0.48860576065243055
0.49707562590467774
0.4320246686126895
0.32660180107106884
0.21440747864427068
0.13159955414565983
0.08315680933169839
0.046999943908830076
0.03323899261354359
0.0397546435492873
0.04980333115606423
0.05445152040772659
0.05661117991275676
0.07331024257754006
0.09662930376171439
0.1252057996433822
0.17214262837166378
0.2460872593079136
0.30674628310899665
0.34191068301604277
0.4201482061749527
0.47380925405346325
0.5058460103641333
0.4848186898359073
0.5055093360464373
0.5118309303639166
0.535293828746405
0.4333314889938711
0.2694170292911367
0.14036322372584428
0.10907761779665977
0.08062892653635788
0.05123573606344708
0.03962567474213874
0.04163958903841646
0.04391242238111509
0.045860154335460035
0.05678841198309201
0.07140037802269103
0.08918530377718424
0.09676700550816605
0.12815759343512056
0.1877359857755396
0.26198017672341656
0.2875545361688514
0.3556207060316561
0.4002070875764725
0.45042220218137446
0.4298742536863091
0.46520747477091534
0.49191117053116545
0.5323620006287364
0.4933615231407448
0.40744025525929717
0.28005706078751835
0.1621961632700432
0.09306869415782973
0.06643326016839643
0.052403861732165644
0.04399351572810583
0.04965908197059109
0.050357709853069435
0.047472072389122884
0.05300654536542461
0.062343878720347135
0.09500938707226303
0.15522771466802796
0.20270687649854824
0.2384575575177099
0.26664850239783655
0.3289936733355433
0.40637235690210444
0.4924940932171772
0.5532728921166771
0.5966157473757173
0.6256372759067582
0.5899473826718294
0.49484981779354664
0.3880123443275452
0.2711163731488724
0.16160936057238562
0.08209107276934258
0.05852663183343727
0.03866456348340675
0.0282581663375005
0.01961980312146838
0.023119045313407062
0.031140745646947215
0.04500193747671531
0.051671586035080874
0.058833473418878346
0.11115464626470689
0.18695029428122933
0.2676085019541032
0.3183914555798615
0.4067871627526921
0.49348766639577996
0.589794143896492
0.6466859329940408
0.7006411128248635
0.7078526105710501
0.6387162520210257
0.4920861482253258
0.3014603575382744
0.16044695162121064
0.0859304329476669
0.07160597006026465
0.04685485708232601
0.03670789028310964
0.043626546289742926
0.05184963121717975
0.05206294697722827
0.05093550360151237
0.05783780126247806
0.07628866268956688
0.0919673094042473
0.1085698592487875
0.13765197699487927
0.19870304026407704
0.28281875662081196
0.3333287429014313
0.35154355384106983
0.41507253836899843
0.52408958554352
0.5774009661579091
0.5852118122652443
0.5911967684050368
0.5264565024244692
0.41670875453089334
0.2872801127235334
0.17670839037180813
0.07505420609555505
0.03840959063129899
0.031106467235756927
0.03376937743263123
0.04347397732492844
0.05557579655383114
0.0732467180876597
0.08527238045625464
0.09227257802294464
0.09889601384586506
0.11473656741942237
0.165311162648148
0.2332339178671101
0.2940360047230463
0.32526079099892197
0.40440077328953555
0.4732625680417901
0.5222301078728004
0.5123603698578332
0.4507888765541157
0.3642067008179642
0.2898576033965738
0.20442669646290001
0.10994326370307325
0.05770299368866501
0.04845579496953857
0.037343958757747216
0.04369986254237102
0.04403385993295972
0.04114308595330151
0.04652579039404537
0.060205839355661844
0.06921647511418241
0.07650447605721619
0.1002066104946739
0.16117825541527556
0.24909793087929646
0.3049108525198515
0.33771015044131336
0.3992004359847221
0.48533389783734615
0.5254881901867958
0.5387390389353764
0.4969006386839215
0.4101026460068593
0.26912860619013335
0.16786183847582
0.09193305605123522
0.07065624551347521
0.045525609740327676
0.03437797147134691
0.03054298896954496
0.04519738528115905
0.04839742306145662
0.05395841714605762
0.060957445661060046
0.0761195054846788
0.08428654145661635
0.10328226201965675
0.15581218460284743
0.23450723871105855
0.2891948832300816
0.3511398501395661
0.4060953834387383
0.43417418069891545
0.424805214451861
0.4083577361053066
0.39704917709761217
0.37309277137719193
0.3070054005738095
0.17739175328501453
0.07616007369653541
0.037473428139057276
0.03528941129306286
0.03308935160428134
0.037451464286478615
0.042769730748930895
0.04956130264820918
0.050038512842255335
0.053750434381968346
0.059018084095573124
0.06980439989958215
0.08365031309557622
0.10730359707861457
0.1501539460343393
0.20214516571809385
0.24471267835567365
0.3077359762752407
0.367303779581812
0.4429136504471126
0.45173779751732923
0.40804620810681214
0.2843413283068806
0.16940579869020683
0.09302064342610894
0.06575047642338647
0.05330899317815087
0.03482397594927603
0.029977033437283786
0.036369216085118505
0.04329860899474516
0.047531979568120955
0.054585994353407746
0.07003571771048507
0.09181366954129005
0.12488125237167616
0.15619881160996435
0.19677005129357883
0.2383738790677139
0.28812659574326627
0.3431807821974407
0.4225997609901254
0.4636280307486247
0.48564584153160734
0.45532051829315323
0.36799034314841944
0.2188039652333468
0.11752566957370314
0.07170749051869116
0.05480584080050467
0.044438988044850664
0.043635734677189515
0.04480907044446229
0.04944004244035786
0.052654443799883106
0.060874328966747535
0.06867565817436314
0.08285978429851737
0.09892153173077889
0.12031569329296286
0.16307500410101133
0.2180185374825328
0.269991057911265
0.30469095874041163
0.3443785997890537
0.39319348556087574
0.44638087952339933
0.4921710624669746
0.4915452624615755
0.43561891095608696
0.31935117165330595
0.20088967457836232
0.1262023191941085
0.10325863760412103
0.08855269826732179
0.07366668706980063
0.06895036044698552
0.07290290015261149
0.07692334666724616
0.08581153532940619
0.09448521028024429
0.10281713324595543
0.113662690608837
0.12065502720486415
0.1542367764683712
0.2227717210303722
0.3087394615402267
0.36556316414361845
0.3915670664147908
0.39755415358627133
0.3617741313719365
0.3142227728486203
0.2435065015902053
0.1678346146723127
0.08932732762624501
0.05613112795531089
0.04624819084435684
0.045630251552047356
0.044101531996558
0.04471764857725477
0.04250185265574229
0.044366499738116474
0.056518445761426304
0.07417267269683797
0.09436119108527116
0.10975750661353609
0.15318264967465214
0.2110439798414423
0.2776265595050739
0.32634366514690183
0.38055835278367267
0.44259111417107316
0.4601707420022002
0.42092125958923543
0.29336961502791464
0.17011103543185369
0.08890729695765553
0.07606922926831206
0.06393126954107622
0.06039698245486274
0.07092271994566572
0.08249344030716435
0.0853651346743589
0.07684353334363504
0.0801640223987322
0.0987583114324223
0.13048101751136193
0.14603379178512355
0.1806900358686203
0.22823089193385487
0.30929233832747605
0.36374574227684314
0.4109591606176162
0.48403007992189684
0.5686394138225552
0.6052476600389749
0.5282546126622805
0.4129239607319646
0.29029954510375167
0.21234564568742642
0.14753449720389197
0.10530453192041486
0.08447055693872701
0.07920020823869574
0.07747400360557385
0.07861416027942185
0.08529033271623875
0.10324476084048245
0.12114349185215856
0.1425843105473998
0.19039097813196476
0.2646636729112406
0.2992684095201543
0.3485949125216097
0.4711724426735696
0.6197143465067173
0.674356749691537
0.6603670640802668
0.6164158330375666
0.48869937402467645
0.3495009898932188
0.23752793717754678
0.16647149011880538
0.09260641607252719
0.0651439967905924
0.06693921356090578
0.06853894665413923
0.06688267170724711
0.06549257412781198
0.06491093323115651
0.06491157066535477
0.06426802206151291
0.06648279048643327
0.0803966541026857
0.09624391511325035
0.1089620476282436
0.16951053026297583
0.257085855194382
0.32224140406285173
0.4005476181534432
0.46848817801987863
0.5341838949520841
0.5359112113692139
0.5412497881780414
0.49172197259778183
0.4258276492640347
0.3070023941761404
0.20695310225223396
0.13855161462189783
0.10407804104011255
0.08004417505658401
0.0761222206454128
0.07145071453249807
0.06741872937852597
0.07220917765625308
0.07896103835677135
0.0962890661036964
0.12286116396295753
0.16768477354553218
0.20990646913825195
0.2633248722676673
0.3080746606879864
0.3682971795408679
0.40341614586258373
0.46163851013845403
0.5086626130569349
0.5619104161392672
0.5789149868874842
0.5829434613189203
0.49662011610924833
0.3503672239440092
0.20396020848364546
0.12009216461335905
0.0822507488335103
0.06994870121018368
0.0722516595826076
0.07292648962873996
0.07952658288302503
0.08706310061964706
0.09396536139689296
0.10099951359133034
0.11583257433092944
0.14138400241644886
0.18603650830956278
0.21734425942406083
0.2557141315063676
0.31213131645344533
0.41908845786661636
0.4861083323023382
0.5220645393954053
0.5189390433358025
0.5480996207198554
0.45902449720222727
0.3068768758610984
0.1505830290969405
0.1022230792686743
0.07316906258481093
0.06620812117866365
0.07076881631994011
0.08233195808586818
0.09222220047998025
0.09480956553645448
0.10518395311317527
0.12012882223852116
0.14480589514848055
0.17587782685090558
0.21754288134945576
0.27059960868940724
0.3584135521704458
0.43382907109318003
0.46822032748359427
0.48585840554498616
0.5073736856431557
0.5220802219980838
0.41487307621483493
0.25176349033877105
0.11749482696047964
0.0916436815121917
0.080119741942317
0.06856669007466165
0.07069968810262922
0.07275296392476127
0.07916439035024364
0.07832931019746815
0.08517023617215658
0.09448765016248525
0.10619175517666911
0.11986043198424662
0.13807660316291542
0.18424417516629088
0.23089716876819583
0.27785410236654584
0.31177789602454764
0.3709785242515502
0.4071742478774731
0.45032841658010747
0.43339140610076615
0.35180657997773956
0.2167233106407404
0.1274603763431295
0.08804258730968198
0.07451334818216399
0.06957848105465836
0.06185134083639785
0.05819263342862797
0.05873548499016093
0.06283647844296622
0.07336257820004881
0.08587757634737056
0.10131923867854789
0.10774886681955208
0.13420990980882022
0.18331505769313972
0.23844766548148377
0.2800075779461888
0.31935548557556886
0.35619850726090285
0.3744503137316936
0.39409627027892735
0.41177233783027856
0.357830048285408
0.24771802904520326
0.14227467270859095
0.0957757285168046
0.06661836755724387
0.0580333929729763
0.05389193324491607
0.05757476343495299
0.06340761665764096
0.06844500931859437
0.07328903216260006
0.0820629559249669
0.09171725023218602
0.09830602392850699
0.10911767526188462
0.12230869064658574
0.15671496732125909
0.19877857365675752
0.25327773435486606
0.3268850671141368
0.3825375599466265
0.3859575109580322
0.3667635782117908
0.3892244511066199
0.3814235279517391
0.28411497188229407
0.15757319152836546
0.0948614976907573
0.08904629090783191
0.08470123746252464
0.07338113640311864
0.06444499467799189
0.057658695506790335
0.05862809071416044
0.05983866751936341
0.0641736317130774
0.07554940690420257
0.09555617422170531
0.11357477478042104
0.14084429297100903
0.17911264218163137
0.23002438301953912
0.3302817312982421
0.4199397213430067
0.4611199629509916
0.4613438786277773
0.45466094939897916
0.3792262271280964
0.25519479694739444
0.15272601922329446
0.10129146736665862
0.07836622248951841
0.0703286031586082
0.06490655786214962
0.0645038473676519
0.06047307388025119
0.05851053507197153
0.057693218495475526
0.060688446660775254
0.07234088645264927
0.0866686841471977
0.10117560997740821
0.11510394633759842
0.15369684648112514
0.2097908319134058
0.25737253454317977
0.28740071852206295
0.30233212943148674
0.3270806244620903
0.34135743746770797
0.3106394696812076
0.22822921448480987
0.14637569254507868
0.10269791386409849
0.07223290455100673
0.04963100302521714
0.037834855221145464
0.04201930708378646
0.05245960123052165
0.05708854554878319
0.054129662727470475
0.05453638394333614
0.05861576407720545
0.07253828399068815
0.09470382310667111
0.11975651204023349
0.1542403801273285
0.19072151068755844
0.23696220096022408
0.2772647562877457
0.3262088163601285
0.358545679962169
0.36129617825772137
0.3042658647138916
0.219368247445926
0.14036939406061297
0.09245093481719403
0.05874597959788695
0.038366019053733595
0.027944320265656748
0.032187115177919584
0.03967127708877693
0.03853467339369375
0.0401299466120045
0.05381860984004943
0.07260430213077551
0.09589744316290089
0.13150726349214834
0.18783597116267256
0.25033219998510425
0.304059630241896
0.3271084965378911
0.3502832921259723
0.3743812412421311
0.401969371243984
0.4119154382228801
0.3856779475211667
0.28942920201787714
0.18206296398324862
0.11295966323137606
0.08231404506745627
0.05429003398130973
0.03995051830265268
0.0342784286862061
0.03992039656161355
0.047900335726714316
0.06264618257423596
0.07455717172533986
0.09073135769396937
0.10898715313641016
0.12579702124684156
0.14061360482355467
0.15321407685711147
0.18024174678830146
0.21779630638774905
0.25776121751064085
0.31390101342827714
0.38255822878754536
0.4672399631869879
0.48213027904387773
0.39974715665726057
0.26714651032276676
0.1833383274531013
0.13483140691253157
0.095791927671288
0.0576150776843092
0.03998953098309302
0.03156342645398578
0.03760143671010651
0.03855030013552824
0.03704761844362117
0.03992283080278394
0.05267757453959004
0.070054410659768
0.08471302002460332
0.0936616889551499
0.11639885069242945
0.15490500295442045
0.19908945361850708
0.2295407760050625
0.273856429866678
0.3229615256338917
0.3569061816582004
0.35541078047176594
0.3177343851998104
0.245842655981718
0.1629134393855985
0.10017026136927967
0.06180031515060027
0.044696207544127294
0.039936553344716665
0.04132917612981771
0.044339468267457494
0.045294170783951426
0.04689632810795729
0.053803130752511155
0.0598497695736694
0.07669904958729586
0.09745520258733413
0.11676312073120146
0.126858097824659
0.15176825396329569
0.18918043460038647
0.23968851842178107
0.2934851226138418
0.33304966353062404
0.3084618257530777
0.23607931839954185
0.15251817577302315
0.10005014306220708
0.0634405674180589
0.04652254973028503
0.03835177907548403
0.04007890556339934
0.040651681251997016
0.04369759542864217
0.04880712813773231
0.06091456695472132
0.07657672255792092
0.09744601470525391
0.11499051746553754
0.14004552864797853
0.18157354145284377
0.23191549107882475
0.27960950901452786
0.3199776835783804
0.346929456123673
0.3340665465017601
0.2810208662602118
0.21201796570998402
0.14775848070168496
0.08979069007651562
0.049298464322313905
0.035829040276492585
0.03373774983885307
0.030722219257981163
0.029853969239248563
0.027910144559523464
0.027474482197976807
0.03455844978986045
0.0529208626837436
0.06429482670640789
0.08834485998238696
0.12412049129325539
0.186939056588046
0.24099535240637343
0.3037366620129614
0.3753277140236826
0.4079077452587141
0.37409820425029583
0.29442623030280113
0.22625907792652578
0.14864483228296937
0.0872125724509892
0.045016623890550576
0.03283184752608861
0.030436030191183988
0.03225590977565504
0.03178107090739081
0.037310789007119434
0.04855531255985101
0.06138927089615477
0.08269890954942906
0.13729247720223953
0.20547338842653598
0.26291078180961747
0.2808024958564266
0.29662849065431945
0.3437890433132001
0.41135566344532537
0.49140129580432124
0.5502517454777139
0.5447102637053761
0.44443475216510553
0.3227383633129139
0.2200815066037724
0.15436523099145755
0.11602237813671518
0.09619674399862232
0.07341785621049675
0.06403553340189712
0.05944910087193741
0.059158423704210206
0.06173741904883911
0.07393390285723772
0.09061672022879198
0.10346013112781324
0.1313470019978453
0.18606824518307866
0.25127542955276494
0.29076800153940685
0.32890197169716895
0.3865052749563207
0.42482845983390716
0.42834118103010466
0.3996352830231704
0.35880508755652996
0.27848769165844195
