0.6055896545120271
0.7864465686619734
0.8961230916079984
0.948448032758878
0.9577386708946533
0.9439252586255668
0.9333534908457572
0.9273639153197053
0.9133073616656404
0.8579997325685759
0.6733335407343315
0.4222061403087679
0.24695649896986288
0.19859770760392575
0.15164702956508935
0.08810001716243068
0.04204721684156211
0.03229969248717794
0.03704027346378601
0.04895277866607839
0.05499716603026904
0.054731200083264375
0.04732141039772207
0.0416669646812689
0.045837213964849896
0.06968971847796904
0.11734242777073167
0.17703549467523383
0.2691884340197979
0.4627350110671169
0.636475109896012
0.7827012370916688
0.856368716924621
0.9326737077965565
0.9281024913569184
0.9128686702498677
0.8891774165182811
0.8679355672866848
0.8412359708590474
0.7407532161269337
0.5553766507429991
0.3426115963437362
0.19112492212224488
0.10954775871968268
0.05994933470070886
0.04054760259616279
0.03576011234392524
0.038478116616192014
0.04180806903648876
0.04691356695942067
0.05214970932872633
0.05614653160783406
0.06803181034856831
0.08051503038195579
0.10401745283319805
0.19884505216684442
0.39280505884808226
0.5959689671203281
0.7342930852326521
0.8189399264938377
0.8783948136832622
0.8895381048357955
0.8962890838858626
0.9176386771958777
0.9221036441693709
0.8833284963686907
0.7985489474769962
0.6482744472556354
0.450724096495083
0.28058919921718045
0.18989547289191264
0.13438003226400316
0.08701655964892421
0.043259937618506245
0.027940077834723777
0.02442822418193846
0.030680442943749033
0.03460787921639584
0.03559909459357626
0.03338890303274297
0.037444555871749906
0.04010223905241937
0.04417701805634807
0.06360252128693714
0.09269885124555458
0.12352604862209451
0.2154992163687509
0.43685543007421057
0.6751905087357797
0.8332439684935143
0.9085950826346064
0.9397847154929599
0.9290788964770573
0.9066141551409802
0.9056259325202212
0.9034569369961756
0.9122207194279763
0.9237111538514191
0.8282903093771559
0.5957543716060889
0.35341379166165404
0.21108521595639074
0.14933262639812836
0.09618239671216192
0.06024811902561587
0.03216977945106727
0.03866245408155333
0.051130201491116606
0.05533180787666227
0.05382228078025211
0.053124816007868274
0.05060567537861003
0.05103134385621431
0.05943411535457635
0.07082792271591982
0.09047954440887004
0.1328732038613874
0.19660058485506993
0.34173774915404975
0.5408652706944279
0.7514591338624512
0.8659888942635692
0.9214004912429786
0.9214479999036815
0.9184620816345546
0.9291161515860784
0.9347050263514878
0.9333046681044782
0.9361343537663749
0.9405819296244822
0.7933118601586356
0.5456173637706662
0.31776430896188096
0.230871721220672
0.17633730193026828
0.12121932408763787
0.0625743365802064
0.04125918659179485
0.04602575717940852
0.05304670016253697
0.056199722435162525
0.05650786993223722
0.05955040421526708
0.061202144470771415
0.06403695031488185
0.0793033111779061
0.11979731637796387
0.17463476747736717
0.23121008430775933
0.2926555560153361
0.4327941216723671
0.5802228252412573
0.7116080460143487
0.7838195521556905
0.8642602816311846
0.9053811160218028
0.926115886991187
0.9191688554783533
0.8704525880766748
0.7588224603843499
0.5655180509617355
0.359257951548139
0.22339082686908768
0.15783556270610882
0.11120114629439515
0.062285339144436305
0.038965369681175775
0.025503330754704498
0.025297311017766673
0.03076669730229183
0.03814387570616354
0.04071563376694239
0.04624117805463788
0.06446808555234959
0.11279837559625328
0.17654169689864233
0.2695971247538716
0.43136997088372675
0.6275728670765051
0.7897800444691615
0.8713127907475192
0.9037705482914913
0.9124033799047723
0.9246470185492282
0.9443611166136822
0.9385652299732257
0.9307278779820288
0.9307618272303094
0.8768638639128369
0.6822787675644735
0.4296070790955132
0.25738209392642997
0.15995213307873796
0.09469036496508218
0.050780884336521274
0.042992667842178915
0.046672330972415486
0.05676367306658565
0.0640657291252305
0.0655697637801152
0.06794323447677197
0.07048594961842727
0.07352960018622678
0.07673844026080885
0.09063654853883724
0.11992053991939508
0.16886184832384832
0.24023084817756693
0.37315661611431783
0.5283654216189319
0.6963461603518962
0.8037804758352051
0.8944934918950322
0.9409330013913435
0.9730162946699528
0.9672940017622251
0.9598813395686276
0.8777418965368681
0.6635292033141867
0.405314356699046
0.2507216518484483
0.20281077531160832
0.14864197286177006
0.07618612943596523
0.036545178007832885
0.036782205640941985
0.04798797139949418
0.054508334700015336
0.06110150863247707
0.06319119008894844
0.06337337129739232
0.061142528854569445
0.05862655870549903
0.07108121841403432
0.10420853078478984
0.15585578393974103
0.23075326942178204
0.34522190138904346
0.5025532298787947
0.6756375465429025
0.8015910496008202
0.8580483319698109
0.8720078409976959
0.893662286038895
0.9142177700375451
0.9338498901041614
0.9433331134112786
0.9521411795789954
0.948528380154282
0.9490230911253915
0.8053521121955942
0.5542389904411951
0.3087473544329801
0.20779876511158768
0.1563311638201358
0.11793680607899132
0.07755000102744762
0.052969900380347656
0.04525571162320397
0.04948046306938175
0.049418868895616676
0.05263858830281543
0.05404377668115484
0.0567268712622127
0.05722732027592137
0.07387015877136824
0.1014915061868015
0.15782000845437189
0.2568382446728231
0.4383302956427896
0.5958314325075073
0.731328542525749
0.8173614875475652
0.888940581166037
0.9046183033752075
0.9176354615789757
0.9394858140358723
0.9575576923265994
0.9605729288360368
0.9064450128285223
0.7820558839047593
0.5822264409910283
0.3745239194629272
0.23134045170514436
0.14781215643060183
0.09183349433325506
0.04770750157808633
0.0401834708044764
0.044095896029370626
0.05201542649578225
0.05374004040981288
0.055499457116303
0.05834192977891447
0.058566093889496976
0.06270878017555305
0.08679986861501816
0.13529384096705227
0.204360711984546
0.28641546668727197
0.4429208778903141
0.6097050236651262
0.771612722191613
0.8535550596515313
0.906448924140361
0.9115369627384892
0.9433414993122144
0.9737941088090636
0.9882434485382325
0.9817537180407798
0.9745151130652252
0.8492307604034224
0.6076261377028609
0.35716384166345394
0.23990548242969345
0.1947329333174527
0.1467460966442477
0.08335420944409311
0.041939806520032055
0.03567716146810118
0.03345696470096916
0.031821798455633696
0.029325731082770236
0.03229518362483695
0.038501162185676244
0.05207331788957691
0.06772163698684439
0.11169736907297992
0.16666702495666322
0.2053760188717777
0.2916997019350729
0.481200965770228
0.6985100713774675
0.8289797284242997
0.887377306547841
0.9120103603738076
0.9387313964713028
0.960256287927637
0.9780452523817529
0.9687888163919295
0.9632531972023384
0.9620574506140279
0.8905045345550704
0.7203880306589652
0.47902381514107567
0.30179307685754
0.1991741357692991
0.16836848974749913
0.13545648307306968
0.09600239411994274
0.05139062992922938
0.02200860207203173
0.01279501036603527
0.020718873269571707
0.026556841238878727
0.02286352957488294
0.013627131384525266
0.02271423631668454
0.039656132028949395
0.07140858295289965
0.12447834231200097
0.1738833633991374
0.2299772967293273
0.3211855297279703
0.4955333680835963
0.6465776983012987
0.778116826920707
0.8578100051545794
0.9281582885723356
0.9605786309032855
0.9816148875588058
0.9904593824426258
0.9726963524875258
0.9523177856691031
0.8495165470597316
0.6370445716360986
0.3869414563523311
0.23355258858629363
0.1783451566201475
0.138869774724242
0.09588429279598865
0.057419980280423014
0.0329392398261197
0.027187685157747533
0.02853804179277238
0.03172977657328499
0.034220645922980866
0.04337088752635406
0.054131420920688456
0.06818195736295538
0.09785643058015013
0.14554072281821465
0.19391238422533097
0.26798647197338016
0.4083377034211188
0.5595520816716923
0.6953214003926536
0.7970166172613129
0.87232041923061
0.8917513922847349
0.9026003802265863
0.9230130391882685
0.9228767594398395
0.9037305597091454
0.8327172602908985
0.678398509508781
0.4639075540860379
0.2923329468953145
0.21286247725995672
0.1735558205389753
0.13981768443043047
0.10396455216882737
0.0814540169887276
0.0635601200919354
0.04929680410029466
0.0434638914203532
0.04029371012035497
0.0438170590702249
0.0570593759723622
0.0840416845205765
0.11790525985033344
0.16352834686868525
0.1979659158647265
0.2163091049677516
0.2609521225747929
0.41788871825962265
0.5706994829331749
0.6877300068088186
0.7480378785486682
0.8455880379772633
0.910990757112014
0.952803297229432
0.9595217224261878
0.9766495226785452
0.9800556317486462
0.9790620116973315
0.9720852935938051
0.9491559445063282
0.7687086920385359
0.4870626236273067
0.2607876957544697
0.18882028400169554
0.16944137805305748
0.15104220527818296
0.1229049614331103
0.098000307241513
0.07682175837777651
0.06502916689992036
0.06277873975349867
0.07258382859590604
0.08304288925988934
0.0867576733871514
0.10822361411444298
0.13544973294107376
0.16186337126152853
0.17488072042430972
0.19028679660276557
0.2565547712940951
0.4073990950682928
0.5871807684701054
0.7234256668371795
0.8219785660204221
0.8911762529996121
0.931112693236385
0.9499396353241963
0.9589512420406482
0.9491787885026709
0.9246869728191174
0.8001610158980036
0.5708239302046996
0.3324166184981655
0.22605364312174245
0.18858886569998604
0.16435655720263923
0.125522634834532
0.0994603988431293
0.08172067914148613
0.06962234514874607
0.059588821212351394
0.05008033693683376
0.0508377402659126
0.056497802479206875
0.06305050133565529
0.09324466241984958
0.1374603748163391
0.17033830227107197
0.18100478070972795
0.24473675652109123
0.4407502291610863
0.6760825158454308
0.842189380072427
0.8959607138933445
0.8427456968230218
0.7546420534649871
0.8055030109863117
0.9490782112239456
1.01799156801378
0.9769027522187539
0.8704307826713316
0.6162282384799767
0.35112828297414167
0.20303351409685083
0.17194304013757483
0.1433350241773686
0.12905629136295776
0.10768823442178542
0.08778817141228373
0.06291059646870886
0.05007824865547423
0.04344049853819134
0.04800049314952576
0.04517448339669381
0.04497342520988994
0.04788741587924506
0.05864713607995121
0.0830800803149093
0.13017671486286403
0.1703815511112285
0.19586367423376877
0.23521743627526265
0.3831636290246417
0.5671611573316675
0.7043331390002044
0.7030565974045732
0.7730137821541302
0.8791437409462652
0.9785230692362937
0.9720701740403226
0.9654432824628618
0.9130048808222273
0.774144949861709
0.5345762043064621
0.3205357388657417
0.2042154520201635
0.18927025351431634
0.16873115559045881
0.15242257086329608
0.13165801835195906
0.11913704887256539
0.09665518495544795
0.06870195303959124
0.05174162646124217
0.05565807333463881
0.06485753419289869
0.06419351415646891
0.07285051254001706
0.10910827852600871
0.147937507190651
0.17530231304792482
0.19272358163104653
0.24124923908142185
0.35811525221476653
0.5154450075608297
0.6700376187894909
0.7945912101706438
0.8849345694967394
0.8907387528976427
0.8972787196657714
0.9202455440335358
0.9364980308507997
0.8500249818313013
0.7051554822940507
0.5104383064240594
0.3434975822092951
0.23488847919383493
0.1959839675998461
0.15705616566775157
0.12265543665350627
0.09308138870117776
0.08258516446773878
0.06664388535824098
0.05442403184899946
0.048199120898117634
0.052902048806294316
0.06196227983587759
0.06824996091572624
0.09778246167668332
0.14696478346075562
0.18767417383479784
0.20501875032647254
0.22866858148706679
0.3520940356495906
0.5072138550928125
0.6280581253578341
0.6989058648158357
0.7697677008067445
0.8444486233639027
0.904073831978061
0.9526334222154638
0.9603213888961903
0.9442747120360403
0.8509393220457542
0.6401077972481807
0.41690293319371385
0.2643433707030637
0.19708714385730355
0.14773915977184487
0.10194087820437489
0.058570560098557295
0.03825793851541974
0.03849152638535475
0.04429575438413433
0.05336582923207701
0.05885951448431877
0.06406950387682056
0.0762081690457104
0.10907137127987518
0.15009497412981262
0.1719559778446749
0.2063448412953962
0.29564049324348496
0.40827253072561087
0.4945904540790465
0.5679019473604607
0.6329048845030735
0.7218653759206853
0.831258836718625
0.9231433599610686
0.9589622854852061
0.9571734778444652
0.9508638382383544
0.9462492805262006
0.9415068665711792
0.8301086228716255
0.5965331462381082
0.3553896367797888
0.22439069694474628
0.18202901553965428
0.1626970159674294
0.13946725135849905
0.10401594620124853
0.061823414108336014
0.03619088350285785
0.020659078290737327
0.01631077787420515
0.02076586822909337
0.03244080667138201
0.038011300136376214
0.04448651000639893
0.055421999420867396
0.0852274763719808
0.13082846583710056
0.1768729172687517
0.21797981144650352
0.29468325105360127
0.4213494234135909
0.5538441364845681
0.6430207116352766
0.7066637571375054
0.7491714227942214
0.7973230899453476
0.8708702430829108
0.9410890313472168
0.9576757274951561
0.9193240747950615
0.878798601916075
0.7581232874232509
0.5484220936467851
0.33551423494096216
0.2168196382906927
0.15886344302209593
0.1206115590372774
0.0894786120313226
0.06517741885844057
0.04423315893151379
0.03847379070385168
0.03293039121374161
0.03255129199464954
0.03351101569964694
0.04002177015807626
0.04947119785765243
0.07631194954731263
0.10551074358873364
0.13715824582841474
0.185813295746105
0.2727588575806801
0.4185292056213956
0.5756028064733721
0.7156578223842783
0.7933959347695491
0.8445055188368674
0.8541529469310306
0.8291877992011923
0.8302089841653477
0.8664274318848069
0.9160659062031394
0.8963855108504303
0.7842629642649193
0.5714344434753402
0.366234029491147
0.27940991148630756
0.2473579665601512
0.1958299211400782
0.12664974129128878
0.09444690542407455
0.07292359220622766
0.05329579544520297
0.04479199787617291
0.04376514763992634
0.04381485563694841
0.04382876152448494
0.046253874244741415
0.05880013896492906
0.08286147761044245
0.12114986980819312
0.15951930628129662
0.18143103925340578
0.21060546368994615
0.34152298060661085
0.5415789236386005
0.6971521938259422
0.7273077274047581
0.7031568621735904
0.6773464363951787
0.7584416515128634
0.8861639007331352
0.9805260418162705
0.9228951156039343
0.782550206287319
0.553625663840096
0.3543407839118102
0.20561583410990686
0.1320492996035834
0.07390595954539556
0.041050399744090214
0.021994307601695857
0.01576932719593433
0.02375300164309886
0.03451579773463673
0.04282950980700784
0.045434935090290854
0.04899274870906468
0.051456327176981814
0.06541965595641008
0.0991111798004645
0.14620684990891486
0.2065943969497257
0.31375346040084207
0.47776813261460876
0.6476229379003458
0.7757291351232309
0.8617918907532288
0.8894368055082708
0.9075259476112331
0.9351141753202751
0.982711689687497
0.9734764149551092
0.9482405089354233
0.910210376733583
0.7416972619370028
0.4870663664285927
0.25930203758319115
0.17030913347796722
0.11821290120869044
0.09466455544259483
0.07022312347308717
0.0516134638686873
0.04467364172852261
0.04158496954360068
0.04260500947825302
0.046550309590333794
0.055357327274999785
0.07040199022837637
0.08743529694574728
0.11848596096149511
0.18526970385761696
0.2788932545488635
0.453509905739464
0.6251872952352701
0.7480985182901257
0.8045759910176125
0.8683809878092478
0.8543133411725113
0.8238965500775086
0.7991572054294889
0.8672588964115173
0.9379320013538333
0.9922683987344096
0.8720573942741572
0.6592117248980625
0.43743658703186
0.3220503351626623
0.26366942120082437
0.20444268080740624
0.13295341753825773
0.08446299687242197
0.06452249695784773
0.051112118395585326
0.04435657249601828
0.04986731246108056
0.062101974410031166
0.07141514316556123
0.0814922523204075
0.08980699596470793
0.1012468855780576
0.12371886087779499
0.1734438727457714
0.3104138915726629
0.45656904197212383
0.550732065091134
0.6508563417066319
0.7856657991121287
0.8837505298136578
0.9060425974844649
0.9280643603619791
0.9392903183800386
0.9398220483485844
0.9267679794803388
0.8049829169280107
0.590069997766818
0.3698903851643569
0.23821766306178999
0.17114073100265823
0.1267743755796032
0.09238732067809688
0.07193622700763402
0.06682490428648813
0.06883635004999075
0.06548780681638798
0.07402341698691556
0.07534089847372806
0.08143201691395363
0.09456012043301137
0.12038612391495121
0.15540337887566136
0.19042838488911423
0.23637573207314014
0.334708282148903
0.5052361263993781
0.6876270796058971
0.7399612996408536
0.7751424653538476
0.8044788818955528
0.8305332771828242
0.8161118450945059
0.8202709459793258
0.8185842585575424
0.8067233119195825
0.8140167175981675
0.7144267007799076
0.5165718451950194
0.28545076535989866
0.15899367584912522
0.09843611229838185
0.0895930433266307
0.06491251722392934
0.05393033914725377
0.04552971375216952
0.05246965275629129
0.05415871901814458
0.053191635402481285
0.05189430002526525
0.05145300760829799
0.04651063974047069
0.055220018800456544
0.07151349761112455
0.09527915330482949
0.10476929062298868
0.1868776766618606
0.32347009261462467
0.5002003347733832
0.629215061390143
0.7340572337692857
0.798445649338942
0.8371750933661594
0.8565799615491335
0.8767007902163537
0.8970709607020515
0.8816591246039
0.77691880276165
0.6143612956853494
0.4326279538331679
0.303857140450506
0.20556642490040855
0.1351042325809299
0.07607640806760398
0.04656596298282849
0.04703020304937925
0.05033980286291957
0.04968242908639113
0.04362120887258837
0.04755184303951229
0.05114446852823065
0.05361169756796651
0.056971728889429626
0.06550156748337624
0.09752652417237315
0.15611971885300835
0.23168608629726253
0.31704496307877955
0.40031734884554443
0.509951102993382
0.6196212508724501
0.6869362686236059
0.7334558776150683
0.7897001673531365
0.8226998333228116
0.8065606716694959
0.7986202364989273
0.8100225510385421
0.7797939413119879
0.6656504429887906
0.4780047339873949
0.3108784136220533
0.2062504448513196
0.13526088130714545
0.08275779552951033
0.05566437328708236
0.05305407701688937
0.04078670264660467
0.03564245755311975
0.03410499096652402
0.03868267416943816
0.0383872150656453
0.04522389866482236
0.05500474856495532
0.07072559824105851
0.09233110829202397
0.15516247940540007
0.26810937230717174
0.3933279550516797
0.5105415688196793
0.5881932832201722
0.6599190074235555
0.678660759543918
0.7610188803565787
0.8302841238385746
0.8898660445721528
0.884056861162907
0.906784394438453
0.9251992434604771
0.9329094473626509
0.8939764452238328
0.7477743788774962
0.5197758226674141
0.30844511761263704
0.18565555846207366
0.1365657673354884
0.10421376520622584
0.07034389161015558
0.04124511256587038
0.031973664901640345
0.02756567855623658
0.023038960022442607
0.023766357542964304
0.03547076317030087
0.0591458193297113
0.08188582908790021
0.1214944526211671
0.16855605087687797
0.23370593337751938
0.31883499283753003
0.4171917854477488
0.5131119957213519
0.5878824020418575
0.6528363264990742
0.7051099716076008
0.7447475993704874
0.8048951419149422
0.8771206373694258
0.9428836091833632
0.9598208003830047
0.901307710958117
0.7288768904314993
0.49634175860803925
0.3147922364938963
0.20019082616674835
0.11959659301609113
0.06804774280774163
0.044642034410546684
0.03714378296147752
0.03468004175972607
0.032324264358000614
0.028293479638978773
0.025145297383667296
0.02282279371308809
0.026468072949048977
0.03644945189244086
0.059086565761229996
0.09557256351534149
0.14930787097752582
0.20576514032305637
0.2690914714131729
0.3918084440988174
0.5792919028849728
0.7342482082219868
0.7995371923056722
0.8417641652026397
0.8875710660071012
0.9205908972821717
0.9369257335339318
0.9708902845802118
0.9657875707462442
0.8032449835867969
0.5360705447397598
0.30031682342909105
0.19635220307364726
0.14478256286018534
0.10379999893378919
0.0653142925806856
0.039203026729072776
0.03081175179783123
0.027260220041798615
0.02780936200194972
0.030113900052087708
0.03356375258568081
0.03502290241278505
0.03638258215585244
0.040393827545968986
0.044253146527287346
0.06353884374630196
0.0913994317987679
0.14714832516633627
0.2400225377528264
0.3627617193240631
0.5159550675697502
0.6505459946815165
0.758049996686189
0.8100054896206434
0.8606125113410128
0.8914524955495444
0.9193289435986214
0.9127219447027353
0.855753179093588
0.7048605754912824
0.5187098415541695
0.32100215091122364
0.20033214565473795
0.1403698495501035
0.12696072456812102
0.08897271787416046
0.05020240378983245
0.03190619599620974
0.03259209286097343
0.03696760384686952
0.04213908108163191
0.0626507629531695
0.08555888187778324
0.1119930026888232
0.145527483195326
0.2052999676253889
0.29214076718993354
0.40556175135842065
0.5240410295093472
0.6270053939957865
0.6831776171993207
0.7391352422600955
0.8101347757480215
0.8307568391364225
0.7928494471298662
0.7741834109963895
0.8205120589900403
0.8338994724330562
0.7652810701752368
0.5992718804549084
0.4110946267866674
0.2665754445246725
0.1929647515153057
0.14448547784933402
0.09212012334177462
0.0427267258856114
0.028525990064135753
0.03986621295990578
0.05201816628437275
0.053324702250447394
0.05170274643065679
0.05473772409306517
0.056982786039506364
0.05266817350114413
0.05241342751217165
0.06896996501590844
0.08736724341464455
0.18677282127214379
0.35064295249570765
0.5144099812579693
0.6185311304634926
0.6842137340391456
0.7610839799170516
0.8199432149601263
0.879961049107004
0.8918380709961233
0.9059017629355454
0.8331416703602657
0.7294153410918682
0.5642968534048547
0.41500588826636536
0.25268512824467954
0.16861029260671503
0.10631196840236701
0.07583929029558137
0.042229126174695944
0.02732319001513098
0.020615655662266027
0.02340798900715694
0.024954345771789642
0.027820537319683737
0.03392462089558927
0.03943082874382775
0.058024779526898634
0.09458750904538685
0.15585888579039164
0.2208773182043928
0.3034529928890213
0.37456053839844305
0.46361535804897863
0.5697908290504128
0.6797801474353841
0.7573451464306292
0.8054764112490649
0.8259999076683985
0.8180460531933368
0.8336882235647414
0.8472409341187923
0.8237131978710679
0.7474206617636335
0.6644723712366734
0.5555940159872552
0.4157205768598142
0.2534317792046087
0.13029733032987612
0.06977190778603065
0.05689574326807678
0.05168324131528455
0.04787210675012624
0.05515435382635966
0.05980690608832343
0.060865003638946716
0.06265336404535903
0.06975733399795195
0.07164351786092577
0.08362006588658948
0.10929312453094481
0.1895184211000357
0.27178375755960826
0.39808318775422086
0.5558506641955133
0.6919411690235222
0.7516248276398798
0.7881817163385814
0.8392062006364649
0.8725930772775152
0.8693433533868866
0.8390110494082459
0.7644216979227715
0.668250903472237
0.529493400393601
0.39120221102265545
0.25041690290150015
0.15742443335944603
0.09960724382298654
0.07349267845818469
0.05122951759082875
0.05041599846474167
0.04941618211475332
0.04725021390301246
0.04535711581185975
0.0463754623993264
0.04698942948435712
0.05107804888663022
0.061346392537750136
0.07804641576956214
0.09773410461146254
0.15372105873676037
0.23087671380928007
0.33397335736607364
0.44915324775404725
0.5802965356851343
0.6587842148930652
0.7175017353194993
0.7910066979043155
0.8619883921356206
0.8800709204968145
0.8355792159171453
0.7181274050921802
0.5343786415351548
0.36071970712746565
0.21554123564190716
0.10720223586847086
0.04300573276607043
0.03470906293411642
0.03491927531421795
0.03474950184271185
0.03376209420474133
0.03746015021999056
0.04161948441099861
0.04532363143538979
0.044964450649051524
0.0503143242022249
0.06790635609834256
0.09098425496236619
0.12201871094006805
0.2144648993284304
0.32149064760967155
0.408626940834193
0.5174359009938322
0.6322593340435759
0.720775657201804
0.7800822394552321
0.8255251570161655
0.8264043522423512
0.8079088923497005
0.7846175843268056
0.7361629204796141
0.6793773800319305
0.5763866929654808
0.39494639116307234
0.1970377431143531
0.07926338128844601
0.054016936609731836
0.05687752751556879
0.0489209882058086
0.04571376123787752
0.04926327262708151
0.05238249070509374
0.05410697896187497
0.06039180929357127
0.06973522758805578
0.08417715270374238
0.0962384261583593
0.15948612928751668
0.2601652136390425
0.36937156147920813
0.4726862212935049
0.5797251272329804
0.6476005554777082
0.6622752912493876
0.6710493518806949
0.6524186682024288
0.5361143119238554
0.37287063385402164
0.2637803159863831
0.23612175563340548
0.2009618973914362
0.14610329751122594
0.09573345847519306
0.06595916662458644
0.05721634566829838
0.05532798070594193
0.05506607748183714
0.058338162102614805
0.07039311847714405
0.10515829393349872
0.15640540050874255
0.22273294879043135
0.266450596259848
0.32690365861140125
0.44556302135304326
0.6094667560136902
0.7088514795477929
0.7861473689651287
0.8464265935022683
0.8979907775852713
0.8881006489467149
0.8642594492850044
0.7764750882481679
0.6350649567367149
0.46294657207130996
0.30140559401644035
0.17595338807084213
0.10181705263304194
0.06965308987915368
0.05182122430695574
0.03919330968430523
0.036022536246720575
0.04396783644954432
0.053049068017363046
0.05634874114479301
0.05984514602944661
0.07195377889092114
0.08455956502953842
0.10409073709554588
0.14150402918304356
0.18416217870849988
0.23193639580913206
0.2835495260167712
0.3870467356660955
0.5144823291092633
0.6291748279356852
0.693955640032262
0.758430013880124
0.8109951808901461
0.831105245007645
0.8039712595130872
0.7612119180665
0.6243313507776254
0.4353352041365637
0.26783867134626116
0.20270543505090008
0.15418247950225955
0.11068944067944972
0.07158727069311675
0.05271564057913258
0.03324077752801177
0.025048071522424078
0.021368545043134235
0.020142705246423337
0.02400806832708126
0.03940576852009967
0.06798485151056972
0.09952591965193933
0.1365813912399567
0.17527128859316626
0.22095888209954007
0.3159895952006341
0.43527996904137073
0.5439516520080829
0.6174975512615292
0.6925467756467976
0.7455983751011395
0.7387379616245712
0.710836560146098
0.6965143003967074
0.7131388292730549
0.707787504077116
0.6418439780749686
0.4896687878536208
0.33009866355470197
0.23474466047426842
0.20436157339658023
0.1858941005799055
0.16729471450642097
0.1309690158092791
0.09563074872685845
0.06894074419002089
0.054986793379163484
0.04461960739688906
0.03909311701666372
0.03830520634169672
0.041901132220934334
0.05511580002405238
0.08030418421600412
0.10951892210374253
0.11833738387979628
0.10873029930940303
0.17600120278009468
0.3592570442264913
0.4944736534706796
0.560001862857973
0.60708611040367
0.6858093537317457
0.698069156333005
0.6944457854442025
0.7031114153137716
0.7027778127689881
0.6339323898854282
0.522341143788823
0.38340610462064706
0.2373503858222118
0.11099313301643958
0.05391342228203813
0.04146514637983813
0.03942692606964662
0.03959958139887369
0.03245435427557808
0.02380169540484911
0.024584278369553264
0.035329420736522454
0.04086180196718374
0.041891906826126486
0.04435357753128087
0.05810407751179271
0.06752420753874061
0.07681534107919256
0.08652184787738978
0.0890242603860437
0.1170255366967752
0.22430730008383137
0.361280374238975
0.4840701052711832
0.5624060180006003
0.6255176729358672
0.6669982509241652
0.7022332164868526
0.691155535177763
0.6749511486978632
0.701042592470593
0.7007161656979484
0.6096637778708345
0.4791169630862159
0.3625895381550723
0.23407288320805097
0.1477904487871562
0.09433890158076441
0.06901271272813067
0.040345257339459165
0.03997591770548333
0.036468980734920164
0.037157321383153155
0.03651956256663497
0.03819770517770714
0.03963265288754962
0.049855433951000706
0.05901152210443644
0.06837393784833279
0.07162994407532947
0.07824046936076061
0.13800217355905514
0.2615943763698546
0.39089208032052936
0.487642101256795
0.575976696724095
0.6677507982717256
0.72272369420484
0.7475393864071789
0.739266932151793
0.7258534402357137
0.7007229179077927
0.6553223822607053
0.55616441001349
0.4170588266125461
0.24361607951628844
0.11538767031525864
0.05678880999037819
0.05689225488519149
0.04041778850020653
0.028883063488338523
0.01700239624799111
0.014562937458684193
0.004699489268529977
0.0036210369174869677
0.007212261187821555
0.013991118834504209
0.02722491245851193
0.05209273936214717
0.06944652135922547
0.09528288651700215
0.16278418134638006
0.26057268542926476
0.3372471530179421
0.43371389018816797
0.5796519613583315
0.7204988165261472
0.7964113977839745
0.8347149301555439
0.8589733573253542
0.8755488620476894
0.8405455841304857
0.7574298742375225
0.6254747993315344
0.47712746857695065
0.32906220782185
0.22332866752691036
0.16101802029782158
0.10781840127852668
0.0626747032418767
0.03333556368409411
0.018570941505839864
0.013473290154717254
0.01049447058473469
0.012209513570282816
0.014039338140549808
0.02448887072890798
0.04192762198208207
0.06822908379512126
0.09973988076502802
0.1602329182650068
0.24903068015093505
0.36308377801479363
0.49055701149031355
0.5842958587381155
0.6485993816844244
0.7299517216057814
0.8240974494089587
0.8685001551921527
0.8612254062936522
0.8283763855916602
0.7503151684810752
0.6267115805388819
0.4654395569755241
0.30943122645731347
0.21112338062364336
0.1525615108152974
0.09736011347268625
0.05475045803596495
0.04504574074013722
0.03951664097654806
0.03230899007164734
0.030953040615841462
0.03382635537002175
0.03474801262779461
0.03688842991745088
0.04314020653815486
0.05358523329439128
0.0747828937481592
0.1047265397255963
0.16521477365097129
0.24603879475889812
0.34199404956684387
0.4185374614858898
0.4969169210002365
0.566864574989364
0.6648202036034725
0.7611247320316799
0.8314602775717324
0.8471378750546136
0.8404008879714779
0.8195522043081113
0.7703960598767106
0.6921668859701718
0.5621316375586773
0.40310101022721456
0.24590525926597046
0.14206077803123224
0.08385878914601883
0.06048144116442055
0.046009387694925095
0.03571821047732342
0.029393244831885185
0.030496444787220724
0.03603348364190856
0.0401864856184546
0.04429996380677101
0.05644525110313392
0.08014964308137153
0.10618498109022499
0.11654263207382867
0.17518801429300043
0.2925695007657466
0.3955641034094653
0.46313594262350544
0.5366304835657646
0.6231961925825009
0.7107867206259815
0.7862354435222978
0.8509203127183744
0.8839210582156567
0.8662893466769375
0.7866844294360844
0.7094457791224615
0.6083613843356601
0.4654255782344792
0.27476549984416854
0.1556149072134684
0.0800280730337004
0.0579299647082297
0.02312039114682464
0.013149042724855838
0.012368721899309631
0.015284734541312222
0.01743165577921252
0.01498613068283209
0.01693866289807923
0.02543735405503221
0.03303716785575033
0.03704291397878894
0.05927758739872131
0.08110537452240499
0.10241743478726727
0.15027558039736388
0.29761731616614345
0.4009668880798011
0.45566860070622517
0.502914327219862
0.6149225094076931
0.6982179840702686
0.7488840063833491
0.7808290548149341
0.7877297692732881
0.7643971237486639
0.6687971675131459
0.553399269298562
0.4698620282090634
0.39433787708780843
0.23841026032628906
0.09494915168752943
0.030889908898428724
0.02935696466294691
0.02111949565547272
0.019482949307281054
0.014073540737996222
0.008757758150296866
0.012217203748432619
0.019519840040925766
0.025122284400145148
0.029181324151310802
0.0382394098075623
0.050878074954488914
0.06560009183688266
0.11113448808976537
0.2411028335379299
0.38825357087088147
0.47089615162106874
0.5007930557216775
0.5673364634830054
0.6619360598718935
0.7189394085483823
0.734081674327548
0.736503891848369
0.732236482801138
0.7307750056489838
0.7360638265507249
0.7363506702077822
0.6301673680578719
0.47442129646568665
0.3241638662964804
0.19952283557241787
0.09766582919539217
0.0525125481118331
0.05102697668987578
0.031406308104106294
0.023041716204334785
0.020396860041403897
0.02328653731595967
0.02135257408975101
0.022519838000374395
0.025125023735995018
0.034111569498069
0.048809053245146554
0.0613967482957892
0.1115098490409401
0.23708863324807913
0.40604307459545985
0.5123544800204912
0.5603898115829423
0.6247914706624811
0.7115791391648916
0.7651714800570658
0.810156359440932
0.8432616126222705
0.8417780831459241
0.8004732337722859
0.7527775676090882
0.6652544697134446
0.5420536085040925
0.3868532118505955
0.24787380459642774
0.1341462752439951
0.07575739650262425
0.04574137373468323
0.0416084994174271
0.039599751949598805
0.040914944671505776
0.03765204154724465
0.03493083863633234
0.03624297009396717
0.038018989363055894
0.040277493951181915
0.04855652641579031
0.07188317658917816
0.09529055576992196
0.10851237205613891
0.16287532699750978
0.24546092559057797
0.3217371223311662
0.4216968867108457
0.571472042185796
0.7113290840735438
0.765431423755225
0.777620678520536
0.7659298442825284
0.7724194053967962
0.7800713773935131
0.7613540479860997
0.6899235534650479
0.5868877545101088
0.4778038177353663
0.3323197620534393
0.1864549975223304
0.0765495937421227
0.04021325285421726
0.03525442166129837
0.0423796400586548
0.03927213693653596
0.03677462329653002
0.04039038176085408
0.04445719707923816
0.043545802096756375
0.04453491653987132
0.04105910248133469
0.04109955506594544
0.058100496286162887
0.0935336239911763
0.16241577474216728
0.27421681023940925
0.41599918362831906
0.5208085667558129
0.6024921255202409
0.6809494712429851
0.7476629918105764
0.7739954701044186
0.7850603746730277
0.7880873044208074
0.7080658206721717
0.5726629809373549
0.44716128762886265
0.34980355057058704
0.23337108015622907
0.12773771020459082
0.07645062112072543
0.07060925534372034
0.071150667429668
0.06970010190290485
0.06816130117017277
0.07507309444253253
0.07647709021979276
0.0780618045077094
0.08087621108627889
0.08560330975915464
0.09212427284076152
0.09489338052615837
0.10241735569402163
0.13613339413592365
0.2345036251749285
0.3660073945287663
0.5153647465355587
0.6298322095112334
0.715575676646491
0.7668628152557853
0.8183880487344359
0.84807002617041
0.8482025937283673
0.8316721608092594
0.8110474632802722
0.7648769450439321
0.6829117355420442
0.570688289557378
0.45979094570004514
0.3096510314460147
0.182769639240114
0.08883668124413417
0.0612192374227555
0.040528333584007925
0.04658106342553648
0.04215313527027127
0.037629923517744746
0.03421164298684361
0.039301192846621244
0.03858058301106306
0.051615767019046424
0.07908535916886736
0.10583078978007056
0.0978082244259097
0.10800894375887318
0.21195360375208916
0.3629535711706706
0.43568254046469423
0.46576472602665014
0.529319434155193
0.619715816526616
0.6730979763617229
0.703223400744796
0.708734992791742
0.699146622764215
0.6834907489807853
0.6072390275361865
0.4913818123548076
0.34771270345564476
0.22001254442876708
0.13595629952773092
0.0913475672987735
0.08357110625010394
0.056042612234664876
0.0392815225122706
0.007067405966440936
0.005386703476724287
0.009987199345355982
0.017398295443587015
0.02094752539440463
0.022275642875030303
0.026919164256555453
0.04462614523402163
0.08564390598370714
0.16374744089337795
0.2691594746393244
0.38408109012786784
0.4962181839678173
0.5996271287731381
0.6668080416023432
0.7091083940447913
0.7418849816714763
0.7643065803529069
0.7717411734303476
0.766091199948745
0.7390584024222401
0.6399027722324462
0.5085798566728705
0.3379656992789915
0.18567375369967065
0.07864393222115187
0.04762559579532587
0.04035076945611453
0.03856880593236409
0.04267595468208576
0.04440253636295645
0.043169747822800364
0.040675235822167505
0.03777516748704918
0.03399809248271496
0.04216376902610443
0.05726932419257702
0.09022266926063277
0.19524920481610575
0.3446948076364365
0.47474432432719116
0.5538557193574583
0.656200867949226
0.7292834545341862
0.7429960161786766
0.7411082598451568
0.8685174191040305
