0.4392991239048823
0.4392991239048828
0.1298557158712548
0.38235294117647206
0.4987212276214845
0.6935704514363895
0.4987212276214845
0.12985571587125386
0.43929912390487946
0.22491349480969042
0.839311334289814
0.8393113342898221
0.3277310924369706
0.2752941176470634
0.4392991239048828
1.0
0.839311334289814
0.6935704514363895
0.32773109243697623
0.5607843137254845
0.3823529411764811
0.38235294117646923
0.2752941176470634
0.38235294117646923
0.08496732026143296
0.22491349480969566
0.0
0.17647058823529368
0.49872122762148785
0.27529411764705247
0.2752941176470634
0.17647058823529368
0.839311334289814
0.2752941176470634
0.5607843137254912
