3.706322872606708
2.1634998810159494
-0.638979834680309
-1.2496241609688712
0.018360771972760762
0.9094923635288745
-0.634874137681143
-0.5217169539353096
-0.50135106785278
-0.4951940495961297
-0.761029816289094
0.3360330007650903
0.8501134372348054
0.7679549260758958
0.2557065881394505
0.3802537653043815
-0.4898677479115655
0.5111786617970805
0.9975682873345806
1.020767438718975
-0.5026796415797448
-0.3357842551643931
0.15859770310587165
-0.05623162421846574
0.33035790398842974
-0.2852293870205603
-0.5126131588581307
-0.7690967352922053
-0.6342449756964699
-0.3644790768825325
-1.4086812062602205
-6.835167017684826
-15.126427468144813
-16.608667148770284
-9.92217238723681
-2.4268817685581685
0.15122400582826526
0.20110396780329223
0.11938863108977006
0.15898578809314917
0.15901543906733032
-0.1207254872403775
-0.07971033758240864
-0.21437303165334545
-0.40711782342263003
-0.2789227370090416
1.3145069789368278
7.454701747602946
14.293763653416184
15.554028153145882
9.982939227317429
5.161269354652804
-0.3181735208799574
-2.202915389663087
-1.1454903085246388
0.6074611356688612
-0.49887861638576014
0.10900685473950367
0.7564291203201372
0.40783670495124147
-0.6684433050093498
1.6248225952063047
0.7230660973721051
-1.2486111686044354
-3.2582988590491206
-1.2492854378271412
2.14440433719517
0.1952192314419435
-1.1091029062544395
-0.22707434603694257
1.6615100678044097
0.6964745315825115
-0.6767893257118198
0.2935017996102129
-0.6975594988498867
0.9217197764022954
1.2573329080374696
-0.9767931112873541
-0.9704087360959862
2.001357690755588
2.888256211825068
-0.5288824962955837
-1.6798935638765435
-0.9379718198067077
-2.2191574734571375
-6.279507367669641
-10.670118735712816
-13.561908307659186
-11.052412532551463
-4.9693751019365076
0.05770313779020701
-0.009033577094220735
-0.17623424106841654
-0.7778611276958388
0.46361501154870366
1.3882903417852193
1.2970126499171188
-1.1039804834018998
-1.129455559674441
0.08509473753264221
6.585669394749913
13.240640605840278
15.123777383988509
9.87964517670534
6.054990249524573
0.16241957313235358
-0.4318411085953604
-0.016438924647739276
1.629357992876534
-0.9906845497010521
-0.5646461252954069
-0.41076203248388377
0.20201323691277498
0.4289091581762842
-0.022567700216973376
0.15504355621365262
-0.34739448715653926
-0.7637312581179572
-0.22708708740214548
0.1239215731719816
-1.4327747362348993
-2.0964705056850867
-0.4084342674793865
0.9066567014866133
2.5185467004030127
0.7963455782007439
1.2862496867115094
0.1649317712792159
0.8389950266931775
-1.589363247443506
-0.5911093015447654
-0.42474019857206374
-0.2929022067999642
-2.6384740190084703
-6.921649877015037
-16.616876917807776
-17.86300408448896
-8.77269024827832
1.5075772871802073
0.7683916910490343
-1.3921979479210282
-0.5354260127163957
0.05702750303665744
-0.6840642036476059
1.032036844524048
0.657881434150976
-0.6909033905125109
-1.7735445489553612
0.5706460330704131
6.868850491301514
13.794903722372728
14.663599437723464
10.617433171187507
7.245177485156619
2.2018337355287945
-0.04913165835090289
-0.3935987472762506
1.4740489829285028
-1.7068645214604443
-0.11397872820438651
-0.33757028578920945
0.48207786544031744
-0.3932250291063602
0.8522417828611614
0.5231320904941535
0.21320979910858315
0.09923945661169935
0.4909314190912956
-0.20835625829867274
-0.29511900678596764
-0.0854037588441828
0.26584365302623075
-0.11808146543563144
-0.8085440437940956
-0.41289531070982144
-0.5628788277238137
-0.5469399163380493
-6.369790452960413
-14.281829784349583
-18.331788427360173
-11.072896974164559
-0.8934668183263405
2.9058912246860586
0.9918104359354545
-1.6570710242269464
0.28141989195805006
0.5095739216838797
1.0264570261534591
0.709719330650809
-0.903228625859109
-3.0348543178927603
0.4602748409519005
9.829085427542719
15.800065064439218
14.445688798218141
9.361177547002887
1.7926551777061759
0.4635226111914398
-0.8881516015986799
0.5167795143655681
-0.4785472804498076
-0.7071876175814821
-0.6826096274868323
0.4477000160269767
2.460529150466456
1.0607516759616613
0.47422222655554014
-0.38754664396967536
-0.56287976523387
0.012650004900349777
0.11252797284367273
-0.010147862490603498
-2.1783376842996303
-1.5710417590157977
1.1006209771124738
2.4031142995698525
0.3682220137735661
-0.8791435053915762
-0.47018905734337035
-0.5431334790961836
-0.6392796216853314
-0.43529403924140886
0.0661534859064641
-2.4186449509848136
-8.93590526631094
-14.682958903327462
-16.556786753925255
-7.783954254980159
-1.081091926958172
0.9380436262896533
-0.7950982454332323
0.2358274339099964
-0.7582263098367739
-1.914793305170943
0.4768708992887771
1.7289665668660168
7.724616898876205
12.209086426473515
13.042547093702206
9.536786709449954
7.248954403539432
3.615321005423277
0.5363372000218344
0.15854790211596692
-0.14235616948975954
-0.3926142372844459
-0.3612711309595453
0.33493299001243876
0.16668292317696456
-0.13590362933646286
0.010090450740976068
0.35193882005046934
0.40102462263132443
-0.20516125429166437
-0.1518266280412078
-0.004353261774712196
0.375755887943118
0.012967829348968831
-0.30070471364379453
-0.17946715846457303
-0.1573695953001663
0.0298007183479233
-0.05937628696350193
-0.3708482291622963
-1.232971044209703
-1.5650869996579642
-2.6659228128853156
-7.139138485653843
-12.357351802820377
-15.078198816354824
-11.363830207340769
-4.745499252486807
0.30884824556624113
0.8100513192039817
-0.05361387945367423
-0.23758301374580318
0.004525856242112314
0.04561678414061814
-0.18090595537211132
-0.24934252607474455
0.5278544917743176
1.5389467808346846
7.537133020142787
12.451817053081442
13.58501505760148
8.937929332519339
7.165740960864747
2.406657748627034
0.634876393503081
-0.6804819303163081
1.113984287504104
0.33064439232074144
-0.7118074253851562
-0.9869633320619022
-0.2261485706041885
1.0351100044421517
-0.06259765771745607
0.52847223395547
0.7107642844449561
0.6227118354954952
-0.059838891158592526
-0.26302591619257726
-0.5535866355290484
-0.6579225470471585
-0.5988160492750371
-0.4000684905732622
-1.2792392192477942
-0.6762135793872772
-1.7210092483233703
-6.486946831429662
-10.66391182446102
-13.132660314193892
-12.110333152020086
-6.9793882215118055
0.8116987418455653
1.580572073586219
-0.7294419610246456
-1.4036240899768113
-0.4476001550483421
-0.5101774697921272
0.25122236259302805
0.4916194835402756
0.7986676103131369
3.146716634594844
6.869110935191067
10.514834262546374
11.530211291669094
10.929145864920843
7.412968124799604
3.58638670770369
0.8501961710504465
-0.030961582402500132
-1.4039238715128493
-1.142925602248059
-0.369913811110695
1.0225028459758947
0.21216474077378664
-0.032699685241695094
-0.21885940017335537
0.2864212907139373
0.32425282571232455
0.36048298141322505
0.14749051640228714
-0.10589223259873252
0.16408062554424344
0.18905046712356666
-0.4051561389446571
-0.526817644782824
-0.04253488789968134
-0.1540190813565917
-0.005814880369234543
0.17430001033032
-0.046040483683527256
-0.08525363760583579
-0.1901411381608582
-0.1055131047295003
-0.21350476093183599
-0.09968410859346336
-0.9553695145594422
-2.5398647627140325
-7.823765716184558
-13.483488058373478
-15.779880001827795
-10.008817898274291
-3.080169525191896
1.0705791276598815
0.43206548370411063
-0.23458582920344404
-0.4134940243950367
-0.09171952926539804
-0.026974026899064626
-0.04421195137972125
0.14529649719788731
2.3278872979256553
6.894863013744512
11.15500344870207
12.171793037426829
10.286289921715731
6.548979139221504
4.343822263514101
1.6484892801101505
0.019979962727216874
-1.3560839872289803
-0.5739724071328609
0.3195250399282201
0.04257991707158586
0.008416092528158477
-0.39501291333136873
0.23677249123394167
0.24215962362289375
0.5638131745528938
0.46690123909859993
-0.1217426417027072
0.020098439251301576
-0.2776357339227352
-0.04078483439256228
-0.47939925802324485
-0.061454796907827396
-0.22489524181703438
-0.3865866113864916
-0.0323895482714699
-0.990303706682937
-0.29267737317590575
-2.3330344623180905
-5.279954591889172
-12.167283049320584
-13.876102679458086
-11.6968606700706
-5.735050318212392
-1.9135345732990479
0.17335341882420666
0.32277228518214773
0.010864797649959467
-0.1716470294769206
-0.27495298583109273
0.198803232915203
1.4826674864738485
5.5089867161548485
9.898018535853364
12.620133702772653
11.164254115897128
7.771127559976473
4.772148348421019
1.453060099196591
-0.013224272924503613
-1.0746969327562337
-0.008441013205327004
-0.43994066619405126
0.048611000044434145
0.01979378433374819
0.23149947883911753
0.0715979879108011
0.41469617076258664
0.07750574228401003
0.14392819864733447
0.054755117330871544
0.028451791460986187
-0.02793446042914659
-0.09350604937606677
0.3754998780129162
0.09165755126081297
0.3557875915631827
-0.4216484684876424
0.01644184936488108
-0.6327507498540297
-0.33007798842057295
-0.8090904091343327
-1.427324676175506
-4.25979726043864
-9.140964748299107
-13.736962662322002
-13.705564620066497
-7.651181667862006
-1.085286765628111
1.2402381992983336
-0.10629776778403459
-1.2228735104801414
-0.32231852520140886
-0.022060795411457747
-0.2852117342471873
0.5551906658690956
3.2868766434248724
7.664334774922566
11.080523844703423
11.381246373493592
9.275860630409689
5.953743332882019
3.4710181068964587
1.0259671144022389
0.2204834800729668
-0.6626010855094603
-0.38417215364194096
0.29737065041589456
0.003825355411535294
0.06733499895656771
0.04440284569386515
0.34986295709590454
0.557859644834797
-0.22603645777770728
-0.26889792924433137
-0.8116906132770225
0.29129545177093974
0.06840139286072515
0.46725234832192697
-0.0026448698050217452
-0.2910402595847571
-0.31366511911242284
-0.2939429200688027
0.05837407741648025
0.17858477497813124
-0.5336393419828102
-0.591208748403185
-0.056912829888748295
-0.2530330298068291
-1.9381237272508614
-5.171573499803679
-9.684769042666812
-11.006203431597779
-8.523411870223399
-6.321478430308897
-5.476502081666368
-3.5087073291692747
-0.8197267615855236
0.12422409416259945
0.31811717803103884
0.008354413847472264
0.23729461831615703
0.7593499986379616
2.211732348279117
5.560998230948542
8.931310721608442
11.567506469833779
10.878627151981787
8.449022255414022
3.8915506999179645
1.0871190330177778
-0.5150123684685003
-0.46349514091928085
-0.4202867021313685
0.18482829305484114
-0.062205038095991774
0.07638838052658183
0.0741416470263164
0.42169727985217687
0.21415107262024222
0.037894857869705034
-0.058645032851661894
-0.10831620454669583
0.015270833431274312
0.17120161799269376
0.36333353369111987
0.3819074050070991
-0.2474320050192643
-0.09620255573973245
-0.33061044761284125
0.11236282836654006
0.1133835831028549
-0.29535672312717004
-0.6728557798798128
-0.3701030263194693
-2.3510443978817883
-8.36516693658397
-13.883552579128146
-14.047576269766884
-9.599917466369714
-4.179090029342977
-0.7546037395767157
0.1151532257441833
-0.04769334666194945
0.04823080853049593
0.1804066294719702
0.04993835054513041
-0.04419803156305748
0.1655699292604341
0.5210759531633776
2.3885243359365704
6.253358968270132
10.256015151125169
11.829791313288501
9.775094182979572
6.533885225853611
3.9859108754228707
1.73962036856811
0.8150119889777135
-0.34808718203011657
-0.4846904720402926
-0.7788817840820971
-1.2093430798601876
-0.29745220844093884
1.1225066550287048
0.07578540395618627
-0.5646485893320917
0.1106515292456967
1.2837001626323306
-0.17808686295682555
-0.7574202922607141
-0.14267988213119764
-0.21160269679899682
0.5806182805582649
-0.017665320124732212
1.1085165175600258
-0.24349808787866908
-0.8260364766721706
-1.8851888610058527
-3.520579563854214
-8.504238730706376
-13.802909035986326
-13.907885124279412
-8.434131625618335
-2.2876166342595496
0.20465667678510738
1.3092571617952673
-0.08894123747340144
-0.813703300360755
-0.647611548437243
0.6267065916556432
0.8193545442104145
3.5557433060789805
8.020222459412935
11.512072136495929
11.468438979555362
8.827989043837398
5.279391507287005
3.0255257865775618
1.3867958835729308
0.24002749839778603
-0.494678147997125
-0.004861291624694008
-0.24038936779116418
-0.11314018846401129
-0.32668487246011163
0.017781682136598264
-0.3827831653690215
0.24468368607588725
0.43618450283753146
0.25077979592082217
-0.09030583532334838
-0.15730873340247137
0.01624605753579237
-0.10083628171948465
0.03763268849085613
-0.28826820413160437
-0.3496763110415845
-0.25208860241214015
-0.034131558021488206
-0.35668262171417053
-0.55492935105024
-2.0895020917831357
-4.835223676746458
-10.243925351344076
-14.891620671688639
-13.571407248372514
-6.175709470494692
0.0018782285943884048
0.8375676522363781
0.36304726780963786
-0.06152275740285567
-0.239537841515642
-0.35485421373608644
-0.029689830996308973
-0.016204802508034577
1.2150369175431928
6.0993870170912645
10.960958389073882
12.355278377707513
9.21722538017732
6.654418252685491
4.274060762598635
2.288663301165578
0.14145792306616353
-0.253644544931354
-0.1965571607030161
-0.04778921140320685
-0.14665591799694003
-0.009154982799700027
0.024038463732908213
0.08375939305485446
0.0638571366714759
0.16693391683893002
0.308283255862589
0.2989935580772036
-0.31215666261456443
0.28283271414790406
0.18315197300996663
0.3903395453535913
-0.3676323222512732
0.11032350318484936
-0.4209812742170466
-0.4534620784947815
-0.21814750241790823
0.20566055534382374
0.19326408245718507
-1.2598593667042897
-3.495024866188456
-6.719302538600041
-9.24838600317244
-11.067423739203432
-10.538736089260974
-6.739033107388486
-2.4611589417664628
0.10535982942935468
0.12410541767431081
0.40919864553753316
0.19934683579848797
0.30746170293477537
1.1016492048823747
4.274439534593111
9.321743519257936
10.954135446947815
9.255069234621622
6.912291052654678
5.504907341281449
2.8129978526077393
0.841858132228598
0.17535089719243463
0.04013914862895047
-0.3395901183988723
-0.27740914025213637
-0.5321479919855945
-0.19336395810189966
0.1770605954580496
0.6025071985739681
0.2742253503043598
0.3118157952256096
-0.02034930618904589
0.2902148464881871
-0.04930771215715893
0.13654022570585442
-0.17725025376586054
-0.10742378976317156
-0.251636384128494
-0.07539597689440194
0.1905995852172923
0.11140611314147121
-0.0750645039021423
0.27567315102364504
0.17622965047628616
-0.9399702819404364
-1.9872296542889811
-2.543934663632548
-4.7680187815489266
-11.290873934726891
-16.01269160701145
-13.557358262064868
-5.3913240151801824
-0.35348350431841297
0.3789945579146083
-0.30529312784878754
-0.43975384891928504
-0.16634830789102403
0.24942214033619925
1.3604368069261321
3.44031216110654
7.443424310114813
10.223782678424303
11.143009847632756
8.885967596617375
6.867082853900541
4.34656890430831
2.5596627093018256
0.6749546249819478
0.0714780065637064
-0.24296130613332295
-0.2145252553668202
-0.028619188738787067
0.305916399476274
0.1277510224520279
0.2981635491160491
0.17030940922033097
0.038209651325764545
-0.1993763845217645
0.023373244239161203
0.033710522207904256
-0.08241526810111502
-0.08602089201066104
-0.05446706506474806
0.08311753295426913
0.251425147967924
0.07109859086766514
-0.09415683006243161
-0.07910370728801125
-0.16034867071685022
0.012947302231995273
-0.02973705933500067
-0.2430124416129536
-0.22880528027410002
-0.20053351804962846
-0.1966465265624553
-0.48367129127827896
-2.0305690097120834
-8.014043537822786
-14.206674381027794
-16.94777110676523
-11.106178025682468
-3.1623648668517386
1.4558083994583255
0.26883702477895
-0.5429397591584721
-0.12306148073976493
0.30153718938793933
0.44724993548553965
0.23916047360673265
0.1653502402732984
0.2770954744870486
1.3520334721215224
6.333644696405565
11.839299915444498
13.924132127232445
10.225566238694064
5.642566295044903
3.0542959468394795
2.649293951570903
1.233627192695642
-0.6937071962266815
-0.9239041194886736
0.2669095593870852
-0.20971156948860062
0.05466648984820249
-0.8784764787835753
-0.008719795618048042
-0.46138601794782863
0.21171444105992535
-0.12762631395420612
0.18468875902124063
-0.20185254573507097
-0.006065877647722626
0.042950930457248626
-0.052378351884647296
-0.33755872720416236
0.628653336944405
-0.21408015533340974
0.10526669299389656
-0.11438237174809948
0.6215658951969159
0.14592434215942415
-0.6036231160214288
-1.1963147971531733
-2.2635109707947754
-3.2190006903916553
-5.749466454851544
-8.370627273739679
-10.981808296737627
-12.03387176111722
-8.871631489356693
-3.9756288642284745
-0.034829186807558074
0.2877043154497332
0.3007466508512251
0.3077116215501969
0.20542755954515704
-0.028547710228541995
0.4173743726882603
2.0473845089416325
6.307381546292735
11.37640803625269
13.328109059661939
9.783918332660434
5.772430363474494
3.5428927286189285
2.154403574598392
0.6643711007363209
-0.45767922858896243
-0.28133874539919934
-0.11732043081313705
0.5045761970875688
-0.0027345908363331393
0.12570332613066879
-0.36565190109574564
-0.14221626471059692
0.1643690272212122
0.5038549136531294
0.2572478333420882
-0.11046828210606768
-0.01708769634622213
0.22413834273512898
0.5967890372733634
0.3465597938957396
-0.055712606424266904
-0.23039639355787878
-0.8369965938666307
-1.0291900225988344
-1.7599636762207607
-3.030105247882421
-5.165886682193902
-9.478174489736194
-10.385742384950415
-9.753507695234306
-7.369920913348204
-5.663708368030193
-1.03661176016194
0.12913702171054556
1.384636582088161
0.11502018960438534
0.09747717653324868
-1.5676123653834386
-0.48397981029183057
-1.4455069468014503
0.8196689694519075
4.671364341934093
10.59946646235419
11.959099941271658
10.456760059973812
7.4130725651587825
5.993038053991586
3.692089972942373
1.4555201043933672
0.4299898851514783
-0.6507399259230615
-0.5493457054112351
-0.2933295242754462
0.6066284276553348
0.36361771469341797
-0.08757027251507231
-0.1933635281616756
-0.23937013328147155
0.11376535947832933
0.31729422530806045
0.25026538568530077
-0.3182242933388643
-0.4529211521448908
-0.027907591531418363
0.010136634566387269
-0.19589967168015002
-0.22885946955778472
0.022884899773240014
0.3806617027948306
0.1693208773541737
-0.09416956583135774
-0.7960232411538807
-0.8277140349970118
-0.6821990699440466
-0.7988146500688674
-2.9021861306676944
-5.117333030835376
-6.818815728730759
-9.414415608068728
-9.066209534620853
-7.592431943264015
-5.416099366153686
-4.154403425024126
-1.0886188962559114
0.4482290514489211
-0.054487208070777046
-0.3903438942944117
-0.30297720434844494
0.43714478038126714
0.9174286629624606
1.2470359533657658
2.211880425580705
2.8166606994598755
3.168456481487914
3.9138127372467206
5.145912611952162
5.690324056806215
5.556674752856247
5.99668141330303
5.783478458619985
5.205714747829019
3.311405542764187
1.618606078176493
0.33928267538804935
0.120705440545499
-0.43154750933945013
-0.3278365364352368
0.13371179389608395
-0.0675785763751324
-0.3014355137054097
-0.025989122897696986
0.2510540825924044
-0.11848495551876358
0.19812764079858675
0.45150264278070534
0.6520197926446019
0.16559212081969596
0.51358691709158
-0.26983017775104023
0.023748986586790383
0.1414554374690354
0.6892085046986766
-0.30095835435684576
0.01737079948944552
-0.3597903446096855
-0.8931526667069819
-2.0310655387263576
-2.7743540526977517
-3.928614508959402
-6.159052401062394
-10.548192392164484
-11.398388841415036
-8.327490923820678
-3.902709438051446
-1.3127430461055056
1.730022552477971
0.9621719963626494
-1.391164725776544
-2.083741315049242
-0.14815529077664322
1.0459835956471206
1.515623261008611
3.137320490700681
9.192784716083368
11.73741465124114
9.822363876759857
5.452030019344839
4.83561824880476
3.12487335014469
1.0279343042341784
-0.11189683150177623
-0.07348281471160041
0.17660218977783596
-0.2047348903270879
-0.6438510639603912
-0.5988797397737574
-0.13394208408618619
0.058170733601187165
0.6049096864949266
0.5294148511936027
0.9706029833150468
0.0031248140562769146
0.5912885292268258
-0.21215899377433498
0.4783114204331403
-0.5615048821128007
0.4283797514782938
-0.30140799493897313
-0.2391306368846105
-0.8021843060486601
-0.22364182038998975
0.055896808325286575
-0.20167588134083073
-0.7448222735013023
-2.465991249842117
-3.9174257853550025
-6.115354965849874
-9.909105284941404
-10.559726542264581
-7.5869584174828
-3.6868615110027334
-2.0141564986653426
-1.4411056069748924
-1.2740988895244711
-1.234090323231271
0.2597787440520064
0.8164091876983446
1.7250721407237077
1.70901453150486
1.670071653131416
1.1238281617607258
1.0066039550111356
0.359627811860213
-0.18176009601691778
-0.34395222657789
-0.4423292442522366
-0.19227173097703926
-0.43648570549629456
-0.7016566978057469
-1.471412142083984
-1.3704478550799608
-1.3487555160328
-1.2738653993388969
-0.38331311156745
-0.10268162199956356
-0.03619642686158487
-0.7316567492971244
0.48745045023727074
1.6639090441993492
2.427782009474177
1.031117501209001
-1.0859337259993713
-1.936417359412059
-1.3783716161802755
-0.2824344803728104
0.7802764762947534
1.0307821543055733
-0.8291713614584098
-2.0586759658078084
-1.665400488529877
-0.14365485595117802
2.863294405922976
9.998768377320522
15.333941038912414
13.129255927760802
7.382399179359673
3.728945860210889
2.7135361616990683
0.7301620620030118
-0.7465086116843558
-0.6625566674034843
0.07521817929747533
0.6410676960414317
0.36250865321795284
0.2851997240492039
-0.13741031670913967
-0.4546889171932281
-0.40058113875219903
-0.11601785538417834
0.4567778800745256
0.6730682320561893
0.37114404084896857
-0.14769558056518717
-0.3656063959351127
-0.17307158747002932
-0.24500752423849254
-0.49570428312059733
-1.1184449157948797
-1.70564190952527
-2.284283363230205
-3.4213825836588145
-5.4706076214851755
-6.226454316736626
-5.277380503494937
-4.678717687258302
-4.071276465011207
-4.7831394083050345
-4.445658042692952
-3.802758410981425
-1.2121148634315766
-0.5074188499415041
-0.3087870790110417
-0.6433521289362895
-1.022543181834298
-1.07458744816328
-0.17934439900231053
0.03195371170349169
-0.016710710274646774
-0.23059714968633618
0.05127818816782707
0.06407222548317038
0.14841050758998536
-0.1306127420555586
-0.3020202978158961
1.5445829320789097
0.9951159558800831
-0.4896259951524174
-1.5226396853961521
0.22295621435493426
2.878861935862373
8.454939830537793
12.588122590235875
11.337885052466511
7.136165220551959
4.354683477641309
3.188177474063462
1.8379689737623297
0.6546527268668887
-0.30615718498160105
-0.28084272219644424
-0.1400039557985879
-0.2599868119072395
0.15155544059758136
0.2421138631075097
0.22524407861515386
-0.16440011379253422
0.3148869468917882
0.13411287588627738
0.09957911327633473
0.08551513421558128
0.24893210665242943
0.19310149844551802
-0.13971488723677075
-0.5839299451682932
-0.5931964790402726
-1.21864612190199
-4.168735246684104
-7.373273199978313
-10.881355478150788
-10.311912481493389
-8.432690700586093
-5.483555141325695
-4.2507545935332
0.6221702981624412
1.2054989714969684
-0.421631252033411
-1.7453143066224914
0.5226784238114445
0.29554637748815327
-0.3809766842667289
-0.3484594718411271
0.21724626555029133
1.3163534315507566
3.5029092256576786
8.862988555866636
11.5577415945744
10.855198380708861
7.080350193473795
4.715538863271499
2.499017336787439
1.6165378452207944
0.5544297327803176
-0.11543349188634949
-0.23356746022314517
-0.19473056585765255
-0.44563422599308655
-0.13421568660392802
0.48541456559204926
0.7707965955246626
0.42434062138011236
-0.03897140954593205
-0.20853153494736562
-0.02238216463331127
0.3432280670107119
0.5053201329749945
0.3737483191599313
-0.08499450942445458
-0.7425323884883167
-1.2414026056843315
-2.795821613390447
-4.130683962656691
-5.1734717144633775
-5.863454656339491
-7.62983173244052
-10.30776058781941
-9.581775045020475
-6.049813759466383
-2.1755553739101834
-0.6966862057789321
0.3035998066864475
1.1827577625025636
0.3557113271225402
0.1102484784798678
-0.11207748979700267
0.44200511571428114
-0.13787858506090744
-0.25183249404095903
-0.566831427166053
0.10797466499826355
6.629414875067842
13.244546822904171
14.882278029081807
9.335101337291206
5.5355470111015395
3.3333137948760947
1.500050247339869
-0.09865018932130437
-0.8474436127094139
0.24557252316902042
0.334453168171457
0.3045892600883078
-0.29242729537385254
-0.19086093318894967
-0.4912019231590938
-0.3123884816756517
0.007447255567386514
0.6176705198522554
0.4744332112791375
0.13321685706784916
0.06924294676667914
0.22558767408716157
0.2967970176813042
-0.1830987845480128
-0.8086362400846807
-1.3803998387091416
-1.9486590463981044
-3.2237124730646394
-4.627371548295484
-6.103134715173112
-8.834697965105754
-10.22433637995935
-9.127759798383279
-5.602393998760885
-3.0695988685581184
1.484836697693888
2.0784976188541155
0.7356494794767731
-1.0193859530070328
-0.7057807759151912
-0.8065003061275161
-0.9287918370739194
0.42789319446555135
0.7325880308769639
1.7488275430778046
2.9786668951819664
6.6680596792411695
10.263291390886433
10.148276886625922
6.981487783583373
5.274304095633095
3.8642492481009794
2.736294387451317
0.7543466824299891
0.3832735867656418
-0.7406682829729404
-0.04783250293904967
-0.6273941728671525
-0.23041990618195984
0.11053175243665077
0.6583590872964359
0.323564740100784
0.18901387137623757
0.24845552760193926
0.07105143600655021
0.15410420016243742
0.12722850240985353
0.4779091074627911
0.43656906098180687
0.4352555354841695
0.06448143057263078
-0.3042682308130913
-0.8225781033880943
-0.9769551679514543
-1.6748758598135003
-3.870293750003355
-5.974566693797701
-6.350342350224577
-5.584412752431209
-5.957720850935032
-7.884047163404879
-8.135377528185638
-4.988944724670583
-1.049148326776051
0.6586202934491333
-0.1525443757338344
-0.590807910648172
-0.9056230657804006
0.09763839542109465
0.1303158768810749
0.45005753801646653
0.6241594530060292
3.833112090507565
6.785758135938057
9.854227333330918
9.613505885624114
7.950281562761909
5.7617839326678935
3.654893824235278
2.5775228277647777
1.3804496893437952
0.8598115006665918
-0.3670792925751213
-0.4256865021782217
-0.18308408524062722
-0.3108227945659968
-0.4223947422302971
-0.22347744499334904
0.2394428676900076
0.6506493617169965
0.23899297768626576
0.11738362456108488
0.21311960730081891
0.3664475137270444
0.23845960362992824
-0.059832887082319555
-0.12919722836730443
-0.10012251888018786
-0.5154911600726324
-0.9179379433984869
-2.133004413843217
-3.7624546016839338
-5.114494973565768
-6.933169922345924
-10.467810634561008
-11.564354106790136
-7.8348297803249265
-3.236133178097684
-0.8539353350793428
-0.09697599901972077
0.12925058450240876
-0.0812171426869857
0.9547533527566868
1.4207771045699344
-0.7718711753336993
-2.076820383841894
1.0744559203135626
7.530323773058547
12.26272859436625
12.293306618990309
8.67741421882564
5.225097734941468
3.9842668443429496
2.593443688483462
0.6407046093963551
-0.4151528569855137
-0.5134369262224151
0.06670006843584388
0.22070246797541693
0.132521102085795
0.19329269376879166
0.1393180755379246
-0.0069933241094659124
-0.458603519858764
-0.053447583654309946
0.355102648934118
0.541035917827923
0.1242907190621438
0.04985205668616708
0.13428466357030197
-0.02851551080740695
0.0451818154145215
0.19044567892433492
0.12156742049195282
-0.4185186100223908
-0.6060506608162297
-1.6167778357671119
-2.652424755427716
-4.451991466745553
-6.4896449541761925
-12.402451639077032
-13.731080223608654
-9.320625808576455
-2.3246678978754054
-0.7499505614605361
-1.0711229709121215
1.2657745109730354
0.49320978966064655
0.1844607134161116
0.07605320055562931
0.7433880764223753
-1.2715191382423443
-0.9245991904321057
0.6811113737176621
5.997714034269458
12.102059222158015
14.04798743067073
9.06599621942934
5.790818342753271
4.073171713246245
2.8374931770477687
0.9458539396223102
-0.7248761675754055
-0.7317130954114942
0.3646618740091541
0.8307840709513875
-0.6430196514172953
-0.5756726752932234
-0.16742336882917216
0.4169272811076034
-0.08340590125023557
0.37049330358184357
0.16746420149003136
0.18969870613298057
-0.09131299380706079
0.041844321373108055
0.1978349389356128
0.2506556812917812
0.09729684838156392
-0.1979516127444804
-0.17656099005647247
-0.27616479201110333
-1.0796766086604483
-3.661943397297473
-5.956546376392292
-6.442912268373458
-7.066540842497764
-11.525626350311283
-10.569637159000445
-5.304304359027458
-0.6650358805597861
-1.0712425116427935
-0.5804228294114904
0.17788942584824438
0.1304136996031651
0.9478130463912721
1.0737229456400306
0.7616001312968285
1.5468028980842345
6.161762127253569
8.45788411229802
7.880912781230553
5.9845597932944266
6.706590813447463
5.635096617723475
3.991581961405573
2.0533728659194375
0.9763126516857074
0.3880085669497289
0.06017132620033681
-0.10984570614253023
-0.09019166652184973
0.12667029939558203
0.2290919656558185
0.13099683180246868
0.17245100178139486
0.24170317706909292
0.3001507380720884
-0.11213659098162877
-0.27829493872219696
-0.16536972592791796
-0.02148870087575261
0.014249675632964635
0.06246993923399691
0.13581893645674742
0.027450372080721104
0.13637663579780002
-0.10726719309237907
-0.359749546282329
-1.0999865517544376
-0.9081338829536613
-0.6958172884903209
-0.10813312641513255
-1.01336550621597
-1.6823121537715215
-3.348681530732531
-5.747990096003437
-10.933115929333084
-12.966581383430626
-10.057838863562347
-4.0767668083844955
-0.6762186463439545
0.7066335750947662
0.5682028342886798
-0.1397447553856181
-0.1938098543131866
0.10044183756115531
0.3651520668287705
-0.15191399525821864
-0.09227626174895806
0.12939366293185803
1.9126421287373008
6.2407294382227425
10.400133051750762
10.5646922796396
8.008840980988188
5.792955975890117
4.4004162541597065
2.2500636766623163
0.8451189685509123
-0.1523508458454354
0.05342037141725957
0.13134754661444062
0.27668910598962376
0.2910310529147707
0.3720453714564054
-0.01973787008218709
-0.19327002125954706
-0.19499242142754666
0.12051558498828349
-0.01154156547036166
0.13154031362671179
0.037312097184640694
0.19318450014632382
0.06131804151157676
0.02338189570925654
-0.1376922656098823
0.0845750255087511
0.09548948061342272
0.1913796560114387
-0.034891733815640466
-0.2495715203966484
-0.8516535425545603
-1.2794629849074242
-1.8847434729738848
-2.6725339531487
-6.662641251544367
-10.458392733066724
-11.567859400992972
-8.405905244621918
-4.2579602034551485
-1.6566303531141153
-0.863584261299824
-1.1018735000344753
-0.24733113096498968
0.2059162009766053
-0.09102738083196606
-0.05267060955204609
0.45586917727833504
0.4984429579666866
3.006971380368217
6.684775142646041
10.11406526095551
9.308223198016515
8.055076433140087
5.62289316353392
4.162443635308334
2.197624358866324
0.9023958068353065
0.009267195590272864
0.18009045272877747
-0.10369244557904368
-0.1869734038108791
-0.39692284580874293
-0.1129322213829018
0.5536564099452027
0.6951618268401961
0.37234581476321865
-0.11340095144266127
-0.2624500105437149
-0.2393160554215571
0.08004886174010306
0.49817278200946
0.31098341201172075
-0.11747763493254572
-0.08726176912051516
0.3421014896403135
0.42892098826752223
-0.0045216813910322964
-0.013016447378118764
0.055137775861803046
0.1126287796182958
-0.6877230919666601
-1.9288405777343485
-2.5430774565176577
-3.3173957389818662
-4.877454901379618
-8.871175874276876
-11.402748052309816
-10.278572744288448
-6.040253736786999
-2.7138043105337695
0.6426834236170429
0.8446766353657256
-0.31311095439298003
-1.6098026273144113
0.08871631932554443
0.3831241489249416
-0.057026961366094996
0.670346043447759
2.2452297241790458
4.875371121780888
7.427818462568658
9.768545676857078
9.052675316524391
6.910448911816758
5.232355445165342
3.5438505851173754
1.7299690998055846
-0.1367711055376286
-1.298297439449441
-1.062591936863702
0.3958330003682489
0.881041793695957
0.08289238112848124
0.03318532682964706
-0.03537711737714423
0.19660129452387495
0.54129759778589
0.8341982305025549
0.18398074356259222
-0.10315746453142181
0.16872430558397183
0.20979464950164978
0.08185886167677368
0.15676375996301897
0.45096916971248346
0.5830766922220952
0.4297255032047098
0.015436127522049137
-0.14231268201187802
-0.3866626313788466
-1.4542966940626472
-2.9973734906671745
-4.281243844025616
-6.462189921890903
-10.848701349211328
-14.358678047025315
-10.302384387796046
-4.361717201730953
0.7248948193678902
0.006628966840102964
0.03256250789693845
1.192859003130394
0.9606711990550761
-0.8069157635463124
-1.579839565210524
2.792402044087758
6.615283766173197
9.739445663495362
9.679265809570557
7.973125224908197
6.419966309174638
4.819317030899695
1.8537579032616647
0.022104721628421066
0.3689855256878661
0.7719919614084131
-0.08670515535129923
-0.7937147291088815
0.18381502427549337
0.6960790576759752
0.8012098342138618
0.2198876778628101
0.3867581961737374
-0.13591483681369637
-0.029029250749374444
-0.09130955425743618
0.2352929054005682
0.09021236525683499
0.3250882732012846
0.18178523738765096
-0.032914424584930754
0.0058148167378816425
0.3298266684400307
0.44060416534338337
0.29696503439355393
-0.10960784117022461
-0.36616756098129916
-0.41908556140336667
-0.16119625144791067
-0.9208781714276472
-2.3187805584928762
-4.729901988135084
-7.671638326961926
-11.050393444844289
-10.745488852091466
-7.47448724439908
-3.669939069823605
-1.7236771824384876
-0.6251090137685039
-0.29230389940517515
-0.07925158928727256
0.4818912923022663
0.6081338500415921
0.7626224844447127
0.8578345277992235
1.2771986560153021
1.5182967896217694
2.962430891712596
6.666174150076824
8.166234730813825
6.408780577827094
5.181701375334741
5.575763771695964
5.520525632347196
2.3831740087177744
0.15474645014394764
-0.2547800142415692
0.44241998397867094
-0.36327823097843726
-0.9091129180967977
0.8963265012799602
1.3431976376736285
0.6524192160677116
-0.36642658017836144
-0.21852110315231735
-0.8257300491629586
-0.37618684453821466
-0.5613797967536501
1.0597209222986623
0.9987311476971129
0.9834217426663243
-0.028243523274564832
0.4449605261239884
0.4529726086684662
0.4015410928728464
0.21850765262513197
0.1922598002784202
-0.02027392302181745
-0.12241991511780433
-0.42637790142994175
-0.23570188123422717
-0.1264235364599636
0.18713082744364182
0.12744402965612306
-0.6240118410507999
-2.92695885179147
-7.322687056657301
-11.501155767282945
-11.845711102038349
-7.435065434036606
-5.445983456640885
-3.8804870217265437
-2.599081751061555
-0.11814760966330362
-0.26739954575010616
-0.11290498679496444
0.058330878128158695
0.17836200015765746
1.0409638245031643
0.29605994325074897
0.1916644000112925
4.223300376890871
9.071398489175628
10.956806866817479
8.971775117806574
7.414257462367422
5.675597320017905
3.6505501767587365
1.2710992577247582
0.0625228577125494
-0.03219954369799677
0.11582266820858936
-0.2684686557847324
-0.3967815007990418
-0.2082674512867196
-0.06651447490134399
0.3209315722662951
0.15360064251132663
0.4559115563471609
0.2762576840322574
0.27422337535520636
0.1995413022394679
0.25453747763064866
0.4620883044083009
0.4304000813320157
0.2745933147173086
0.2718436214787133
0.15793831083486207
-0.48652444885767865
-0.8942810810463373
-1.6097584591788299
-3.180009405029161
-6.093890434243487
-9.605439598610953
-12.887685892034686
-12.611181545243054
-7.773400955017686
-1.9324040254181325
0.2898543882115797
0.053816357202127935
-0.0659978388239571
-0.04292377396705288
0.08815414136722087
0.15328471781328504
0.9417657752609361
1.706851806641845
2.9923628456070475
3.6515167718051367
4.219078481897882
6.020794758528781
7.556389578433492
6.852494827195507
5.646596749224594
4.714207827283191
4.81880457529415
3.644459751135654
2.273249391376742
0.3300313885782923
-0.240200425131847
0.18220624307186442
