0.13173664500912874
0.10545698163471208
0.10935952146938063
0.1112720153302647
0.10085248351135948
0.10639301262757075
0.11158744695088799
0.11841822024410739
0.11169649324111013
0.10714007200386462
0.09735521415618334
0.0898492187047509
0.11005354739562391
0.12006803535426086
0.11395532030524877
0.0899739561848836
0.09614426568933435
0.11127893259029895
0.13282724532292844
0.184854455093705
0.2470737803801134
0.39374025255648537
0.5738463081041361
0.7257196000030491
0.784423820993229
0.8332502060260025
0.876027432594424
0.8974050398209835
0.9035214037576569
0.9012242429669471
0.8967874187692819
0.8994130526765723
0.8991006820223006
0.8935599172704076
0.8906325657255355
0.9050204810164069
0.9107383153892117
0.9047837039814515
0.9017245013319812
0.8983508455082382
0.8978262785287496
0.8980738756409613
0.9028129240554361
0.9029786431470925
0.8995053588285844
0.896849191277783
0.8911750698760692
0.8915406545601066
0.8945265203104534
0.8901687748450643
0.8868056102945873
0.8858029088366108
0.8902598092769831
0.8918880433967531
0.8817537836104509
0.8750052854568253
0.8658165166755778
0.8657850139948157
0.8770820367401582
0.8895337227375885
0.8893089142721167
0.8812097765041478
0.883449598716246
0.8819588116850858
0.883160732709755
0.8794803441757711
0.858383603658228
0.8521482335581826
0.8697173119995918
0.8467155846135037
0.8377321714009895
0.8518313099134045
0.8965887430761015
0.8942598016543181
0.8985386701411588
0.8952192440127222
0.9001109481652843
0.9080189033494045
0.8858891219924804
0.828025800911482
0.8110947223177587
0.8465241425833333
0.8252394075611017
0.8317313358979973
0.8284086493488719
0.8692951698014595
0.8626561422769152
0.9034942816210562
0.9058956543111507
0.9249388185660359
0.9401482379473061
0.9512007660919272
0.9704333527822768
0.9871032291921318
0.9917245600508551
0.9799168843065671
0.9818366450036976
0.9853788819559948
0.9953499655815806
0.994405677589166
0.991532798087025
0.9841439802589846
0.9863837772605937
0.9945963014982216
0.9926058872677422
0.972213735501744
0.9551487963276581
0.9445919791521394
0.9559819903651882
0.9480859967506764
0.9293443708908217
0.9148024968272737
0.9238250830739521
0.9237471629860061
0.907947801535685
0.8127498280223213
0.6615795788430153
0.47579897796221016
0.3814843710130482
0.30725415357527164
0.25202613385107536
0.18535323461432537
0.16473773802997488
0.16389778343234945
0.1510168925890249
0.15261290771265829
0.1441859583226462
0.15460750996074676
0.15506538609258824
0.15610318396632525
0.1441729602494027
0.1454467768070919
0.15166109196402805
0.15047421905405525
0.1391259431008125
0.13830806332956738
0.13970559609675742
0.1455247930647668
0.14745257980465548
0.15446173504041277
0.1588886656224461
0.15350063747675266
0.15072034322071926
0.14966587087611993
0.15861483016753983
0.17091099687441552
0.18243620052142395
0.18593175865792014
0.17072608267114558
0.1543110505151542
0.14384158854520016
0.1578238849596281
0.21627178741011796
0.3406042033097717
0.47068537869188043
0.570221042742321
0.636746955881368
0.7159520227886184
0.7729743705593315
0.8087771547019094
0.8221344660559311
0.8396912176940814
0.8454680592610253
0.8578445623316289
0.8694832751517627
0.8778102912340888
0.8767098823853402
0.8863046673107982
0.8926009930122352
0.9017593410290261
0.8980111689089286
0.8953915783776033
0.895989863239126
0.8956523647216098
0.8917850995381656
0.8939095015094692
0.8999771947186779
0.8947325409182859
0.8923171618354235
0.899808902289108
0.9042436803172968
0.9050788051424277
0.9048691612138448
0.9029395493836198
0.8978272787042575
0.8950983675025168
0.9064256575099381
0.9157477642461234
0.9148252802004679
0.9042067954048704
0.8986311965033882
0.9035860024836351
0.8982816311646639
0.9032430578947458
0.9319243668463876
0.9280815334344305
0.9050297904786488
0.8822030178927524
0.88853792056146
0.8821144368386347
0.892630259000244
0.9059029902005379
0.9130461959412872
0.9135144978401324
0.912647095361576
0.901659905349526
0.8941496440940877
0.8869313251402808
0.8112449465032439
0.7236257309721899
0.7174140596363161
0.7423855487499473
0.6476359403704754
0.5418599725222006
0.4839138598540332
0.40115743314246094
0.2684388119206442
0.1742083950946341
0.13561207874165504
0.10585665323010074
0.0883023628897025
0.07241142993958374
0.06435769940628217
0.06326584907307639
0.07025533164538206
0.08367703507474034
0.09151738707474646
0.09598564818330352
0.08983279125172991
0.08533144369411381
0.08084746893800188
0.08237641972648381
0.08196431048308708
0.08421854472208744
0.08416449340464001
0.08520811060594824
0.09045164062082851
0.09506503723552549
0.0937794081220217
0.08920236242217355
0.08797708545763128
0.0826538340120432
0.0807427209986383
0.07606002379195147
0.07485999786650023
0.08687575525494885
0.09002723467035506
0.08175824694852465
0.10063218875022859
0.12371626508201777
0.12701758637044225
0.10703631288511647
0.09815221551442488
0.09237319749211932
0.09300666845068603
0.10632092828241203
0.1327520720084846
0.18926058718462246
0.2554890594663607
0.31909106972682927
0.3912329878049819
0.4742023306336517
0.5723553003811209
0.6675262249022639
0.7479485250052573
0.8038059497316735
0.8519331106865299
0.8890069294480076
0.9186044938846033
0.9265869043262488
0.9387996819019319
0.946253396385683
0.9630706892774338
0.9641013310898018
0.964014307959439
0.9624683349624465
0.9643322164963478
0.9620964100993712
0.9506311909727554
0.9424521000162628
0.9555784951382166
0.9596503178055619
0.9461108845615475
0.9330657499792594
0.923579828928894
0.9089720331503832
0.9082090764142974
0.9327118512713126
0.9298670232386056
0.9045683141793035
0.8874166518419024
0.8991941876588655
0.9107503907347139
0.9044118431631897
0.8957701161901543
0.8928738805009997
0.876621185072778
0.8781343506052113
0.8748623248251673
0.8926527524193769
0.8880923249323687
0.8864230326254937
0.8889234774801158
0.9030007137460516
0.9130848781773839
0.9026629849218606
0.8980783229580214
0.8888852437490156
0.8752816713093066
0.8832086047046096
0.886437658642724
0.8904166581629285
0.891063291358119
0.9098943793028877
0.9182756502208311
0.9185296177020068
0.9124332808534958
0.9090359018132149
0.9162801305445579
0.8831438035341458
0.7748085156852178
0.7552551830131361
0.7414838918044047
0.76614581199054
0.7191358008459078
0.7041065444514298
0.6096906385495569
0.48965625583401207
0.33189314707870565
0.1874073637637008
0.12504559633489365
0.11567931913128299
0.12954846141250034
0.12437282424359003
0.1089706401759417
0.09614391934496384
0.08692545928320178
0.07751839788418799
0.07539651188146099
0.07639058075520033
0.08200742164018358
0.08717514574163673
0.08688066780411116
0.08486446283737067
0.08724597855119867
0.08858436051016422
0.08678698878365089
0.08199430084480915
0.08320262854573576
0.08176262577057124
0.07783224621455219
0.0747190784950068
0.0739373028311381
0.07639546347612332
0.08469863621405263
0.0843515087738045
0.07088932495716975
0.05631627567133319
0.05579921642282941
0.043691596314177995
0.0338082915764568
0.07400487531485142
0.1467543701785487
0.23082849522847154
0.3232437650088725
0.43995215618659456
0.5546766747033028
0.6785747134038647
0.7705599807690228
0.80581316341402
0.7995926694336353
0.8057277680029545
0.8229895510056491
0.8443667238283514
0.8512064519297413
0.8496133014873684
0.8529496619455742
0.8571549712945198
0.8631229147802655
0.8719654596381415
0.8763889657874244
0.8645730305351605
0.8603189699271694
0.862193934296387
0.8735474055249866
0.8731834560443548
0.8796301213387039
0.8828799756300977
0.8886860086203328
0.8861350925553649
0.8869465813556232
0.8866140421172111
0.8859907659573264
0.8901830992577133
0.8952842292275887
0.8945627228621111
0.8898502465091632
0.8920256745423645
0.8975426692637611
0.8977335563865773
0.8929701507275858
0.889834437566091
0.8940070943463454
0.8969331002857943
0.8943068558433622
0.8886913964803581
0.8887186886493539
0.8875159898348557
0.8828468912340544
0.8761285443777593
0.8679980876690616
0.8672473812361685
0.8623684953907408
0.85778388588329
0.8447122541690959
0.8116190917465842
0.8016077098302716
0.772736227259259
0.7807800549757479
0.7758086567105462
0.7936572477898967
0.7491331462626685
0.7001663413382815
0.6308331618019077
0.5592304406407396
0.4457654878088277
0.2987912301712012
0.1808583075455707
0.12722698818106434
0.12711378910425689
0.12791983365953113
0.12599375113040323
0.10639182719213176
0.10091576769758259
0.10545495905462497
0.10776981761766158
0.10243195452301111
0.09648506880487678
0.09565365586793355
0.09114901297120455
0.0943238817872693
0.09873875600866842
0.10818620892696282
0.10968969303919693
0.11163510054665103
0.11206423639008259
0.1206108520149182
0.11808904905045234
0.11373706879318751
0.11229725508689374
0.11476121591193932
0.10120648575365113
0.09470642658025998
0.1005058250851424
0.1093717011148009
0.10308520306247648
0.09405548666556257
0.0826256206859655
0.07487069179525443
0.08484752809272941
0.09615151378324795
0.1080451618290344
0.09547972479472207
0.09693913817467711
0.18792970117809532
0.39898847886969446
0.6162758338899283
0.748809435111196
0.8027174783344448
0.8150141555390721
0.7927355681391632
0.7955998431427354
0.8143014701438156
0.8387293031398647
0.8437574915100433
0.8532623170199132
0.874879693932385
0.8846320507895522
0.9003304384495794
0.8962536809002432
0.9050080606314967
0.9010353468151588
0.9075875566503097
0.8963299236239999
0.8926798552208693
0.8886915261433772
0.8925861378484153
0.8988985346673467
0.9041208387000976
0.9102790506719165
0.9169912148937878
0.9253732507334048
0.9249381500309497
0.9245473734175892
0.9187386865987537
0.9126629071341361
0.9032392975115596
0.8769004612444464
0.8504972559461554
0.8570598376896186
0.835671506835904
0.8006218914817113
0.7339207205062628
0.6549514996677429
0.4688762580208834
0.3339308515412639
0.260135413545752
0.23041394994193193
0.17566303073563488
0.16850864711269253
0.18383869440737588
0.18623188927721257
0.17281303852066873
0.1689611217744461
0.16933068027981008
0.17250386927998282
0.16893807779768522
0.16416290292564045
0.1580496744117607
0.15429937882590494
0.15118632487897532
0.1476601956560724
0.15212477663760315
0.14566571965603684
0.1455888181479523
0.14714394352366375
0.1627480574030005
0.1600016222255744
0.1566242407162503
0.1494918997797999
0.16452830760499915
0.16033850042383238
0.1559929839759753
0.148001421171561
0.1666279476104513
0.16540959233239363
0.16844313255073615
0.16688057165845785
0.16844964028604215
0.17490116991525034
0.18135261066575414
0.1743763557253569
0.1557171513623063
0.13481929979333895
0.12233595176840083
0.124274801983396
0.1462180339834057
0.201652525420372
0.2912578066196965
0.37711074201365674
0.5017121407231002
0.6445493740270782
0.7505450114837613
0.7630386268724298
0.7805655569201794
0.8130858551189495
0.8572300973697786
0.8494985349873286
0.7896088528597061
0.7879420389372719
0.8609076881449831
0.936560687137848
0.9417786632445704
0.9412918365535222
0.9281246126876483
0.9197344009928857
0.9211779550751271
0.9282953167178658
0.9256281905080146
0.9074107429534084
0.8993044611010266
0.8995941773609619
0.9072319295037514
0.905978626778916
0.8990014635514854
0.9028479819061387
0.8940863612357354
0.9140730722985354
0.9157859799443888
0.9323098023934047
0.9196317670973931
0.9333066474001621
0.9253375994172003
0.9309806087510232
0.9290968706851234
0.930066258801497
0.9198119690266955
0.9107283346461159
0.9075308179087076
0.9164110143112227
0.9204410277400967
0.9155176782343581
0.9053196365608642
0.8984650494687908
0.8917284754432968
0.8904493897798806
0.8956555420953398
0.8837376249843313
0.8489660260178512
0.7935761636165481
0.7199584621008275
0.6639981896567267
0.6097152324116234
0.5233603278534926
0.40346498062554353
0.30600887596425064
0.22171725153394464
0.1463455507994194
0.1024954633006186
0.08915153139472796
0.08378335089231317
0.08038239198528432
0.08239463764135901
0.08835679280977411
0.09503102777840118
0.09115573190396176
0.0940309702486209
0.0960164778457416
0.1029648160350314
0.10851597737242197
0.12486943825246685
0.12716728311755396
0.1265051494697567
0.1204213440301597
0.11900965605181382
0.11202723149795084
0.10578378665948432
0.09742132395332516
0.09301232902461151
0.08487195532044173
0.07966364941452572
0.07780833373482289
0.0819264634738173
0.08008878796162482
0.07988255764437394
0.07620449375430245
0.07364328484676846
0.0706190014587903
0.07684666737804631
0.08233081459597805
0.09297104599174831
0.09958615134183801
0.10462788090509312
0.1260770840054471
0.1506874255277596
0.16712207474124313
0.16207424413232818
0.16926446526039726
0.18596113674088527
0.20873104984069035
0.2481762574941767
0.3144414672936758
0.42860658875215535
0.5549756024878028
0.670815613032578
0.7474216815992918
0.7686769143545772
0.765139004937278
0.7704641547426588
0.8047861185481824
0.8333376753451993
0.844185600981326
0.8677414260730394
0.8857751200453048
0.8870291607532023
0.867179770363712
0.871695836745891
0.8860677251739091
0.9026616334642554
0.9116637560367482
0.9209300252369064
0.9135589365675664
0.9093787257066912
0.9064387194161228
0.9124835027124253
0.9116008258260979
0.9150018684095393
0.9143189564664544
0.9085975158375426
0.9102123100571913
0.923599905509632
0.9385015333387259
0.9365982361264661
0.9219877540454231
0.916382185149059
0.9304473427073217
0.933466859425943
0.9444066346226327
0.9382361358374567
0.9267753180912408
0.9063366929898112
0.896567870874737
0.8773783706370908
0.8627475283487189
0.869057131445695
0.8671929812210137
0.8680357415661443
0.8711884931352374
0.8834095214048949
0.8878084607460652
0.8898356050717304
0.8918660437077782
0.8970327057718583
0.9027650569289158
0.9052389051157134
0.9040590519344003
0.8958947859963492
0.8855036642194851
0.8852757032265064
0.8841665965408338
0.8865065947967079
0.8839895066753846
0.8989306999444914
0.8970044680488837
0.8993073026475786
0.8968738290250376
0.910571610495559
0.9083409185654053
0.9043201383760431
0.8988112048861711
0.9084510430534427
0.9158297546463718
0.925991275275404
0.9297428439944716
0.9290526565478889
0.9228553209945323
0.9279111821786872
0.9235712252428109
0.9177688949917722
0.9097870750666346
0.9051679317222882
0.8943394728432993
0.9009109287159527
0.9040265001040151
0.8808699619921327
0.855697972620546
0.8154550887736771
0.7563781879601013
0.6601051211229201
0.5953691279203264
0.5131764835915807
0.45083707813426
0.37780963913197513
0.3407347596203954
0.26407198822951616
0.18991317362645385
0.12336540800197285
0.10385612954809438
0.10315925484331093
0.1160298059483546
0.11126908427995916
0.10530851772872457
0.09353643554765917
0.10946654430567684
0.11080375104665313
0.1231803327951349
0.11905403153185418
0.13053437101350734
0.13301459533343446
0.13700927732171847
0.12875223136079184
0.12556122387748675
0.1266717830984041
0.12210656503302833
0.11241164573186105
0.11102013315926362
0.122298901835661
0.11864114396384967
0.11552506847985487
0.11259683436131981
0.11163011528492545
0.109984040276334
0.10463789849539516
0.10644947398608687
0.10982832792032429
0.11578048429699536
0.12002543187609846
0.11775684730962793
0.13891181414360837
0.12060913140687488
0.12347680460106533
0.15779989365141758
0.2700725559354122
0.40352432643916697
0.5400619860999045
0.6334489693315368
0.6899285231546779
0.6922965812091916
0.7117064958628431
0.7539393646606611
0.7912496542354222
0.8096282940762353
0.8594936320281097
0.9152938423419676
0.9176972084330043
0.90318513762634
0.8976980706973559
0.8950536467866156
0.9042554899857108
0.9009937804552686
0.9096330023255232
0.91145048778036
0.9318122644760127
0.9270917345752188
0.9147860701106321
0.9163163957624163
0.9187661875129551
0.932458331004978
0.9216247919429885
0.9208900299159708
0.9094901219145176
0.9177958826524432
0.9214420259081613
0.9137471673121447
0.9087949380930185
0.9033923050373549
0.9186780587987502
0.918803270401743
0.905942506559622
0.8834613483863969
0.8860829642941483
0.8836351428414233
0.8682888734047032
0.8525880483408173
0.8489137787827197
0.8315250527679326
0.7084253952657558
0.5636979400055251
0.4614752296212814
0.39860662232244193
0.2945674074496589
0.19249874726039293
0.1368892461971608
0.11098582053428893
0.1168938385527021
0.10032777105513166
0.07779442649964846
0.05024890769190475
0.06351558669616392
0.08990859221760442
0.09728353433390308
0.08599719638129462
0.06593686706534452
0.07268508494915069
0.0684526757496343
0.08307800377514758
0.07967850617289118
0.07462310576822533
0.056497177065095786
0.08332694715845242
0.08572561366802484
0.07778735135588562
0.06435660668882288
0.0848097361260241
0.09237795882837808
0.09058231819927061
0.08746463373074437
0.07715199909516798
0.07420042945074752
0.06889255740244338
0.06954949819730405
0.07022160177892746
0.07524253315475854
0.08038355795019854
0.08909904034576066
0.09275138336110206
0.10709600036274149
0.11288868142347697
0.10987531133678334
0.0944135456505326
0.10014195429086663
0.1350028930270566
0.19124981350375966
0.2402555809516644
0.3150593408032577
0.3997110031594325
0.500515438996193
0.5855715592143612
0.6765447167265396
0.7310190143925044
0.7618201601501032
0.7807403469354137
0.7905533504849017
0.8062861850841541
0.8220093602434138
0.8442928001731325
0.825282285858917
0.8214230403745926
0.8472788126682493
0.88724220764203
0.8909510401053587
0.8874213239171462
0.8900800174197043
0.9030238690351229
0.9261275481818136
0.9410859034416327
0.9462466941572574
0.9446887484566694
0.9353252254958537
0.9219332945624494
0.9133919290792902
0.9019821011424752
0.8992236269109712
0.9130220058748619
0.9265695616319756
0.9250187344162273
0.9240551121040788
0.9338610705215542
0.9368612580040747
0.9296007351222767
0.9188718875259815
0.9204671286313677
0.9123195433887451
0.9124786243683765
0.9122202722755224
0.9147983662991398
0.921188055964713
0.9357798646593692
0.9430767414440531
0.9186694074076325
0.8998369372336172
0.8802424745556472
0.8674194489172237
0.7785871348447979
0.6305882749288292
0.518308059177218
0.5161753323293055
0.5301561158521847
0.43749278443120043
0.2638829039859192
0.1504812081840277
0.1311667798000012
0.12508289102544956
0.08730305646460795
0.07133383916775142
0.07958013003208593
0.0838263328109643
0.07962760026985263
0.0770971946474183
0.08209674135460904
0.09310385349842741
0.096815346258633
0.09732842216764123
0.09515283108730116
0.10089326778532176
0.10154253196173778
0.0998898973717124
0.09568317702496418
0.09329588254196547
0.09153944003565471
0.08956216454120641
0.0862635063276935
0.08304234897912367
0.08544427659699147
0.08431102442355332
0.08372540412801409
0.0805142441478566
0.08669926167071301
0.09111233280241143
0.09666298596570556
0.09576667544042182
0.09679339123193594
0.1071038934919613
0.15806362452484018
0.20883709133818135
0.239367013231709
0.26601470507469716
0.35471591965843
0.4604751590056053
0.5603509351013585
0.6418578400251187
0.7096957673225883
0.7418820048093543
0.756070595027011
0.773048168692553
0.8090721784361636
0.8385336532135558
0.8118073721354816
0.7919251563937686
0.8197531123876927
0.8635073321883326
0.8787665303797947
0.892563226705214
0.9187384297890648
0.9215056788675808
0.9258533222622314
0.8335491287396756
0.8059312360241414
0.825955983836786
0.8721872931050081
0.864542094055881
0.8850061380829001
0.908423234657604
0.8956598510759105
0.9085190665761161
0.9089835255474841
0.9015495793009833
0.8870745142047674
0.8862649734832535
0.8760330034530632
0.8681858136421682
0.8772927872430402
0.8874727123184237
0.8909838950426586
0.8996021081593764
0.9137230766566389
0.9121449532791229
0.8295486730519661
0.7268281614563556
0.7299359597320878
0.8153589595955524
0.8440082339696049
0.7805614118805886
0.6935507502060554
0.5554927264520211
0.39360886323252586
0.24278944300886876
0.15677516482270903
0.1208414524272183
0.1090864704237849
0.09814996330753482
0.08284572456724118
0.06265420796086302
0.03038014611709343
0.014918589951769048
0.020934360660083914
0.036804321970030855
0.043412457215660644
0.05303225841810712
0.057856094367929746
0.05462913189321908
0.05611520373635117
0.05638686519059255
0.04798396821346251
0.022538824594189898
0.01976160725124373
0.019913666589765677
0.022262359749043753
0.014114367808813868
0.01805038780184802
0.018066976426747282
0.014474661325601795
0.013070902334397835
0.012461999244969624
0.009197011740967743
0.008840151723270837
0.016122580606953076
0.012953540046784673
0.014243326330397644
0.01578554637191283
0.02447089375709957
0.016680163229481314
0.015516756269175267
0.03174080628707522
0.16045268852361824
0.35876323771446267
0.5751082688654765
0.7144829048885853
0.7848646352126394
0.7894556442882679
0.7851118089179199
0.8048423886544815
0.8264181203941587
0.8521713965991066
0.8466500360095456
0.8631295695080209
0.8799180837789349
0.9044835653648357
0.9011095870715655
0.9064202879380161
0.9033481502096872
0.9043111908172204
0.91743073485582
0.9182804963813325
0.9197654861552208
0.9124306123375281
0.9230301742332986
0.919984504492166
0.9265258616429632
0.9219754448423769
0.922344209374183
0.9142529249117028
0.9076448579591267
0.901191703294731
0.893192375150287
0.890657159008821
0.8960555381847901
0.9065455378896682
0.9075983585308012
0.901511834507783
0.890522032108827
0.883707864064531
0.8937496597363879
0.8569907697167822
0.8197732794350251
0.7783361666845663
0.751984662814004
0.7210051902106875
0.6905267804845496
0.6019032928047934
0.4685719102008196
0.3584429109139702
0.2835086937529221
0.20446558153504096
0.14413504071363598
0.0954044046544956
0.07492456843142138
0.052341252177806885
0.04710462028617182
0.042262917156531805
0.04546912926573359
0.054111128782250016
0.06771502334352286
0.07674835220481127
0.07967235767239225
0.07858397562255551
0.08430347840207003
0.0834620592979787
0.08795157523742292
0.08052403146385759
0.08059625467435383
0.06745238018538995
0.07142970399192394
0.08015956950383492
0.1003172812630027
0.10369970098780495
0.08909744715736304
0.06219113455895223
0.07394268137219992
0.0948613766989704
0.10013102748385927
0.09442728363527422
0.09672652854091007
0.09047726493335236
0.07323207193239815
0.07234983524438478
0.07188115233578546
0.08042661043149527
0.1122691436036512
0.16412083490608853
0.23014522469811963
0.3522615714722814
0.5022834049663674
0.6349764060061256
0.7019185357486524
0.7433441180476792
0.7680159666531539
0.7991199449108124
0.8157270586960359
0.8217252230353551
0.8287363138003397
0.8445489187924975
0.8628056294251133
0.8733649120222831
0.8746245289550725
0.8709529888694234
0.8811691075019948
0.8893195341176465
0.8983723771802905
0.8991732567689702
0.8979388025959294
0.8905973617113256
0.8906013349827109
0.8960003413716532
0.9032052428321629
0.9034979408104261
0.9047323686457686
0.9022702142032755
0.9152893707953563
0.9259395158009973
0.9233165466260312
0.9147530854945172
0.9154816265946383
0.9167706660948931
0.9107986372901923
0.9088324264613376
0.907466708597437
0.8961246412732803
0.8809430813972896
0.8808150749859598
0.884788517839664
0.8917948336132695
0.8900546709174463
0.9098290472411737
0.8646163180256844
0.8123670977719017
0.7823989671885463
0.7731676121541161
0.7237921256583422
0.643454940190511
0.6109344360538234
0.6086629257126481
0.5837877358507306
0.5435467767265456
0.4484871107848361
0.3499472916963143
0.21834914540225886
0.16840875997077703
0.14038433003256962
0.1585105712756065
0.1827911067067057
0.20398247786258683
0.21765032146629176
0.2265237284033612
0.22188425477982435
0.2026377628503988
0.1832219403518335
0.1750298890039716
0.17462507792862952
0.17811455597145334
0.17846224224178214
0.17960718655100355
0.1770293804052775
0.17330914758485338
0.1657407785529434
0.16308951637703709
0.16065475212348937
0.16547569214810115
0.1702716349753571
0.17566169063998296
0.1765878282899868
0.1822132535591228
0.1803603517682561
0.1751812048425265
0.1669889851552036
0.16094594446406396
0.15447063109659287
0.14954809817239517
0.14595005944109035
0.1388825439423308
0.15796550911943824
0.18984884307632194
0.2215595667565866
0.26928394748152273
0.37831172118347073
0.5299215711028916
0.6460476686290547
0.7119339724827998
0.7321977668336439
0.7518245951660861
0.763479182749154
0.7832216009469486
0.7858038273398367
0.7956096044425356
0.7963419734046002
0.7991632217221254
0.7914922334608402
0.797013651685427
0.802932836013017
0.8081837417508195
0.8086230005080796
0.814589023458844
0.8150577199598286
0.8118765974432235
0.8033140389153388
0.7911217639459277
0.7870344655736055
0.7818045121873158
0.7915047693804123
0.7781626847774699
0.7929393177055357
0.7872549142433255
0.7814344053801706
0.778972935674874
0.8019018497576862
0.80194212953473
0.790531065208398
0.8007367698141417
0.815352449427934
0.8073405774710767
0.7996919184250924
0.7993742661659807
0.8020207644664822
0.8007881160022283
0.7972235256456713
0.7967786861332674
0.7986675779438185
0.8074017580981145
0.8079716176917244
0.7857607618589421
0.7358939314874802
0.6648925510906823
0.5820698998957377
0.513457518742796
0.45469102652260157
0.4258277416645948
0.3672246302486744
0.29414849250674135
0.2342152527008674
0.23608916594721996
0.24181365027954005
0.2374199600126634
0.21547287374006677
0.20372757942445155
0.19852763907428778
0.21232527941131024
0.20604716552502303
0.2010668902964612
0.19082294274547607
0.1937689759499474
0.1882998874745806
0.18609696200249518
0.17786089567282504
0.17625774341696615
0.17973478486906247
0.17730296341887453
0.16896208455888853
0.16997201702464537
0.17974127233901235
0.18416748899216562
0.1856112850473322
0.18762792439889153
0.18741691880397093
0.1870642486254247
0.18699638974357619
0.18178443135730366
0.17447575032955967
0.1800941379711501
0.17853082210213725
0.17253362072065753
0.1676943911730044
0.17285303522159678
0.17596432804347842
0.172754290366192
0.17490481549908676
0.17631552001803896
0.17687273128369863
0.1774476308283314
0.19771299486196764
0.21549349231100062
0.20766792258179903
0.1939774239448217
0.21584346097506252
0.2580532339526753
0.30319907356135056
0.33988733057651616
0.39075909910164547
0.45718112091499474
0.5462323990109892
0.6332178833851259
0.6965410521007365
0.7192194172467893
0.7400731135890631
0.7794764674375395
0.8193735220774375
0.8258291491178644
0.8229998343253788
0.801940679898526
0.8044222451638968
0.8190611665801073
0.8450977971347389
0.8481687985452011
0.8673295442718549
0.8861188553153365
0.8873118169185835
0.8740123266829645
0.8705642940608579
0.8581303265981555
0.8501733884843421
0.8354280813339225
0.8524818367148046
0.8652354595378923
0.8839681803388103
0.8789539463030706
0.8806998436376929
0.8652990154948512
0.8563399438036792
0.8598643664385238
0.8688898083630687
0.8712518940064906
0.8705526036552237
0.8757954266487022
0.865273819128842
0.836482538293175
0.8233276592617299
0.8472336307773998
0.8800263490241749
0.86239331199759
0.8502892188624905
0.8548578531509554
0.8689918696935636
0.8735234600184424
0.8566587498769084
0.8221318862321187
0.7724467480650432
0.6910597995251109
0.5037551436808738
0.3245474390016989
0.199109404193554
0.1423574743397787
0.08371601533747411
0.07904969685620812
0.06898375276412055
0.06447833865693152
0.04758584837642569
0.03864559725737403
0.026415915967874917
0.025499729858393907
0.038344198684643
0.04519649774959357
0.0465431066085087
0.042029421619732305
0.04222800526866656
0.04072464285901809
0.04008880020669013
0.03926455590428174
0.041725122011771545
0.04619286101792001
0.05735032944769057
0.062449191751734384
0.06718947440314788
0.061509300980542136
0.06258524949972022
0.06464288078434258
0.07616590479445723
0.08040231211620957
0.08706544134487429
0.10326423219875752
0.13564029633038435
0.17763226367135146
0.20477915573290115
0.22831479872592017
0.2693895843559623
0.3722841094891466
0.4565829788797954
0.543708223970267
0.6091065809688512
0.691332949055002
0.7319844315711146
0.7560059821880436
0.762863455262457
0.7750448086182968
0.7912191786803386
0.7969155084488413
0.7956595899626349
0.8016526081539848
0.810216840924299
0.8223052708370936
0.8331766924016974
0.8437466159347513
0.8495044684298201
0.8562912505802169
0.859489623195143
0.8551609638329715
0.8436661215021677
0.8424828627255263
0.8399078796669102
0.851553026975326
0.854444581950205
0.8640961477765714
0.8689390251938259
0.8749181600538332
0.8713456824465687
0.86651632377332
0.861498924221916
0.8626095858072007
0.8593858285602273
0.8593273084404001
0.8490626932016624
0.8523946450983729
0.8528498181235992
0.8596567763051728
0.8577932964452873
0.8607812616104946
0.8547466888302143
0.8536577515204645
0.8540427712818953
0.8528385177579653
0.8447656936043446
0.8312428069587052
0.8140304520489012
0.8113615290870672
0.8228636147329766
0.8307221146333263
0.8104922482195145
0.7899020990616215
0.691675453628906
0.6215432043590495
0.5216988125896962
0.4171750005412932
0.26156273217542036
0.16704081320994218
0.10926062177846982
0.07990767272574309
0.06031574442959279
0.045420736898475055
0.04228664136862872
0.05821378692457914
0.06136925908044977
0.06596258965256627
0.06564360622765118
0.07030750415486221
0.07219781603311369
0.083359836784868
0.0897647043595865
0.07389283591776749
0.061200447723686095
0.051237260623199415
0.0532621793879909
0.04782347550230506
0.054563401883023
0.04908649241779231
0.047622618356417824
0.04556748443433673
0.051317249524598554
0.05356280658866263
0.054646211021663026
0.05098394850869464
0.04841745546712446
0.04682703517134649
0.045472061464572916
0.039625759783000744
0.02845034043072955
0.022075852044510565
0.040795309578127714
0.07765844890929122
0.13954961439649277
0.181345250412628
0.2631452172870623
0.3517340248726598
0.4357855709017901
0.4920689645829042
0.5745354479624452
0.6549220622087154
0.698097019193501
0.7293179090616032
0.7465437607875159
0.7582987489950882
0.7662578973036832
0.7849911885926681
0.80385254843599
0.821864317789018
0.8232181426363931
0.8283666527333354
0.8374837030804492
0.8520251617279302
0.8531012156595202
0.8500504387275492
0.8552575433955816
0.8590779866321143
0.8586799006327487
0.8509136045266321
0.8586246192868909
0.8660485499140431
0.8739235170006407
0.8792815444251287
0.8810094411252519
0.8764756657713335
0.8757994786059742
0.8775474313252802
0.8761029740026928
0.8724404500628932
0.8704223462043157
0.8708915071016445
0.8683466502786874
0.8718018614454106
0.877070036440597
0.8873861241236749
0.8857478056302286
0.8853461167876435
0.8807457368951958
0.8777280455043901
0.8722359487296024
0.8772237173951102
0.8759234926304716
0.8648242982107361
0.8306782270799113
0.7802157355131658
0.6874158046474214
0.5475151891866923
0.41022310583839605
0.33027493277905484
0.267083071826293
0.19137489788341777
0.12091529913455232
0.08700340220883059
0.06577299287003036
0.06367193815463262
0.05635256876195793
0.0430664592926711
0.019286770187354366
0.007206404619364352
0.006037927557807977
0.014473434188580785
0.024655090724876337
0.028126151192234244
0.03356337942931647
0.03688388944227153
0.041492612739585405
0.0461409334229738
0.05228645459409359
0.06167673434453544
0.06609625562636437
0.06577261568017158
0.06035753927262805
0.06712911864749063
0.07937968724729971
0.0895026751351841
0.0846572174990328
0.0840196179306707
0.0817426063033175
0.08493786752005633
0.0888073386163323
0.11168694424984775
0.12822599915668692
0.14045309483872565
0.13618983844336074
0.13393381019472939
0.11343660575192378
0.11340911809538931
0.11335791528133464
0.11818254452412616
0.1221930477645582
0.13965544612525504
0.16058817303348447
0.18191268047359188
0.20097274986260966
0.20270392318215702
0.24626679305669363
0.3604379279294446
0.4877492478040166
0.5492518604355152
0.5903626285722271
0.6688380109640456
0.7757311577751745
0.8358545105824564
0.8383980414210888
0.8232432719259485
0.832084416753118
0.8485631101704852
0.8597874708241988
0.8591941543426216
0.8617691504314069
0.8586408998111217
0.8677117554936227
0.8678975124391421
0.8824877639222865
0.87501739113444
0.8876947484377474
0.8769143485599384
0.8824194511247816
0.8725625040026862
0.8746560500715075
0.8681980702302576
0.8708057581479118
0.8746058638153099
0.8703085765761097
0.8704012467311695
0.8771882625850972
0.8818097088181703
0.8890557302981126
0.8899056641099309
0.8926631716339726
0.8890555134299847
0.8878594922728765
0.8838703558866893
0.8821714375388892
0.8815780444152994
0.8790756910160094
0.8623789256898251
0.8547453311130613
0.833259242988666
0.7885537262365867
0.74840360099578
0.6903014760574309
0.6291997956577786
0.5490393176365771
0.5180704511687313
0.47047748868613826
0.4260248560006516
0.3149857044047528
0.2213806677727771
0.16122737263557144
0.1347479440052615
0.07440547725191965
0.032723165410307654
0.010896712973889127
0.002575716541430682
0.004262212803390931
0.016585186983495176
0.02356487302178319
0.024699909776104957
0.027822384942242775
0.03473169976076741
0.03735685882482277
0.037451523362685354
0.036813476864503404
0.03940634778158735
0.039238057448208144
0.042347021100741566
0.04133410602658957
0.04250413413164173
0.050660120971720846
0.07544898079117211
0.08420584901345296
0.0751530792424272
0.05933742957959946
0.05882921476663131
0.05386098779057728
0.0409062389065778
0.031038564313483525
0.03358692742880118
0.04388712266776444
0.05043307899390503
0.048720792023330545
0.03942068870658806
0.03341207113530889
0.0282109951443274
0.01844886342942527
0.016803166985387297
0.03201086612953803
0.04819124948943701
0.05436063819193491
0.0565775848671008
0.06870466717329647
0.07866234544506635
0.08222433687338154
0.08255068585510822
0.08462992665664128
0.08946071002981229
0.09356970986153226
0.0971681472053738
0.10025941686368248
0.11144902053575048
0.13035552382622956
0.1508535556424451
0.17452921520064277
0.1934521926560066
0.2269350422337571
0.27606718552199777
0.3180701035224146
0.3335688009714405
0.345981646699273
0.3948504365644733
0.4549644077327178
0.5099338214455684
0.5668209457109676
0.6510240977914153
0.7145561625504377
0.7463767091176119
0.755388886515278
0.7586943549150085
0.7505167008718251
0.7502608496679151
0.7613430229079585
0.7846218719366841
0.8073056473213789
0.8209688924843217
0.8272109648515265
0.8292675718048449
0.8234479909983978
0.8101341389673811
0.8081999574490396
0.8151819663925788
0.8189924729240086
0.8158794358547266
0.8122995276523621
0.8136898732096337
0.814158794017452
0.8182167013032556
0.8141805620991158
0.8094848584408638
0.8040571853026846
0.8076020742542598
0.8132879430826205
0.8208050613044784
0.8211240798147561
0.8191881302204155
0.8227526940768444
0.8221408137230835
0.820862616340062
0.8227226059242879
0.8289726895387269
0.8211391723323498
0.808688999050555
0.806084209059166
0.8137305154032002
0.7835128846373862
0.706624046274624
0.5998397765049164
0.4972326604813778
0.40511662914009033
0.3147948806700277
0.23993285309028722
0.19249256769714923
0.167840389400859
0.13223511050634418
0.10266130543334234
0.09233686835704567
0.08984151112724043
0.08816660901572428
0.09552232905062909
0.10078874405815552
0.10039868039155242
0.10382046186707275
0.1146262616843639
0.12202449611322568
0.12075304453451306
